t = 0
b =  30.0 30.0 30.0
E = 0. 0. 0.
11.855001692646777 27.080316615079546 26.56355745660329 -0.4075654637437464 0.5425661284831681 0.7345150706324078 0.9073095425572872 0.1495729329872653 0.3929597074791172 0.0 0.0 0.0 0.0 0.0 0.0
12.198543476268505 27.491267054478282 26.605793476566678 -0.3907425067897832 -0.045187981495839635 0.9193901999238232 0.9073095425572872 0.1495729329872653 0.3929597074791172 0.0 0.0 0.0 0.0 0.0 0.0
12.453015493172773 27.891916892073198 26.857604521531353 -0.22546993864005077 -0.6157744218018165 0.7549736208797563 0.9073095425572872 0.1495729329872653 0.3929597074791172 0.0 0.0 0.0 0.0 0.0 0.0
12.656091630469618 28.152200930843023 27.281511827130846 0.025462428855383704 -0.9524178640659702 0.30372994077765725 0.9073095425572872 0.1495729329872653 0.3929597074791172 0.0 0.0 0.0 0.0 0.0 0.0
12.864971929225225 28.195381287531138 27.774654382287483 0.2667211939195494 -0.9272218361939428 -0.26290582191968037 0.9073095425572872 0.1495729329872653 0.3929597074791172 0.0 0.0 0.0 0.0 0.0 0.0
13.134651332527188 28.02720139748377 28.207867547065185 0.40664811807312234 -0.5497587304294389 -0.7296592673187937 0.9073095425572872 0.1495729329872653 0.3929597074791172 0.0 0.0 0.0 0.0 0.0 0.0
13.49702618713912 27.733703987536824 28.474754858898805 0.39208262337674593 0.03656690850102107 -0.9192029578111061 0.9073095425572872 0.1495729329872653 0.3929597074791172 0.0 0.0 0.0 0.0 0.0 0.0
13.948776288086679 27.448542005533266 28.532109827576626 0.22855838478765853 0.6090001675258356 -0.7595260763770787 0.9073095425572872 0.1495729329872653 0.3929597074791172 0.0 0.0 0.0 0.0 0.0 0.0
14.452626280038185 27.30220163087944 28.416330803245764 -0.021799005474673255 0.9500640809677638 -0.3112925399285896 0.9073095425572872 0.1495729329872653 0.3929597074791172 0.0 0.0 0.0 0.0 0.0 0.0
14.951507188005833 27.372428393376026 28.22959263464335 -0.26387458909724104 0.9301827658256744 0.25520623697249223 0.9073095425572872 0.1495729329872653 0.3929597074791172 0.0 0.0 0.0 0.0 0.0 0.0
15.390237875085937 27.654690346610817 28.10102873578889 -0.4056998045739059 0.5569094661199102 0.7247478976269819 0.9073095425572872 0.1495729329872653 0.3929597074791172 0.0 0.0 0.0 0.0 0.0 0.0
15.736489278948058 28.063899830170822 28.137671143002727 -0.3933928813539303 -0.027943050794545454 0.9189457148343122 0.9073095425572872 0.1495729329872653 0.3929597074791172 0.0 0.0 0.0 0.0 0.0 0.0
15.993066763127427 28.46673969442298 28.383787254827713 -0.23162942532936637 -0.6021795355292578 0.7640206910230598 0.9073095425572872 0.1495729329872653 0.3929597074791172 0.0 0.0 0.0 0.0 0.0 0.0
16.196844312514735 28.732312714603637 28.80406190721135 0.018133922015296233 -0.9476379468114695 0.31883143294738775 0.9073095425572872 0.1495729329872653 0.3929597074791172 0.0 0.0 0.0 0.0 0.0 0.0
16.404755489996013 28.781871634991152 29.29701419476739 0.2610078892033396 -0.9330728584384396 -0.24748721708228827 0.9073095425572872 0.1495729329872653 0.3929597074791172 0.0 0.0 0.0 0.0 0.0 0.0
16.672163424033823 28.618736567938445 29.733551763402325 0.4047205954638392 -0.5640177909983737 -0.7197813355767909 0.9073095425572872 0.1495729329872653 0.3929597074791172 0.0 0.0 0.0 0.0 0.0 0.0
17.03182743054216 28.327033627680812 30.00601515394458 0.3946731809401156 0.019317065116566057 -0.9186184905834911 0.9073095425572872 0.1495729329872653 0.3929597074791172 0.0 0.0 0.0 0.0 0.0 0.0
17.481457201064213 28.03973401302431 30.069079430653957 0.23468282639354412 0.5953130452296165 -0.7684571225353934 0.9073095425572872 0.1495729329872653 0.3929597074791172 0.0 0.0 0.0 0.0 0.0 0.0
17.984582929246976 27.888136025759458 29.95697388210185 -0.014467457587550844 0.9451396463565956 -0.3263460457181613 0.9073095425572872 0.1495729329872653 0.3929597074791172 0.0 0.0 0.0 0.0 0.0 0.0
18.48441080001744 27.951982650620447 29.770477742159798 -0.2581213125481435 0.935891893940496 0.23974935008231713 0.9073095425572872 0.1495729329872653 0.3929597074791172 0.0 0.0 0.0 0.0 0.0 0.0
18.92539990947075 28.229165862153057 29.638632474112732 -0.40371056531348964 0.571083163738369 0.7147599593911486 0.9073095425572872 0.1495729329872653 0.3929597074791172 0.0 0.0 0.0 0.0 0.0 0.0
19.274363182858085 28.636527498828983 29.669716761298837 -0.39592342463553415 -0.010689608369289005 0.9182213099780357 0.9073095425572872 0.1495729329872653 0.3929597074791172 0.0 0.0 0.0 0.0 0.0 0.0
19.533075699142 29.04145243894078 29.910109624986305 -0.2377183554518816 -0.5884012195367329 0.7728350330626431 0.9073095425572872 0.1495729329872653 0.3929597074791172 0.0 0.0 0.0 0.0 0.0 0.0
19.73760030882084 29.31225130254511 30.326670258777693 0.010799891406896078 -0.9425693698583951 0.33383580597405305 0.9073095425572872 0.1495729329872653 0.3929597074791172 0.0 0.0 0.0 0.0 0.0 0.0
19.9445867540857 29.36819144863223 30.819328775045026 0.25521507895563866 -0.9386396576513762 -0.23199322524111032 0.9073095425572872 0.1495729329872653 0.3929597074791172 0.0 0.0 0.0 0.0 0.0 0.0
