t = 100
b = 30 30 30
E = -0.870756778765962 -1.0387784296109 0.168021650844935
22.7042871257365 10.1302998624188 5.03180919133157 0.467764592992402 -0.304964345359431 -0.829573939088747 0.78217341745268 0.579901829742926 0.227856303522898 -0.229202542195944 -0.490816900835678 -0.123484505373054 -0.0489197644912564 -0.185236468311526 -0.750364895553776
23.2173313127673 10.2687407771867 5.18913191185282 0.120218725853332 0.244814893058604 -0.962087839272915 0.856250841305543 0.464847675930743 0.225279863554062 0.227561348270975 -0.205397199086422 -0.188803023059717 0.18718609952209 0.285657996957408 -0.373924342052701
23.6972635748157 10.3264073290975 5.17848222194821 -0.256444859034345 0.769221712419017 -0.585263933962374 0.845046704380448 0.472355895379143 0.250551108132939 -0.405956728157502 0.13308807930839 -0.212713328747803 0.317244023421938 0.25550801722283 -0.0236665363808222
24.0986495051184 10.5743749179399 5.03438597451522 -0.52592942686945 0.849935041294491 0.0317575879722175 0.831171901361396 0.505681431566504 0.231169727013063 -0.131207329776401 0.0226036135755 0.0101049876093717 0.465820637493907 0.190817750571039 0.0834340342519218
24.3566692741063 10.9829187678305 4.99220909731301 -0.586733147883181 0.623199390748837 0.517075056169752 0.795311402971745 0.563643690794799 0.223126522617677 0.14226135171843 0.534265557490852 0.419025886271469 0.549644767101124 0.229568758959917 0.168599912557509
24.66972771971 11.4066029956645 4.98642038159829 -0.455545141785627 0.140678523699084 0.87902676746503 0.641399614916328 0.736607855464323 0.214511755339706 -0.0028593151183821 0.179024308872055 0.692224793004248 0.500012596841926 -0.155246295399243 0.0108367406927964
24.7579730189041 11.8644365411678 5.10541475562031 0.236623632572918 -0.432916034756444 0.869823458916643 0.724251120737196 0.675358712801988 0.139107172569399 -0.192769854505598 -0.369005131048306 0.721892614104432 0.310415828585084 -0.503591695863006 0.313102750930297
25.1060793659723 12.2350269620222 5.34538054186005 0.24756515255888 -0.829838147800919 0.50008001837583 0.870094389467991 0.417472115731205 0.262016543348567 0.384630411349923 -0.276567011808975 0.0337838604356766 0.264869140148294 0.395229262202645 -0.026226744672117
25.3112037930713 12.4738496920862 5.70224355404628 0.54504854166079 -0.838034011977934 0.0249191253918498 0.759984380375251 0.506400285180284 0.407409344584024 0.473743462739623 -0.174619799257591 -0.208564614640111 0.343578497570637 0.410060141726457 0.228414006401033
25.5349464938897 12.5088054731667 6.10229888289641 0.650487245131096 -0.509742029841172 -0.563053539282681 0.758764582987703 0.403143199058465 0.511616803418786 0.285016619090127 0.228568128835426 -0.370030066420254 0.614902031209308 -0.170282010733792 -0.034350748321528
25.8624453466612 12.3310783790129 6.36854194504464 0.632848022927708 0.140492332526147 -0.761423118954755 0.712560380246944 0.279059162488918 0.643726320966118 0.927853730832151 0.0796086707330388 0.0909383559752206 0.629000970408647 -0.312730643158406 0.665446958007866
26.3086111434704 12.3380381574624 6.4988509189471 0.206312918472996 0.583509672096997 -0.78546249059785 0.852027804828256 0.287576287365588 0.437433861242995 0.112137783321003 0.119627460377946 -0.670882852822089 0.309858850821021 -0.246282311345271 0.100011994703945
26.8062528936503 12.5087062624997 6.50297537016015 -0.187972135574715 0.713681792984799 -0.674777487762115 0.867316192879271 0.443010687043363 0.226945007144618 0.236960305140272 0.388652666321019 0.128689923690311 0.374083428398316 0.216736951709098 -0.220454544575444
27.2794340272122 12.6517646072744 6.39595730922669 -0.535344207292694 0.811175565749266 -0.235373462332226 0.744252497488884 0.584797468123602 0.322645350361899 -0.215513079896894 0.435493854311265 0.368395023176524 0.438643306823847 0.204164873072007 -0.30020914915767
27.5770845985057 13.0032952987405 6.29370926522177 -0.673942848186813 0.580111521177994 0.457462065788939 0.731866462108893 0.608776613934448 0.306206463135311 -0.105590595861436 -0.0484327480471931 0.553143052243407 0.409283082844972 0.165426030526499 -0.0535210161691402
27.7474630657687 13.3962716856679 6.19624951680109 -0.275964516305142 0.0552763457773322 0.959576987143698 0.742699666649733 0.645977329203065 0.176381350491509 -0.347046009016389 0.319255688534098 0.0527906611964381 0.446523153849566 -0.146916658695487 0.205481432828974
28.0316417621375 13.7805267748698 6.3278710800132 -0.194233102309049 -0.416957101350065 0.887930266743863 0.709926222009646 0.564912953909614 0.420568658222803 0.277024669468562 -0.185959469660923 -0.126499881398303 0.46718138528178 0.233944528657014 -0.0564750066503378
28.1445782458734 14.1367458073601 6.61141654651001 0.238919294574275 -0.800896042117591 0.54907465905727 0.640887496529829 0.554860211550289 0.530465126269075 0.286244270705155 -0.0300107894961995 -0.124093457774367 0.281033616060991 -0.0889802325772389 0.0965828125392968
28.3701155823764 14.3576286330801 6.96805922059867 0.437624657541183 -0.898394277254597 0.0370440654578955 0.762749549677641 0.392734694888322 0.513782511084369 0.22375489630473 -0.132379809066636 0.014196053175944 0.653319549068841 0.0979171715794865 -0.291038913173836
28.5898378294848 14.3427817633311 7.3478037228542 0.675680605851031 -0.512881995375042 -0.529535323389693 0.732153529520403 0.383012726428889 0.563251585087567 0.199354628169587 -0.168475752206605 -0.230362778561758 0.453964270689393 0.0061545603244343 0.28298637498943
28.9804721994972 14.3835097395847 7.65587798464949 0.511271220413636 -0.178993596934131 -0.840572967288796 0.815022935188324 0.411277612409626 0.408152205349079 0.0762766808798093 0.0367055571324045 -0.129688831189525 0.483191079395316 -0.0695047281987457 -0.31426720277101
29.3825904584298 14.3298811012866 7.79977044265843 0.23400775176597 0.421417881342596 -0.876154793680473 0.838147378959395 0.369243565411417 0.401457398513446 -0.222701012622059 -0.105714414021164 -0.159124921459827 0.263989718137045 0.108852131106105 0.177498357442943
29.8433020050256 14.3050794265868 7.85537073512244 -0.211392762542476 0.837905414811006 -0.503217146909794 0.797132829119096 0.445726708168801 0.407316627718555 -0.270705352095411 -0.486438315306969 -0.134717861057592 -0.0227994229984452 -0.285346069357091 -0.057429242395521
30.2749200376929 14.4508487766172 7.88788134092401 -0.633939579041482 0.771413089663945 -0.055157375548203 0.706048476747262 0.606378087666925 0.365788250445088 0.0660888298821602 -0.268982402235178 0.280472115015683 0.275435088904001 0.219365921905634 -0.0334319084214201
30.5171785503977 14.7180036241848 7.59354868078035 -0.427102133138553 0.519293701951839 0.740214634995017 0.83551271394865 0.539632831553291 0.103512308824265 -0.568663837387663 0.680640858685047 -0.041831280939022 0.321146297503194 -0.654330864342558 0.737426129076323
