mysystem:

<base.System object at 0x113076e50>
mystdout :  NULL pointer!
#id1 id2 FENE BEXC STCK NEXC HB CRSTCK CXSTCK total, t = 100
0 1 1.78595 0 0 0 0 0 0 1.78595
1 2 0.199043 0 -1.27591 0 0 0 0 -1.07687
2 3 0.231671 0 -1.0708 0 0 0 0 -0.839127
3 4 0.167316 0 -1.29479 0 0 0 0 -1.12747
4 5 0.0333277 0 -1.37093 0 0 0 0 -1.3376
5 6 0.0353046 0 -1.32232 0 0 0 0 -1.28702
6 7 0.451426 0 -1.23096 0 0 0 0 -0.779532
7 8 0.131477 0 -1.04838 0 0 0 0 -0.916899
8 9 0.13145 0 -1.25865 0 0 0 0 -1.1272
9 10 0.0891125 0 -1.37809 0 0 0 0 -1.28897
10 11 0.401672 0 -1.36602 0 0 0 0 -0.964349
11 12 0.249612 0 -1.43623 0 0 0 0 -1.18661
12 13 0.0436924 0 -1.35125 0 0 0 0 -1.30756
13 14 0.0685594 0 -1.15567 0 0 0 0 -1.08711
14 15 0.14843 0 -1.24125 0 0 0 0 -1.09282
15 16 0.319201 0.00643361 -1.11575 0 0 0 0 -0.790111
16 17 0.0978917 0 -1.19506 0 0 0 0 -1.09717
17 18 0.099627 0 -1.31248 0 0 0 0 -1.21285
18 19 0.0151568 0 -1.25916 0 0 0 0 -1.244
19 20 0.145382 0 -0 0 0 0 0 0.145382
20 21 0.20768 0 -0.274349 0 0 0 0 -0.0666688
21 22 0.0101827 0 -0.795957 0 0 0 0 -0.785775
22 23 0.0811732 0 -1.06451 0 0 0 0 -0.983333
23 24 0.088668 0 -1.213 0 0 0 0 -1.12433
24 25 0.124839 0 -0.853853 0 0 0 0 -0.729015
25 26 0.000457328 0 -0.686433 0 0 0 0 -0.685976
27 28 0.0711039 0 -1.27816 0 0 0 0 -1.20706
28 29 0.0577843 0 -0.975515 0 0 0 0 -0.917731
29 30 0.0266508 0 -1.16842 0 0 0 0 -1.14177
30 31 0.0409697 0 -1.11999 0 0 0 0 -1.07902
31 32 0.0108937 0 -1.13389 0 0 0 0 -1.123
32 33 0.0249041 0 -1.02941 0 0 0 0 -1.00451
33 34 0.00255616 0 -0.811201 0 0 0 0 -0.808645
34 35 0.0321582 0 -0.661071 0 0 0 0 -0.628912
35 36 0.00297515 0 -1.28424 0 0 0 0 -1.28127
36 37 0.178578 0 -1.10925 0 0 0 0 -0.930671
37 38 0.466327 0 -1.29289 0 0 0 0 -0.826567
38 39 0.368692 0 -1.02143 0 0 0 0 -0.652742
39 40 0.111474 0 -1.16699 0 0 0 0 -1.05551
40 41 0.470593 0 -1.26749 0 0 0 0 -0.796893
41 42 0.25176 0 -1.13423 0 0 0 0 -0.882465
42 43 0.114935 0 -1.0579 0 0 0 0 -0.94297
43 44 0.316523 0 -1.25744 0 0 0 0 -0.940922
44 45 0.0675145 0 -1.2155 0 0 0 0 -1.14798
45 46 0.0247047 0 -1.32135 0 0 0 0 -1.29665
46 47 0.0495997 0 -1.24668 0 0 0 0 -1.19708
47 48 0.0433558 0 -1.37455 0 0 0 0 -1.33119
48 49 0.171662 0 -0.879502 0 0 0 0 -0.70784
49 50 0.146878 0 -1.29741 0 0 0 0 -1.15053
50 51 0.0473294 0 -1.30002 0 0 0 0 -1.25269
52 53 0.0360259 0 -1.37704 0 0 0 0 -1.34101
53 54 0.141756 0 -1.16756 0 0 0 0 -1.02581
54 55 0.111367 0 -1.25702 0 0 0 0 -1.14565
55 56 0.229125 0 -1.28681 0 0 0 0 -1.05769
56 57 0.0710246 0 -1.34686 0 0 0 0 -1.27584
57 58 0.0125487 0 -1.24458 0 0 0 0 -1.23203
58 59 0.22378 0 -1.23885 0 0 0 0 -1.01507
59 60 0.0649666 0 -1.10308 0 0 0 0 -1.03811
60 61 0.0432659 0 -1.20112 0 0 0 0 -1.15786
61 62 0.141214 0 -1.09981 0 0 0 0 -0.958593
62 63 0.0429416 0 -1.26182 0 0 0 0 -1.21888
63 64 0.040708 0 -0.995236 0 0 0 0 -0.954528
64 65 0.447129 0 -0.995138 0 0 0 0 -0.54801
65 66 0.553205 0 -1.34488 0 0 0 0 -0.791675
66 67 0.591786 0 -1.28586 0 0 0 0 -0.694071
67 68 0.0692505 0 -1.29581 0 0 0 0 -1.22656
68 69 0.00347505 0 -1.21118 0 0 0 0 -1.2077
69 70 1.79407 0 0 0 0 0 0 1.79407
70 71 1.77651 0 0 0 0 0 0 1.77651
71 72 0.0680989 0 -1.17202 0 0 0 0 -1.10392
72 73 0.170181 0 -1.24957 0 0 0 0 -1.07939
73 74 0.19172 0 -1.34719 0 0 0 0 -1.15547
74 75 0.0429513 0 -1.31589 0 0 0 0 -1.27294
75 76 0.122089 0 -1.08985 0 0 0 0 -0.967763
#Total energy per particle is  -0.862463 and should be -0.86246310

