t = 100
b = 30 30 30
E = -0.680536815924423 -0.861799440441119 0.181262624516696
12.5367868052488 11.5193567584704 5.37555279282 0.737464733158606 0.61678079744917 -0.275185566548737 0.188796400766599 0.202944524848203 0.960817009533255 0.283594836623801 -0.227231146108769 -0.437029522607113 -0.111882344819848 0.0180616987978449 -0.0262501705869399
12.8858447804756 11.5843229704184 5.7280406730803 0.0257007291402621 0.998327520442999 -0.0517834144931753 0.561219405476614 0.0284579230146068 0.827177617728156 0.0654969215065096 0.168973262515537 -0.269694535571485 0.310947727975931 0.192046211016847 0.242578293011526
13.2870249599182 11.6670558809092 6.01131911309194 -0.473506747850809 0.86781961021282 0.150600027593663 0.596774900388982 0.190342960389522 0.779505718875188 -0.646369236544676 0.388889151609243 -0.081895567897162 0.761842460676393 -0.026387635913487 0.25087680302019
13.6155205319437 11.9730915976012 6.27268163326964 -0.813995508071511 0.546436976851913 0.197022394605232 0.459208455309363 0.397643235433963 0.794359708607366 -0.338911084965938 0.240239865596536 0.30467448057932 0.722140582519473 0.268840341599586 0.102970214871613
13.8501269228849 12.31160044341 6.50682838908866 -0.90975067183744 -0.100989128621702 0.402684482576653 0.364566028373602 0.269689472523062 0.891268245279401 -0.11232725163712 0.260306537704376 0.487450814504151 0.673428886087679 0.267113042019787 0.551132927840965
13.8135357400029 12.5276039421957 6.96287718186643 -0.697341387335807 -0.670578092375422 0.253061046216813 0.0899143801617689 0.268436676953081 0.95909178334879 -0.414788451940847 0.172011589076372 0.161231880590092 0.31926071688928 -0.364095776713023 -0.181964983353227
13.7434140502873 12.7328404861552 7.46419201838138 -0.233134331021795 -0.968479246825816 0.087728063673447 0.270614545406052 0.0220377026371469 0.962435446917309 -0.285844663916627 -0.212135693862559 0.14823709283553 0.681893653396694 0.344592379724891 0.0709735194985523
13.5853618626806 12.7035989138923 7.90553060216018 0.401570467616917 -0.906014959688197 -0.133708393162302 0.388595496124998 0.0363618836382788 0.920690629149759 -0.0923207278386712 -0.247920849037314 0.282529840054708 0.396227000210318 0.153709002121776 0.410740676432008
13.5824577529623 12.4945613492463 8.33378533970624 0.853555661648378 -0.381929197049642 -0.354362395529458 0.339180870482813 -0.108931122734111 0.934392975086865 -0.261186943220932 -0.13115528011145 0.165619479421065 0.352624118501846 0.0501645889486563 0.373967758566534
13.7461041675261 12.2810383786265 8.70700301475491 0.89761226461467 0.169063791296565 -0.407074367351265 0.430485193945615 -0.137750337083345 0.892024230787166 0.00121474176164465 0.188591237002953 -0.226620559797567 0.546792001687701 -0.09845395225594 0.240934565274544
13.960526217058 12.0403655123247 8.93595389132511 0.63197633050529 0.758638842213691 -0.158344280140855 0.417838170989143 -0.161466649863654 0.894057979021724 0.549347313630342 0.106884495463675 0.0216974635448811 0.654108341226154 -0.445912112985529 0.36245444121773
14.3118447663926 11.9046556030004 9.27583268850307 0.183994000468312 0.96748630335602 -0.173540605840253 0.614209983538709 0.024672571027542 0.788756774626025 0.0427019379914426 0.269397191287704 0.0462451500913511 0.470360376970921 0.458851592206421 0.37312756895342
14.7600493048832 11.9482040137261 9.50084205689805 -0.374598145069885 0.920651101793193 0.109898407269411 0.615112640641223 0.158074181743877 0.772430503653297 -0.0931248708469735 0.289194235326067 -0.468731777831053 0.626015107834278 0.0796153683397557 0.0681220349743457
15.043333105371 12.2236619351103 9.78471375990233 -0.782081488542263 0.553499263908523 0.28633370573973 0.520190912502189 0.326836646946566 0.78903682643517 -0.651470907323254 0.214375520130373 -0.274291223354541 0.496287617472509 -0.1881556867056 0.0500434745635689
15.3375832451827 12.4177221265197 10.1426044690536 -0.972310749370278 0.121156283702076 0.199832041296203 0.222061517123888 0.212604513305184 0.951571272624116 -0.155527533130927 -0.169202102632965 0.154852214036217 0.453872338402806 0.0355449270817195 -0.305772430783475
15.4090046629311 12.6662793949071 10.4892542605631 -0.822637140770413 -0.497791967043945 0.274720174992484 0.280753593520077 0.0645172197924056 0.957608912503111 -0.0388699451076059 -0.269371231022831 -0.309450284028417 0.301825673522945 0.3092788894559 -0.115158602476764
15.3583300558549 12.8168908353825 10.9535919736459 -0.343080748960217 -0.937939386097324 0.0506476914011382 0.134241525881407 0.00440655099689654 0.990938788152656 -0.0605676163591372 -0.353046777063149 0.330416423573936 0.565731691422682 0.301301530425767 -0.24766706333603
15.1381899663674 12.7853804720175 11.3376805939043 0.318427765015564 -0.947942101053075 -0.00306795346036104 -0.0337224154076292 -0.0145621098804786 0.999325094904074 -0.243367979295745 -0.30785353486184 0.146902040762422 0.632110274768073 -0.00933268233555594 0.208650097829516
15.1120546975848 12.6164267412269 11.8572645851992 0.686447763470873 -0.705092040506373 -0.177861087241606 0.226359142911982 -0.0252485638053524 0.973716556694758 -0.329242160256616 -0.615944732229026 0.074897627600624 0.595152618226903 -0.0149237444856884 -0.272928566884776
15.1293195360879 12.3800140230624 12.3217868784965 0.927291965602307 -0.0556085256582466 -0.370185336757776 0.369711436296683 -0.0189605227351702 0.928953085018758 -0.0974862706479636 -0.46131130066627 -0.036187273386764 0.341254141878077 0.0708043430135206 0.288946317280405
14.9484037872895 12.282216095153 13.4714999864316 0.753837955141363 0.492210907277627 -0.43526617389262 0.486685513330278 0.0267730164938203 0.873166821808178 -1.0848265979896 0.0329511324491904 2.90510609218409 0.251594447206968 0.163050637010181 -0.214290924310716
15.7013010395944 12.269118753608 13.0804228001928 0.310210812082249 0.931366603314701 -0.190592191254621 0.575726839474488 -0.0245129588412373 0.817274500136895 -0.413634353270281 0.790404614910921 0.114858081366885 0.478489458446289 0.327094399167614 -0.329898467905686
16.1623832287901 12.2634482380767 13.3168025960637 -0.380892970088568 0.924422376343056 -0.0190708284237294 0.50125895687301 0.223779262165372 0.835860146643875 -0.230659181360697 0.481872220109042 0.324982784100102 0.764687460760702 -0.277208282697382 -0.0157752477544352
16.4946620858676 12.6327031721502 13.3980115989613 -0.721114078471525 0.356919336697484 0.593803807504723 0.668166175725199 0.131689010635661 0.732264880044505 -0.908219787334477 0.833607545098526 0.457728976916957 0.688176278687275 -0.700979201412918 0.414188968863055
16.8575119585421 12.7659881000858 13.7819736494865 -0.91704458256717 0.135696139066178 0.37498756524757 0.396649254704346 0.213197212684514 0.892869643651369 -0.267075087913464 0.109562076048189 0.431952492082654 0.437012342012807 -0.182020689457986 -0.270961546222025
17.0876935673016 13.1197702746559 14.0797483505438 -0.750054479953005 -0.522045990588207 0.406061746582015 0.400742869298209 0.129691152664709 0.906964849694071 0.152359758416091 0.120946879651319 0.033240158903819 0.365383594225497 -0.131107365902522 0.0684994174439174
16.9876210427811 13.2979124810986 14.5514955080051 0.00133283582150225 -0.988801653246709 0.149229365191291 0.389010029664621 0.137987873240428 0.910840504408136 0.0213270689089986 -0.378733260294385 0.146892663454001 -0.067951583815392 -0.122662699668072 0.539606777958804
8.99741360034187 10.0161158102273 25.2889906871959 0.625833472935398 -0.581521009197481 -0.519774625252326 0.772326918624912 0.369060015870411 0.517016166966849 0.360138191319029 -0.510576179032071 -0.0531504913466821 0.0607264814098898 -0.047989191493411 -0.167370869322109
9.38842316619373 9.98454071358824 25.6001695019661 0.41903594894002 -0.0191121048795508 -0.90776840771823 0.830987205309456 0.410949573488247 0.374940786615076 -0.118441937170888 -0.347082590451381 0.273052488226063 0.382964075703145 0.32051192332357 -0.0050907019964745
9.91858787014812 9.98518892924622 25.6729733004788 0.101813087215061 0.568190755045258 -0.816574089393336 0.832018289740904 0.401326903713293 0.382991074863336 -0.0311102109940797 0.370951822641944 0.310677611519938 0.293838404640328 0.313209141601455 0.486078120022739
10.4580312935512 10.0842610222133 25.7013166027235 -0.354553464488995 0.826399682354807 -0.437441755081542 0.820132227227516 0.499545395437115 0.278993568131434 0.211643520610437 0.462727825242634 -0.489946349027455 0.477943670546017 -0.00499384877930214 -0.0517005129094961
10.8316037994581 10.2883275979217 25.4722944569915 -0.45259548512757 0.828837179106647 0.328916624641677 0.891098046409845 0.406661026637305 0.201422369764345 0.17368640844599 1.1654819827692 -0.298436887750222 0.605748188031115 -0.269965557800973 0.561927722812888
11.3038842652742 10.5993682676187 25.4270714257658 -0.621575927626495 0.432274028352121 0.65328585975679 0.783332096859824 0.336777138392405 0.522467096661577 0.0614772996975845 0.121600121312607 -0.140582952733785 0.218683669673176 0.0146275618121165 0.709779533912136
11.7045313109164 10.9512386648323 24.7591546736933 -0.659455617039592 -0.035951192935933 0.750883267685662 0.643454636436422 0.489472624522245 0.588542744519363 0.245662443997256 0.930047947587822 -2.68767169118191 0.238180728714446 0.218164149338772 -0.415061287279464
11.564164837844 11.3010856486313 25.6233787311096 -0.127117471924338 -0.593554176474281 0.794691431184412 0.580711286320567 0.604991158034117 0.544756817490498 0.114778817696827 -0.321402026299432 -0.179933758716366 0.667948432970303 -0.191391234689197 -0.0940842020442641
11.6416626621812 11.5967735746181 26.0983818008393 0.304661775064726 -0.861151074019679 0.406939693552298 0.692354386021299 0.493637812337142 0.52627654013406 -0.0175213000911077 -0.454119640878615 -0.260148161708949 0.537451362155037 -0.0569141572372621 0.402759517147171
11.8874869293917 11.8186076245663 26.550053138314 0.425450414946003 -0.901971328640993 -0.0737532882933012 0.762231257532155 0.313216023800701 0.566479580353196 0.318073911657654 -0.343940124596308 -0.00519679413650916 0.446788044908044 -0.110501104911093 -0.237025874320261
12.152347580838 11.7778367331697 26.9515050740236 0.69301798873118 -0.482229497591031 -0.535892396018887 0.715415945734706 0.368344810247974 0.593718795539519 0.599259164343872 0.0949759295094334 -0.208767465200056 0.561323033213617 0.0405632396724684 0.486617828210888
12.5173911262518 11.7320202243426 27.2656994703101 0.560676303905157 0.0656620949033599 -0.825427436550992 0.796688841651299 0.228905826195627 0.559364727448891 0.974061446309593 -0.649439233962719 -0.230989745852433 0.560589545028271 0.15318211574475 0.0594294936488043
13.072813207066 11.5015932595019 27.3801228279471 0.287079801390123 0.613741272060463 -0.735463608981644 0.896709299084986 0.0978432956945348 0.431670031632936 0.906801442819364 -0.289676847918211 -0.458035690469733 0.847961463749529 0.0766453156023365 0.458939196706139
13.7498168346909 11.2894855822962 27.4890216805659 0.0223283471104306 0.857116427964621 -0.514638471375815 0.847511519463435 0.256824788883189 0.464505257461116 0.694284679138561 -0.0148114566080767 -0.154625760557746 0.283308116822382 -0.044559806811257 -0.00153725482545593
14.034681804388 11.6632764349541 27.3869398576347 -0.429891465733063 0.859776282519008 0.275640994221095 0.846200770368781 0.277205542202681 0.45508375536078 1.07813244960452 -0.675523641150309 -0.443655565517785 0.280853206357106 0.296871822145834 0.33164605133312
14.2279314347961 12.0800764917675 27.4651871479929 -0.547897038770545 0.600315761502766 0.582605957914134 0.829531830372516 0.479877089545352 0.285648044887589 0.268495725968465 -0.187305111012903 0.448485548457762 0.533837454310183 0.0693213626664503 0.174098561306429
14.4960128347552 12.4883889647751 27.4635902808821 -0.501486760620257 0.105027204146905 0.858766671629194 0.734061742437878 0.576991527092102 0.358097780729224 -0.0479585085547121 -0.585463634063364 0.359549945258331 0.0793267373206473 -0.0135670794712405 0.162380531667709
14.7355480210115 12.8489973907065 27.6625415385631 -0.28586937191354 -0.571496726072876 0.769200933007841 0.717164573678875 0.404798733890728 0.567285501610278 -0.168304956751245 -0.0876561484845832 0.242595381606903 0.327812246535278 0.062669527739239 -0.344362290486557
14.7385494659951 13.1564420776034 28.0485856550209 0.256373593722083 -0.835321779540669 0.486322924163805 0.673765703312895 0.515196473659878 0.529728471493915 -0.525070242942695 -0.494398207623702 0.0371263551686548 0.524085520770342 0.171564020993075 0.249438688328859
14.9397292348504 13.4043166267617 28.4082623021354 0.412308441997911 -0.910708968019633 0.0247144806621132 0.776313291587721 0.365401805697063 0.513633210396335 0.791800721074095 0.324133318400113 0.661142278070876 0.106585509061509 -0.401003104137799 -0.0339208904618067
15.1697162236436 13.404038775181 28.7919611832246 0.584472003779093 -0.512440911678458 -0.629123732792575 0.811153439160853 0.388639496909779 0.437023249233286 0.275049735500791 -0.645075221029334 -0.0432765146792771 0.359299104376519 -0.068906210680243 -0.0560742680985142
15.5124227939792 13.4259866532008 28.9902442043072 0.554183663050736 -0.0811714355041172 -0.828427152267485 0.804070671724371 0.309611991128296 0.507553595683213 0.507967941168978 0.334988227114181 -0.454989409606695 0.252902535287209 -0.0816369901081696 -0.00125511675563741
15.8937349440418 13.29037149697 29.2238254099053 0.282487438830094 0.500445343353021 -0.818385719586448 0.734349293807762 0.436090044349521 0.520150429143399 0.19367421949909 0.0208397260747529 0.0477727491865602 0.474047936955393 -0.184631143281137 -0.0908870535523654
16.3564007166185 13.3101444294856 29.308218711565 -0.128069494001669 0.846330517507465 -0.517032630157961 0.823421944910361 0.381313583314115 0.420209630268333 0.278124411756978 0.159812685422555 0.576135573856239 0.146660656164445 -0.0258761045964057 0.318626556143498
16.7999803086567 13.4970208926337 29.2898674624547 -0.565995668133142 0.822123469500844 0.0613334048375156 0.774263778806545 0.504545302139414 0.382033402689975 0.0508445814881116 0.799015430116977 -0.255922839072204 0.130986468025914 0.0520954071670705 0.219994512682554
24.8257822427686 4.29664278753556 17.340011505154 0.277139022603871 0.953794181908369 -0.116062495336401 0.402023712209673 -0.00539749313303348 0.915613282932153 0.437186736389595 0.250726452108017 -0.385602624049886 0.0041196091793039 0.043543119197437 0.281121878449437
25.0131419742584 4.46407478129858 17.793186921007 -0.233229003109008 0.894546822401946 -0.381300534018207 0.341547480065632 0.442489496920671 0.82918529021943 -0.16411053952681 -0.0100514604566257 -0.160374649837484 0.386626663301483 0.336059263715102 -0.44675548288065
25.3449469162997 4.75573367664076 17.950636832891 -0.762798025231929 0.588512995546053 0.267939375358524 0.524671933597866 0.321093901239241 0.788427522330003 -0.209205322911717 -0.11629331551078 0.0034515396112327 0.527668323101487 -0.21711006330226 0.109874662278091
25.5965159170849 5.11565297730857 18.2682159134871 -0.8707040052567 0.000265700471506873 0.491807225749415 0.491489940271105 0.0363887938102579 0.870122621375035 -0.323018131269988 0.268200670252278 0.19955533185299 0.275982057496274 -0.383813192115045 0.262831040516569
25.757718119228 5.36580196316222 18.6891164449096 -0.784916605758514 -0.51062889506177 0.350947195961779 0.401622108588731 0.0120084274483244 0.915726685595977 -0.284233057562869 -0.239556207496529 0.462125026623924 0.163842626099129 0.102631943242643 0.162958429266983
25.6253528434854 5.56899292753816 19.1232683074382 -0.154617174589919 -0.936863457137834 0.313656302080189 0.306105383926092 0.256424739354651 0.916812810070024 -0.215038616187186 -0.653323542150134 -0.141202742612994 0.336197745855975 -0.0765678718367545 0.278231563018126
25.6834885389091 5.62134087758987 19.6430637631362 0.0985502492845168 -0.99427620482742 0.0412620836169907 0.160440876499326 0.0567966448032982 0.985409941614622 0.469950345326792 -0.915489680929211 0.369746430667621 0.487434081945881 0.522427301510532 -0.387808237613552
25.4492031543236 5.62658048408269 20.0318056756008 0.71182661794912 -0.69995725200153 -0.0579878672641064 0.215781869031067 0.139376082405238 0.966443156561046 0.249801706995992 -0.328933344972039 -0.106346935638469 0.562084853595322 -0.174301165519332 -0.16549440205937
25.4863383571259 5.43581918827647 20.4325517613014 0.94762607406739 -0.153972281778486 -0.27981644214926 0.303568119605542 0.161958434248053 0.938943951004712 0.269633512412139 0.0561711189476039 -0.163098496329252 0.380502114844117 0.163833963193285 0.0837085863720508
25.7754057856806 5.30207281350661 20.7828886417697 0.769375265367586 0.47352105560968 -0.428764960937035 0.453981028696869 0.0668915098795086 0.888496839635598 0.375816882772382 0.746668717527891 0.0732945855600664 0.347890150107955 0.342215998622725 0.190276621880538
26.1287376985548 5.22037534282908 21.0030903780887 0.244375408694676 0.958094478909593 -0.149450702116422 0.515985433764526 0.00200873675494082 0.85659493542709 0.28321000265538 0.207803058874012 0.122139300928997 0.659357830085173 0.43404247063995 0.551674198291449
26.5783347532769 5.25107709524779 21.2351756750332 -0.330819615665872 0.941078089974804 -0.0702160399150758 0.660721545294999 0.28410496003162 0.694788679835584 0.234244261443488 0.140874825691468 0.109239266481901 0.518503584476679 -0.245964444399735 0.153276370848733
27.0045400342365 5.49816781851383 21.3596571871827 -0.770370032479482 0.580554494336387 0.263602683948443 0.517606968480617 0.328030469188344 0.790239790692446 0.273080531119801 0.230403606898963 -0.491796281748727 0.590228147992762 -0.316564273768232 0.281553679051864
27.1826475617821 5.82190801451124 21.7383430745483 -0.976315920567079 0.0789270035664067 0.201438904349564 0.215931045034419 0.297602311376082 0.929949746476488 0.0496841697851021 0.147259525801305 -0.558227536122824 0.371720193126573 0.161387091965156 -0.0554024712263767
27.2579670061241 6.043917725424 22.1440426523238 -0.885202674654004 -0.430113559193166 0.177252454096892 0.0715421509247529 0.2506241009606 0.965437293600787 0.148740342885214 -0.0322776544046806 -0.00737808292280387 0.214881657708256 0.380857395756106 -0.124057914164663
27.1500133989964 6.11311924701731 22.6067746702633 -0.508851971734378 -0.859023725722515 0.0561051810012627 0.145261950754939 -0.0214426983468637 0.989160785315959 0.00702578684709347 -0.342326004983098 0.118082314771889 0.605333478763228 0.448596956326373 -0.323443683278825
26.9413989322084 6.1826788938596 22.9694951898059 0.253456612554032 -0.964530739400905 0.0737568923497982 0.21063711533627 0.12944590086465 0.968955957794367 -0.146054581188112 -0.395738680371222 -0.557055401793314 0.466952189015463 0.1705110239363 0.226043072936209
26.8964538114453 6.06819254596235 23.4118219559034 0.692111379470315 -0.700719429158671 -0.173130011489576 0.409194376117344 0.183321973970593 0.893841651337978 0.0788536132919774 -0.512836565917409 0.0523060520819202 0.300460133125979 -0.264938906093271 -0.177700020465772
26.8831700237126 5.94205105000345 23.8554271409562 0.910436987041366 -0.130209373537259 -0.392619271646481 0.40941476702236 0.148218376801423 0.900228161143371 -0.00477435974260346 -0.538503839876155 -0.29279728411473 0.362921751534828 0.0236477506050873 -0.109857455500716
27.0621488380919 5.70457708671973 24.2156337598974 0.785882185686649 0.531584137339213 -0.315923054543297 0.36237717838101 0.018076302863199 0.931856163934887 0.220724467502225 -0.0405034904531256 -0.88628352977335 0.186748000061567 -0.111830817212538 0.425784647809888
27.3811761234845 5.65516520869763 24.5936226267083 0.253739645631459 0.9069451361439 -0.336253764043205 0.510431167438193 0.169740286224557 0.842999490953972 0.86620298027683 0.179949868861514 -0.400751436928964 0.190782902199644 -0.192563342929161 -0.149954794680467
27.7922927711311 5.7706844952925 24.9491622146396 -0.088036366981841 0.955818616611355 -0.280464356920072 0.302205318826503 0.293915611219491 0.906799558669925 -0.472348495864659 0.346184667710222 -0.102135424007881 0.471261315552323 0.469693564850253 -0.164873691296569
28.1847028287763 5.95326525353638 25.2089866832747 -0.725333279354605 0.66674027150609 0.171315279782011 0.410512094427739 0.219159395959964 0.885126466267247 -0.508444087417216 0.298292592705573 0.293091759425186 0.0521089054424366 0.331480368605259 0.197256999266794
28.2934888372232 6.28404569140932 25.5916163268949 -0.968906475157188 -0.00549279700480617 0.247366032976347 0.241478199567224 0.19691576493305 0.950216997088251 -0.852753483294976 0.419288573336353 0.605665535917967 0.310684483408244 0.135059525206385 0.112380883502426
28.2829460954582 6.58337786074236 25.9787231632824 -0.702845376645995 -0.67346086932521 0.229038690137171 0.137837507695831 0.186939967171516 0.972653151599681 -0.77071859951649 -0.264303818815375 0.307185231251256 0.46168756797437 0.540028986762682 0.870789849519085
26.9681307420503 7.34506632360789 26.3054146316378 -0.277147679164568 -0.799753334283876 0.532525726259174 0.63147811123608 0.266113402680687 0.728298660750878 -5.88874820035765 1.33499142047038 0.386520307736398 -0.396054211115791 -0.519859955535087 -0.245900547671564
