mysystem:

<base.System object at 0x10dc99e50>
mystdout :  NULL pointer!
#id1 id2 FENE BEXC STCK NEXC HB CRSTCK CXSTCK total, t = 100
0 1 0.0607791 0 -0.663329 0 0 0 0 -0.60255
1 2 0.191177 0 -1.34807 0 0 0 0 -1.15689
2 3 0.0853486 0 -1.18515 0 0 0 0 -1.0998
3 4 0.10328 0 -1.31087 0 0 0 0 -1.20759
4 5 0.0617617 0 -1.09275 0 0 0 0 -1.03099
5 6 0.0418249 0 -1.06763 0 0 0 0 -1.0258
6 7 0.105543 0 -1.27076 0 0 0 0 -1.16522
7 8 0.0649718 0 -1.37401 0 0 0 0 -1.30904
8 9 0.389121 0 -1.4061 0 0 0 0 -1.01698
9 10 0.448824 0 -1.1342 0 0 0 0 -0.685373
10 11 0.114639 0 -1.22174 0 0 0 0 -1.1071
11 12 0.0787605 0 -1.39748 0 0 0 0 -1.31872
12 13 0.182494 0 -1.19703 0 0 0 0 -1.01453
13 14 0.173964 0 -1.00026 0 0 0 0 -0.826294
14 15 0.449036 0 -1.37399 0 0 0 0 -0.924951
15 16 0.0704138 0 -1.37141 0 0 0 0 -1.301
16 17 0.261223 0 -1.28845 0 0 0 0 -1.02723
17 18 0.116484 0 -1.00616 0 0 0 0 -0.889673
18 19 0.00306201 0 -1.38026 0 0 0 0 -1.3772
19 20 1.08993 0 0 0 0 0 0 1.08993
20 21 0.845471 0 -0 0 0 0 0 0.845471
21 22 0.000239758 0 -1.18807 0 0 0 0 -1.18783
22 23 0.00867592 0 -1.15943 0 0 0 0 -1.15075
23 24 0.0810117 0 -1.0752 0 0 0 0 -0.994192
24 25 0.0468068 0 -1.08121 0 0 0 0 -1.0344
25 26 0.0224019 0 -1.42003 0 0 0 0 -1.39763
27 28 0.0258583 0 -1.3898 0 0 0 0 -1.36394
28 29 0.0477524 0 -1.1619 0 0 0 0 -1.11414
29 30 0.00644857 0 -1.27316 0 0 0 0 -1.26671
30 31 0.0351697 0 -1.32953 0 0 0 0 -1.29436
31 32 0.00402417 0 -0.947628 0 0 0 0 -0.943604
32 33 0.651416 0 -0 0 0 0 0 0.651416
32 34 0 0 0 0 0 -0 -0.00418981 -0.00418981
33 34 0.871565 0 -0.00289717 0 0 0 0 0.868668
34 35 2.90289e-05 0 -1.08471 0 0 0 0 -1.08468
35 36 0.0234706 0 -1.1868 0 0 0 0 -1.16333
36 37 0.217207 0 -1.31295 0 0 0 0 -1.09574
37 38 0.162755 0 -1.3668 0 0 0 0 -1.20405
38 39 0.0477153 0 -0.876038 0 0 0 0 -0.828323
39 40 0.137471 0 -0.370184 0 0 0 0 -0.232713
40 41 0.00924556 0 -0.18888 0 0 0 0 -0.179635
41 42 0.496951 0 -0.475703 0 0 0 0 0.0212481
42 43 0.129849 0 -1.33194 0 0 0 0 -1.20209
43 44 0.0630738 0 -1.172 0 0 0 0 -1.10892
44 45 0.0821985 0 -1.19539 0 0 0 0 -1.11319
45 46 0.289869 0 -1.31368 0 0 0 0 -1.02381
46 47 0.0782193 0 -1.29639 0 0 0 0 -1.21817
47 48 0.76728 0 -1.35412 0 0 0 0 -0.586843
48 49 0.166733 0 -1.23512 0 0 0 0 -1.06839
49 50 0.230688 0 -1.38787 0 0 0 0 -1.15718
50 51 0.0532238 0 -1.38391 0 0 0 0 -1.33069
52 53 0.0308336 0 -0.698793 0 0 0 0 -0.667959
53 54 0.0624767 0 -1.20829 0 0 0 0 -1.14581
54 55 0.041246 0 -0.994631 0 0 0 0 -0.953385
55 56 0.111928 0 -1.33362 0 0 0 0 -1.22169
56 57 0.0462 0 -1.16759 0 0 0 0 -1.12139
57 58 0.250995 0 -1.15589 0 0 0 0 -0.904892
58 59 0.172979 0 -1.13078 0 0 0 0 -0.957802
59 60 0.223933 0 -1.12561 0 0 0 0 -0.901675
60 61 0.122001 0 -1.17915 0 0 0 0 -1.05715
61 62 0.242848 0 -1.27916 0 0 0 0 -1.03631
62 63 0.0298991 0 -1.02561 0 0 0 0 -0.99571
63 64 0.0191429 0 -1.28173 0 0 0 0 -1.26259
64 65 0.0277781 0 -1.14558 0 0 0 0 -1.1178
65 66 0.42165 0 -1.29023 0 0 0 0 -0.868578
66 67 0.31518 0 -1.01831 0 0 0 0 -0.703126
67 68 0.251594 0 -1.33227 0 0 0 0 -1.08067
68 69 0.301594 0 -1.17286 0 0 0 0 -0.871268
69 70 0.197831 0 -1.25593 0 0 0 0 -1.0581
70 71 0.214062 0 -1.35639 0 0 0 0 -1.14232
71 72 0.0713692 0 -1.27354 0 0 0 0 -1.20217
72 73 0.190607 0 -0.931129 0 0 0 0 -0.740522
73 74 0.0202612 0 -1.26382 0 0 0 0 -1.24356
74 75 0.0118325 0 -1.16901 0 0 0 0 -1.15717
75 76 0.0448429 0 -1.4237 0 0 0 0 -1.37885
76 77 1.52986 0 0 0 0 0 0 1.52986
#Total energy per particle is  -0.861799 and should be -0.86179910

