t = 0
b =  30.0 30.0 30.0
E = 0. 0. 0.
19.43606253663818 15.114216666615413 28.575742365157588 0.9539736701975168 0.26363356292305035 -0.1429390816759983 0.021178806500980772 0.416221538577405 0.9090165504430884 0.0 0.0 0.0 0.0 0.0 0.0
19.658291430541354 15.000333460162409 29.05148392958192 0.5973500338423497 0.7238183990824907 -0.34534021228088063 0.021178806500980772 0.416221538577405 0.9090165504430884 0.0 0.0 0.0 0.0 0.0 0.0
20.01668628345454 15.051444680555239 29.448505181750683 0.01378313247050085 0.9090125238322109 -0.41654082245980967 0.021178806500980772 0.416221538577405 0.9090165504430884 0.0 0.0 0.0 0.0 0.0 0.0
20.37822300184806 15.30976533435774 29.75057594033326 -0.5750202113685773 0.7488575928991439 -0.32949060999508994 0.021178806500980772 0.416221538577405 0.9090165504430884 0.0 0.0 0.0 0.0 0.0 0.0
20.60868384496708 15.738788100024438 29.977539304000015 -0.945363763083482 0.3041991421924143 -0.1172614060040077 0.021178806500980772 0.416221538577405 0.9090165504430884 0.0 0.0 0.0 0.0 0.0 0.0
20.623648988545302 16.237153069725537 30.17777292647852 -0.9565478155637319 -0.25602964857164934 0.13951736663415604 0.021178806500980772 0.416221538577405 0.9090165504430884 0.0 0.0 0.0 0.0 0.0 0.0
20.420569027467955 16.677156072978743 30.409809537071208 -0.6043233602846942 -0.718988495255893 0.34329115908202623 0.021178806500980772 0.416221538577405 0.9090165504430884 0.0 0.0 0.0 0.0 0.0 0.0
20.07973353739865 16.953265626115364 30.72009937817831 -0.022506356685727286 -0.9087915917458267 0.4166429006725304 0.021178806500980772 0.416221538577405 0.9090165504430884 0.0 0.0 0.0 0.0 0.0 0.0
19.73376772261467 17.022216107318354 31.125362981603406 0.5678611881043647 -0.7533295683463781 0.33170503839971643 0.021178806500980772 0.416221538577405 0.9090165504430884 0.0 0.0 0.0 0.0 0.0 0.0
19.517245883526858 16.91944508971324 31.60623875896883 0.9424887734008438 -0.31166504693342034 0.12074688622635371 0.021178806500980772 0.416221538577405 0.9090165504430884 0.0 0.0 0.0 0.0 0.0 0.0
19.51556438999122 16.745630014853095 32.11463879284885 0.9590491161103665 0.2484062365712503 -0.13608502680468154 0.021178806500980772 0.416221538577405 0.9090165504430884 0.0 0.0 0.0 0.0 0.0 0.0
19.73249817264946 16.628439149435483 32.592018240586825 0.6112506651634201 0.7141038376717044 -0.34121596293230244 0.021178806500980772 0.416221538577405 0.9090165504430884 0.0 0.0 0.0 0.0 0.0 0.0
20.088766563664734 16.674028276284446 32.991617498838 0.031227866954755143 0.9085014516612013 -0.4167132499152668 0.021178806500980772 0.416221538577405 0.9090165504430884 0.0 0.0 0.0 0.0 0.0 0.0
20.45215334793493 16.926710337625614 33.296226958659105 -0.5606589200121141 0.7577441748303487 -0.33389420618142096 0.021178806500980772 0.416221538577405 0.9090165504430884 0.0 0.0 0.0 0.0 0.0 0.0
20.687737913747206 17.35212020746182 33.52472522367515 -0.9395420095491176 0.31910721717444207 -0.12422317110582343 0.021178806500980772 0.416221538577405 0.9090165504430884 0.0 0.0 0.0 0.0 0.0 0.0
20.70915384892003 17.85027057749366 33.72490681292893 -0.9614773813536996 -0.24076390747419274 0.1326423235735409 0.021178806500980772 0.416221538577405 0.9090165504430884 0.0 0.0 0.0 0.0 0.0 0.0
20.51140098476035 18.29353880724111 33.955324224014895 -0.6181314209374407 -0.7091647983155118 0.3391147818659296 0.021178806500980772 0.416221538577405 0.9090165504430884 0.0 0.0 0.0 0.0 0.0 0.0
20.17274504374845 18.57515289889864 34.26304286029747 -0.03994699910081098 -0.9081421256736258 0.41675186483065085 0.021178806500980772 0.416221538577405 0.9090165504430884 0.0 0.0 0.0 0.0 0.0 0.0
19.824983183034583 18.64975596443413 34.6657600972813 0.5534139555724253 -0.7621010761616804 0.3360579466266005 0.021178806500980772 0.416221538577405 0.9090165504430884 0.0 0.0 0.0 0.0 0.0 0.0
19.603372050906643 18.550638065679024 35.14508175377274 0.9365236959357794 -0.3265250861654024 0.12768999590986352 0.021178806500980772 0.416221538577405 0.9090165504430884 0.0 0.0 0.0 0.0 0.0 0.0
19.595241524735027 18.37708876325839 35.653510348849615 0.9638324263719318 0.2331032432734254 -0.12918951911591484 0.021178806500980772 0.416221538577405 0.9090165504430884 0.0 0.0 0.0 0.0 0.0 0.0
19.806816630481922 18.25667535247653 36.132490188979055 0.6249651036105637 0.7041717533142843 -0.33698777589598183 0.021178806500980772 0.416221538577405 0.9090165504430884 0.0 0.0 0.0 0.0 0.0 0.0
20.160852551261403 18.29677791501946 36.534653654989675 0.04866308912822398 0.9077136411471649 -0.416758742478008 0.021178806500980772 0.416221538577405 0.9090165504430884 0.0 0.0 0.0 0.0 0.0 0.0
20.525981224738846 18.54379383062314 36.8418169525391 -0.5461268465173905 0.7663999405454678 -0.3381960949580435 0.021178806500980772 0.416221538577405 0.9090165504430884 0.0 0.0 0.0 0.0 0.0 0.0
20.766620266368744 18.965510636788967 37.07188843960148 -0.9334340624170968 0.33391808900685765 -0.13114709662634355 0.021178806500980772 0.416221538577405 0.9090165504430884 0.0 0.0 0.0 0.0 0.0 0.0
20.79448298410012 19.463344081850654 37.27206494186134 -0.9661140718192668 -0.22542482735818722 0.12572687637623015 0.021178806500980772 0.416221538577405 0.9090165504430884 0.0 0.0 0.0 0.0 0.0 0.0
20.602119968761475 19.909791930423037 37.50090088954716 -0.631751192771396 -0.6991250829077302 0.334835107002198 0.021178806500980772 0.416221538577405 0.9090165504430884 0.0 0.0 0.0 0.0 0.0 0.0
10.658516813203162 29.376626244775316 24.330903370398836 -0.13691956161942423 -0.11162152615183119 0.9842731676447757 0.287528219882873 0.9463741793964114 0.14732085847820478 0.0 0.0 0.0 0.0 0.0 0.0
10.42147353449987 29.83943059641839 24.466209387412814 0.4449322694062011 -0.26819294191837023 0.8544634699893362 0.287528219882873 0.9463741793964114 0.14732085847820478 0.0 0.0 0.0 0.0 0.0 0.0
10.285852580607537 30.24110035851247 24.796290379296593 0.8577468924135643 -0.3228733751032503 0.4000288142175625 0.287528219882873 0.9463741793964114 0.14732085847820478 0.0 0.0 0.0 0.0 0.0 0.0
10.34575505782992 30.569171124592536 25.217557951968192 0.9446891302297334 -0.25488881493144533 -0.20638347620057446 0.287528219882873 0.9463741793964114 0.14732085847820478 0.0 0.0 0.0 0.0 0.0 0.0
10.620999452012859 30.839139977288895 25.591780404746 0.6727281731116466 -0.09006773245345556 -0.734387233462401 0.287528219882873 0.9463741793964114 0.14732085847820478 0.0 0.0 0.0 0.0 0.0 0.0
11.049592254424017 31.088577887538502 25.798599264548532 0.1451865356131899 0.10897158743578483 -0.9833850024320917 0.287528219882873 0.9463741793964114 0.14732085847820478 0.0 0.0 0.0 0.0 0.0 0.0
11.511280332196502 31.36285587457289 25.781255482104413 -0.43751389415414604 0.26661077935038674 -0.8587783676573684 0.287528219882873 0.9463741793964114 0.14732085847820478 0.0 0.0 0.0 0.0 0.0 0.0
11.873237104030157 31.69790779714912 25.568153143731298 -0.8539954806900956 0.3229600786952539 -0.40790747300098346 0.287528219882873 0.9463741793964114 0.14732085847820478 0.0 0.0 0.0 0.0 0.0 0.0
12.040525579169497 32.10657847982589 25.26206828405278 -0.9460299060688562 0.25661144453922685 0.19793429049773664 0.287528219882873 0.9463741793964114 0.14732085847820478 0.0 0.0 0.0 0.0 0.0 0.0
11.99216650745357 32.573743749359664 25.001102552121232 -0.6786517533555017 0.09277183228818744 0.728577507751506 0.287528219882873 0.9463741793964114 0.14732085847820478 0.0 0.0 0.0 0.0 0.0 0.0
11.789108747206447 33.0620563609826 24.906216086006367 -0.15344245309015642 -0.10631335011145573 0.9824219486441426 0.287528219882873 0.9463741793964114 0.14732085847820478 0.0 0.0 0.0 0.0 0.0 0.0
11.55107377494935 33.52613484110248 25.03527273399688 0.4300622005251468 -0.2650083133393313 0.8630278660278076 0.287528219882873 0.9463741793964114 0.14732085847820478 0.0 0.0 0.0 0.0 0.0 0.0
11.411071494833886 33.92980466785816 25.361056611203647 0.850179033904394 -0.32302218762687523 0.4157550680510573 0.287528219882873 0.9463741793964114 0.14732085847820478 0.0 0.0 0.0 0.0 0.0 0.0
11.464867552247851 34.25984157678038 25.7816118692544 0.9472986380679279 -0.2583145321919963 -0.1894700313323437 0.287528219882873 0.9463741793964114 0.14732085847820478 0.0 0.0 0.0 0.0 0.0 0.0
11.734600364016194 34.53099567996156 26.158977427701267 0.6845236516408313 -0.09546886718871098 -0.7227122980425935 0.287528219882873 0.9463741793964114 0.14732085847820478 0.0 0.0 0.0 0.0 0.0 0.0
12.16037036371463 34.780387651863144 26.371600695069148 0.1616866853302431 0.10364701661390566 -0.9813840796212032 0.287528219882873 0.9463741793964114 0.14732085847820478 0.0 0.0 0.0 0.0 0.0 0.0
12.622996848421575 35.05340596446312 26.36051743060808 -0.4225777559945246 0.2633856659191925 -0.8672116414849007 0.287528219882873 0.9463741793964114 0.14732085847820478 0.0 0.0 0.0 0.0 0.0 0.0
12.98929672035314 35.38646304789682 26.151753245183677 -0.8462978426936592 0.32305969716827637 -0.42357100174303774 0.287528219882873 0.9463741793964114 0.14732085847820478 0.0 0.0 0.0 0.0 0.0 0.0
13.162682972413887 35.793161599465115 25.84643603658427 -0.9484952296080952 0.2599979481930327 0.18099134329050187 0.287528219882873 0.9463741793964114 0.14732085847820478 0.0 0.0 0.0 0.0 0.0 0.0
13.119859707041023 36.25912669150486 25.582375810382832 -0.6903434207998476 0.0981586317653741 0.7167920509940905 0.287528219882873 0.9463741793964114 0.14732085847820478 0.0 0.0 0.0 0.0 0.0 0.0
12.919672637175147 36.74746704674409 25.48170835475939 -0.16991860450324686 -0.10097278999475592 0.9802714744010176 0.287528219882873 0.9463741793964114 0.14732085847820478 0.0 0.0 0.0 0.0 0.0 0.0
12.68075261606626 37.212790651326905 25.60449381256995 0.4150611305317067 -0.2617429606608561 0.8713293754179483 0.287528219882873 0.9463741793964114 0.14732085847820478 0.0 0.0 0.0 0.0 0.0 0.0
12.536445792721992 37.61844993979132 25.925898828923444 0.8423522026256275 -0.32307260446296293 0.4313546788633138 0.287528219882873 0.9463741793964114 0.14732085847820478 0.0 0.0 0.0 0.0 0.0 0.0
12.584153180470885 37.950464817902905 26.345631157896424 0.9496195895642789 -0.2616615643436926 -0.17249887205713194 0.287528219882873 0.9463741793964114 0.14732085847820478 0.0 0.0 0.0 0.0 0.0 0.0
12.84832638354078 38.22283393418916 26.7260423635563 0.6961106176345965 -0.10084092118219307 -0.710817217455731 0.287528219882873 0.9463741793964114 0.14732085847820478 0.0 0.0 0.0 0.0 0.0 0.0
23.214397575664865 24.05357425326974 26.913296923185197 -0.24182386339451908 0.8588866035813015 -0.45148092017440256 0.6667333199133924 0.4851321328603051 0.5657857313362343 0.0 0.0 0.0 0.0 0.0 0.0
23.69472982874171 24.282784045262314 26.839615853518666 -0.609264481222665 0.7920144256254966 0.03885796599915564 0.6667333199133924 0.4851321328603051 0.5657857313362343 0.0 0.0 0.0 0.0 0.0 0.0
24.036180224153313 24.692533550496986 26.774792458424304 -0.7452353362754099 0.42424272559952275 0.5144340612190884 0.6667333199133924 0.4851321328603051 0.5657857313362343 0.0 0.0 0.0 0.0 0.0 0.0
24.207754201212076 25.19898919838089 26.827234323771528 -0.5980788274067499 -0.10470587884183055 0.794568055703051 0.6667333199133924 0.4851321328603051 0.5657857313362343 0.0 0.0 0.0 0.0 0.0 0.0
24.242996090744892 25.68157713788822 27.060798002417382 -0.22370217266151382 -0.5938749693222332 0.7728323613559634 0.6667333199133924 0.4851321328603051 0.5657857313362343 0.0 0.0 0.0 0.0 0.0 0.0
24.227245062980717 26.028791259452245 27.470528842151534 0.23566267757870696 -0.8574210298971265 0.45748473186171446 0.6667333199133924 0.4851321328603051 0.5657857313362343 0.0 0.0 0.0 0.0 0.0 0.0
24.265213349985743 26.18055623027243 27.98454334090834 0.6054953365369226 -0.7952185058989515 -0.03166899600362699 0.6667333199133924 0.4851321328603051 0.5657857313362343 0.0 0.0 0.0 0.0 0.0 0.0
24.441204318006303 26.151051117651363 28.491338891029653 0.7452901938025891 -0.43089917616535667 -0.5087911428098133 0.6667333199133924 0.4851321328603051 0.5657857313362343 0.0 0.0 0.0 0.0 0.0 0.0
24.78708420915475 26.02332252426514 28.882155484138334 0.6019368458551062 0.09712595484349629 -0.792615027928278 0.6667333199133924 0.4851321328603051 0.5657857313362343 0.0 0.0 0.0 0.0 0.0 0.0
25.270175623255838 25.917733795341565 29.092295456691094 0.2298976263198877 0.5882513117479367 -0.7753112121202123 0.6667333199133924 0.4851321328603051 0.5657857313362343 0.0 0.0 0.0 0.0 0.0 0.0
25.805672208510284 25.946236971440285 29.125703214045853 -0.2294835451375935 0.8558901602818834 -0.46345370431547256 0.6667333199133924 0.4851321328603051 0.5657857313362343 0.0 0.0 0.0 0.0 0.0 0.0
26.288858012429905 26.169840336505885 29.053466684919307 -0.6016800810370341 0.7983620272043674 0.02447761429143952 0.6667333199133924 0.4851321328603051 0.5657857313362343 0.0 0.0 0.0 0.0 0.0 0.0
26.634890822945245 26.575430350793216 28.986809828740682 -0.7452882945960037 0.43752281209063043 0.5031094779851466 0.6667333199133924 0.4851321328603051 0.5657857313362343 0.0 0.0 0.0 0.0 0.0 0.0
26.811035143256895 27.080753703863284 29.03483679389914 -0.6057490244821591 -0.08953863432766343 0.7906016394503927 0.6667333199133924 0.4851321328603051 0.5657857313362343 0.0 0.0 0.0 0.0 0.0 0.0
26.84909895437792 27.56566672242102 29.263081427646625 -0.236075572383934 -0.5825828565587441 0.7777310199339171 0.6667333199133924 0.4851321328603051 0.5657857313362343 0.0 0.0 0.0 0.0 0.0 0.0
26.833349331345893 27.917779960495196 29.66860987185939 0.22328693663603458 -0.8542941113172224 0.4693873829753116 0.6667333199133924 0.4851321328603051 0.5657857313362343 0.0 0.0 0.0 0.0 0.0 0.0
26.868497972545786 28.07515682901421 30.18113518479067 0.5978190052694736 -0.8014447501504286 -0.017284368514156268 0.6667333199133924 0.4851321328603051 0.5657857313362343 0.0 0.0 0.0 0.0 0.0 0.0
27.03991947480726 28.049844341518938 30.689720525375296 0.745229638800282 -0.4441131289598263 -0.4973894994258653 0.6667333199133924 0.4851321328603051 0.5657857313362343 0.0 0.0 0.0 0.0 0.0 0.0
27.38121609668194 27.923296252303235 31.084925913915416 0.609515072975743 0.08194449509816237 -0.7885280435967263 0.6667333199133924 0.4851321328603051 0.5657857313362343 0.0 0.0 0.0 0.0 0.0 0.0
27.86145169861986 27.815427413323544 31.30038631010659 0.24223554037913775 0.576870035429462 -0.7800916005193475 0.6667333199133924 0.4851321328603051 0.5657857313362343 0.0 0.0 0.0 0.0 0.0 0.0
28.396904899609158 27.83905611707124 31.33802480141376 -0.21707332396976203 0.8526330045484493 -0.47528531596863133 0.6667333199133924 0.4851321328603051 0.5657857313362343 0.0 0.0 0.0 0.0 0.0 0.0
28.882876229569327 28.057042541033894 31.267321989991007 -0.5939124032701135 0.8044664399758452 0.010089806465290119 0.6667333199133924 0.4851321328603051 0.5657857313362343 0.0 0.0 0.0 0.0 0.0 0.0
29.23346520851659 28.45840711530161 31.198919150269496 -0.7451142308822939 0.4506696248947968 0.49163164273047966 0.6667333199133924 0.4851321328603051 0.5657857313362343 0.0 0.0 0.0 0.0 0.0 0.0
29.414205375089185 28.96250184474444 31.24258375897761 -0.6132347045366884 -0.07434411547809994 0.7863943982796282 0.6667333199133924 0.4851321328603051 0.5657857313362343 0.0 0.0 0.0 0.0 0.0 0.0
29.455158671467185 29.449649830724795 31.465506995517497 -0.24837706120009045 -0.5711132834135404 0.7823927741091494 0.6667333199133924 0.4851321328603051 0.5657857313362343 0.0 0.0 0.0 0.0 0.0 0.0
29.439494408929427 29.806612525780924 31.866776689533594 0.21084318032943394 -0.8509069664752782 0.48114705414499664 0.6667333199133924 0.4851321328603051 0.5657857313362343 0.0 0.0 0.0 0.0 0.0 0.0
