mysystem:

<base.System object at 0x110973e50>
mystdout :  NULL pointer!
#id1 id2 FENE BEXC STCK NEXC HB CRSTCK CXSTCK total, t = 100
0 1 0.00827684 0 -0.75492 0 0 0 0 -0.746643
1 2 0.0189451 0 -1.14793 0 0 0 0 -1.12899
2 3 0.0895046 0 -1.20799 0 0 0 0 -1.11849
3 4 0.158811 0 -0.993751 0 0 0 0 -0.83494
4 5 0.164788 0 -1.35101 0 0 0 0 -1.18622
5 6 0.0757664 0 -1.34854 0 0 0 0 -1.27277
6 7 0.179713 0 -1.28011 0 0 0 0 -1.10039
7 8 0.138321 0 -1.12023 0 0 0 0 -0.981908
8 9 0.0448333 0 -1.30552 0 0 0 0 -1.26069
9 10 0.102325 0 -1.07756 0 0 0 0 -0.975231
10 11 0.176831 0 -0.779989 0 0 0 0 -0.603158
11 12 0.125251 0 -1.33403 0 0 0 0 -1.20878
12 13 0.084925 0 -1.26993 0 0 0 0 -1.185
13 14 0.12415 0 -1.30769 0 0 0 0 -1.18354
14 15 0.267127 0 -0.417923 0 0 0 0 -0.150796
15 16 0.164349 0 -1.19472 0 0 0 0 -1.03037
16 17 0.00400809 0 -1.25731 0 0 0 0 -1.25331
17 18 0.000121232 0 -1.1592 0 0 0 0 -1.15908
18 19 0.0621047 0 -1.16872 0 0 0 0 -1.10662
19 20 0.215228 0 -1.1777 0 0 0 0 -0.962474
20 21 0.191938 0 -1.34095 0 0 0 0 -1.14901
21 22 0.203773 0 -1.28769 0 0 0 0 -1.08392
22 23 0.108152 0 -1.21482 0 0 0 0 -1.10667
23 24 0.048019 0 -1.23464 0 0 0 0 -1.18663
25 26 0.00077071 0 -1.16689 0 0 0 0 -1.16612
26 27 0.00732078 0 -1.20285 0 0 0 0 -1.19553
27 28 0.000425515 0 -1.07973 0 0 0 0 -1.07931
28 29 6.10406e-05 0 -0 0 0 0 0 6.10406e-05
29 30 0.0243866 0 -1.19177 0 0 0 0 -1.16739
30 31 0.00462154 0 -1.10352 0 0 0 0 -1.09889
31 32 0.144056 0 -1.06887 0 0 0 0 -0.924814
32 33 0.119931 0 -1.36004 0 0 0 0 -1.24011
33 34 0.349695 0 -1.1898 0 0 0 0 -0.840103
34 35 0.0866056 0 -1.3418 0 0 0 0 -1.25519
35 36 0.345225 0 -1.13648 0 0 0 0 -0.791252
36 37 0.234917 0 -0.980249 0 0 0 0 -0.745333
37 38 0.00734996 0 -1.32992 0 0 0 0 -1.32257
38 39 0.137738 0 -1.0941 0 0 0 0 -0.956364
39 40 0.154527 0 -1.16405 0 0 0 0 -1.00952
40 41 0.162744 0 -1.22043 0 0 0 0 -1.05769
41 42 0.0592377 0 -1.32369 0 0 0 0 -1.26445
42 43 0.0199423 0 -0.974299 0 0 0 0 -0.954357
43 44 0.110627 0 -1.32229 0 0 0 0 -1.21167
44 45 0.366094 0 -1.32518 0 0 0 0 -0.959088
45 46 0.126423 0 -1.26544 0 0 0 0 -1.13902
46 47 0.330191 0 -1.12765 0 0 0 0 -0.797456
47 48 0.053912 0 -1.36692 0 0 0 0 -1.31301
48 49 0.000819956 0 -1.24445 0 0 0 0 -1.24363
49 50 0.036923 0 -0.817484 0 0 0 0 -0.780561
50 51 5.78757e-07 0 -1.25927 0 0 0 0 -1.25927
#Total energy per particle is  -0.995159 and should be -0.99515910

