t = 100
b = 30 30 30
E = -0.773807000079393 -0.995158581939108 0.221351581859715
24.2298891920301 10.9775650898176 9.10935185641486 0.9203909639279 0.264103692819037 -0.288322032807671 0.16434242915098 0.407796008061093 0.898161383323579 0.827950985767593 0.581419720107405 -0.588732036651199 0.570374448181578 -0.144540402592658 -0.141369581221335
24.3962560879009 10.9294348305164 9.60361074776107 0.348523414797825 0.698431026737675 -0.625080324740443 0.46500499980331 0.45019569431345 0.762295271014046 0.250566713127047 -0.132202808622506 -0.404246710171407 0.329055271639598 -0.296828633683757 0.0211047851341507
24.7591821159081 11.1972863658481 9.90546363475295 -0.24122253850158 0.735077704196085 -0.633618447577596 0.496056236792267 0.654554415066696 0.57051434663592 0.347903388505975 0.132347077408292 -0.190322599027636 0.968796470359266 -0.0601798221925272 -0.104176986288238
25.1002755905605 11.5855554458074 9.94861246651767 -0.685760698468953 0.618934398007114 -0.38295215924121 0.487752535182508 0.781333887039225 0.389377354095641 -0.420056444940021 0.310475181156486 -0.0536042084148858 0.626913161702102 0.0272717187311275 0.0921669648188981
25.3783621466021 11.987735369987 10.0695980358557 -0.953405945939803 0.294729519507939 -0.0644320966122903 0.179685441467421 0.726300860286471 0.66347575982256 0.259963738646294 0.741061316684789 0.337205007290598 0.473689853855263 -0.397051815738662 -0.323419162209717
25.3846755807105 12.4323771003349 10.2300759172691 -0.906256089587477 -0.230913099422995 0.354088861443376 0.148973901351779 0.609432946625524 0.778715699925891 -0.187416648425537 0.250062076765029 0.602803841716905 0.403736696280042 0.0816877045071629 -0.0673377503528061
25.2641022389413 12.8458394794143 10.5157753319523 -0.518612761966187 -0.670009747668085 0.531156871740103 0.026520823909321 0.608324701144793 0.793244972627399 0.197974510090139 -0.0432886034777725 0.847333652665015 0.196458230469923 0.288690262510204 0.00203779840350739
25.1089270981695 13.2008580707201 10.7860274512089 0.13619427076252 -0.835155584559052 0.532884744565783 0.125720852920208 0.548118120838579 0.826898225380497 -0.176816359807936 -0.194590287381243 0.322761698320127 0.653407307716369 0.838212971733731 -0.233948116879549
24.8433342999041 13.3937120425205 11.1293515000124 0.703562089154694 -0.634809943459913 0.319400380814867 0.0914292193772307 0.526584106105102 0.845192146070265 0.586322067898932 0.354139486190936 0.125011189218222 0.575418933923161 -0.343179303732725 0.204222651464638
24.7321181540927 13.3925940005868 11.5545563502436 0.990037714212059 0.095588168622131 -0.103383349353261 0.0396121994648331 0.515500759106608 0.855972971652429 0.4797812116959 -0.555255628724806 0.409399588273735 0.501660949646008 -0.668103695412406 0.310087058392098
24.9317643755663 13.5919769223332 12.0062204278497 0.862932238252425 0.161149045150444 -0.478935087715433 0.367850821620016 0.449495131232892 0.814026897564788 0.794930163560857 0.383678701149992 0.472200013161876 0.514694571412731 0.142560748598843 -0.0569153689599937
25.2997585909828 13.5841481337797 12.3275183929562 0.525094322375665 0.597298926598786 -0.6062258873057 0.12613417365234 0.649844052159173 0.749528357978265 0.209028093662261 0.397154910061589 0.132095488738126 0.429219078195966 0.0426455530014505 0.204186985403273
25.5726704200432 13.8486888115112 12.6548009911042 -0.0810478546732179 0.714624002710394 -0.694797568795371 0.267428362351931 0.68712168484158 0.67553367230451 -0.268209650960692 -0.128833380520353 -0.379262683307145 0.348466932360851 -0.0464849541243297 -0.373827548418305
25.9389167654757 14.0671082625853 12.765930114985 -0.73483908503331 0.66593989692754 -0.128590266132293 0.452046820749594 0.622229246384443 0.639127782062031 -0.498161041286961 0.201501190561914 0.0858317767784119 0.364020112631461 -0.369554002367104 0.401463941136853
26.1966894381372 14.4482319225973 12.8704627524574 -0.942033390581484 0.191986633021032 0.275161969712144 0.326047743180276 0.717306314167478 0.615763268915044 -0.251352283673598 0.303792790952091 -0.187396644113253 0.285909335333112 -0.35411447086611 0.153432453166627
26.1371885403867 15.0040040306783 12.9446724945916 -0.909868115793447 0.0138736975071429 0.414665428147206 0.309884813433072 0.687294393203722 0.65696095794765 -0.224584663289078 -0.258132213323129 0.244405006891497 0.252682935974289 0.134867147111518 -0.0599764498254823
26.1834990722419 15.399707928396 13.2564204544214 -0.733771793629102 -0.473305088801345 0.487402443154102 0.0657923922229172 0.664530683067728 0.744358928904552 0.0488796043168692 -0.579215500105681 0.535018854331944 0.482048918967007 0.504585493776754 -0.553493539151347
25.8782197420931 15.6984810288871 13.4271453304176 0.116369964797793 -0.605549007166585 0.787253651976098 -0.0919747834621434 0.782662715028871 0.615613193246127 0.182494678356137 -0.509912171057073 0.417231082009132 0.691338877854411 -0.00713219226286805 -0.227119317717542
25.6294516921231 15.9436433689529 13.8634044874045 0.609735695072733 -0.622485455757191 0.490646636553543 0.0177217901033779 0.629582808441039 0.776731170121867 0.326972681586039 0.103856989309907 0.199495223352912 0.383947224908021 0.0344103657973705 0.0367326556580344
25.6273054156669 16.0427684747377 14.3297406578942 0.945277325221478 -0.324199479844967 -0.0366791046699666 0.243698476613341 0.626829283963025 0.740064850039565 0.066108330145308 0.0473078108601839 -0.270523570196677 0.4176413842462 -0.0651587809798349 -0.198426165784502
25.8068613046819 16.0817688202125 14.7214064239397 0.83930874026879 0.220058732300341 -0.497126617835141 0.337742761568572 0.505494322850613 0.793980606006887 -0.0474644066324481 0.028470801507773 -0.589777559454513 0.562041323452135 0.196695082241306 0.0116401210894695
26.1312258955954 16.0789907992416 15.0389485142794 0.389830680975018 0.701977992735901 -0.596035921667575 0.398964814541516 0.454602369247152 0.796343928357586 0.507549334340959 0.117421783717475 -0.0114450132039757 0.65908076105356 -0.249919424935922 0.401551568083503
26.437100601832 16.2831973895388 15.3865454443132 -0.0307178939878067 0.713146579593983 -0.700341523382696 0.399916092883927 0.650913548346323 0.645274016622236 -0.0254475886158149 -0.00497071516877056 0.0103419672268337 0.464935238668471 0.502029693616815 -0.0317999734159153
26.7608259354177 16.6009623189904 15.5203289005124 -0.618699530009156 0.586105874733717 -0.52315454440082 0.314088498942721 0.794906619829671 0.519106701822838 -0.0997418050893722 -0.0964945823823581 -0.140469211958343 0.535887797073439 -0.0530874857131689 -0.349242894151061
26.9674504707709 16.9785088369396 15.4545372942327 -0.916262092830598 0.307672197568307 0.256517989075673 0.399637040609103 0.658203663266913 0.638011014761978 -0.447912999943727 -0.536356015008794 -0.686143490843589 0.431196756480447 -0.439615824532683 0.577635759172252
23.3985611750597 11.9725020952998 5.1254022649549 -0.379904477321003 0.789064325800005 0.482752490684771 0.911169050899835 0.409203469047305 0.0482014160199134 -0.371064373509523 0.204076029892667 0.448866545786851 0.539830271462179 -0.204529831814516 -0.644489568425661
23.7537742195864 12.3463653818321 5.10007264637758 -0.45789469784757 0.193987696883294 0.867583485006586 0.850990504611612 0.377974097594774 0.364623950983076 -0.055392419330761 -0.00992662516778129 0.137582860444091 0.308630874587332 0.184906304606554 -0.17486369094041
24.013518076595 12.6801515094988 5.37929622509763 -0.220700670530237 -0.573887049457468 0.788634737635629 0.876327712384509 0.238293879468378 0.41864740332934 0.287610334743682 0.373487804977087 0.186314400596393 0.0590381402829673 0.0660724677169246 0.0721505160461821
24.4078997121503 12.8048896638703 5.74149998967983 -0.0970164062580311 -0.980909968562444 0.168532886256483 0.924704457040266 -0.026205924857857 0.37978256814818 0.322910510277548 -0.854700601183526 0.456992341403147 -0.058294634134152 0.262023002619031 0.60438188578571
24.2520599707699 12.9778648416353 6.33607310601277 0.310032461220039 -0.950702456222202 -0.00667802002356198 0.918400146412901 0.297667556479764 0.260643588170802 0.171979760756981 -0.498197816260555 -0.163159858122631 -0.0689347476239158 -0.195682334752221 -0.696900735475613
24.5717688846306 12.9984594139318 6.71357200954643 0.317051080038712 -0.692334750607982 -0.648190625810281 0.922945762903863 0.0679276707668679 0.378888945457777 0.273558303943828 -0.0860543853891536 0.0621479994416133 0.0235738542841207 0.340532707213039 -0.0331080466094525
24.9784118661394 12.7443197603655 6.82086878382875 0.360216483225451 0.134722464287263 -0.923089284745208 0.914133812310251 0.146338936853692 0.378079582619217 -0.0601531656706704 -0.154718416078676 -0.18760535452154 0.497212149221142 0.319971996857782 0.414088712185217
25.4937005729766 12.7744584744562 6.9136536574479 0.0291891515804087 0.482597564393601 -0.875355622060143 0.989785217261256 0.108301999745701 0.0927134872950969 -0.276429018967433 0.355228451090378 -0.193343040759845 0.693283791706101 0.599109315825592 -0.0714114999397172
25.8583402989195 12.6394240307235 6.7192367715002 0.0717617766267092 0.976868599601889 -0.201439493399798 0.993803104422471 -0.0528402634171669 0.0977915911831416 -1.0800832546405 0.288774089251382 -0.254016591291779 0.711724802481288 -0.380726985955083 0.263681442886324
26.3587225605193 12.6305653830845 6.73772633210071 -0.203562342270828 0.979057947775716 -0.00279152060205085 0.94299193338602 0.196828819765524 0.268373828239021 -0.155781678430723 0.212285092466594 0.160447554358123 0.517276924066743 -0.191212364776367 -0.391640618795679
26.8285673848561 12.7631505254643 6.63810410881605 -0.431477384719502 0.736385553078002 0.521117518883792 0.895220878181271 0.27818797700923 0.348124848030045 -0.283349903694813 -0.629107662205644 0.523748175507986 0.261330919901825 0.168166929124848 -0.0689427815911879
27.1208942555272 13.0828614484806 6.77446089165357 -0.463041094714391 0.201487801803099 0.863131215004705 0.835811225650297 0.42335427558335 0.349557773969322 -0.127152901379459 -0.165612167113889 0.366327355040795 0.422487574491803 0.435968292590772 -0.465638626886634
27.2253485497748 13.4677891491897 7.00914042193928 -0.159580811675826 -0.342384361376698 0.925908633659982 0.775715285331058 0.536617033140647 0.332126247754225 -0.241924241064946 -0.587522085062247 0.0512145856083479 0.516060404461396 0.0740183330022325 0.252928588029189
27.4639877374299 13.8469568824519 7.27061531525164 0.114563795099567 -0.847352443825599 0.518525654394525 0.830789133540265 0.367903222535048 0.417655978278715 -0.242175368201935 -0.213510961907264 0.206102655226154 0.0224156211020339 -0.757074451351944 -0.424479887008524
27.8465989110218 13.95817246136 7.56105864696322 0.167022410137367 -0.982608500039054 -0.0811414350526249 0.873706295840639 0.109369636610603 0.473999444678051 -0.131704603735599 0.179659680388998 -0.279638004290875 0.390586027380776 0.258594447881638 -0.304763025220975
27.9743395523573 13.9175536617988 7.94330123301469 0.625854919847163 -0.4502935231527 -0.636821203443373 0.761711547911067 0.17739725934726 0.6231577781789 -0.195778380980998 -0.401068240406625 0.159682818862978 0.531655062528985 -0.419348272363015 0.131758288806347
28.3649928631069 13.8174667500807 8.21151710631067 0.468844420500372 0.04980458094025 -0.881875441789631 0.883246612723808 -0.0176638763618171 0.468575818791304 -0.0434133418028245 0.080648874263162 -0.134875730764638 0.533845620197585 0.0902787805551638 0.319045585040199
28.7798725233937 13.576542492777 8.35225248504676 0.279055653959177 0.65709121926184 -0.700256349228851 0.949022078607521 -0.0774032886046867 0.305558044699616 -0.0479547499677513 -0.291759088619235 -0.541951123368229 0.457933336903813 -0.0182085370014045 0.233739667826623
29.3363152600667 13.6379742931686 8.35801378339966 -0.106109065542099 0.886548602145828 -0.450302479488995 0.965680393500856 0.199845633388698 0.165900536037017 -0.100510920968911 0.222702894869899 0.10676776505459 0.493174107298424 -0.189265114498859 -0.0334561231651978
29.7901529148812 13.6543914653224 8.23572825276123 -0.330135365540342 0.915384253618192 0.230395726261199 0.937618142355886 0.289821372264825 0.192030407077293 -0.76095194463621 0.0730960596985225 -0.430539490277772 0.606457450954449 -0.310568971695886 -0.221626758261877
30.1377928034204 13.8677633049889 8.08890818921941 -0.327091026077816 0.567145535785273 0.7558817923769 0.936498090967834 0.30155117460396 0.178991897977507 -0.315527342981167 0.296187437813482 0.31652613959476 0.568431750131849 -0.144059836335993 0.466161217368152
30.4605389926954 14.2049334753459 8.11566336303671 -0.287213212879758 -0.0627297330619776 0.955810355006803 0.836026582616858 0.470612349810491 0.282105400839631 -0.787756854079436 0.0868574126319441 -0.0264899418883358 0.327507360518316 0.0941226538384801 0.310079899730843
30.8174314945399 14.4201121054708 8.3724498196185 -0.351937384151167 -0.454391626877724 0.818332578454541 0.777089102978536 0.345531192539248 0.526061408601795 0.22183137043833 -0.11772614076438 0.199458086654752 0.555917521448042 0.326668979112923 -0.186897897441697
31.001510536723 14.7459125435222 8.71188824334618 -0.0471228563009089 -0.884642582834621 0.463882332602922 0.728239033803052 0.287437143652934 0.622131567991192 0.0319016137154224 -0.486642730445608 -0.306436284002293 0.87807686178409 -0.0625328766681974 -0.077475979095726
30.9816978176898 14.867904309857 9.16954751447974 0.686271597234889 -0.717924105799343 -0.116688291966619 0.640560096686549 0.520561621515598 0.564533652989368 -0.450440275032807 -0.355576309175114 0.109879325589114 0.258016142555848 -0.476193382052119 0.503979135616847
31.4170454477101 15.1267561950617 9.53256502884541 0.433321770254195 -0.718341556759166 -0.544258701368824 0.897522476504303 0.289170034675672 0.332917372009676 0.0915373612423443 0.550623126391801 -0.0141820802352723 0.000127004138583824 -0.64695786906547 -0.307460129265323
31.8382104994973 14.9847628224314 9.75869390502815 0.39807932041666 0.151254269599012 -0.904795494730603 0.843582320387585 0.327155489926394 0.425838039249318 -0.0445886844761927 -0.0280458657463183 -0.316843302438376 -0.108172637644416 0.204026026312362 0.583482008242345
