t = 100
b = 30 30 30
E = -0.810846210687717 -1.04587564805691 0.235029437369191
20.5361954586694 0.6585728126855 3.35019549386163 0.823724103515991 0.284189454300233 -0.490626985145904 0.479945466703505 0.111228852316887 0.870218577461479 0.145625027112677 0.26265174443105 0.544505674079876 0.108391288573313 0.181885797667324 -0.688312788873113
20.9127239883841 0.517932944573263 3.54608557627125 0.424411792991536 0.874338872361178 -0.235384891277813 0.515688042894976 -0.01972384504583 0.856549294284988 0.297446994505021 0.343449474862913 0.245747468044443 0.280502896805976 0.218217238065644 0.185734000276449
21.3045300617414 0.576348688635432 3.72800627236775 -0.167690099270215 0.984441667894036 0.0524834671330974 0.634937456542211 0.0671235766791025 0.769641953090831 0.320762924956296 0.63130148982939 0.626005669571282 0.460505025450009 0.153110954754787 0.290674479635828
21.7266431896255 0.823853631840604 3.85022792535459 -0.588821832509194 0.575875706806215 0.567147164035803 0.671751012130443 -0.0415480951769687 0.739610853986926 -0.00432695309908019 0.465191448893069 0.227751890843985 0.474580026256267 -0.235846717415078 0.470123521237986
22.0703719077637 1.03460244896423 4.150933172958 -0.862478575320574 0.0237888918269051 0.50553405462108 0.504503994602246 0.119518407282316 0.855097041878534 0.124467820260092 -0.0418966963984173 0.777463968922286 0.333402900189258 -0.403965241323807 0.324722980693208
22.1793034411629 1.30141890432082 4.49403123199672 -0.713460787318471 -0.549536656712753 0.434721809542405 0.335122050289776 0.27724045986486 0.900461452864109 -0.642052719299177 -0.191970529840874 0.116320428808863 0.530972552979487 -0.23663357332715 -0.0166970519908647
22.2197546384961 1.53956632837608 4.91330683067949 -0.402227164474811 -0.883811232983082 0.238937007476603 0.183117609292962 0.178044305202145 0.966834040110688 -0.509081315962351 -0.262672918887585 0.418293239224646 0.649019318102939 0.501221986436353 0.200392050066324
22.1070149439151 1.62973746377631 5.39343662149966 0.160609233997657 -0.986719690553248 -0.0242653514998081 0.293135175253444 0.0242097719231779 0.955764376098594 -0.0376915898439326 -0.0860839212708392 0.0599097987594441 0.663725885770343 0.192151906132598 0.256474689196409
22.171950467315 1.46088700002441 5.82110688776605 0.635637095625117 -0.672756330536667 -0.378634763888425 0.355876625610065 -0.17988822585206 0.917056128464193 0.134164839675524 0.0278699970770835 0.0262907194188525 0.5050525899235 0.235718788055039 0.224736138339677
22.2968296471619 1.19420390618459 6.21521170081966 0.855469206084211 -0.0289731765939459 -0.517042432789097 0.492384710814319 -0.263755280925738 0.829451831296271 0.48735710312083 -0.120155864919138 0.0264248697276853 0.61425953119934 0.03011999301508 0.33825920054915
22.5606075658869 0.895916841436696 6.52348803855606 0.723299918450961 0.487089502113385 -0.489470046933058 0.632200367207763 -0.181966459573361 0.753133981404891 0.35742422695411 0.0480389180096593 -0.054057130495721 0.868821226703076 -0.232703220381544 -0.122447875177985
22.9824904309148 0.653863356010598 6.64886058866898 0.416260923339215 0.89949490758194 -0.132799233976443 0.579538838143428 -0.14993158761857 0.801033794210771 0.308100542130114 -0.0962163507349338 0.123596355369033 0.600597008594593 0.111391004787564 0.781886237029569
23.420178176245 0.615903886683865 6.87915622319082 -0.24175085622153 0.962541546201212 0.122760660965402 0.603243082388049 0.0499909714735554 0.795989050840643 0.389544950471674 0.313262979070749 -0.374748392487154 0.30364670855743 0.31326093975361 0.429548173732483
23.7678675946696 0.89661081976522 7.11717696517762 -0.753037339268985 0.529343674600697 0.390806768475134 0.620626714891113 0.37416005624215 0.689076649848934 -0.0902122242367939 0.309933489797839 -0.436688000483184 0.362612539224478 -0.223682383027788 0.318673289615544
24.0141958444715 1.13983486295524 7.49166195291337 -0.934308982855141 0.204002875630077 0.292317348239189 0.32686421968448 0.163124342467391 0.930886734295796 -0.37829040929093 -0.395742964604638 -0.195294193678133 0.725207537932488 0.391703337217939 -0.00490289494665064
24.2151702209484 1.4627158306415 7.79810917670866 -0.840786345196847 -0.434869858109687 0.322438225445203 0.255686159579841 0.206001495209594 0.944556964517103 0.0764567945243357 -0.364937472041969 0.159076909769597 0.518123689477348 0.169350588628935 0.0529549254430381
24.0775093382742 1.7027480943725 8.14733320926571 -0.305628516551186 -0.905901998716105 0.293142731363662 0.271107129997423 0.212335448763812 0.938836764990675 -0.612791287678624 -0.024580055522622 -0.0291282621963817 0.566509648199545 -0.0982533328272643 0.111313762453041
24.0063027331117 1.80083303117818 8.61945766752005 0.247230973450967 -0.968955567044688 0.00135558158390774 0.408023815294875 0.105376825739957 0.906869435213751 -0.255551970708279 -0.141379403344597 0.332092392808962 0.347967822791612 0.126403101540363 0.631700685285129
24.1557003334147 1.62536081692276 9.08179281606555 0.485533819107864 -0.76832497267654 -0.417053387131403 0.570622662513821 -0.0828865368800375 0.817018653327385 -0.105077463882283 -0.6419952603985 -0.154913361696468 0.35492527251988 0.430388122957066 -0.119455277027395
24.1450328095287 1.2699313071092 9.33349539976004 0.951668975028066 -0.101271122582323 -0.289948622942312 0.297656842338157 0.0715155914934502 0.951990443916215 -0.0544763407619318 -0.116439375158573 -0.981002275410357 0.511253391623853 -0.742020006936527 0.302137787636757
24.3794710977481 1.12388785448211 9.79900861019828 0.753084418831518 0.452820157535115 -0.477302466479663 0.553952632349808 -0.044999567920089 0.83133110282587 0.29143998863992 0.00836062593563429 -0.234385615106953 0.211852283642565 0.308284222013577 0.213752447927192
24.7535120890215 1.01460562269114 10.1551518479185 0.334037364168997 0.827197242008316 -0.451844711094564 0.752965889962109 0.0541740921147497 0.65582575922576 -0.140205764992345 0.582759123106524 -0.386087360536099 0.322426042426507 -0.138072913735258 -0.400445824789355
25.2177429613496 1.04510067537758 10.3168444062487 -0.111516680328422 0.986963985429766 -0.116043105985935 0.668049285763557 0.160902929562942 0.726512412834114 0.254797047322349 0.528678490629872 -0.248324198190309 0.643036514503312 0.283170529399669 -0.0271952702905753
25.6510302532783 1.17921191405151 10.5875776305829 -0.527527285910267 0.8492850572937 0.0207301650765841 0.468296795102899 0.270346458621498 0.841196045430841 -0.170783375210127 0.0604970950101704 0.253556949462416 0.711982782895516 0.449699405611725 0.00798706420016552
25.956697094069 1.49185364079025 10.6907048887429 -0.705113085816753 0.126980660655352 0.697632661558115 0.708804342781924 0.154372163608804 0.688306270975545 0.164642193453276 0.0943593221112037 -0.204409378020249 0.382662056178107 -0.573658784570004 0.164077302341288
26.2093609926048 1.71330702522854 11.0866038517069 -0.690543687148676 -0.504899477443 0.517905220319905 0.522986022717639 0.146080059740789 0.839729788405478 -0.253291019362879 0.346037829704591 0.26690078649705 0.0403016936479967 -0.0386120568709473 0.401172086626075
