t = 0
b =  30.0 30.0 30.0
E = 0. 0. 0.
25.075552495795915 25.99160693811952 23.88027816428157 0.04689914615330869 -0.12649566599087583 0.9908578690082728 0.8456069166880538 0.5330697112115644 0.02802901065222 0.0 0.0 0.0 0.0 0.0 0.0
25.223404754038413 26.479282369417337 24.050564645129114 0.3497889926929383 -0.5930034304450542 0.7252548462928444 0.8456069166880538 0.5330697112115644 0.02802901065222 0.0 0.0 0.0 0.0 0.0 0.0
25.45099142417139 26.831782650086325 24.38617299100929 0.5197881527484319 -0.8342192771845166 0.1841153818563659 0.8456069166880538 0.5330697112115644 0.02802901065222 0.0 0.0 0.0 0.0 0.0 0.0
25.797063820078534 26.994122620272357 24.763750443976818 0.49231110318032123 -0.7585012731190498 -0.4269725943923749 0.8456069166880538 0.5330697112115644 0.02802901065222 0.0 0.0 0.0 0.0 0.0 0.0
26.25535854744622 26.983562201384622 25.043999480617895 0.277796834511302 -0.3946159539306431 -0.8758465434303594 0.8456069166880538 0.5330697112115644 0.02802901065222 0.0 0.0 0.0 0.0 0.0 0.0
26.77697707198165 26.883049063381787 25.124599270125472 -0.04225709610395245 0.11919056378292814 -0.991971747245842 0.8456069166880538 0.5330697112115644 0.02802901065222 0.0 0.0 0.0 0.0 0.0 0.0
27.28896309013056 26.809705418143608 24.979079068635926 -0.34625684940834456 0.5877145935554078 -0.7312302993994493 0.8456069166880538 0.5330697112115644 0.02802901065222 0.0 0.0 0.0 0.0 0.0 0.0
27.722019848561853 26.870331332998852 24.666874897390077 -0.5187078365167043 0.8329560231721853 -0.192682235292559 0.8456069166880538 0.5330697112115644 0.02802901065222 0.0 0.0 0.0 0.0 0.0 0.0
28.036837139337997 27.120829599545193 24.310748804546535 -0.4940930441998172 0.7617435333037992 0.41906903147715446 0.8456069166880538 0.5330697112115644 0.02802901065222 0.0 0.0 0.0 0.0 0.0 0.0
28.239025905142135 27.54496732847643 24.05014951061424 -0.28176404359625 0.40113193946058734 0.8716089667281293 0.8456069166880538 0.5330697112115644 0.02802901065222 0.0 0.0 0.0 0.0 0.0 0.0
28.37698654834279 28.060543095629342 23.98823350807283 0.03761182801312285 -0.11187638475208334 0.9930100829942836 0.8456069166880538 0.5330697112115644 0.02802901065222 0.0 0.0 0.0 0.0 0.0 0.0
28.523520808922488 28.55061663735782 24.15267418519508 0.3426983373240803 -0.5823809999240326 0.7371500664876818 0.8456069166880538 0.5330697112115644 0.02802901065222 0.0 0.0 0.0 0.0 0.0 0.0
28.748173166278235 28.907936411828974 24.485148243167657 0.5175880186749666 -0.8316293363337692 0.20123441523053515 0.8456069166880538 0.5330697112115644 0.02802901065222 0.0 0.0 0.0 0.0 0.0 0.0
29.09080972877687 29.075686252915588 24.86349369242388 0.4958373581210382 -0.7649277837692777 -0.4111335548326954 0.8456069166880538 0.5330697112115644 0.02802901065222 0.0 0.0 0.0 0.0 0.0 0.0
29.546472432660735 29.06907078162351 25.148121234919657 0.28570979525838414 -0.40761737724029645 -0.8673050136285114 0.8456069166880538 0.5330697112115644 0.02802901065222 0.0 0.0 0.0 0.0 0.0 0.0
30.067262693363624 28.969538916363803 25.235046572269024 -0.03296369563597018 0.10455368590139247 -0.9939727971803103 0.8456069166880538 0.5330697112115644 0.02802901065222 0.0 0.0 0.0 0.0 0.0 0.0
30.58053887860909 28.89384006709511 25.09539577922574 -0.33911372743461854 0.5770030557247332 -0.7430136967443587 0.8456069166880538 0.5330697112115644 0.02802901065222 0.0 0.0 0.0 0.0 0.0 0.0
31.016514079015604 28.949669082534292 24.78637499063062 -0.5164287845016837 0.8302393177016074 -0.20977127038868076 0.8456069166880538 0.5330697112115644 0.02802901065222 0.0 0.0 0.0 0.0 0.0 0.0
31.334769321745508 29.194751176567078 24.42953683434994 -0.4975439121077262 0.7680537820224836 0.40316676877626756 0.8456069166880538 0.5330697112115644 0.02802901065222 0.0 0.0 0.0 0.0 0.0 0.0
31.53960941405521 29.614911154378735 24.16460055569747 -0.2896337890134392 0.4140717733785735 0.8629350118941981 0.8456069166880538 0.5330697112115644 0.02802901065222 0.0 0.0 0.0 0.0 0.0 0.0
31.67842747504596 30.129458805960823 24.09637034015857 0.028313052945770384 -0.0972230248827245 0.9948598164895097 0.8456069166880538 0.5330697112115644 0.02802901065222 0.0 0.0 0.0 0.0 0.0 0.0
31.823699497346567 30.621844465961765 24.254918451091758 0.33550329272188023 -0.5715811705087827 0.7488207436313341 0.8456069166880538 0.5330697112115644 0.02802901065222 0.0 0.0 0.0 0.0 0.0 0.0
32.04544950577975 30.983938180160408 24.584160274097393 0.5152302222770255 -0.8287860731310006 0.2182921506524237 0.8456069166880538 0.5330697112115644 0.02802901065222 0.0 0.0 0.0 0.0 0.0 0.0
32.38464625959273 31.157110082911043 24.963161799712818 0.49921257619918746 -0.7711212900065476 -0.3951692800094738 0.8456069166880538 0.5330697112115644 0.02802901065222 0.0 0.0 0.0 0.0 0.0 0.0
