t = 100
b = 30 30 30
E = -0.854184874164057 -1.06840788326317 0.214223009099112
12.516991919177 13.2695554088006 16.566665287766 0.945340001190208 -0.325098707061818 -0.0253573715198483 0.0391995405055373 0.0360984215593525 0.998579082254369 0.690394416381368 0.598562513359493 -0.328214851682219 0.224208637247135 0.242122537899121 -0.262085145792106
12.633885049425 13.0861885504799 16.9844618315529 0.879395126767051 0.420773435339301 -0.222741572112054 0.290684711518261 -0.104014226430702 0.95114842654002 -0.0793534328204761 -0.0414068979039601 0.342703017578683 0.501615961258296 0.0705445181841178 -0.140307584542905
13.042057380983 12.9269034271461 17.2808207981065 0.487321147475424 0.869065449586793 -0.0851071345360873 0.310143986717578 -0.0811498871412416 0.947219768625506 -0.176695989009723 0.0787461744038444 0.0467961961610022 0.627052459770868 -0.130124054623661 0.241229446648641
13.3117227555889 12.9866628290029 17.7140166507161 0.0841877100645342 0.954693563971982 -0.285433908367833 0.277001940452458 0.25273764717531 0.927034782899517 -0.526787462490016 0.351696088318141 0.185777198194474 0.353803012475532 0.0736681639993533 -0.335296317046165
13.6788405423832 13.1693518618354 17.9885414177532 -0.65057964163912 0.759006526632745 -0.025594988718196 0.254893664794894 0.249980530559426 0.934097872973813 0.393148789454567 0.903619212956198 0.207775590097859 0.423451849419556 -0.192944941708324 -0.406489949058379
13.9214300370907 13.4380326129513 18.30948562967 -0.965649729535653 0.207143460102828 0.156882336721998 0.212875431594702 0.284413357396259 0.934768942340035 -0.291440087863423 -0.156124901362837 0.194583302899292 0.326210312427967 0.0240481009351066 0.198701933244579
13.9602222818097 13.7414214122277 18.6993093105061 -0.898086343728622 -0.395554239589887 0.192295719016407 0.103150052407984 0.235592659009091 0.96636227566219 -0.136789664572532 0.270353223296722 0.0886144686159401 0.138395832995681 -0.336765808469818 -0.277949078280651
13.9082213446406 13.9511434478279 19.1094197404521 -0.543999612839109 -0.833105592807041 0.0999968684820483 0.0980977192359213 0.0552104959514695 0.993644060775975 -0.291622539949846 -0.266877952501932 -0.0563941976168768 0.493422947651826 0.396593419011055 -0.138398011179021
13.7120897155253 14.0522033657921 19.5424262104923 0.0531456142237836 -0.998555125812482 -0.00794263144801358 -0.00283996034642288 -0.00810498123257597 0.999963064331566 0.0673500694180672 -0.50674187455694 0.448341954881174 0.551146459114176 0.513310813942022 0.0525103645615026
13.4499302072015 13.9461708939767 19.9089294793978 0.714010471041729 -0.700076756433165 0.00902571060819126 -0.0278506777869073 -0.0155190872030836 0.999491564632839 -0.182911775808633 -0.697687366336191 -0.131774727350973 0.629335112694422 -0.241441348678529 -0.162796338239401
13.3361482046882 13.8289970424581 20.4158016224954 0.896742347938317 -0.385115515284098 -0.218034596372615 0.269002705358819 0.0831229871941864 0.959545723092499 0.487394204152824 -0.0362811959129113 0.143613541185629 0.669498384927766 -0.147635732275903 -0.370817733522646
13.3484368220921 13.5807317471664 20.8007767872922 0.900678823269093 0.341108632524209 -0.269114174979403 0.281073862933219 0.0148832122516089 0.959570663240508 0.49733058535556 0.116735501309553 -0.179963811884529 0.128121238644559 0.183902717182013 0.26417764587495
13.676382978057 13.4997814809395 21.2426375065827 0.368340684175483 0.846173313017762 -0.385117834269271 0.301087938506898 0.28334367622425 0.910528580211363 0.27402870290962 0.304916683160346 0.372735144434281 0.218459054198208 -0.103124021931051 -0.358381800585423
14.0072834060677 13.6179279280803 21.561023514458 -0.0732722680453985 0.962865625686624 -0.259847730225517 0.0339031824277979 0.262802323816801 0.964253802725509 -0.247474155342857 0.42251245036813 0.37605688314177 0.593208764557991 0.316428527840319 -0.00828527598211864
14.3928324171791 13.8251700383476 21.7639217177699 -0.669459990436144 0.735190393905088 0.106387437440347 0.380820070705639 0.216695235387548 0.898898845154842 -0.394813077988137 0.484579362405116 0.385150843396838 0.403188653882872 -0.11722327933883 0.219179391465375
14.6814309320515 14.0513835199569 22.1048777588286 -0.916244207667136 0.380264969684536 0.126075329487682 0.269394952604812 0.351894571375918 0.896435416728133 -0.357929567159478 0.145256517228344 0.0356178358073808 0.42317699345169 -0.0845699695366274 -0.31497877392878
14.7437087532577 14.3175893037799 22.4990538010968 -0.97704441716176 -0.166838092362028 0.132473187092358 0.0685119450108655 0.342724286003059 0.936934396658892 -0.0389869061672526 -0.138818356607816 0.194465928152218 0.463383829114158 0.276990888579988 -0.32195493396154
14.672971708754 14.6439916478169 22.8414929364366 -0.45925824461373 -0.853631303337245 0.245754641037263 0.0411780975357475 0.25590058482242 0.965825625823326 -0.120296162193449 -0.131284116406981 0.0425590279791518 0.529090688209357 0.369110596978627 0.0562597220358572
14.5092871456379 14.7498391950519 23.2956721149584 0.0649917237822896 -0.996617576257087 0.0502927767708919 -0.207281790937341 0.0358170391696504 0.977625336594276 0.30492390536033 -0.0801695872258885 0.041451630587063 0.424981331042795 -0.265491838654844 -0.389726298888619
14.2647027426846 14.6777163147392 23.71780503325 0.63023056649492 -0.774420957528819 -0.0555112101448487 0.0375072569903373 -0.041046296778154 0.998452950982721 0.270339870072813 -0.289487130727404 0.112628182741592 0.89148188818112 0.0162608261599314 0.00307748847401851
14.1213302031486 14.4522292150652 24.0703009311531 0.997851056614499 -0.0590211231237062 -0.0284545135072174 0.0267007653465672 -0.0302927615343699 0.999184319536869 0.278261984136217 -0.00200030310054075 -0.505375208457689 0.307874852696722 -0.303042039562803 0.366429423808129
14.2145732676265 14.4025694090934 24.5665324297245 0.876904426679073 0.295570117376403 -0.379047244161721 0.363560236311957 0.107997393055665 0.925289360143541 0.233762567431772 -0.0391007261879132 0.0525554779721253 0.551205383628687 0.59008693572524 -0.123241809772218
14.5379185632161 14.1841824466843 24.8733825812284 0.444013414223286 0.88099331082507 -0.163409778261499 0.416656253952769 -0.0415511302402236 0.908113958298299 -0.310934398076741 0.27343858939381 0.190447685875873 0.743706968631209 -0.350148762915924 0.0533016430540754
14.9314489899988 14.1116649121716 25.0890324883194 -0.243099640378915 0.939811829493887 0.240117006149067 0.395265639768837 -0.130081101621469 0.909309554645895 0.62482506708239 0.399669523335964 -0.12791365985732 0.426189915235263 -0.721533342833575 0.806894373165734
