mysystem:

<base.System object at 0x11137ee50>
mystdout :  NULL pointer!
#id1 id2 FENE BEXC STCK NEXC HB CRSTCK CXSTCK total, t = 100
0 1 0.525299 0 -1.14683 0 0 0 0 -0.621529
1 2 0.123286 0 -1.08401 0 0 0 0 -0.960728
2 3 0.226598 0 -1.21207 0 0 0 0 -0.985477
3 4 0.222391 0 -1.28669 0 0 0 0 -1.0643
4 5 0.0231481 0 -1.30742 0 0 0 0 -1.28427
5 6 0.21185 0 -1.29187 0 0 0 0 -1.08002
6 7 0.0618121 0 -1.16089 0 0 0 0 -1.09908
7 8 0.104318 0 -1.15882 0 0 0 0 -1.05451
8 9 0.32517 0 -1.13249 0 0 0 0 -0.807316
9 10 0.12166 0 -1.35848 0 0 0 0 -1.23681
10 11 0.0173106 0 -1.33646 0 0 0 0 -1.31915
11 12 0.0260758 0 -0.870233 0 0 0 0 -0.844157
12 13 0.03466 0 -1.2279 0 0 0 0 -1.19324
13 14 0.178431 0 -1.1312 0 0 0 0 -0.95277
14 15 0.21429 0 -1.32635 0 0 0 0 -1.11206
15 16 0.0688455 0 -1.25945 0 0 0 0 -1.19061
16 17 0.145678 0 -1.1917 0 0 0 0 -1.04603
17 18 0.14478 0 -1.37672 0 0 0 0 -1.23194
18 19 0.158815 0 -1.15639 0 0 0 0 -0.997578
19 20 0.262315 0 -1.38949 0 0 0 0 -1.12718
20 21 0.277227 0 -1.37571 0 0 0 0 -1.09848
21 22 0.0851838 0 -1.32023 0 0 0 0 -1.23505
22 23 0.197922 0 -1.27756 0 0 0 0 -1.07964
#Total energy per particle is  -1.02591 and should be -1.0259110

