mysystem:

<base.System object at 0x103858e50>
mystdout :  NULL pointer!
#id1 id2 FENE BEXC STCK NEXC HB CRSTCK CXSTCK total, t = 100
0 1 1.74109 0 0 0 0 0 0 1.74109
1 2 0.0130018 0 -1.22329 0 0 0 0 -1.21028
2 3 0.0711662 0 -1.402 0 0 0 0 -1.33083
3 4 0.029061 0 -1.04186 0 0 0 0 -1.0128
4 5 0.475774 0 -1.00488 0 0 0 0 -0.529109
5 6 0.0884665 0 -1.35483 0 0 0 0 -1.26636
6 7 0.259074 0 -1.26593 0 0 0 0 -1.00686
7 8 0.125723 0 -1.29489 0 0 0 0 -1.16917
8 9 0.0312289 0 -1.32896 0 0 0 0 -1.29773
9 10 0.0487759 0 -1.20658 0 0 0 0 -1.1578
10 11 0.0200854 0 -1.37 0 0 0 0 -1.34991
11 12 0.0373898 0 -0.493517 0 0 0 0 -0.456128
12 13 0.00585203 0 -0.404573 0 0 0 0 -0.398721
13 14 0.624828 0 -1.21815 0 0 0 0 -0.593327
14 15 0.564334 0 -0.411976 0 0 0 0 0.152358
15 16 0.207287 0 -0.929728 0 0 0 0 -0.72244
16 17 0.0682864 0 -1.06215 0 0 0 0 -0.993859
17 18 0.154852 0.0187015 -0.856269 0 0 0 0 -0.682715
18 19 0.188302 0.0988324 -1.04459 0 0 0 0 -0.757455
19 20 0.205576 0 -1.3632 0 0 0 0 -1.15762
20 21 0.069852 0 -1.06926 0 0 0 0 -0.999403
21 22 0.0755717 0 -1.37828 0 0 0 0 -1.30271
22 23 0.0621242 0 -1.26742 0 0 0 0 -1.20529
23 24 0.129332 0 -1.29117 0 0 0 0 -1.16184
24 25 0.057033 0 -1.36713 0 0 0 0 -1.3101
25 26 0.141288 0 -1.25983 0 0 0 0 -1.11854
27 28 0.0151705 0 -1.20539 0 0 0 0 -1.19022
28 29 0.0199685 0 -1.38805 0 0 0 0 -1.36809
29 30 0.0295962 0 -1.18344 0 0 0 0 -1.15384
30 31 0.0201909 0 -1.2929 0 0 0 0 -1.27271
31 32 0.000845436 0 -0.182573 0 0 0 0 -0.181728
32 33 1.75452 0 0 0 0 0 0 1.75452
33 34 1.73421 0 0 0 0 0 0 1.73421
34 35 0.000172881 0 -1.30826 0 0 0 0 -1.30809
35 36 0.045393 0 -1.3012 0 0 0 0 -1.25581
36 37 0.000149117 0 -1.19743 0 0 0 0 -1.19728
37 38 0.323549 0 -1.21637 0 0 0 0 -0.892822
38 39 0.244216 0 -1.17097 0 0 0 0 -0.926753
39 40 0.12719 0 -1.26984 0 0 0 0 -1.14265
40 41 0.539035 0.190641 -0.618308 0 0 0 0 0.111367
41 42 0.0388058 0 -1.01131 0 0 0 0 -0.972505
42 43 0.332343 0 -0.76551 0 0 0 0 -0.433167
43 44 0.058692 0 -0.156982 0 0 0 0 -0.0982901
43 45 0 0 0 0 0 -0 -0.0113145 -0.0113145
44 45 0.0258068 0.114958 -0 0 0 0 0 0.140765
45 46 1.42863 0 0 0 0 0 0 1.42863
46 47 1.88506 0 0 0 0 0 0 1.88506
47 48 0.0130124 0 -1.31274 0 0 0 0 -1.29972
48 49 0.166384 0 -1.16979 0 0 0 0 -1.00341
49 50 0.0710862 0 -1.1213 0 0 0 0 -1.05022
50 51 0.153778 0 -0.979186 0 0 0 0 -0.825408
51 52 0.013247 0 -1.19956 0 0 0 0 -1.18632
#Total energy per particle is  -0.641761 and should be -0.64176110

