t = 100
b = 30 30 30
E = -0.398770914341558 -0.610231804623614 0.211460890282056
22.9795008444523 13.5770530947796 26.478980657519 -0.596218420230047 0.520954158032457 0.610843876613093 0.802315523517156 0.359616270399504 0.476409298506552 -7.88764540508123 8.28160846234094 -6.50803513878988 0.0683857069999147 -0.0759483540546905 -0.129668041366487
25.1388739903763 12.0477096030087 28.4545716709787 -0.666457399512 0.185363069022528 0.722132231626065 0.72295974393736 0.397274118914207 0.565245401951835 -0.156115743803176 -0.10548736076751 0.505466273693472 0.0831167758048962 -0.124310922572629 -0.577007318918551
25.3010583859371 12.4192947544075 28.6579779071075 -0.213003549586245 -0.628821158799564 0.747805669233398 0.761431444281365 0.372770735464437 0.530343299676096 -0.367620853342726 0.534495312140499 -0.0667706124703353 0.382514408747756 0.171596970895433 -0.0540116344813324
25.5457139320643 12.6353807196636 29.0910841017217 0.0621832212024554 -0.926381795864005 0.37141606913825 0.572742176323006 0.337885258916788 0.746859989470128 -0.272305001975273 0.0569128210279835 0.431263780477506 0.527515804495952 -0.0397394854997877 -0.40791045654994
25.615512036483 12.8079189244304 29.5703242921994 0.522672074432999 -0.847853913851692 -0.0892049565125595 0.589284949684942 0.283681744642238 0.756483845267059 -0.273918846648678 -0.305781932384642 0.0831695486081915 0.559019115461664 -0.0142237500995093 0.0541121801963693
25.9230391537809 12.8570734445291 29.991531743387 0.540731257169216 -0.614308059928625 -0.574660941639208 0.801047665504141 0.167509341090299 0.574685255505592 -0.0701796949204814 -0.256663672050238 -0.137432853541515 0.389429938271464 -0.0384633398660606 -0.232974076204217
26.2379211643178 12.6913500981548 30.2473267096336 0.484933092263406 0.294689822227067 -0.823406151879112 0.775860048651048 0.289525085598594 0.560549989574499 -0.101742053136923 -0.255114077276641 -0.571538295301739 0.506991184395857 -0.0551985162708859 0.0590869718453241
26.7211023507904 12.6760023948412 30.4125197716624 0.135062212370982 0.568997148943751 -0.811172191383964 0.876640742097679 0.312937899709755 0.365473340921542 -0.130637617051689 1.09842357754588 0.079479155423763 0.763795824335261 0.181807104903135 0.00198445722386094
27.1416510703007 12.5421939052983 30.3218305613938 -0.0708956905664736 0.972796421791643 -0.220546603984788 0.955132077017124 0.129948370133256 0.266150390545211 0.0970360518568126 0.815716512488234 -0.025183276086852 0.695683731388626 -0.316366300788139 0.270376194988302
27.6345299220841 12.6057592098308 30.2620857092461 -0.400835178165474 0.894888104839769 0.196230274311973 0.892081518263735 0.332472820575506 0.306026590723895 -0.338053065638455 0.311634733349793 0.155260440245407 0.644351010623294 -0.206655107067701 0.10074681781689
28.0591987879994 12.8631628161111 30.2146445666481 -0.566057273880704 0.506402394463461 0.650488784202605 0.811874918349546 0.479298811104182 0.333364144613804 -0.0795494703437664 -0.174631420497802 -0.0616430782597939 0.226985556854515 -0.251538118797718 0.0617765989491601
28.3589954357937 13.2458060110422 30.3421671310305 -0.468554874152599 -0.151071133848499 0.87042157853911 0.786800424236765 0.376697858994764 0.488920951070542 0.16118597535574 0.336242466146152 0.0484839646525265 0.373782192569508 -0.0951418676083715 0.158375843696543
28.5915609773399 13.6082571059678 30.6267776315215 -0.171680816625299 -0.771701997045526 0.612373751304219 0.663509537982854 0.368899929222011 0.650897702150291 -0.113704831412863 -0.137704190836355 0.422685553797929 0.211854954949437 0.254551348581362 0.598807167181649
26.5694457078207 15.4702854652403 28.9309965218524 0.0888007833512821 -0.873570415616874 0.478527984742801 0.524390000538726 0.449457373919304 0.72318952685668 -8.64193837148754 5.37181279442426 -8.07423631277613 0.758597196807164 -0.0547921472475138 -0.208906161953846
28.6638132138117 14.1394968523631 31.4050293519367 0.502471689712049 -0.863289607821575 -0.0474672022963174 0.67801604271326 0.359378537124259 0.641202929234883 -0.321912107567162 -0.191403823210338 -0.286323933797974 0.308936798672719 -0.0500937927302489 -0.194937466015424
28.9630259547573 14.137570715809 31.8188628986118 0.620979191550907 -0.404325857735215 -0.671494844968563 0.781106624616328 0.247899478339599 0.573077806233947 0.0262552482086771 -0.137078900273282 -0.0106626614823353 0.334116555449014 -0.212698420209338 0.0518191307146849
29.360058254641 14.048242309948 32.1093661831656 0.430388923146795 0.15400503678975 -0.889408627199571 0.867217551825877 0.202788265663105 0.454764247186175 -0.275934083038512 0.21031566315077 -0.946928920793609 0.50849332293126 0.0980665286784603 0.0684810227524682
29.8717690169539 13.9698386881372 32.2414887106681 0.105743922778064 0.523471605978766 -0.845455842331772 0.921020565181438 0.268974747982772 0.281733188920813 0.235254897027647 0.533904545115979 -0.627397404766555 0.646605373812076 0.247607678790884 -0.0943056169279954
30.2532339183138 13.7473311722957 32.1445840855139 0.050189985842898 0.974346047105042 -0.219386933854169 0.777720714182358 0.0996872127616591 0.620655162953629 -0.427081461149516 0.20337960460528 -0.538445188698682 0.595111521863072 -0.480699106254246 0.107747798450242
30.7619826816244 13.837666644914 32.2548084056323 -0.402760857913962 0.915092165441582 0.0197459610079029 0.843010291707124 0.362459404411748 0.397437681604516 -0.153975894507741 0.274968182599678 0.127970770128749 0.146183100763289 0.105785328579756 -0.198812895548998
31.1316232484041 14.1195032601085 32.2233159172857 -0.636373007231418 0.561080816617065 0.529355829807226 0.768833949019107 0.517076388503728 0.376199752373132 -0.176147230934341 -0.16822728595092 0.471491305839552 0.38139784774051 -0.297482900930208 -0.28926755946219
31.402631431575 14.4814042078148 32.3381835007452 -0.522170724757286 0.0527277440786947 0.851209375573833 0.770804056336795 0.456298715945329 0.444581231201574 0.00603585520380261 -0.0284275474020137 0.415819422359043 0.631798292757258 -0.263633169188358 -0.36814334712197
31.6086105878917 14.8806122758153 32.5162840181412 -0.182461110937742 -0.465823307192399 0.865861692960485 0.781555733086314 0.465607562933502 0.415186843055541 0.404984577335393 -0.479330262177247 0.00685187959782333 0.304422126855891 -0.204852751434913 0.0809261175591947
31.8128296025504 15.2060676612528 32.8114042668182 0.111166171664749 -0.846948058595601 0.519923985671669 0.803450065383516 0.384502490926552 0.454561005651058 0.162490323113805 -0.198577997832019 0.136110403367111 0.280965106894252 0.200648644284786 -0.0564067004070782
31.9513195166987 15.4006445404651 33.2897263350213 0.591866606512576 -0.791166749952338 -0.154107027866783 0.641809617599251 0.346919244129534 0.683905942977387 -0.0719232448143813 0.00505096959484108 -0.496681392770118 0.501978923271103 -0.267896644625981 0.00717567184078274
32.1928376290811 15.486997969846 33.7872340896595 0.687941532951875 -0.484343605841586 -0.540506798769656 0.612729726859824 -0.0115427588124215 0.790208170572027 0.180567044417968 0.328948003350903 0.0792585548672211 0.463578484159998 -0.0784663607228324 0.125732901183589
32.528912115591 15.3812603200034 34.1551588788766 0.542987689394626 0.213821497052105 -0.812061955836186 0.820803710553565 0.069068574989278 0.567019127067675 0.51372363230698 -0.336228930276652 -0.486724456286588 0.48793118399314 -0.268473159594486 0.189795349545426
4.31433678443238 25.4190398559072 9.29025340453454 0.970594723736807 -0.210427009750205 -0.116902693694517 0.240375836895328 0.821311849231114 0.517364653221532 0.128135839782365 -0.232852065948745 -0.136690557387939 -0.00355941948711198 -0.0914846926451386 0.263691197308728
4.58297990540394 25.5390655643245 9.70271612503029 0.662575413758008 0.279477177033894 -0.694900155315113 0.347796600077305 0.706884595676946 0.615915233770709 0.278434165900225 -0.718973528445565 0.078322533058895 0.299523240456663 -0.194051634263069 0.267037760469551
4.9835317690801 25.7721154353058 9.96269839664698 0.378856191382248 0.394704274796644 -0.837064157245655 0.581754153415791 0.601864664997439 0.547102295704035 0.293466284454725 -0.0395812034266446 -0.521230766648185 0.739648425213017 0.402546354024359 0.183740733015418
5.41127439169302 25.9612119888807 10.2137251675727 -0.0115845630332473 0.510032806242548 -0.860076867105235 0.531397326919076 0.731760470654016 0.426782594234516 0.327932834160399 0.389832557524415 0.0334798950329492 0.506445314222201 0.26928108706738 0.0252419545185198
5.76020231233416 26.249028415159 10.3446644781355 -0.629502741111976 0.546796146894067 -0.552032747010617 0.318217021900582 0.829581591837559 0.458837870147624 0.38619192314253 0.0410782637275438 0.52807375161375 0.540084467022862 -0.405021231673169 -0.268568629494275
6.03950939877373 26.5895517797819 10.2743772117553 -0.897032168918364 0.30806239967709 0.316908086827707 0.417823577845935 0.824845125737921 0.380859372574009 0.0574865852019801 0.583414524861572 -0.0980596005860778 0.332665319542323 -0.167911858016534 0.663150510822867
8.37124318041526 25.8917761362507 12.1809919164962 -0.960877994246578 0.091381331004666 0.261462849043984 0.220670470389792 0.823081453900268 0.523298524314954 9.01926364178131 -5.03520070332272 8.15045420195958 0.129364640452914 0.230260710468167 -0.414202720875258
6.02981562054721 27.4074685744847 10.4249006164524 -0.699100800808751 -0.266973456132265 0.663312244781012 0.0970364245184893 0.883672619248434 0.457937248049308 0.419393922466407 -0.925013483127404 0.595199732891921 0.565966100521432 0.0318531448257409 -0.794614792632884
5.90226110000944 27.8533783137448 10.6020592203113 -0.0808891602615023 -0.589028926666736 0.804053326586985 -0.0391061874787155 0.807951176549111 0.587950250960454 0.163688249622392 -0.389035662506191 0.387140923619705 0.764309125133373 -0.126615931394852 -0.489078435771057
5.63821518842947 28.0818483056206 10.9151582977525 0.635402593083232 -0.397685428912937 0.661898576765752 -0.0492734901977434 0.834552081384635 0.548721089507154 0.413543164449313 -0.521168554819862 0.272813542420609 0.780403497373552 -0.678135512586807 -0.215687980013348
5.56645640083824 28.3439206769072 11.3618992263868 0.92075417742962 -0.301870884550881 0.24715500891542 0.0861184301997557 0.775130430920682 0.625904396060752 0.0118492397870244 -1.59883145617714 -0.808353590427359 0.415966631519319 0.749601132894061 -0.101724359006871
5.66516175733236 28.5689273356505 11.7814669951619 0.91946418382711 -0.190824790368618 -0.343760675479322 0.373645652147895 0.696213998368982 0.6129232229896 -0.184721024970265 -0.068034618640263 -0.298872774251478 0.259117539817171 0.261084565574651 -0.440935929604524
5.98134510419627 28.8054382375082 12.0455796598837 0.535448046724737 0.165405841083685 -0.828212641994429 0.627823906074897 0.577977002283729 0.5213248728506 0.0443484159447262 0.387525779200251 -0.607434258346006 0.535446736697022 0.263396469631443 -0.270797978198555
6.41020046641505 28.813256487766 12.3493453471353 -0.0465193229925989 0.681079894224322 -0.730729779801413 0.475443211389093 0.658446076638327 0.58344014353898 -0.286474695410566 -0.201752760810191 -0.394157228468088 0.687064788528159 -0.405692861125559 -0.254399005961097
6.84499791431796 29.1113466102743 12.4755216621893 -0.58278369010148 0.585880037660808 -0.563123106977433 0.343053235633247 0.805566656827107 0.483090799395408 -0.181098467793354 -0.0157440548955558 -0.0561581559582051 0.575184305015102 0.0776402629365527 -0.0437702840144027
7.12880951833004 29.5055889650293 12.3905203617003 -0.937271744439667 0.333992315536389 0.0998533540738036 0.3454862999926 0.851782769462375 0.393833994250261 -0.221089563784489 -0.114800704424119 -0.309182550643204 0.383375483206843 0.0766409725764402 0.181045956725538
7.24283155303804 30.0008693413844 12.4231482946144 -0.897764765449893 -0.0463607866290851 0.438028519840687 0.228035116146929 0.801890037641032 0.552242912579017 -0.312769347984878 -0.220047280606508 0.221728856894185 0.404601195326816 -0.00555533428228983 -0.190249309815685
7.15509261101754 30.5241048657052 12.5703250321181 -0.54553654784149 -0.51099622077061 0.664283537452239 0.147853278465445 0.721506350750138 0.676437636003888 0.327199197243978 -0.425288758009132 0.262184170273446 0.262142642476648 0.162999617109507 0.250238254748771
7.59610658864174 30.5430780682705 12.9307717255482 0.174891572689657 -0.825589651304923 0.536483504612747 0.246865964169117 0.564245542022344 0.787835037042931 1.905371286932 -1.28509170068885 1.38245520291457 0.217062259901046 0.814400449415455 0.763285865325604
8.22363652519634 29.6199395693429 14.4173808311676 0.769529963712384 -0.48824732089986 0.411628562277441 0.242955440976032 0.819930677985604 0.51834951317883 5.652740061011 -6.74184464728723 5.5169472879585 0.0797695725368049 -0.131620550602501 0.431278524821582
6.99432837898015 31.4748032627237 13.4876514791987 0.892412515063343 -0.404040469016073 0.200875800242502 0.178154503554047 0.724522162124664 0.665829176788596 0.529246347794371 -0.28001147195178 0.0880723286711081 0.229877920514851 -0.363909887278854 -0.475602649133353
6.94059916061305 31.7928934023632 13.9154284746846 0.874275358812906 -0.159347506025014 -0.458531189385354 0.422216041691822 0.715719065261437 0.556309010542643 0.341686887931837 -0.654906121154612 -0.453405763660153 0.370533602925167 0.422631908715248 -0.348386409519909
7.32166203064182 31.9427071288068 14.3092668202663 0.602573746221595 0.207682528518529 -0.770566500871176 0.504005739545743 0.649601431004906 0.569206537181912 0.161705887708977 0.574664426306936 -0.391781410847089 0.627038000770818 -0.107748931425832 -0.512631108728516
7.79830684387073 32.0289889463404 14.577038293896 0.0675840251890829 0.570067282448618 -0.818813517534447 0.4017176514968 0.735677908148896 0.545344685305816 0.0783193372028539 0.426958376705849 -0.0399351325101816 0.598181949928899 -0.185994233058979 -0.354313936327691
8.22808791379463 32.2489759257026 14.773940836266 -0.593572999125831 0.634053514011596 -0.495628002559209 0.407524824161331 0.767868022321107 0.494269258830434 0.361036719516568 0.0139567538798979 0.193392630995215 0.400785619899884 0.0406720348592326 0.0137805089087487
8.46839670871614 32.7917237282451 14.8304746916594 -0.891920837958848 0.384762192994961 0.237560853685503 0.442295098379475 0.851620105106572 0.281279458956915 0.476016676724785 1.86098077592688 1.19350112692779 0.369490077295351 -0.811917628873616 0.700527539619154
