t = 0
b =  30.0 30.0 30.0
E = 0. 0. 0.
21.01627934744238 12.585895433065682 23.273443238934235 0.024248568893552504 -0.3678112799776162 0.9295842453634001 0.8067781522363912 0.5563089542250772 0.19907124484223052 0.0 0.0 0.0 0.0 0.0 0.0
21.125793928789108 13.022960777120927 23.566130006002176 0.3658111934363656 -0.7348725761808151 0.5710905948569225 0.8067781522363912 0.5563089542250772 0.19907124484223052 0.0 0.0 0.0 0.0 0.0 0.0
21.318695183189917 13.292511894312955 23.98899689213714 0.5683960295557033 -0.8227434942786551 -0.004369920761266077 0.8067781522363912 0.5563089542250772 0.19907124484223052 0.0 0.0 0.0 0.0 0.0 0.0
21.64116233041256 13.374518606096503 24.410867654697075 0.5550377109719925 -0.5980404033623613 -0.5781702304210705 0.8067781522363912 0.5563089542250772 0.19907124484223052 0.0 0.0 0.0 0.0 0.0 0.0
22.09015034131555 13.320201989116233 24.700944495040375 0.3308112862543615 -0.1461317645063705 -0.9323140030531495 0.8067781522363912 0.5563089542250772 0.19907124484223052 0.0 0.0 0.0 0.0 0.0 0.0
22.614546795329215 13.232574631818695 24.77850032905241 -0.0190958769810588 0.361294774878403 -0.9322560984664496 0.8067781522363912 0.5563089542250772 0.19907124484223052 0.0 0.0 0.0 0.0 0.0 0.0
23.134590343584193 13.227304429822842 24.64354835608553 -0.36174819728533747 0.7314593887603626 -0.5780185155815714 0.8067781522363912 0.5563089542250772 0.19907124484223052 0.0 0.0 0.0 0.0 0.0 0.0
23.57217337888556 13.388770418510319 24.376837044304462 -0.5669663293335896 0.8237303515034438 -0.004182034673030466 0.8067781522363912 0.5563089542250772 0.19907124484223052 0.0 0.0 0.0 0.0 0.0 0.0
23.88051642157571 13.738005766741718 24.109172437588082 -0.5567844736964873 0.6030523816733209 0.5712432711276856 0.8067781522363912 0.5563089542250772 0.19907124484223052 0.0 0.0 0.0 0.0 0.0 0.0
24.0619404259675 14.22470692435062 23.971722752499456 -0.335070887562114 0.15326472954735854 0.9296437075488165 0.8067781522363912 0.5563089542250772 0.19907124484223052 0.0 0.0 0.0 0.0 0.0 0.0
24.166985010996484 14.746344781882325 24.046185379797866 0.013941730843599787 -0.35475075578327364 0.9348569566582248 0.8067781522363912 0.5563089542250772 0.19907124484223052 0.0 0.0 0.0 0.0 0.0 0.0
24.275207614009943 15.187117193470982 24.33374867978183 0.35765765260852056 -0.7279904978754963 0.5849024179583693 0.8067781522363912 0.5563089542250772 0.19907124484223052 0.0 0.0 0.0 0.0 0.0 0.0
24.46495829018923 15.461944148162667 24.75464050434339 0.5654934524303974 -0.8246544784727641 0.012733671629195364 0.8067781522363912 0.5563089542250772 0.19907124484223052 0.0 0.0 0.0 0.0 0.0 0.0
24.783613216643303 15.548791088538696 25.178434969753486 0.558488835127631 -0.6080184352106042 -0.5642728094475462 0.8067781522363912 0.5563089542250772 0.19907124484223052 0.0 0.0 0.0 0.0 0.0 0.0
25.229575690637596 15.497040207477141 25.473603430495146 0.33930497192449843 -0.1603860228858035 -0.9269026160768921 0.8067781522363912 0.5563089542250772 0.19907124484223052 0.0 0.0 0.0 0.0 0.0 0.0
25.752882743658326 15.408729327452212 25.557484410737043 -0.008786522989360057 0.34817972104461753 -0.9373866218733048 0.8067781522363912 0.5563089542250772 0.19907124484223052 0.0 0.0 0.0 0.0 0.0 0.0
26.27418690848716 15.399786025794896 25.427688081028013 -0.3535398709167302 0.7244661676956866 -0.5917417777514978 0.8067781522363912 0.5563089542250772 0.19907124484223052 0.0 0.0 0.0 0.0 0.0 0.0
26.71490164861638 15.555984809859169 25.163004194461344 -0.5639775110114061 0.8255158048107687 -0.021284338866965236 0.8067781522363912 0.5563089542250772 0.19907124484223052 0.0 0.0 0.0 0.0 0.0 0.0
27.02705769736497 15.900359947604949 24.89346854218024 -0.5601506654717027 0.6129381857900066 0.5572593762082962 0.8067781522363912 0.5563089542250772 0.19907124484223052 0.0 0.0 0.0 0.0 0.0 0.0
27.21152738429412 16.384454364087688 24.750960182240007 -0.3435132168995986 0.1674951022076454 0.9240909373821036 0.8067781522363912 0.5563089542250772 0.19907124484223052 0.0 0.0 0.0 0.0 0.0 0.0
27.31769322262235 16.906729294388903 24.81909838055259 0.003630646007375782 -0.34158217107217176 0.9398449014678889 0.8067781522363912 0.5563089542250772 0.19907124484223052 0.0 0.0 0.0 0.0 0.0 0.0
27.424686666822197 17.351140558046318 25.101474253727037 0.3493951657949838 -0.7208866666123224 0.598536074117229 0.8067781522363912 0.5563089542250772 0.19907124484223052 0.0 0.0 0.0 0.0 0.0 0.0
27.611324750058746 17.63122568336672 25.520286443829473 0.5624186205214232 -0.8263142649241229 0.02983338521992457 0.8067781522363912 0.5563089542250772 0.19907124484223052 0.0 0.0 0.0 0.0 0.0 0.0
27.92616617553968 17.722952445997652 25.945899155031498 0.5617698381738868 -0.6178112587534748 -0.5502035055100307 0.8067781522363912 0.5563089542250772 0.19907124484223052 0.0 0.0 0.0 0.0 0.0 0.0
28.369063053308466 17.673849112756272 26.246092959840336 0.347695302013266 -0.17459142612897094 -0.9212088855846703 0.8067781522363912 0.5563089542250772 0.19907124484223052 0.0 0.0 0.0 0.0 0.0 0.0
28.89121708611142 17.58494765843527 26.336297170194268 0.0015255074623581333 0.3349586082949094 -0.942231608234469 0.8067781522363912 0.5563089542250772 0.19907124484223052 0.0 0.0 0.0 0.0 0.0 0.0
-0.1238316618085683 4.585349655979889 13.977333070564725 0.47948962587081306 -0.35347324189518153 0.8032100384995061 0.4923099270288961 0.8660380557114079 0.08722970714388209 0.0 0.0 0.0 0.0 0.0 0.0
-0.13287764886918502 5.007017654278084 14.31019846595399 0.8143731422514712 -0.49367079698286986 0.30509921236503235 0.4923099270288961 0.8660380557114079 0.08722970714388209 0.0 0.0 0.0 0.0 0.0 0.0
0.043712747470708746 5.316153378870661 14.712611236401823 0.8398626862979454 -0.4463145625611934 -0.30892390553372395 0.4923099270288961 0.8660380557114079 0.08722970714388209 0.0 0.0 0.0 0.0 0.0 0.0
0.41174986957853615 5.523551684884106 15.04460479286294 0.5462743540645301 -0.2293959638409642 -0.8055816667879521 0.4923099270288961 0.8660380557114079 0.08722970714388209 0.0 0.0 0.0 0.0 0.0 0.0
0.9043102478839202 5.67865917372205 15.19296598303208 0.04514726150185361 0.07467399683843498 -0.9961854842222185 0.4923099270288961 0.8660380557114079 0.08722970714388209 0.0 0.0 0.0 0.0 0.0 0.0
1.4071619458692124 5.850788602488935 15.114246660727744 -0.4731320305273363 0.35037405763626417 -0.8083217808673591 0.4923099270288961 0.8660380557114079 0.08722970714388209 0.0 0.0 0.0 0.0 0.0 0.0
1.8021631826086777 6.102785808718542 14.851270363040813 -0.8116605538134816 0.4929611559962235 -0.31336311854150706 0.4923099270288961 0.8660380557114079 0.08722970714388209 0.0 0.0 0.0 0.0 0.0 0.0
2.0121463705674243 6.467153525968532 14.516862932622361 -0.8418256624650956 0.4482640693222093 0.3006474316702134 0.4923099270288961 0.8660380557114079 0.08722970714388209 0.0 0.0 0.0 0.0 0.0 0.0
2.03023537227917 6.93370305192517 14.250988093713019 -0.5521671273717084 0.2332639681371173 0.8004369960334171 0.4923099270288961 0.8660380557114079 0.08722970714388209 0.0 0.0 0.0 0.0 0.0 0.0
1.9224578599325715 7.453425106758326 14.16757289323528 -0.052731068847747364 -0.07035701450883666 0.996127163010615 0.4923099270288961 0.8660380557114079 0.08722970714388209 0.0 0.0 0.0 0.0 0.0 0.0
1.8026602987829436 7.957109277920405 14.311224910908997 0.46673840434792924 -0.34724819103633076 0.8133719664020538 0.4923099270288961 0.8660380557114079 0.08722970714388209 0.0 0.0 0.0 0.0 0.0 0.0
1.789255771590371 8.381638213009573 14.640285093916846 0.8088861542818468 -0.4922139741089725 0.32160316090327007 0.4923099270288961 0.8660380557114079 0.08722970714388209 0.0 0.0 0.0 0.0 0.0 0.0
1.9602368687179847 8.693966957213068 15.042654727571856 0.8437245303487877 -0.4501794390388227 -0.2923480623407774 0.4923099270288961 0.8660380557114079 0.08722970714388209 0.0 0.0 0.0 0.0 0.0 0.0
2.3235449990864345 8.903677284122745 15.378383611217538 0.5580178510143347 -0.2371142084789799 -0.7952313689026164 0.4923099270288961 0.8660380557114079 0.08722970714388209 0.0 0.0 0.0 0.0 0.0 0.0
2.814053316151659 9.05933741974883 15.53283947929988 0.060310860518591136 0.06603467422018386 -0.9959929828588852 0.4923099270288961 0.8660380557114079 0.08722970714388209 0.0 0.0 0.0 0.0 0.0 0.0
3.31830949576978 9.23005016144119 15.460258715600576 -0.4603092342319804 0.34409588014222264 -0.8183602105124096 0.4923099270288961 0.8660380557114079 0.08722970714388209 0.0 0.0 0.0 0.0 0.0 0.0
3.71763817096107 9.479199569838963 15.201132716165226 -0.8060501549378343 0.4914293082219081 -0.3298187119391932 0.4923099270288961 0.8660380557114079 0.08722970714388209 0.0 0.0 0.0 0.0 0.0 0.0
3.9332276879718773 9.840370304508763 14.866824530965577 -0.8455591453428823 0.4520605258482115 0.2840264295745225 0.4923099270288961 0.8660380557114079 0.08722970714388209 0.0 0.0 0.0 0.0 0.0 0.0
3.956071971196218 10.30458825026977 14.597260179324342 -0.563826079437153 0.24094639165584064 0.7899651818242104 0.4923099270288961 0.8660380557114079 0.08722970714388209 0.0 0.0 0.0 0.0 0.0 0.0
3.8503920818720463 10.823729933590114 14.50776841573623 -0.06788605928390401 -0.061707305135426826 0.9957829539853672 0.4923099270288961 0.8660380557114079 0.08722970714388209 0.0 0.0 0.0 0.0 0.0 0.0
3.729237563198071 11.328805434763215 14.645265407841435 0.4538450097856846 -0.34091736501462155 0.8232861333243245 0.4923099270288961 0.8660380557114079 0.08722970714388209 0.0 0.0 0.0 0.0 0.0 0.0
3.7115370287849965 11.756168811854252 14.970430499942655 0.8031527717537725 -0.4906072180903779 0.33800914600325715 0.4923099270288961 0.8660380557114079 0.08722970714388209 0.0 0.0 0.0 0.0 0.0 0.0
3.8769151939644324 12.07169825814461 15.372644787510792 0.8473293677343431 -0.4539071864983347 -0.2756831670960025 0.4923099270288961 0.8660380557114079 0.08722970714388209 0.0 0.0 0.0 0.0 0.0 0.0
4.235442115180168 12.283759546990462 15.71201708846501 0.5695913703210802 -0.2447602258321161 -0.7846388358387338 0.4923099270288961 0.8660380557114079 0.08722970714388209 0.0 0.0 0.0 0.0 0.0 0.0
4.723807407182813 12.440027734656491 15.872530942101093 0.07545608826297029 0.05737523680047296 -0.9954970923845726 0.4923099270288961 0.8660380557114079 0.08722970714388209 0.0 0.0 0.0 0.0 0.0 0.0
5.22937291687923 12.609374609356504 15.806121202204753 -0.44734622328476176 0.33771288770975816 -0.8281493597097048 0.4923099270288961 0.8660380557114079 0.08722970714388209 0.0 0.0 0.0 0.0 0.0 0.0
