mysystem:

<base.System object at 0x10c593e50>
mystdout :  NULL pointer!
#id1 id2 FENE BEXC STCK NEXC HB CRSTCK CXSTCK total, t = 100
0 1 1.75771 0 0 0 0 0 0 1.75771
1 2 0.0039309 0 -1.11527 0 0 0 0 -1.11134
2 3 4.13286e-05 0 -1.20006 0 0 0 0 -1.20002
3 4 0.0435593 0 -1.05163 0 0 0 0 -1.00807
4 5 0.0644211 0 -1.26713 0 0 0 0 -1.20271
5 6 0.0113478 0 -1.40083 0 0 0 0 -1.38949
6 7 0.259872 0 -1.22059 0 0 0 0 -0.960714
7 8 0.182812 0 -1.26687 0 0 0 0 -1.08406
8 9 0.0175057 0 -0 0 0 0 0 0.0175057
9 10 0.0794843 0 -0.462662 0 0 0 0 -0.383178
10 11 0.00300407 0 -1.13423 0 0 0 0 -1.13123
9 12 0 0 0 0 0 -0.00037073 0 -0.00037073
8 12 0 0 0 0 0 -0.00217285 0 -0.00217285
11 12 0.351393 0 0 0 0 0 0 0.351393
10 13 0 0 0 0 -0 -0.0156697 0 -0.0156697
12 13 0.000201097 0 -0.335574 0 0 0 0 -0.335373
13 14 1.56599 0 0 0 0 0 0 1.56599
14 15 0.0226386 0 -1.13526 0 0 0 0 -1.11262
15 16 0.0129339 0 -1.20513 0 0 0 0 -1.1922
16 17 0.0255373 0 -1.24295 0 0 0 0 -1.21741
17 18 0.0998984 0 -1.11093 0 0 0 0 -1.01104
18 19 0.02436 0 -1.42057 0 0 0 0 -1.39621
19 20 0.732896 0 -1.30452 0 0 0 0 -0.571627
20 21 0.6562 0 -1.28927 0 0 0 0 -0.633068
21 22 0.0872057 0 -1.39958 0 0 0 0 -1.31238
22 23 0.0280392 0 -1.11715 0 0 0 0 -1.08911
23 24 0.218732 0 -1.29334 0 0 0 0 -1.07461
24 25 0.0931468 0 -0.953624 0 0 0 0 -0.860477
26 27 0.00154502 0 -1.37685 0 0 0 0 -1.37531
27 28 0.0575902 0 -1.2721 0 0 0 0 -1.21451
28 29 0.0429331 0 -1.14375 0 0 0 0 -1.10081
29 30 0.00344787 0 -1.38028 0 0 0 0 -1.37684
30 31 0.0666226 0 -1.03196 0 0 0 0 -0.965342
31 32 1.95887 0 0 0 0 0 0 1.95887
32 33 1.93371 0 0 0 0 0 0 1.93371
33 34 0.0991748 0 -1.23027 0 0 0 0 -1.1311
34 35 0.094711 0 -1.23647 0 0 0 0 -1.14176
35 36 0.0445731 0 -1.24936 0 0 0 0 -1.20479
36 37 0.00218611 0 -1.07046 0 0 0 0 -1.06827
37 38 0.0150121 0 -1.07771 0 0 0 0 -1.0627
38 39 1.42241 0 0 0 0 0 0 1.42241
39 40 0.21872 0 0 0 0 0 0 0.21872
40 41 0.883971 0 -0.632353 0 0 0 0 0.251618
41 42 0.419836 1.30949 -0.0147359 0 0 0 0 1.71459
42 43 0.717078 0 -0.798012 0 0 0 0 -0.0809343
43 44 0.0559607 0 -0.905443 0 0 0 0 -0.849482
44 45 0.665461 0 -1.25718 0 0 0 0 -0.591716
45 46 0.0413011 0 -1.29076 0 0 0 0 -1.24946
46 47 0.00286525 0 -1.34611 0 0 0 0 -1.34324
47 48 0.103946 0 -1.0261 0 0 0 0 -0.922155
48 49 0.0452307 0 -1.09594 0 0 0 0 -1.05071
49 50 0.0999849 0 -1.20581 0 0 0 0 -1.10582
50 51 0.000481361 0 -1.36871 0 0 0 0 -1.36823
#Total energy per particle is  -0.582803 and should be -0.58280310

