t = 100
b = 30 30 30
E = -0.353921516199011 -0.582803476393382 0.228881960194372
19.1424161449475 12.5759711431813 22.7519012446469 0.182358945207676 -0.301957566977469 0.935717224300427 0.677279314419474 0.7284682983078 0.103085173811127 -7.38837521552877 -0.556019648460778 -2.35359649147795 0.357355795098169 -0.205495785287744 0.125221233292547
20.9561186296203 13.0398361277559 23.634189473863 0.327736110213339 -0.686177015870626 0.649422841383609 0.734506978202256 0.617389129951038 0.281655896058695 -0.181558045127515 -0.0614534208929962 0.294995843661068 0.272817025783932 0.037219445091016 -0.268404241436409
21.3100718912174 13.3077053055295 23.9635729137768 0.350486349926049 -0.936255351813141 0.0241891753301474 0.840528293567011 0.325833722208441 0.432833064191971 0.0994662190134555 -0.353731205668606 0.0688031037162297 0.491531023606386 0.180325360596017 -0.308951955642797
21.6885315268033 13.3176841199481 24.3568171200078 0.500368873594393 -0.555510476523903 -0.664107659103951 0.865811422617849 0.322108584036407 0.382905381977308 0.0298240000677954 -0.275653349862624 -0.539502725606378 0.625154379275117 0.00457159852981551 0.127225151119862
22.1997364698223 13.3471140100887 24.5934946708281 0.296914421508091 -0.142219017482803 -0.944253916180776 0.868016564884015 0.45232501469977 0.204815054573952 0.354323103009495 -0.198452140176527 -0.44687975389689 0.655344349252259 -0.0290235436904196 -0.0754389340881216
22.7215484646301 13.3299642910586 24.6754309248154 -0.0458060973837323 0.277721294748808 -0.959568947516056 0.850948331220401 0.513996362476414 0.108141382507658 -0.319322363807907 0.223703953923025 -0.582519982412183 0.305882554384524 0.676951786389311 0.339897345570783
23.1983595317259 13.3698517667159 24.5121332939989 -0.506908188142551 0.757795213088 -0.410841076193408 0.801657515385124 0.589621508700549 0.0984458520447619 0.257068603443764 0.325733983224744 -0.452901828580218 0.356217847627217 -0.288283580726373 -0.0503003112478069
23.5876947502334 13.5721481835962 24.3754163100992 -0.715020286832143 0.687272220300379 0.128073294734681 0.698347266733314 0.710678386945032 0.0851305328443308 -0.230628976861671 -0.0775112605499514 0.269462979924966 0.459223601620838 0.230328273798108 0.389174996068389
23.9000332419098 13.9232094557478 24.2464331652375 -0.615008643930504 0.38244321906679 0.689566123058489 0.628796372396288 0.765543546255967 0.136228068475245 -0.14943748391926 0.693431785660006 0.602855613821057 0.474555491709988 0.0716301775803085 0.23792343888268
23.9497123150194 14.2367880842085 23.6605309933147 -0.524602661974526 0.063403166387359 0.848982901218439 0.733458831157444 0.539960406301032 0.412893186726952 -0.0541016347507691 -0.0924710846813589 -0.822284102965642 0.115378940495967 0.282361703167909 0.0636697891354625
24.266706947811 14.6787482575219 23.8955166803706 0.0417076780493084 -0.43737019500511 0.898313789192132 0.64409060961515 0.699107655583816 0.310476504664122 0.259754487148262 0.145810869040713 -0.462908393545848 0.365287248715974 0.191859344251033 0.117504430433662
24.4253981421575 15.0696247606005 24.2001125167587 0.644962500757841 -0.700069309587141 0.306473863803402 0.681035025378517 0.708465616971938 0.185115223541223 -0.0263906880563413 -0.0868062226544071 -0.301427928631775 0.414597444971175 -0.159105457129231 0.91431622630948
23.4763323341496 15.1172647898043 24.3989695549625 0.383806390918554 -0.908117953678106 0.167374793937397 0.878159404285565 0.414998179197396 0.237933715374929 -4.13307296266934 -1.79429293505883 -1.88685268628131 0.183354391637375 1.16725473382622 -0.55642948687376
23.6126547731584 14.9772528721413 24.7684258670842 0.803066927905276 -0.281402855435175 -0.525257864674402 0.537190806997358 0.723374295638971 0.433769001061161 -4.34347062792906 -1.89254085765332 -1.47007587221769 0.287502385521581 -1.43106205609381 0.508598896464135
25.1556851276042 15.2982656092179 25.171671434132 0.516806745955047 -0.14916126432211 -0.843007465344423 0.808668423878669 0.408277491954671 0.42351476363503 -0.0109378758066451 0.00948445949149104 -1.03176793633463 0.383996804443961 -0.451010497162712 -0.209944935819957
25.6328071482529 15.3885775017514 25.3453257123149 0.0203675654021018 0.245577915844659 -0.969162799328433 0.903635029484966 0.410276300866092 0.122951110168016 -0.500621722121893 -0.247903628064627 -0.863182125832111 0.0889515153151004 0.0327676242409672 -0.223507362004939
26.1525974860242 15.464531185648 25.227212180312 -0.44666448521123 0.746009576527559 -0.493923508412836 0.764292376131809 0.605146437837653 0.222833645930362 -0.719198632700633 0.133102198895459 -0.250939864706336 0.469464755851889 0.0851891768436321 0.132828266509308
26.5089035944408 15.7347187002683 24.977721900401 -0.549319281189918 0.804231567732255 0.226847527162524 0.834323489923174 0.542947352671202 0.0954587266684968 -0.519279303759133 -0.0792511468574817 -0.473843207353629 0.323258202281929 0.011194797996394 0.458501084763494
26.9510129962849 16.0673722457933 24.9439732984742 -0.677183982829591 0.539351635134158 0.500521276222371 0.713885390384979 0.646410196681392 0.269297953626529 -0.232492502477764 0.439410636613485 0.483843427451461 0.277356906776467 0.274847601591317 0.166852917388044
27.1043648093273 16.5145054378744 24.8755517419189 -0.334939966078625 -0.018146369971828 0.942064653972323 0.724663461101196 0.634065300940612 0.269859118495734 -0.446935328774447 -0.0456344501129471 0.558276675267784 0.440575702329173 0.0145899032264774 0.0300204470134065
27.2307072548799 16.8483675121433 25.0230169205389 0.155080524179447 -0.335792114461523 0.929082110796099 0.739325985566401 0.663228031244437 0.11629938766158 0.102978432120871 -0.537392659428587 0.259489443688706 0.370999743251429 -0.104253380451017 0.497269396017662
27.4601177728459 17.1605544394303 25.1318973943008 0.395639839493392 -0.675471743165834 0.622259529784965 0.785682387587548 0.599784924409059 0.151529241687667 0.038260055514084 -0.212508616961411 -0.243365964574364 0.0812325202526208 0.152043242706577 0.0767441344083738
27.6727649554856 17.4730093424889 25.4445747189493 0.610093374776545 -0.792313554174987 -0.00501866164445716 0.772723329065521 0.59358438448807 0.224846872548677 -0.0986938851328115 -0.0533829384304688 -0.161739116805076 0.0257421089802311 -0.0801138296501154 0.0105628544271741
28.1345759232152 17.5968899662147 25.7303855151938 0.461660843172605 -0.753173656365393 -0.46861347807585 0.885492890046283 0.422644041788918 0.193065370395916 0.512681238749375 0.134793990752414 -0.0380687930528257 0.479613431191032 0.26464392865083 -0.315104077526285
28.5493378411799 17.6243489945155 26.0119474907515 0.372417153526355 -0.353351454715279 -0.858165542178486 0.912512350418621 0.307994863677441 0.2691844425905 0.308149983345149 -0.0607423978178413 -0.260334476635618 0.348369808358375 -0.074491217016038 -0.26036428761355
29.0302084186227 17.6703154244725 26.1852835775788 0.0558253214249541 0.29695432090423 -0.953258383683255 0.758249265866851 0.608534837534843 0.233972827120895 0.694741630456835 0.0723293237576446 -0.610046926695598 0.142546707737057 -0.1060844493478 0.0851595735202851
-0.0703161062212522 4.55582666680645 14.2104758867922 0.377207397993536 -0.204299595705919 0.903313975874368 0.374171866191802 0.925835200205374 0.0531458211127519 0.575786340228561 -0.187265279053742 0.731147388312665 0.16749739361707 -0.260924116193219 -0.474229988043118
-0.0333258165656347 5.01849688518347 14.435340124503 0.772230753324049 -0.516178625351827 0.370431062113586 0.496736027132509 0.854035162560278 0.154522301629602 0.128905804829787 -0.0172445789012465 0.136019782991262 0.108885095282132 0.413101755206199 0.078469236407834
0.254832905187524 5.32210709814253 14.7287737450941 0.80880573237667 -0.504143781788898 -0.302774198645485 0.555899074556595 0.823402365575822 0.113950183648361 -0.0205413981579118 0.188962933691369 0.208935442547733 0.490947313976311 -0.0971987359300944 -0.359331364909194
0.64132147551933 5.4453793022294 15.0124700877018 0.553426634093017 0.0175172934116829 -0.83271362882847 0.45156378190726 0.83377897094239 0.317651792127341 0.963083376512147 -0.483727391535976 -0.160887647538951 0.37404031649304 -0.143843201298695 0.405870905835081
1.0578621084307 5.71022117063761 15.1800000497666 -0.115056094985505 0.25470878441961 -0.960148643254489 0.411544710667348 0.89193639458498 0.187297359148413 0.513666664571557 0.415167422251071 -0.187711704019421 0.170268638589941 -0.319199998820356 0.553446645448951
1.40146804319031 6.09673893557175 15.1825129494308 -0.699812376532636 0.339580037412819 -0.628448824566654 0.489303064992087 0.868849411832074 -0.0753862848055941 -0.0825139516697902 0.577240008261467 0.0386240556210933 0.122659608713265 0.293076836317213 0.664375435989464
3.79358552663986 6.83499312539082 15.7564801236859 -0.877591926374429 0.420681410801357 -0.229911816146698 0.476338959614099 0.819338257203294 -0.31903904795339 8.37337771541698 3.48616703084098 3.87938699103799 0.863434152256772 0.185121703929938 0.201310924123912
1.87347186312081 6.47233730246932 14.503720698382 -0.720815867567426 0.554082202560445 0.416434004603423 0.563510386076423 0.818291954939223 -0.113376387622659 -0.400695034791245 -0.0507179509086137 0.670473520049199 0.374573802659341 -0.320288373071845 -0.00756346617148821
1.9583982231719 6.95915544732754 14.4013280182339 -0.463587202585609 0.232030483248604 0.855130774943105 0.394768310297096 0.918109720888081 -0.0351056332337467 -0.103368498698336 0.0218408951815147 -0.00608987648172765 0.422918851963877 0.163856479296265 0.116547649582376
1.90830714802659 7.45321972062117 14.2733320319711 -0.0413183820091374 -0.0672632222730991 0.996879296122002 0.365985726190116 0.927367494644913 0.0777422744428205 0.484479078545266 0.275814619879112 0.00725580303428616 0.340927564041207 -0.245841495686855 0.210029578332602
1.91309973133577 7.93035254760278 14.4646464435375 0.546986703912972 -0.362338737680435 0.754662882920433 0.486089592386298 0.871407825411875 0.0660695904271713 0.2603294906601 -0.210190502236897 0.406376073924048 0.359473796812356 -0.0181247661503991 0.123031909525165
2.11505481068129 8.36187625209372 14.7464589035787 0.818360285091083 -0.558340513467709 0.136169745608593 0.501623325825938 0.809583535636111 0.304874438488121 1.05061644198327 0.0239341462287585 0.540121994894908 0.32777138390786 0.601614676288803 0.575952679410577
2.42163100975425 8.70727322616174 15.0395974569189 0.71867226391124 -0.471642766215936 -0.510943407112555 0.673871828328666 0.653620288523235 0.344495531454291 0.882859040678371 -0.0138078231326843 0.221517545564269 0.678334570525662 0.460618118132519 0.587634563990895
3.65176847626485 8.60083309095599 15.9379192473825 0.744738388760417 -0.230328875160337 -0.626349126523509 0.530802869020008 0.773307241469641 0.346762326687686 3.9927043029021 -1.30259579341946 2.55742720759673 0.475540742139593 -0.587869904682193 -0.470270672390609
3.06756039180285 9.02090385572616 15.4672025375976 0.352652988722889 -0.0045452998989849 -0.935743074038483 0.531314588986633 0.824134254826743 0.196233072457878 0.635418927056428 0.534259259409114 -0.171115276155872 0.0817841953250411 0.180725086419094 -0.572239900782335
3.76417624229807 9.34469201057323 15.4478131440326 -0.579455754395721 0.370463308232337 -0.72593928770051 0.543083544616186 0.839663721379328 -0.00499805328423914 1.00943830631105 0.763566086869801 0.0709467963049794 0.0614429463227905 1.30189688089418 0.77106148702595
3.69830883676373 9.64512002414989 15.1266570362444 -0.832740626295687 0.529027395151199 -0.163318549715562 0.53574390337556 0.844373467877913 0.00343491004375911 1.3573944646318 0.621884032041471 -0.666199410896614 0.344086502144761 0.18643882612363 0.324239839517148
3.75119094891951 10.008150284234 14.9757992164037 -0.863566479010287 0.458648419864925 0.209510011143834 0.486333256907861 0.867337324904719 0.105857493238809 -0.0626549409694158 0.81724832816732 0.310608340687216 0.532900654233051 0.128631320157225 -0.00311719170058298
3.6607817713051 10.4143233525307 14.7609499026436 -0.495303115760411 0.308164895644839 0.812224785083966 0.479849542985906 0.876442411733801 -0.0399123635788056 -0.355500445149066 0.357860330546582 0.558201376046095 0.471075258091454 -0.222568011143243 0.0972255366220783
3.74090072127758 10.8168050448853 14.6804785995021 -0.260623889812438 0.068308481212187 0.963020782070051 0.345527892481651 0.938020616244545 0.0269756009329194 -0.149518019015781 0.148406799718649 0.325660057951719 0.368330471477367 0.259461666168326 -0.371073084549008
3.64663035987148 11.295264448842 14.6828149302894 0.325169690612605 -0.285559121460494 0.901510146525454 0.339647849943365 0.924973022449382 0.17048205328814 0.272367108661547 -0.404578138288365 -0.258767595636166 0.243323077846964 -0.141737328398181 -0.20469255914518
3.68635140749158 11.7278659489778 14.9321882779981 0.80170386185367 -0.523828789272777 0.287878791339335 0.50054071089544 0.851604691420761 0.155654513284545 -0.339202999283389 -0.357023281411261 0.19032589516544 0.402443283607917 0.416844981191053 0.0178261677583732
3.92696003186171 11.9642422043748 15.2450609709032 0.776169901575694 -0.496461653130616 -0.388697817312512 0.624522087410735 0.690177680263101 0.365550031796166 -0.153662337419884 -0.356774088218007 -0.195619771654543 0.670163712061357 0.14122108162483 -0.0289125298454397
4.29116418246598 12.137908487309 15.6110657463511 0.551976656619313 -0.267347943064585 -0.789839685429971 0.63548433217839 0.748150025344556 0.190869298585965 -0.341799620474915 -0.323286102901326 -0.222537920057573 0.636711868040016 0.194845568978989 0.301403022022601
4.68540682018083 12.3404462247349 15.7503830140042 -0.0409472882230106 0.0189759177825022 -0.998981038720798 0.589369555535603 0.807815411968433 -0.00881302528043713 0.162344375864027 0.0376140713330905 -0.021066356978839 0.163883397340601 -0.484415086162943 -0.118432932265692
5.11060417516053 12.5920237092622 15.6234655906575 -0.690811514073889 0.327974644868854 -0.644369439436431 0.438930737505362 0.89842265961467 -0.0132820614510031 0.0787949456727183 -0.0595222056507196 -0.648811163324262 0.198874407221358 0.0870758916682748 0.852555410278712
