        0.0000  -1.017812   0.324993  -0.692819 
        0.5000  -1.014891   0.370219  -0.644672 
        1.0000  -0.978849   0.352278  -0.626572 
        1.5000  -0.885429   0.326091  -0.559338 
        2.0000  -0.932535   0.401111  -0.531425 
        2.5000  -0.930523   0.422361  -0.508161 
        3.0000  -0.912149   0.418838  -0.493311 
        3.5000  -0.857871   0.380577  -0.477294 
        4.0000  -0.908945   0.426317  -0.482628 
        4.5000  -0.925995   0.447681  -0.478314 
        5.0000  -0.876108   0.394073  -0.482035 
        5.5000  -0.883175   0.409290  -0.473885 
        6.0000  -0.835327   0.377115  -0.458212 
        6.5000  -0.797051   0.342005  -0.455046 
        7.0000  -0.779540   0.318749  -0.460791 
        7.5000  -0.774256   0.318871  -0.455386 
        8.0000  -0.790189   0.338571  -0.451619 
        8.5000  -0.783561   0.327040  -0.456520 
        9.0000  -0.855852   0.396960  -0.458892 
        9.5000  -0.830935   0.357573  -0.473362 
       10.0000  -0.899024   0.429587  -0.469438 
       10.5000  -0.938199   0.467163  -0.471036 
       11.0000  -0.928561   0.470874  -0.457687 
       11.5000  -0.821964   0.346419  -0.475545 
       12.0000  -0.879790   0.400897  -0.478892 
       12.5000  -0.885179   0.416499  -0.468680 
       13.0000  -0.833353   0.375743  -0.457609 
       13.5000  -0.879252   0.423692  -0.455560 
       14.0000  -0.847070   0.395452  -0.451617 
       14.5000  -0.822740   0.382072  -0.440668 
       15.0000  -0.779715   0.343864  -0.435850 
       15.5000  -0.769868   0.342224  -0.427644 
       16.0000  -0.780588   0.342664  -0.437925 
       16.5000  -0.814163   0.369723  -0.444441 
       17.0000  -0.835035   0.380795  -0.454240 
       17.5000  -0.840904   0.388658  -0.452246 
       18.0000  -0.829604   0.355540  -0.474064 
       18.5000  -0.894018   0.424479  -0.469539 
       19.0000  -0.854045   0.369935  -0.484109 
       19.5000  -0.834134   0.347857  -0.486277 
       20.0000  -0.794634   0.291419  -0.503214 
       20.5000  -0.842874   0.345065  -0.497809 
       21.0000  -0.848947   0.371956  -0.476990 
       21.5000  -0.816161   0.355117  -0.461044 
       22.0000  -0.772266   0.308923  -0.463343 
       22.5000  -0.843791   0.374715  -0.469076 
       23.0000  -0.836672   0.374776  -0.461896 
       23.5000  -0.797257   0.336211  -0.461046 
       24.0000  -0.812083   0.339255  -0.472828 
       24.5000  -0.770799   0.296067  -0.474732 
       25.0000  -0.794272   0.310818  -0.483454 
       25.5000  -0.798945   0.334006  -0.464939 
       26.0000  -0.847138   0.383802  -0.463335 
       26.5000  -0.840544   0.389472  -0.451072 
       27.0000  -0.786095   0.338841  -0.447255 
       27.5000  -0.807412   0.351086  -0.456325 
       28.0000  -0.845280   0.373845  -0.471435 
       28.5000  -0.760896   0.302146  -0.458749 
       29.0000  -0.736445   0.293807  -0.442639 
       29.5000  -0.808878   0.367611  -0.441266 
       30.0000  -0.781503   0.340950  -0.440553 
       30.5000  -0.867733   0.417941  -0.449792 
       31.0000  -0.799022   0.346700  -0.452322 
       31.5000  -0.810485   0.349549  -0.460936 
       32.0000  -0.865287   0.395911  -0.469377 
       32.5000  -0.797843   0.331763  -0.466080 
       33.0000  -0.791309   0.322292  -0.469017 
       33.5000  -0.792114   0.331662  -0.460452 
       34.0000  -0.823219   0.372662  -0.450557 
       34.5000  -0.817361   0.363104  -0.454257 
       35.0000  -0.777996   0.331191  -0.446806 
       35.5000  -0.800200   0.350419  -0.449781 
       36.0000  -0.804949   0.358650  -0.446299 
       36.5000  -0.734842   0.286549  -0.448293 
       37.0000  -0.829518   0.393694  -0.435824 
       37.5000  -0.777908   0.347217  -0.430691 
       38.0000  -0.780714   0.358084  -0.422630 
       38.5000  -0.738547   0.311926  -0.426620 
       39.0000  -0.771583   0.341603  -0.429979 
       39.5000  -0.819988   0.378652  -0.441336 
       40.0000  -0.791443   0.356891  -0.434551 
       40.5000  -0.801337   0.345205  -0.456131 
       41.0000  -0.814912   0.347674  -0.467238 
       41.5000  -0.809016   0.328013  -0.481002 
       42.0000  -0.765109   0.274871  -0.490238 
       42.5000  -0.802492   0.304436  -0.498055 
       43.0000  -0.841175   0.331690  -0.509484 
       43.5000  -0.833823   0.342255  -0.491568 
       44.0000  -0.823077   0.330474  -0.492603 
       44.5000  -0.801741   0.316311  -0.485429 
       45.0000  -0.815917   0.331943  -0.483974 
       45.5000  -0.808084   0.313979  -0.494105 
       46.0000  -0.790884   0.300670  -0.490214 
       46.5000  -0.800021   0.313181  -0.486840 
       47.0000  -0.824177   0.345162  -0.479015 
       47.5000  -0.866178   0.373796  -0.492382 
       48.0000  -0.845015   0.348350  -0.496665 
       48.5000  -0.843560   0.357832  -0.485728 
       49.0000  -0.814288   0.319949  -0.494340 
       49.5000  -0.831585   0.331673  -0.499912 
       50.0000  -0.800997   0.297754  -0.503243 
       50.5000  -0.871368   0.364365  -0.507002 
       51.0000  -0.839990   0.328806  -0.511184 
       51.5000  -0.792379   0.288261  -0.504118 
       52.0000  -0.797183   0.308014  -0.489169 
       52.5000  -0.836317   0.337259  -0.499059 
       53.0000  -0.799658   0.282768  -0.516890 
       53.5000  -0.830355   0.313204  -0.517151 
       54.0000  -0.841791   0.323104  -0.518687 
       54.5000  -0.862154   0.335544  -0.526610 
       55.0000  -0.894409   0.363858  -0.530551 
       55.5000  -0.856321   0.316751  -0.539571 
       56.0000  -0.814386   0.278214  -0.536171 
       56.5000  -0.851336   0.301194  -0.550143 
       57.0000  -0.905182   0.342463  -0.562719 
       57.5000  -0.919780   0.352846  -0.566933 
       58.0000  -0.840346   0.280058  -0.560288 
       58.5000  -0.860176   0.301335  -0.558841 
       59.0000  -0.841359   0.280892  -0.560466 
       59.5000  -0.822248   0.259991  -0.562257 
       60.0000  -0.849280   0.267213  -0.582067 
       60.5000  -0.874112   0.286672  -0.587440 
       61.0000  -0.867838   0.280269  -0.587569 
       61.5000  -0.881122   0.289326  -0.591796 
       62.0000  -0.856754   0.259973  -0.596780 
       62.5000  -0.875069   0.257633  -0.617436 
       63.0000  -0.894195   0.280759  -0.613436 
       63.5000  -0.919359   0.305544  -0.613815 
       64.0000  -0.892351   0.278611  -0.613739 
       64.5000  -0.898900   0.302624  -0.596276 
       65.0000  -0.897534   0.288328  -0.609207 
       65.5000  -0.860867   0.251485  -0.609382 
       66.0000  -0.835907   0.233739  -0.602168 
       66.5000  -0.853889   0.253873  -0.600016 
       67.0000  -0.900059   0.302682  -0.597376 
       67.5000  -0.855798   0.260773  -0.595025 
       68.0000  -0.901680   0.295291  -0.606389 
       68.5000  -0.866230   0.241949  -0.624281 
       69.0000  -0.915746   0.293721  -0.622025 
       69.5000  -0.919801   0.307375  -0.612425 
       70.0000  -0.831703   0.229657  -0.602046 
       70.5000  -0.908486   0.319941  -0.588545 
       71.0000  -0.882525   0.295656  -0.586869 
       71.5000  -0.840074   0.254986  -0.585088 
       72.0000  -0.834133   0.246310  -0.587824 
       72.5000  -0.838492   0.254620  -0.583873 
       73.0000  -0.879576   0.297533  -0.582043 
       73.5000  -0.873007   0.299263  -0.573744 
       74.0000  -0.846509   0.272274  -0.574235 
       74.5000  -0.828331   0.252219  -0.576112 
       75.0000  -0.848316   0.278203  -0.570113 
       75.5000  -0.814006   0.249271  -0.564735 
       76.0000  -0.855168   0.301273  -0.553894 
       76.5000  -0.858462   0.299997  -0.558465 
       77.0000  -0.853418   0.295397  -0.558021 
       77.5000  -0.871200   0.308877  -0.562323 
       78.0000  -0.881196   0.316856  -0.564340 
       78.5000  -0.842563   0.287231  -0.555332 
       79.0000  -0.880933   0.318300  -0.562632 
       79.5000  -0.878302   0.310354  -0.567948 
       80.0000  -0.936965   0.368810  -0.568155 
       80.5000  -0.902632   0.329922  -0.572710 
       81.0000  -0.926860   0.337357  -0.589504 
       81.5000  -0.894895   0.316548  -0.578346 
       82.0000  -0.915432   0.344289  -0.571143 
       82.5000  -0.873665   0.292501  -0.581164 
       83.0000  -0.925608   0.332748  -0.592861 
       83.5000  -0.893382   0.290940  -0.602441 
       84.0000  -0.927759   0.324839  -0.602920 
       84.5000  -0.918198   0.307755  -0.610443 
       85.0000  -0.955158   0.346284  -0.608873 
       85.5000  -0.919819   0.298917  -0.620901 
       86.0000  -0.944304   0.328780  -0.615523 
       86.5000  -0.945712   0.310989  -0.634723 
       87.0000  -0.958122   0.325374  -0.632748 
       87.5000  -0.910935   0.273376  -0.637560 
       88.0000  -0.966652   0.325927  -0.640725 
       88.5000  -0.948468   0.297925  -0.650543 
       89.0000  -0.957895   0.318512  -0.639383 
       89.5000  -0.968969   0.349452  -0.619517 
       90.0000  -0.947097   0.330163  -0.616934 
       90.5000  -0.919123   0.303201  -0.615922 
       91.0000  -0.962841   0.356609  -0.606232 
       91.5000  -0.928093   0.318494  -0.609598 
       92.0000  -0.969186   0.358727  -0.610459 
       92.5000  -0.963077   0.340960  -0.622117 
       93.0000  -0.970945   0.340733  -0.630212 
       93.5000  -0.943604   0.314054  -0.629550 
       94.0000  -0.926292   0.291263  -0.635029 
       94.5000  -0.937687   0.293044  -0.644643 
       95.0000  -0.989976   0.348736  -0.641240 
       95.5000  -0.982208   0.337262  -0.644945 
       96.0000  -0.971559   0.335615  -0.635944 
       96.5000  -0.940543   0.299928  -0.640615 
       97.0000  -0.979838   0.325761  -0.654077 
       97.5000  -0.949126   0.301355  -0.647771 
       98.0000  -0.975779   0.335491  -0.640288 
       98.5000  -0.959727   0.310796  -0.648931 
       99.0000  -0.970867   0.322888  -0.647979 
       99.5000  -1.038027   0.380401  -0.657625 
      100.0000  -0.927595   0.281334  -0.646261 
      100.5000  -0.936532   0.279180  -0.657352 
      101.0000  -0.940839   0.287733  -0.653106 
      101.5000  -0.981932   0.335329  -0.646603 
      102.0000  -0.994869   0.338626  -0.656243 
      102.5000  -0.956526   0.305043  -0.651482 
      103.0000  -0.963813   0.310148  -0.653665 
      103.5000  -0.976966   0.318929  -0.658037 
      104.0000  -0.996602   0.338097  -0.658505 
      104.5000  -1.001527   0.332402  -0.669125 
      105.0000  -1.002333   0.324572  -0.677761 
      105.5000  -1.010792   0.328131  -0.682661 
      106.0000  -0.953570   0.262255  -0.691315 
      106.5000  -1.001822   0.304558  -0.697264 
      107.0000  -0.989046   0.277319  -0.711728 
      107.5000  -1.001020   0.279926  -0.721094 
      108.0000  -1.029417   0.294256  -0.735161 
      108.5000  -1.003746   0.279116  -0.724630 
      109.0000  -1.005813   0.287464  -0.718350 
      109.5000  -0.973609   0.260214  -0.713396 
      110.0000  -0.977449   0.269794  -0.707655 
      110.5000  -0.976373   0.272626  -0.703746 
      111.0000  -1.025655   0.327706  -0.697949 
      111.5000  -0.986321   0.286095  -0.700226 
      112.0000  -0.990351   0.289568  -0.700782 
      112.5000  -1.039841   0.331490  -0.708351 
      113.0000  -0.995005   0.288667  -0.706338 
      113.5000  -1.012055   0.298191  -0.713865 
      114.0000  -1.018288   0.295799  -0.722489 
      114.5000  -1.008515   0.287427  -0.721089 
      115.0000  -1.016519   0.292323  -0.724195 
      115.5000  -1.020373   0.304798  -0.715574 
      116.0000  -0.985860   0.268925  -0.716935 
      116.5000  -0.992550   0.286089  -0.706461 
      117.0000  -0.939535   0.232717  -0.706818 
      117.5000  -0.965821   0.266050  -0.699771 
      118.0000  -1.003215   0.313586  -0.689629 
      118.5000  -0.998630   0.311486  -0.687145 
      119.0000  -1.024853   0.333141  -0.691712 
      119.5000  -1.021964   0.331139  -0.690825 
      120.0000  -1.006541   0.323344  -0.683197 
      120.5000  -0.950090   0.280125  -0.669964 
      121.0000  -0.986180   0.307112  -0.679068 
      121.5000  -0.948669   0.273466  -0.675203 
      122.0000  -1.000779   0.325847  -0.674932 
      122.5000  -0.968802   0.297269  -0.671534 
      123.0000  -0.962733   0.296129  -0.666604 
      123.5000  -0.970136   0.307957  -0.662179 
      124.0000  -0.956127   0.295967  -0.660161 
      124.5000  -0.973021   0.315224  -0.657797 
      125.0000  -0.956352   0.311515  -0.644837 
      125.5000  -1.013082   0.369605  -0.643477 
      126.0000  -0.951794   0.313301  -0.638493 
      126.5000  -0.975400   0.349253  -0.626146 
      127.0000  -0.966864   0.323442  -0.643421 
      127.5000  -0.929598   0.287014  -0.642584 
      128.0000  -0.959982   0.330013  -0.629969 
      128.5000  -0.933239   0.304824  -0.628415 
      129.0000  -0.967048   0.339084  -0.627964 
      129.5000  -0.976681   0.334160  -0.642521 
      130.0000  -0.885519   0.245907  -0.639612 
      130.5000  -0.938645   0.309240  -0.629406 
      131.0000  -0.981038   0.354146  -0.626892 
      131.5000  -0.928179   0.301665  -0.626514 
      132.0000  -0.911762   0.281045  -0.630717 
      132.5000  -0.925317   0.270210  -0.655107 
      133.0000  -0.960037   0.310056  -0.649982 
      133.5000  -0.948139   0.303681  -0.644458 
      134.0000  -0.944003   0.301645  -0.642358 
      134.5000  -0.943222   0.283808  -0.659414 
      135.0000  -0.986075   0.327124  -0.658951 
      135.5000  -0.976489   0.327537  -0.648952 
      136.0000  -0.961566   0.300805  -0.660761 
      136.5000  -0.919104   0.264206  -0.654898 
      137.0000  -0.916858   0.256412  -0.660446 
      137.5000  -0.911726   0.248894  -0.662832 
      138.0000  -0.943766   0.276515  -0.667251 
      138.5000  -0.927600   0.269895  -0.657706 
      139.0000  -0.940385   0.298068  -0.642317 
      139.5000  -0.946302   0.306973  -0.639329 
      140.0000  -0.958357   0.331913  -0.626444 
      140.5000  -0.916742   0.285312  -0.631431 
      141.0000  -0.939479   0.303013  -0.636465 
      141.5000  -0.897239   0.254895  -0.642344 
      142.0000  -0.967113   0.324254  -0.642858 
      142.5000  -0.948018   0.309408  -0.638611 
      143.0000  -0.938092   0.312968  -0.625124 
      143.5000  -0.904331   0.287381  -0.616949 
      144.0000  -0.923103   0.296487  -0.626616 
      144.5000  -0.986575   0.356988  -0.629588 
      145.0000  -0.936811   0.310513  -0.626298 
      145.5000  -0.936430   0.315431  -0.620999 
      146.0000  -0.959030   0.329258  -0.629772 
      146.5000  -0.942232   0.304366  -0.637866 
      147.0000  -0.916189   0.283613  -0.632575 
      147.5000  -0.978168   0.341127  -0.637040 
      148.0000  -0.946787   0.306396  -0.640391 
      148.5000  -0.972189   0.328804  -0.643385 
      149.0000  -0.981178   0.352768  -0.628410 
      149.5000  -0.948725   0.316006  -0.632719 
      150.0000  -0.914955   0.274808  -0.640147 
      150.5000  -0.934171   0.283049  -0.651122 
      151.0000  -0.943420   0.292087  -0.651334 
      151.5000  -0.960632   0.313645  -0.646987 
      152.0000  -0.956191   0.311239  -0.644952 
      152.5000  -0.968309   0.323836  -0.644473 
      153.0000  -0.956411   0.305693  -0.650717 
      153.5000  -0.944724   0.298628  -0.646097 
      154.0000  -0.945307   0.294173  -0.651134 
      154.5000  -0.966644   0.307958  -0.658686 
      155.0000  -0.923712   0.262331  -0.661382 
      155.5000  -0.952005   0.299921  -0.652083 
      156.0000  -0.937488   0.286475  -0.651013 
      156.5000  -1.009646   0.355056  -0.654590 
      157.0000  -0.942429   0.290034  -0.652395 
      157.5000  -0.946599   0.294419  -0.652180 
      158.0000  -0.959884   0.302426  -0.657457 
      158.5000  -1.001625   0.341165  -0.660460 
      159.0000  -0.998790   0.332238  -0.666552 
      159.5000  -0.931524   0.268717  -0.662807 
      160.0000  -0.942905   0.280084  -0.662822 
      160.5000  -0.962062   0.300457  -0.661605 
      161.0000  -0.974621   0.311557  -0.663064 
      161.5000  -0.937966   0.274169  -0.663797 
      162.0000  -0.990511   0.329193  -0.661319 
      162.5000  -0.988369   0.329345  -0.659024 
      163.0000  -0.957355   0.305525  -0.651830 
      163.5000  -1.006732   0.351823  -0.654909 
      164.0000  -0.932967   0.283985  -0.648982 
      164.5000  -0.969755   0.322433  -0.647321 
      165.0000  -0.963074   0.314205  -0.648869 
      165.5000  -0.988446   0.336154  -0.652292 
      166.0000  -0.942784   0.287619  -0.655165 
      166.5000  -0.998604   0.333434  -0.665170 
      167.0000  -0.936772   0.278354  -0.658418 
      167.5000  -1.026689   0.362225  -0.664464 
      168.0000  -0.953069   0.274992  -0.678077 
      168.5000  -1.010663   0.335556  -0.675107 
      169.0000  -0.983170   0.309853  -0.673317 
      169.5000  -0.995542   0.320414  -0.675128 
      170.0000  -0.947924   0.278108  -0.669816 
      170.5000  -0.951702   0.267948  -0.683754 
      171.0000  -1.010284   0.326825  -0.683459 
      171.5000  -0.998898   0.311041  -0.687856 
      172.0000  -1.000987   0.308653  -0.692334 
      172.5000  -0.995600   0.322197  -0.673404 
      173.0000  -0.958566   0.282614  -0.675952 
      173.5000  -1.009245   0.325855  -0.683390 
      174.0000  -0.980545   0.295739  -0.684807 
      174.5000  -0.974791   0.290886  -0.683905 
      175.0000  -1.011924   0.323110  -0.688815 
      175.5000  -1.005267   0.316841  -0.688427 
      176.0000  -0.997813   0.304370  -0.693443 
      176.5000  -0.985788   0.301479  -0.684309 
      177.0000  -1.016660   0.338609  -0.678051 
      177.5000  -0.962295   0.292035  -0.670260 
      178.0000  -0.979031   0.308206  -0.670825 
      178.5000  -1.045835   0.381703  -0.664133 
      179.0000  -0.956011   0.279578  -0.676434 
      179.5000  -0.973771   0.296280  -0.677491 
      180.0000  -0.940677   0.255122  -0.685555 
      180.5000  -0.969175   0.274698  -0.694477 
      181.0000  -0.986345   0.292920  -0.693425 
      181.5000  -0.998509   0.295216  -0.703293 
      182.0000  -1.044212   0.341822  -0.702390 
      182.5000  -0.944036   0.238864  -0.705172 
      183.0000  -1.015816   0.314157  -0.701659 
      183.5000  -1.016769   0.317680  -0.699088 
      184.0000  -0.958550   0.262484  -0.696066 
      184.5000  -0.973857   0.279215  -0.694641 
      185.0000  -0.955624   0.266897  -0.688727 
      185.5000  -1.015077   0.320222  -0.694855 
      186.0000  -1.001328   0.296856  -0.704472 
      186.5000  -0.980780   0.284704  -0.696077 
      187.0000  -0.999620   0.304450  -0.695170 
      187.5000  -0.986063   0.281812  -0.704251 
      188.0000  -1.004427   0.309601  -0.694826 
      188.5000  -1.000811   0.306104  -0.694707 
      189.0000  -0.971201   0.277098  -0.694103 
      189.5000  -1.001559   0.312702  -0.688857 
      190.0000  -0.991252   0.301874  -0.689378 
      190.5000  -0.994637   0.312625  -0.682012 
      191.0000  -0.975903   0.286858  -0.689045 
      191.5000  -0.987537   0.291079  -0.696459 
      192.0000  -0.976137   0.286376  -0.689761 
      192.5000  -0.959433   0.268655  -0.690778 
      193.0000  -0.995044   0.298460  -0.696584 
      193.5000  -0.975573   0.286844  -0.688729 
      194.0000  -1.044890   0.360578  -0.684313 
      194.5000  -1.022824   0.332645  -0.690179 
      195.0000  -0.953923   0.252639  -0.701285 
      195.5000  -1.073881   0.366517  -0.707364 
      196.0000  -0.969382   0.280713  -0.688669 
      196.5000  -0.987961   0.302567  -0.685394 
      197.0000  -1.036959   0.353284  -0.683675 
      197.5000  -1.016360   0.340652  -0.675709 
      198.0000  -1.096484   0.407975  -0.688509 
      198.5000  -0.968125   0.281567  -0.686558 
      199.0000  -0.997993   0.311627  -0.686366 
      199.5000  -1.041129   0.340931  -0.700198 
      200.0000  -1.055588   0.358416  -0.697173 
      200.5000  -1.082452   0.377756  -0.704696 
      201.0000  -1.121938   0.416234  -0.705704 
      201.5000  -1.035740   0.332517  -0.703223 
      202.0000  -1.006420   0.298309  -0.708111 
      202.5000  -1.050650   0.325621  -0.725029 
      203.0000  -1.036172   0.319729  -0.716443 
      203.5000  -1.006666   0.301071  -0.705595 
      204.0000  -1.060648   0.358662  -0.701986 
      204.5000  -1.037052   0.336988  -0.700063 
      205.0000  -1.012068   0.313393  -0.698674 
      205.5000  -0.987824   0.291455  -0.696369 
      206.0000  -1.041652   0.339549  -0.702102 
      206.5000  -1.030388   0.326381  -0.704007 
      207.0000  -1.023284   0.314259  -0.709025 
      207.5000  -1.016013   0.316351  -0.699663 
      208.0000  -1.015408   0.329650  -0.685757 
      208.5000  -1.010227   0.313607  -0.696620 
      209.0000  -1.012206   0.300505  -0.711701 
      209.5000  -1.015238   0.311271  -0.703968 
      210.0000  -1.038311   0.339459  -0.698852 
      210.5000  -0.965728   0.273116  -0.692612 
      211.0000  -1.002519   0.323075  -0.679444 
      211.5000  -1.032403   0.355149  -0.677255 
      212.0000  -1.043026   0.342292  -0.700735 
      212.5000  -1.009948   0.309629  -0.700319 
      213.0000  -1.056695   0.360671  -0.696024 
      213.5000  -1.005077   0.314277  -0.690800 
      214.0000  -1.004316   0.313539  -0.690777 
      214.5000  -0.963327   0.282653  -0.680674 
      215.0000  -1.036894   0.350632  -0.686261 
      215.5000  -1.007322   0.336724  -0.670598 
      216.0000  -0.984096   0.313741  -0.670355 
      216.5000  -1.021229   0.340183  -0.681046 
      217.0000  -0.968461   0.284424  -0.684037 
      217.5000  -1.027665   0.345514  -0.682150 
      218.0000  -1.023808   0.342533  -0.681275 
      218.5000  -1.092168   0.398163  -0.694004 
      219.0000  -1.017085   0.307408  -0.709677 
      219.5000  -1.034860   0.326016  -0.708844 
      220.0000  -1.081929   0.358152  -0.723777 
      220.5000  -1.022796   0.299966  -0.722830 
      221.0000  -1.055043   0.331971  -0.723072 
      221.5000  -1.034724   0.313880  -0.720843 
      222.0000  -1.019342   0.315092  -0.704250 
      222.5000  -1.029699   0.326573  -0.703126 
      223.0000  -0.999463   0.301567  -0.697897 
      223.5000  -0.998947   0.292531  -0.706416 
      224.0000  -0.952858   0.256365  -0.696493 
      224.5000  -1.017868   0.317496  -0.700372 
      225.0000  -0.981501   0.273396  -0.708105 
      225.5000  -1.036566   0.329277  -0.707290 
      226.0000  -1.014017   0.293614  -0.720403 
      226.5000  -1.008916   0.283912  -0.725004 
      227.0000  -1.071675   0.343492  -0.728183 
      227.5000  -1.036577   0.294810  -0.741767 
      228.0000  -1.033686   0.289973  -0.743713 
      228.5000  -1.089442   0.339685  -0.749757 
      229.0000  -1.051225   0.305969  -0.745256 
      229.5000  -1.093286   0.322506  -0.770780 
      230.0000  -1.032645   0.276875  -0.755769 
      230.5000  -1.080998   0.315400  -0.765598 
      231.0000  -1.043899   0.278528  -0.765372 
      231.5000  -1.039088   0.289044  -0.750043 
      232.0000  -1.009177   0.265437  -0.743741 
      232.5000  -1.061236   0.309850  -0.751386 
      233.0000  -1.078304   0.328079  -0.750225 
      233.5000  -1.095227   0.329658  -0.765569 
      234.0000  -1.069146   0.306827  -0.762319 
      234.5000  -1.049820   0.298229  -0.751592 
      235.0000  -1.050712   0.282534  -0.768178 
      235.5000  -1.053121   0.292960  -0.760161 
      236.0000  -1.101663   0.339316  -0.762347 
      236.5000  -1.055393   0.299904  -0.755489 
      237.0000  -1.062697   0.299594  -0.763103 
      237.5000  -1.041818   0.288995  -0.752823 
      238.0000  -1.052415   0.299847  -0.752568 
      238.5000  -1.038898   0.298333  -0.740565 
      239.0000  -1.055517   0.313411  -0.742106 
      239.5000  -1.055003   0.309738  -0.745265 
      240.0000  -1.027581   0.287687  -0.739894 
      240.5000  -1.072076   0.325142  -0.746934 
      241.0000  -1.047039   0.305010  -0.742029 
      241.5000  -1.043656   0.297836  -0.745820 
      242.0000  -1.052327   0.297290  -0.755037 
      242.5000  -1.103357   0.340053  -0.763304 
      243.0000  -1.075359   0.310561  -0.764798 
      243.5000  -1.048631   0.284959  -0.763671 
      244.0000  -1.050974   0.283750  -0.767224 
      244.5000  -1.013796   0.246978  -0.766818 
      245.0000  -1.073720   0.297244  -0.776476 
      245.5000  -1.030673   0.252099  -0.778575 
      246.0000  -1.039841   0.246345  -0.793496 
      246.5000  -1.080755   0.282049  -0.798706 
      247.0000  -1.122588   0.325133  -0.797455 
      247.5000  -1.094260   0.290701  -0.803559 
      248.0000  -1.099624   0.285345  -0.814279 
      248.5000  -1.098048   0.287067  -0.810981 
      249.0000  -1.078186   0.268981  -0.809205 
      249.5000  -1.126243   0.329746  -0.796497 
      250.0000  -1.104053   0.311618  -0.792435 
      250.5000  -1.108955   0.319154  -0.789800 
      251.0000  -1.134385   0.326102  -0.808283 
      251.5000  -1.098125   0.271870  -0.826255 
      252.0000  -1.119433   0.297434  -0.821999 
      252.5000  -1.093953   0.275943  -0.818010 
      253.0000  -1.069674   0.252175  -0.817499 
      253.5000  -1.063606   0.240521  -0.823084 
      254.0000  -1.057516   0.234561  -0.822955 
      254.5000  -1.106470   0.289112  -0.817358 
      255.0000  -1.107850   0.287929  -0.819921 
      255.5000  -1.101005   0.287720  -0.813285 
      256.0000  -1.100940   0.280146  -0.820794 
      256.5000  -1.100521   0.283632  -0.816889 
      257.0000  -1.110269   0.293845  -0.816424 
      257.5000  -1.077819   0.258603  -0.819216 
      258.0000  -1.047759   0.241696  -0.806063 
      258.5000  -1.062773   0.268075  -0.794698 
      259.0000  -1.078687   0.285037  -0.793650 
      259.5000  -1.085657   0.300476  -0.785180 
      260.0000  -1.122510   0.338962  -0.783548 
      260.5000  -1.074881   0.303443  -0.771438 
      261.0000  -1.076795   0.316318  -0.760478 
      261.5000  -1.092548   0.336210  -0.756338 
      262.0000  -0.993213   0.238542  -0.754671 
      262.5000  -1.063019   0.303685  -0.759334 
      263.0000  -1.027450   0.263223  -0.764227 
      263.5000  -1.003763   0.251191  -0.752573 
      264.0000  -1.059559   0.308003  -0.751555 
      264.5000  -1.009438   0.248728  -0.760711 
      265.0000  -1.017177   0.271487  -0.745690 
      265.5000  -1.008005   0.246862  -0.761144 
      266.0000  -0.995548   0.239034  -0.756514 
      266.5000  -0.993946   0.235049  -0.758898 
      267.0000  -1.056654   0.303494  -0.753160 
      267.5000  -0.969270   0.239500  -0.729770 
      268.0000  -1.044584   0.309809  -0.734775 
      268.5000  -1.046059   0.316525  -0.729534 
      269.0000  -1.003809   0.286119  -0.717690 
      269.5000  -1.026109   0.305918  -0.720191 
      270.0000  -1.027232   0.307829  -0.719403 
      270.5000  -1.023687   0.300343  -0.723344 
      271.0000  -1.015763   0.297172  -0.718591 
      271.5000  -0.997894   0.284144  -0.713751 
      272.0000  -1.028279   0.308189  -0.720090 
      272.5000  -1.024432   0.307186  -0.717246 
      273.0000  -0.991807   0.286513  -0.705293 
      273.5000  -0.999543   0.286488  -0.713056 
      274.0000  -1.018803   0.311336  -0.707467 
      274.5000  -1.004228   0.274104  -0.730123 
      275.0000  -1.032410   0.298915  -0.733494 
      275.5000  -1.097554   0.358521  -0.739034 
      276.0000  -1.016389   0.271490  -0.744899 
      276.5000  -1.050664   0.304464  -0.746200 
      277.0000  -1.006811   0.262269  -0.744542 
      277.5000  -1.024639   0.276499  -0.748140 
      278.0000  -1.052685   0.306049  -0.746636 
      278.5000  -1.021743   0.284353  -0.737390 
      279.0000  -0.996479   0.262951  -0.733528 
      279.5000  -1.022272   0.283614  -0.738659 
      280.0000  -1.020403   0.284433  -0.735970 
      280.5000  -1.009995   0.273435  -0.736560 
      281.0000  -1.011781   0.286010  -0.725771 
      281.5000  -0.968997   0.247890  -0.721107 
      282.0000  -1.018454   0.297675  -0.720780 
      282.5000  -1.030833   0.293974  -0.736858 
      283.0000  -1.023223   0.280543  -0.742680 
      283.5000  -1.045188   0.299677  -0.745510 
      284.0000  -1.001024   0.263655  -0.737369 
      284.5000  -1.016225   0.276858  -0.739367 
      285.0000  -1.075201   0.326347  -0.748854 
      285.5000  -1.023428   0.270244  -0.753185 
      286.0000  -1.076041   0.327984  -0.748058 
      286.5000  -1.024660   0.286789  -0.737871 
      287.0000  -1.011261   0.284040  -0.727221 
      287.5000  -1.033141   0.300959  -0.732183 
      288.0000  -1.030919   0.298867  -0.732052 
      288.5000  -1.033844   0.302735  -0.731109 
      289.0000  -1.052985   0.328783  -0.724201 
      289.5000  -1.033620   0.308301  -0.725319 
      290.0000  -1.021552   0.305268  -0.716284 
      290.5000  -1.019263   0.300082  -0.719181 
      291.0000  -1.026156   0.311085  -0.715070 
      291.5000  -1.007247   0.288091  -0.719156 
      292.0000  -1.012756   0.292261  -0.720494 
      292.5000  -1.024734   0.315558  -0.709175 
      293.0000  -1.010627   0.311139  -0.699487 
      293.5000  -1.041036   0.351521  -0.689516 
      294.0000  -0.985206   0.297755  -0.687451 
      294.5000  -0.964803   0.280585  -0.684218 
      295.0000  -0.994565   0.308744  -0.685821 
      295.5000  -1.019327   0.334384  -0.684943 
      296.0000  -0.998118   0.315198  -0.682919 
      296.5000  -0.981291   0.294958  -0.686333 
      297.0000  -0.954553   0.265077  -0.689476 
      297.5000  -1.010733   0.322895  -0.687838 
      298.0000  -0.992724   0.300146  -0.692578 
      298.5000  -1.003423   0.314155  -0.689268 
      299.0000  -1.004118   0.325033  -0.679085 
      299.5000  -0.985967   0.305143  -0.680824 
      300.0000  -1.006234   0.328847  -0.677387 
      300.5000  -0.979260   0.308264  -0.670996 
      301.0000  -1.006175   0.334131  -0.672044 
      301.5000  -1.013119   0.335691  -0.677428 
      302.0000  -1.007328   0.326264  -0.681065 
      302.5000  -0.958651   0.271585  -0.687066 
      303.0000  -1.026860   0.342442  -0.684418 
      303.5000  -1.030610   0.346433  -0.684177 
      304.0000  -0.962938   0.275239  -0.687699 
      304.5000  -0.998579   0.317117  -0.681462 
      305.0000  -0.998569   0.313333  -0.685236 
      305.5000  -0.994124   0.314405  -0.679719 
      306.0000  -1.024176   0.335252  -0.688924 
      306.5000  -0.995656   0.306657  -0.688999 
      307.0000  -1.017770   0.332614  -0.685156 
      307.5000  -0.982369   0.293308  -0.689061 
      308.0000  -0.980244   0.286462  -0.693782 
      308.5000  -1.011742   0.316358  -0.695384 
      309.0000  -1.008827   0.313535  -0.695292 
      309.5000  -1.002980   0.305595  -0.697385 
      310.0000  -0.959128   0.261892  -0.697236 
      310.5000  -1.020286   0.338641  -0.681645 
      311.0000  -0.972516   0.284793  -0.687723 
      311.5000  -1.039131   0.351288  -0.687842 
      312.0000  -0.936876   0.247404  -0.689472 
      312.5000  -1.047913   0.350323  -0.697591 
      313.0000  -1.000844   0.299280  -0.701564 
      313.5000  -0.992174   0.286568  -0.705607 
      314.0000  -1.009757   0.295307  -0.714450 
      314.5000  -0.993799   0.289808  -0.703991 
      315.0000  -1.019284   0.301212  -0.718072 
      315.5000  -1.037719   0.324172  -0.713547 
      316.0000  -1.015763   0.313456  -0.702307 
      316.5000  -0.997987   0.301202  -0.696785 
      317.0000  -0.991257   0.287402  -0.703855 
      317.5000  -1.036015   0.334968  -0.701048 
      318.0000  -1.031125   0.324448  -0.706676 
      318.5000  -1.021782   0.304869  -0.716913 
      319.0000  -1.037178   0.316279  -0.720900 
      319.5000  -1.006495   0.293896  -0.712599 
      320.0000  -1.009838   0.299135  -0.710703 
      320.5000  -1.090124   0.382426  -0.707698 
      321.0000  -1.024981   0.317609  -0.707373 
      321.5000  -0.993958   0.284765  -0.709193 
      322.0000  -1.041274   0.329771  -0.711503 
      322.5000  -1.055275   0.336018  -0.719257 
      323.0000  -0.993396   0.277249  -0.716148 
      323.5000  -1.026579   0.305856  -0.720723 
      324.0000  -1.016001   0.284922  -0.731080 
      324.5000  -1.020186   0.288161  -0.732026 
      325.0000  -1.066345   0.330073  -0.736273 
      325.5000  -1.020498   0.280149  -0.740349 
      326.0000  -1.064342   0.324466  -0.739876 
      326.5000  -1.006833   0.263405  -0.743428 
      327.0000  -1.040579   0.301590  -0.738989 
      327.5000  -1.012177   0.266745  -0.745432 
      328.0000  -1.009351   0.254657  -0.754694 
      328.5000  -1.021172   0.246466  -0.774706 
      329.0000  -1.050841   0.278547  -0.772294 
      329.5000  -1.069202   0.283786  -0.785416 
      330.0000  -1.101795   0.318275  -0.783520 
      330.5000  -1.067246   0.298635  -0.768610 
      331.0000  -1.056409   0.277959  -0.778451 
      331.5000  -1.077712   0.291973  -0.785739 
      332.0000  -1.059611   0.275053  -0.784559 
      332.5000  -1.068286   0.280118  -0.788169 
      333.0000  -1.025679   0.240328  -0.785351 
      333.5000  -1.040129   0.260944  -0.779184 
      334.0000  -1.023714   0.249678  -0.774036 
      334.5000  -1.063311   0.294153  -0.769158 
      335.0000  -1.051036   0.283464  -0.767572 
      335.5000  -1.023900   0.261551  -0.762349 
      336.0000  -1.060180   0.300947  -0.759232 
      336.5000  -1.034034   0.273713  -0.760320 
      337.0000  -1.041649   0.285575  -0.756073 
      337.5000  -1.010353   0.252468  -0.757885 
      338.0000  -1.047826   0.281670  -0.766155 
      338.5000  -1.066640   0.284986  -0.781654 
      339.0000  -1.041376   0.252962  -0.788414 
      339.5000  -1.055398   0.267179  -0.788219 
      340.0000  -1.050472   0.262963  -0.787509 
      340.5000  -1.033031   0.238594  -0.794437 
      341.0000  -1.028158   0.234282  -0.793876 
      341.5000  -1.051713   0.248492  -0.803221 
      342.0000  -1.100782   0.306619  -0.794163 
      342.5000  -1.045644   0.256817  -0.788826 
      343.0000  -1.066664   0.292910  -0.773754 
      343.5000  -1.066900   0.287980  -0.778920 
      344.0000  -1.076890   0.299929  -0.776961 
      344.5000  -1.073753   0.303444  -0.770308 
      345.0000  -1.065725   0.308703  -0.757022 
      345.5000  -1.010074   0.246972  -0.763102 
      346.0000  -1.039659   0.276137  -0.763522 
      346.5000  -1.045945   0.284962  -0.760983 
      347.0000  -1.036151   0.270989  -0.765162 
      347.5000  -1.052136   0.286726  -0.765409 
      348.0000  -1.111564   0.349527  -0.762037 
      348.5000  -1.049356   0.291437  -0.757919 
      349.0000  -1.038440   0.275156  -0.763285 
      349.5000  -1.029997   0.271871  -0.758126 
      350.0000  -1.039511   0.284197  -0.755314 
      350.5000  -1.022458   0.277011  -0.745447 
      351.0000  -1.039568   0.280444  -0.759124 
      351.5000  -1.059001   0.297823  -0.761179 
      352.0000  -1.034607   0.278172  -0.756435 
      352.5000  -1.007068   0.262396  -0.744672 
      353.0000  -1.025720   0.293951  -0.731769 
      353.5000  -1.032677   0.296631  -0.736046 
      354.0000  -1.031668   0.282699  -0.748968 
      354.5000  -1.030284   0.273757  -0.756527 
      355.0000  -1.025314   0.275096  -0.750217 
      355.5000  -1.032048   0.274975  -0.757073 
      356.0000  -1.002406   0.247279  -0.755127 
      356.5000  -1.063612   0.317438  -0.746175 
      357.0000  -1.032869   0.288018  -0.744851 
      357.5000  -1.018717   0.287037  -0.731680 
      358.0000  -1.042951   0.301239  -0.741713 
      358.5000  -1.017531   0.284283  -0.733248 
      359.0000  -1.087822   0.355962  -0.731860 
      359.5000  -1.008323   0.277586  -0.730737 
      360.0000  -0.971600   0.235687  -0.735913 
      360.5000  -0.961369   0.226014  -0.735355 
      361.0000  -1.027541   0.284565  -0.742977 
      361.5000  -1.057594   0.306456  -0.751138 
      362.0000  -1.005798   0.248676  -0.757122 
      362.5000  -1.049430   0.295260  -0.754169 
      363.0000  -1.037372   0.286618  -0.750754 
      363.5000  -1.040525   0.282457  -0.758068 
      364.0000  -1.046596   0.293447  -0.753149 
      364.5000  -1.030238   0.278807  -0.751431 
      365.0000  -1.043380   0.286662  -0.756718 
      365.5000  -1.042819   0.296333  -0.746486 
      366.0000  -1.056896   0.308177  -0.748719 
      366.5000  -1.023944   0.267678  -0.756266 
      367.0000  -1.023940   0.269296  -0.754644 
      367.5000  -1.080711   0.326412  -0.754299 
      368.0000  -1.058445   0.303256  -0.755188 
      368.5000  -1.106806   0.344943  -0.761863 
      369.0000  -1.018749   0.272251  -0.746499 
      369.5000  -1.032926   0.292227  -0.740699 
      370.0000  -1.037020   0.303249  -0.733771 
      370.5000  -1.020165   0.294906  -0.725260 
      371.0000  -1.031594   0.298852  -0.732742 
      371.5000  -1.020171   0.286606  -0.733565 
      372.0000  -1.052839   0.315120  -0.737720 
      372.5000  -1.005821   0.271245  -0.734576 
      373.0000  -1.025151   0.298231  -0.726920 
      373.5000  -0.995596   0.269202  -0.726394 
      374.0000  -1.038998   0.314050  -0.724949 
      374.5000  -1.068372   0.338238  -0.730134 
      375.0000  -0.991016   0.261890  -0.729125 
      375.5000  -1.043639   0.312541  -0.731099 
      376.0000  -1.054162   0.324391  -0.729771 
      376.5000  -1.037920   0.307788  -0.730132 
      377.0000  -1.017481   0.278204  -0.739277 
      377.5000  -1.021652   0.284218  -0.737434 
      378.0000  -1.032986   0.295815  -0.737171 
      378.5000  -1.040890   0.302223  -0.738667 
      379.0000  -1.025016   0.287753  -0.737263 
      379.5000  -1.060612   0.319991  -0.740621 
      380.0000  -1.038531   0.291627  -0.746905 
      380.5000  -1.041669   0.306266  -0.735404 
      381.0000  -1.048507   0.310785  -0.737722 
      381.5000  -1.031476   0.289110  -0.742366 
      382.0000  -0.976222   0.235174  -0.741048 
      382.5000  -1.041935   0.307367  -0.734568 
      383.0000  -1.050334   0.305145  -0.745189 
      383.5000  -1.075689   0.335252  -0.740437 
      384.0000  -1.020944   0.271484  -0.749460 
      384.5000  -1.060399   0.307701  -0.752698 
      385.0000  -1.029726   0.265513  -0.764213 
      385.5000  -1.041701   0.286942  -0.754759 
      386.0000  -1.019072   0.280665  -0.738406 
      386.5000  -1.024955   0.291513  -0.733442 
      387.0000  -1.006227   0.269710  -0.736518 
      387.5000  -1.066833   0.325235  -0.741599 
      388.0000  -1.051721   0.298553  -0.753167 
      388.5000  -1.018884   0.269491  -0.749393 
      389.0000  -1.029758   0.280534  -0.749224 
      389.5000  -1.054401   0.306674  -0.747726 
      390.0000  -1.074086   0.325168  -0.748918 
      390.5000  -1.007304   0.261869  -0.745435 
      391.0000  -1.052993   0.303388  -0.749605 
      391.5000  -1.060184   0.315793  -0.744392 
      392.0000  -1.021440   0.272877  -0.748563 
      392.5000  -1.038225   0.301532  -0.736693 
      393.0000  -1.040633   0.301473  -0.739159 
      393.5000  -1.027497   0.288809  -0.738688 
      394.0000  -1.042783   0.305991  -0.736792 
      394.5000  -1.021089   0.280127  -0.740962 
      395.0000  -1.001794   0.258619  -0.743175 
      395.5000  -1.017744   0.286422  -0.731323 
      396.0000  -1.036656   0.289689  -0.746967 
      396.5000  -1.030972   0.282370  -0.748602 
      397.0000  -1.028533   0.275891  -0.752642 
      397.5000  -1.042396   0.271379  -0.771017 
      398.0000  -1.028768   0.268981  -0.759788 
      398.5000  -1.058964   0.317452  -0.741512 
      399.0000  -1.023050   0.284080  -0.738970 
      399.5000  -1.076481   0.339374  -0.737106 
      400.0000  -1.019600   0.273824  -0.745776 
      400.5000  -0.978518   0.243352  -0.735166 
      401.0000  -1.029384   0.310797  -0.718587 
      401.5000  -1.020480   0.304251  -0.716230 
      402.0000  -1.003084   0.308216  -0.694868 
      402.5000  -0.974839   0.285576  -0.689263 
      403.0000  -0.976942   0.294570  -0.682372 
      403.5000  -1.016275   0.326459  -0.689816 
      404.0000  -0.966895   0.275506  -0.691389 
      404.5000  -1.011778   0.320736  -0.691042 
      405.0000  -0.968248   0.275610  -0.692638 
      405.5000  -1.018782   0.331464  -0.687318 
      406.0000  -1.035884   0.342012  -0.693873 
      406.5000  -1.022191   0.330174  -0.692017 
      407.0000  -0.981944   0.302996  -0.678948 
      407.5000  -1.086621   0.394715  -0.691905 
      408.0000  -0.968823   0.274723  -0.694100 
      408.5000  -0.998705   0.311149  -0.687556 
      409.0000  -1.049636   0.359077  -0.690559 
      409.5000  -0.975887   0.292119  -0.683767 
      410.0000  -1.019873   0.340559  -0.679314 
      410.5000  -0.961486   0.281321  -0.680165 
      411.0000  -1.007644   0.324738  -0.682906 
      411.5000  -0.967257   0.285688  -0.681569 
      412.0000  -0.998761   0.315708  -0.683053 
      412.5000  -0.948331   0.272710  -0.675621 
      413.0000  -1.016323   0.347775  -0.668547 
      413.5000  -1.018650   0.348633  -0.670017 
      414.0000  -0.985690   0.330722  -0.654968 
      414.5000  -1.025835   0.369820  -0.656014 
      415.0000  -0.959516   0.309974  -0.649542 
      415.5000  -1.027667   0.379543  -0.648123 
      416.0000  -0.964271   0.315654  -0.648616 
      416.5000  -0.963967   0.314689  -0.649278 
      417.0000  -0.958894   0.302540  -0.656354 
      417.5000  -0.978309   0.323982  -0.654327 
      418.0000  -0.981098   0.319713  -0.661386 
      418.5000  -0.967253   0.304462  -0.662790 
      419.0000  -1.007866   0.336673  -0.671192 
      419.5000  -0.977542   0.312548  -0.664994 
      420.0000  -0.952415   0.282551  -0.669865 
      420.5000  -0.963015   0.288816  -0.674198 
      421.0000  -1.015071   0.344006  -0.671065 
      421.5000  -0.949425   0.280536  -0.668889 
      422.0000  -0.994255   0.320603  -0.673652 
      422.5000  -0.996558   0.333571  -0.662987 
      423.0000  -0.953822   0.290487  -0.663335 
      423.5000  -0.963995   0.304186  -0.659810 
      424.0000  -0.983594   0.318574  -0.665020 
      424.5000  -1.022721   0.358427  -0.664294 
      425.0000  -0.985828   0.315285  -0.670543 
      425.5000  -0.978833   0.312460  -0.666373 
      426.0000  -1.029351   0.360650  -0.668701 
      426.5000  -1.003640   0.334608  -0.669032 
      427.0000  -1.019440   0.351278  -0.668162 
      427.5000  -0.968053   0.276415  -0.691637 
      428.0000  -1.020584   0.342718  -0.677865 
      428.5000  -0.975992   0.283747  -0.692245 
      429.0000  -1.034462   0.342870  -0.691593 
      429.5000  -0.983459   0.283677  -0.699783 
      430.0000  -1.051197   0.355340  -0.695857 
      430.5000  -0.967713   0.274943  -0.692770 
      431.0000  -1.026837   0.332214  -0.694623 
      431.5000  -1.019811   0.324722  -0.695089 
      432.0000  -1.048538   0.342728  -0.705810 
      432.5000  -0.982471   0.275736  -0.706735 
      433.0000  -1.029850   0.328220  -0.701631 
      433.5000  -0.972826   0.270257  -0.702570 
      434.0000  -1.012633   0.312947  -0.699686 
      434.5000  -0.980993   0.278804  -0.702189 
      435.0000  -1.017529   0.316403  -0.701126 
      435.5000  -0.974600   0.290538  -0.684062 
      436.0000  -0.952739   0.275499  -0.677240 
      436.5000  -0.994643   0.306096  -0.688547 
      437.0000  -0.960898   0.273479  -0.687419 
      437.5000  -1.013387   0.334582  -0.678805 
      438.0000  -0.952055   0.271986  -0.680069 
      438.5000  -1.024951   0.347615  -0.677336 
      439.0000  -0.994544   0.322309  -0.672234 
      439.5000  -1.032199   0.352398  -0.679802 
      440.0000  -1.009130   0.339679  -0.669451 
      440.5000  -0.975358   0.312514  -0.662843 
      441.0000  -1.002770   0.331260  -0.671510 
      441.5000  -0.993342   0.312416  -0.680927 
      442.0000  -0.974189   0.297904  -0.676285 
      442.5000  -0.976240   0.297918  -0.678322 
      443.0000  -0.976349   0.303191  -0.673159 
      443.5000  -0.984946   0.315456  -0.669490 
      444.0000  -0.996140   0.328924  -0.667216 
      444.5000  -0.989251   0.318942  -0.670309 
      445.0000  -0.973727   0.303497  -0.670230 
      445.5000  -0.950731   0.283070  -0.667661 
      446.0000  -1.027485   0.365736  -0.661749 
      446.5000  -0.960745   0.305310  -0.655435 
      447.0000  -0.990107   0.322632  -0.667475 
      447.5000  -0.924267   0.249653  -0.674615 
      448.0000  -1.021916   0.346127  -0.675789 
      448.5000  -0.976570   0.306879  -0.669691 
      449.0000  -1.039470   0.363983  -0.675486 
      449.5000  -0.998365   0.309638  -0.688727 
      450.0000  -0.980730   0.286710  -0.694020 
      450.5000  -0.987694   0.285006  -0.702688 
      451.0000  -1.029613   0.339348  -0.690264 
      451.5000  -1.035121   0.345569  -0.689553 
      452.0000  -1.043946   0.362064  -0.681882 
      452.5000  -0.994395   0.308579  -0.685816 
      453.0000  -0.971664   0.283702  -0.687963 
      453.5000  -0.983510   0.281994  -0.701517 
      454.0000  -1.027896   0.319590  -0.708307 
      454.5000  -1.045920   0.339162  -0.706758 
      455.0000  -1.021941   0.319881  -0.702060 
      455.5000  -1.020032   0.313188  -0.706843 
      456.0000  -0.994655   0.298940  -0.695715 
      456.5000  -1.014339   0.313867  -0.700471 
      457.0000  -1.016002   0.310341  -0.705661 
      457.5000  -1.037195   0.342528  -0.694667 
      458.0000  -1.054439   0.354549  -0.699890 
      458.5000  -1.055735   0.351546  -0.704189 
      459.0000  -1.026848   0.323023  -0.703825 
      459.5000  -0.981015   0.294111  -0.686905 
      460.0000  -1.067175   0.388303  -0.678872 
      460.5000  -1.028577   0.331484  -0.697093 
      461.0000  -1.078864   0.372773  -0.706091 
      461.5000  -1.000016   0.305662  -0.694354 
      462.0000  -1.009286   0.307621  -0.701665 
      462.5000  -1.037063   0.327560  -0.709503 
      463.0000  -0.995336   0.288051  -0.707286 
      463.5000  -1.052518   0.335959  -0.716559 
      464.0000  -1.030807   0.302802  -0.728005 
      464.5000  -0.995188   0.286289  -0.708899 
      465.0000  -1.032821   0.319961  -0.712861 
      465.5000  -1.081595   0.369884  -0.711711 
      466.0000  -1.014258   0.302287  -0.711971 
      466.5000  -1.060460   0.366650  -0.693810 
      467.0000  -1.037874   0.351801  -0.686073 
      467.5000  -1.058165   0.382175  -0.675990 
      468.0000  -0.982940   0.308316  -0.674624 
      468.5000  -1.014044   0.320809  -0.693236 
      469.0000  -1.044068   0.356453  -0.687616 
      469.5000  -1.068385   0.380917  -0.687469 
      470.0000  -1.065488   0.362602  -0.702886 
      470.5000  -1.067686   0.357534  -0.710152 
      471.0000  -0.995564   0.301232  -0.694332 
      471.5000  -1.060122   0.367411  -0.692712 
      472.0000  -1.009140   0.316162  -0.692978 
      472.5000  -1.050539   0.352764  -0.697776 
      473.0000  -1.035624   0.339517  -0.696107 
      473.5000  -1.041739   0.329430  -0.712309 
      474.0000  -1.012948   0.307288  -0.705659 
      474.5000  -1.046550   0.338312  -0.708238 
      475.0000  -1.027347   0.331698  -0.695649 
      475.5000  -0.986205   0.283293  -0.702913 
      476.0000  -1.030080   0.330787  -0.699293 
      476.5000  -1.016501   0.307425  -0.709076 
      477.0000  -1.069789   0.356514  -0.713275 
      477.5000  -1.055558   0.348661  -0.706897 
      478.0000  -1.016010   0.315253  -0.700757 
      478.5000  -0.969605   0.267010  -0.702595 
      479.0000  -0.998920   0.301367  -0.697553 
      479.5000  -1.054208   0.354777  -0.699431 
      480.0000  -1.002848   0.291369  -0.711480 
      480.5000  -1.063037   0.342428  -0.720610 
      481.0000  -1.018786   0.296533  -0.722253 
      481.5000  -1.068551   0.347095  -0.721456 
      482.0000  -1.051789   0.323986  -0.727803 
      482.5000  -1.080302   0.346177  -0.734125 
      483.0000  -1.066690   0.341426  -0.725264 
      483.5000  -1.050083   0.317166  -0.732917 
      484.0000  -1.032487   0.308130  -0.724357 
      484.5000  -1.091816   0.355909  -0.735908 
      485.0000  -1.057490   0.317887  -0.739602 
      485.5000  -1.095931   0.354379  -0.741552 
      486.0000  -1.043413   0.298582  -0.744831 
      486.5000  -1.110228   0.371852  -0.738376 
      487.0000  -1.030947   0.296380  -0.734567 
      487.5000  -1.063636   0.328957  -0.734679 
      488.0000  -1.080798   0.347108  -0.733690 
      488.5000  -1.006696   0.277359  -0.729338 
      489.0000  -1.126214   0.378942  -0.747271 
      489.5000  -0.992038   0.240003  -0.752035 
      490.0000  -1.081358   0.324516  -0.756842 
      490.5000  -1.078266   0.323865  -0.754401 
      491.0000  -1.093868   0.336631  -0.757236 
      491.5000  -1.050169   0.292027  -0.758142 
      492.0000  -1.066685   0.323543  -0.743141 
      492.5000  -1.101494   0.352190  -0.749304 
      493.0000  -1.056042   0.315556  -0.740486 
      493.5000  -1.072315   0.328516  -0.743799 
      494.0000  -1.119521   0.391499  -0.728022 
      494.5000  -1.080567   0.338740  -0.741827 
      495.0000  -1.134731   0.393748  -0.740983 
      495.5000  -1.084033   0.342037  -0.741996 
      496.0000  -1.016901   0.273287  -0.743615 
      496.5000  -1.082121   0.337390  -0.744731 
      497.0000  -1.070523   0.326655  -0.743868 
      497.5000  -1.083539   0.340694  -0.742845 
      498.0000  -1.134798   0.378076  -0.756722 
      498.5000  -1.087150   0.335611  -0.751539 
      499.0000  -1.096174   0.345136  -0.751038 
      499.5000  -1.019746   0.261434  -0.758312 
      500.0000  -1.077081   0.321506  -0.755575 
