#id1 id2 FENE BEXC STCK NEXC HB CRSTCK CXSTCK total, t = 100000
0 1 0.00473504 0 -1.25003 0 0 0 0 -1.24529
1 2 0.0188997 0 -1.29124 0 0 0 0 -1.27234
2 3 0.000209152 0 -1.11093 0 0 0 0 -1.11072
3 4 0.0937439 0 0 0 0 0 0 0.0937439
4 5 3.76795e-05 0 -1.35775 0 0 0 0 -1.35771
3 6 0 0 0 0 0 -0.100138 -0 -0.100138
5 6 0.220247 0 -1.07043 0 0 0 0 -0.85018
3 7 0 0 0 0 0 -0.011904 -0 -0.011904
2 7 0 0 0 0 -0 -0.0141445 0 -0.0141445
6 7 0.104748 0 -0.739417 0 0 0 0 -0.634669
3 8 0 0 0 0 0 -0.179916 0 -0.179916
2 8 0 0 0 0 -0.569378 0 -0 -0.569378
1 8 0 0 0 0 -4.78526e-29 -0.148463 0 -0.148463
7 8 0.0120978 0 -1.31279 0 0 0 0 -1.30069
2 9 0 0 0 0 -0 -0.201395 0 -0.201395
1 9 0 0 0 0 -0.772784 0 -0 -0.772784
0 9 0 0 0 0 -0 -0.0667513 0 -0.0667513
8 9 0.221667 0 -1.35608 0 0 0 0 -1.13441
1 10 0 0 0 0 0 -0.108769 0 -0.108769
0 10 0 0 0 0 0 -0.0238141 0 -0.0238141
9 10 0.216788 0 -1.17719 0 0 0 0 -0.960398
10 11 0.0275662 0 -0.967645 0 0 0 0 -0.940079
11 12 0.000129089 0 -1.26344 0 0 0 0 -1.26331
12 13 0.0110774 0 -1.39357 0 0 0 0 -1.38249
13 14 0.0389084 0 -0.449436 0 0 0 0 -0.410528
14 15 0.0173887 0 -1.25566 0 0 0 0 -1.23827
15 16 0.0394651 0 -1.00267 0 0 0 0 -0.963203
16 17 0.0490023 0 -1.29178 0 0 0 0 -1.24278
17 18 0.00775748 0 -1.19477 0 0 0 0 -1.18702
18 19 0.039139 0 -1.11349 0 0 0 0 -1.07435
19 20 0.0258184 0 -0.955277 0 0 0 0 -0.929459
20 21 0.0581524 0 -0.932708 0 0 0 0 -0.874555
21 22 0.0036583 0 -1.13427 0 0 0 0 -1.13062
22 23 0.0102886 0 -0.909497 0 0 0 0 -0.899209
23 24 0.0674064 0 -1.24223 0 0 0 0 -1.17483
24 25 0.00669374 0 -1.33906 0 0 0 0 -1.33237
25 26 0.0304731 0 -1.09847 0 0 0 0 -1.068
#Total energy per particle is  -1.07708 and should be -1.0770810

