t = 0
b =  30.0 30.0 30.0
E = 0. 0. 0.
11.548866770162634 11.009264923131692 1.7593872881475567 -0.5451189312554215 0.7353175465693191 -0.40268282368909664 0.3148749308450644 0.6247318390532918 0.7145375477876639 0.0 0.0 0.0 0.0 0.0 0.0
11.88282341326088 11.42899867866697 1.7907183767523733 -0.8971690829939434 0.4415900628108926 0.00926568650876175 0.3148749308450644 0.6247318390532918 0.7145375477876639 0.0 0.0 0.0 0.0 0.0 0.0
12.01227033566119 11.949392902914642 1.8241615788884078 -0.9083697002359072 -0.01990486880152415 0.41769400748792423 0.3148749308450644 0.6247318390532918 0.7145375477876639 0.0 0.0 0.0 0.0 0.0 0.0
11.934654356310833 12.4652498116927 1.952818143174075 -0.5744654812267572 -0.47383760796458263 0.6674333915510317 0.3148749308450644 0.6247318390532918 0.7145375477876639 0.0 0.0 0.0 0.0 0.0 0.0
11.726088952439254 12.873095422825909 2.2336161700646215 -0.02231222134890498 -0.7477515177195608 0.6636036712726736 0.3148749308450644 0.6247318390532918 0.7145375477876639 0.0 0.0 0.0 0.0 0.0 0.0
11.512437477009136 13.11049105196691 2.665682674702093 0.5383178244598439 -0.7375821241541909 0.4076598214161068 0.3148749308450644 0.6247318390532918 0.7145375477876639 0.0 0.0 0.0 0.0 0.0 0.0
11.421495566602836 13.179754812698908 3.1906752484584016 0.8944319285622329 -0.44719294990715047 -0.0031608103051868897 0.3148749308450644 0.6247318390532918 0.7145375477876639 0.0 0.0 0.0 0.0 0.0 0.0
11.534439442455637 13.147080926428625 3.714947315406187 0.9107363888994523 0.01309230267702518 -0.41278059734561 0.3148749308450644 0.6247318390532918 0.7145375477876639 0.0 0.0 0.0 0.0 0.0 0.0
11.854985706814428 13.117391430965519 4.1451260322008805 0.5810368683933527 0.4684035705825711 -0.6655781341308802 0.3148749308450644 0.6247318390532918 0.7145375477876639 0.0 0.0 0.0 0.0 0.0 0.0
12.307979343605837 13.194474544155051 4.423586192377995 0.0305917271662266 0.7457604907337229 -0.6655114098868506 0.3148749308450644 0.6247318390532918 0.7145375477876639 0.0 0.0 0.0 0.0 0.0 0.0
12.767946365567356 13.44155378467272 4.5503430057310545 -0.5314757226777518 0.7397905320046423 -0.41260577426939793 0.3148749308450644 0.6247318390532918 0.7145375477876639 0.0 0.0 0.0 0.0 0.0 0.0
13.106763479821575 13.857268300238392 4.583046319856747 -0.8916266596762287 0.4527617815288943 -0.0029443066063312706 0.3148749308450644 0.6247318390532918 0.7145375477876639 0.0 0.0 0.0 0.0 0.0 0.0
13.242334268947525 14.376189878149745 4.615078479198883 -0.9130337214609238 -0.006278739522989117 0.4078357523626618 0.3148749308450644 0.6247318390532918 0.7145375477876639 0.0 0.0 0.0 0.0 0.0 0.0
13.16977899253781 14.89368021718927 4.740076811124657 -0.5875640073528448 -0.46293386245516227 0.6636721903589231 0.3148749308450644 0.6247318390532918 0.7145375477876639 0.0 0.0 0.0 0.0 0.0 0.0
12.963288482164286 15.305644767715908 5.016359239725224 -0.03886890330508458 -0.7437126711991873 0.6673684672305316 0.3148749308450644 0.6247318390532918 0.7145375477876639 0.0 0.0 0.0 0.0 0.0 0.0
12.747937804059356 15.548079991441739 5.444768331429769 0.5245931469616852 -0.7419426019418671 0.41752030559550923 0.3148749308450644 0.6247318390532918 0.7145375477876639 0.0 0.0 0.0 0.0 0.0 0.0
12.65216815031069 15.621389375709663 5.968351189932106 0.8887534899680167 -0.45829613358803734 0.009049199297501032 0.3148749308450644 0.6247318390532918 0.7145375477876639 0.0 0.0 0.0 0.0 0.0 0.0
12.7589898825649 15.590230141905886 6.493996813699042 0.9152615229695518 -0.0005353017813718405 -0.402859849108172 0.3148749308450644 0.6247318390532918 0.7145375477876639 0.0 0.0 0.0 0.0 0.0 0.0
13.074445507778766 15.558948886044202 6.927810522185766 0.59404640103833 0.45742890012180515 -0.6617157053801601 0.3148749308450644 0.6247318390532918 0.7145375477876639 0.0 0.0 0.0 0.0 0.0 0.0
13.525314028801017 15.631938562358302 7.210786114810169 0.047143119426468205 0.7416082150653381 -0.6691747018816121 0.3148749308450644 0.6247318390532918 0.7145375477876639 0.0 0.0 0.0 0.0 0.0 0.0
13.98692882537989 15.873977854631285 7.341223313085046 -0.5176706214464333 0.7440381700774051 -0.4224030411338552 0.3148749308450644 0.6247318390532918 0.7145375477876639 0.0 0.0 0.0 0.0 0.0 0.0
14.33054058751152 16.285620671184606 7.375373724842531 -0.8858126382405952 0.4637955846222406 -0.015153402857110143 0.3148749308450644 0.6247318390532918 0.7145375477876639 0.0 0.0 0.0 0.0 0.0 0.0
14.472231330884071 16.802985705845916 7.406069917941935 -0.9174196237696272 0.007349302320428262 0.39785326651643593 0.3148749308450644 0.6247318390532918 0.7145375477876639 0.0 0.0 0.0 0.0 0.0 0.0
14.404796242151686 17.322026014202415 7.527456775662231 -0.6004835557904324 -0.45188910280669714 0.6597088281884944 0.3148749308450644 0.6247318390532918 0.7145375477876639 0.0 0.0 0.0 0.0 0.0 0.0
14.20048090798263 17.738058187355414 7.799224281525864 -0.05541374541678601 -0.7394472825946602 0.6709299762883276 0.3148749308450644 0.6247318390532918 0.7145375477876639 0.0 0.0 0.0 0.0 0.0 0.0
13.983534008802222 17.98553332917422 8.223930296595261 0.5107086733091143 -0.7460770768256323 0.42725360904521725 0.3148749308450644 0.6247318390532918 0.7145375477876639 0.0 0.0 0.0 0.0 0.0 0.0
13.883003167772099 18.062940177855275 8.746028785290072 0.8828043284512079 -0.4692597158270187 0.021256452426421324 0.3148749308450644 0.6247318390532918 0.7145375477876639 0.0 0.0 0.0 0.0 0.0 0.0
