t = 0
b =  30.0 30.0 30.0
E = 0. 0. 0.
5.985715176276218 10.537228439255028 3.6539599570126415 0.26967295553040604 0.9300732485519319 -0.2494799578794897 0.5082751839672888 0.08256664110785449 0.8572275585509286 0.0 0.0 0.0 0.0 0.0 0.0
6.502308381922758 10.549470778236486 3.801156040977046 -0.2611377423888661 0.9633050332106967 0.06205233670849794 0.5082751839672888 0.08256664110785449 0.8572275585509286 0.0 0.0 0.0 0.0 0.0 0.0
6.959375230975043 10.781298529848758 3.962496957046632 -0.6927378459843836 0.6305611301514376 0.3500099111211828 0.5082751839672888 0.08256664110785449 0.8572275585509286 0.0 0.0 0.0 0.0 0.0 0.0
7.258532466238161 11.156862710919684 4.203622643369369 -0.8611552599312884 0.05825651132775446 0.5049928684452824 0.5082751839672888 0.08256664110785449 0.8572275585509286 0.0 0.0 0.0 0.0 0.0 0.0
7.361389332903653 11.545706465580817 4.559861469943831 -0.7024053928821499 -0.5361807301462709 0.46812059201650635 0.5082751839672888 0.08256664110785449 0.8572275585509286 0.0 0.0 0.0 0.0 0.0 0.0
7.304132868160441 11.812327805934157 5.022808400197891 -0.27679997348517266 -0.9269139477739743 0.25340147612173364 0.5082751839672888 0.08256664110785449 0.8572275585509286 0.0 0.0 0.0 0.0 0.0 0.0
7.183779840751761 11.867659082727029 5.54351820490719 0.2539663836875857 -0.9654970594675673 -0.05758909719843572 0.5082751839672888 0.08256664110785449 0.8572275585509286 0.0 0.0 0.0 0.0 0.0 0.0
7.12131845849573 11.702905274434862 6.0511005730980605 0.6882466656059294 -0.6372716960194266 -0.3467006096545602 0.5082751839672888 0.08256664110785449 0.8572275585509286 0.0 0.0 0.0 0.0 0.0 0.0
7.215742925320283 11.392885362983284 6.479652526409224 0.8610505323899669 -0.0669361606389346 -0.5040947639778393 0.5082751839672888 0.08256664110785449 0.8572275585509286 0.0 0.0 0.0 0.0 0.0 0.0
7.506443888096122 11.067607351607911 6.793296062410276 0.7067269059218602 0.5288295412812147 -0.46997488945093036 0.5082751839672888 0.08256664110785449 0.8572275585509286 0.0 0.0 0.0 0.0 0.0 0.0
7.958243271314044 10.862876050807236 6.999808807573206 0.28390591205028387 0.9236840589102006 -0.25730369686048726 0.5082751839672888 0.08256664110785449 0.8572275585509286 0.0 0.0 0.0 0.0 0.0 0.0
8.47475901611694 10.868698560298903 7.147669166940717 -0.24677568446291642 0.9676155593852855 0.05312147205565654 0.5082751839672888 0.08256664110785449 0.8572275585509286 0.0 0.0 0.0 0.0 0.0 0.0
8.935022235881705 11.095089066998511 7.3076385675347835 -0.6837030725792338 0.6439337311804659 0.3433649055942063 0.5082751839672888 0.08256664110785449 0.8572275585509286 0.0 0.0 0.0 0.0 0.0 0.0
9.239435318739286 11.46826428798211 7.545878009163042 -0.8608802325169108 0.07561071250232815 0.503158270742437 0.5082751839672888 0.08256664110785449 0.8572275585509286 0.0 0.0 0.0 0.0 0.0 0.0
9.347610725507002 11.858674973259712 7.898812394438937 -0.7109945989714797 -0.5214380799991432 0.471793396477941 0.5082751839672888 0.08256664110785449 0.8572275585509286 0.0 0.0 0.0 0.0 0.0 0.0
9.293714891067692 12.130223831794433 8.359292099286979 -0.29099023008100566 -0.9203838279291524 0.2611863229265333 0.5082751839672888 0.08256664110785449 0.8572275585509286 0.0 0.0 0.0 0.0 0.0 0.0
9.173487824525397 12.191971167792788 8.879309234664362 0.23956619231444473 -0.9696603716318805 -0.04864980150711201 0.5082751839672888 0.08256664110785449 0.8572275585509286 0.0 0.0 0.0 0.0 0.0 0.0
9.107869879059141 12.032684391567248 9.38823664625743 0.6791074129164973 -0.650546728294785 -0.34000305296690003 0.5082751839672888 0.08256664110785449 0.8572275585509286 0.0 0.0 0.0 0.0 0.0 0.0
9.197054489735345 11.725105468157428 9.819660351228483 0.8606443732811154 -0.08427950631722586 -0.502183460056661 0.5082751839672888 0.08256664110785449 0.8572275585509286 0.0 0.0 0.0 0.0 0.0 0.0
9.482423012381194 11.39831502863074 10.136611320678396 0.7152081470296603 0.51400690918845 -0.4735759746111871 0.5082751839672888 0.08256664110785449 0.8572275585509286 0.0 0.0 0.0 0.0 0.0 0.0
9.930823254646509 11.188692480226809 10.3456106318146 0.2980523880790926 0.9170135061561966 -0.2650490586428642 0.5082751839672888 0.08256664110785449 0.8572275585509286 0.0 0.0 0.0 0.0 0.0 0.0
10.447164548152685 11.188103189405055 10.494192001693381 -0.2323384562729098 0.971631340486983 0.04417442608782768 0.5082751839672888 0.08256664110785449 0.8572275585509286 0.0 0.0 0.0 0.0 0.0 0.0
10.910544283240913 11.40899729321973 10.652842933388833 -0.674460036594996 0.6571101837570503 0.33661530779073523 0.5082751839672888 0.08256664110785449 0.8572275585509286 0.0 0.0 0.0 0.0 0.0 0.0
11.220180831765395 11.779679684097829 10.888225335086798 -0.8603429726441744 0.09294188192141617 0.5011704061561197 0.5082751839672888 0.08256664110785449 0.8572275585509286 0.0 0.0 0.0 0.0 0.0 0.0
11.333702172604907 12.171548179884333 11.2378495466374 -0.7193672292184032 -0.5065365947615635 0.47532248810044303 0.5082751839672888 0.08256664110785449 0.8572275585509286 0.0 0.0 0.0 0.0 0.0 0.0
