t = 0
b =  30.0 30.0 30.0
E = 0. 0. 0.
9.184051276068946 29.66732206661053 28.940049363425263 -0.577616956098974 0.1639418639982271 0.7996760076779488 0.8124382422143519 0.020181529804792014 0.5826978706348535 0.0 0.0 0.0 0.0 0.0 0.0
9.462806845409453 30.0408639597378 29.207344871728168 -0.5144458234956254 -0.44551794008452666 0.7327068034014342 0.8124382422143519 0.020181529804792014 0.5826978706348535 0.0 0.0 0.0 0.0 0.0 0.0
9.624294473097075 30.312850024404554 29.641660918921083 -0.2558281214707956 -0.8857180300664307 0.38737003430823747 0.8124382422143519 0.020181529804792014 0.5826978706348535 0.0 0.0 0.0 0.0 0.0 0.0
9.727466072445784 30.38293663624851 30.164277977623172 0.09998296111888602 -0.989419032010334 -0.10513508730025628 0.8124382422143519 0.020181529804792014 0.5826978706348535 0.0 0.0 0.0 0.0 0.0 0.0
9.853428790927513 30.227485148613596 30.662929489867093 0.4178088451535369 -0.7172232014894544 -0.5576976314784605 0.8124382422143519 0.020181529804792014 0.5826978706348535 0.0 0.0 0.0 0.0 0.0 0.0
10.074631048808364 29.9085426096317 31.034453809467514 0.5769021635229831 -0.17254228539027272 -0.7983815212508379 0.8124382422143519 0.020181529804792014 0.5826978706348535 0.0 0.0 0.0 0.0 0.0 0.0
10.42733817301653 29.550269051266042 31.223987036177697 0.5168207046802351 0.4376903296818479 -0.7357469228728173 0.8124382422143519 0.020181529804792014 0.5826978706348535 0.0 0.0 0.0 0.0 0.0 0.0
10.897854593118344 29.291767017323306 31.24580672866871 0.26039041934807683 0.8816370707157632 -0.393589767462849 0.8124382422143519 0.020181529804792014 0.5826978706348535 0.0 0.0 0.0 0.0 0.0 0.0
11.427727017503747 29.234234181390978 31.177907621282248 -0.09496653979006525 0.9906351483989982 0.0980987210762459 0.8124382422143519 0.020181529804792014 0.5826978706348535 0.0 0.0 0.0 0.0 0.0 0.0
11.93595181615588 29.40251665870658 31.1323701204518 -0.4142441227060876 0.723274370669015 0.5525178653553225 0.8124382422143519 0.020181529804792014 0.5826978706348535 0.0 0.0 0.0 0.0 0.0 0.0
12.349749654002949 29.735669551574045 31.21277908441409 -0.5761434376136724 0.18112956701926108 0.7970262349798238 0.8124382422143519 0.020181529804792014 0.5826978706348535 0.0 0.0 0.0 0.0 0.0 0.0
12.632215577117602 30.110110934942803 31.474870203718503 -0.519156227967231 -0.42982938746597693 0.7387310123674634 0.8124382422143519 0.020181529804792014 0.5826978706348535 0.0 0.0 0.0 0.0 0.0 0.0
12.796339821731852 30.38657269591409 31.90535508053628 -0.26493288748678256 -0.8774889712887644 0.3997795272328235 0.8124382422143519 0.020181529804792014 0.5826978706348535 0.0 0.0 0.0 0.0 0.0 0.0
12.900072606307363 30.463010818269872 32.42696971316586 0.08994288639156128 -0.9917758240857123 -0.09105488425482117 0.8124382422143519 0.020181529804792014 0.5826978706348535 0.0 0.0 0.0 0.0 0.0 0.0
13.024307874665888 30.313373610319044 32.927828382064504 0.41064785396488285 -0.7292704597049788 -0.5472960228575783 0.8124382422143519 0.020181529804792014 0.5826978706348535 0.0 0.0 0.0 0.0 0.0 0.0
13.242150334256763 29.99749917813194 33.303930905332074 0.5753408361509574 -0.18970305493044942 -0.795610252075204 0.8124382422143519 0.020181529804792014 0.5826978706348535 0.0 0.0 0.0 0.0 0.0 0.0
13.591141755551373 29.638381928604424 33.49867404660519 0.5214522154974721 0.4219357120780983 -0.7416588446354048 0.8124382422143519 0.020181529804792014 0.5826978706348535 0.0 0.0 0.0 0.0 0.0 0.0
14.058998225776149 29.375444937921337 33.52435603090733 0.2694551799603767 0.8732740476792651 -0.40593884224399013 0.8124382422143519 0.020181529804792014 0.5826978706348535 0.0 0.0 0.0 0.0 0.0 0.0
14.58827701275131 29.311570793884346 33.457504243347074 -0.08491238349403069 0.992840972203606 0.08400411325142682 0.8124382422143519 0.020181529804792014 0.5826978706348535 0.0 0.0 0.0 0.0 0.0 0.0
15.098200019237238 29.47401478070095 33.40980119604567 -0.40702031279971096 0.7352110119719508 0.5420325016487505 0.8124382422143519 0.020181529804792014 0.5826978706348535 0.0 0.0 0.0 0.0 0.0 0.0
15.515342732613558 29.804050140830014 33.485654474550174 -0.574494420256047 0.1982620962195396 0.7941336803695581 0.8124382422143519 0.020181529804792014 0.5826978706348535 0.0 0.0 0.0 0.0 0.0 0.0
15.80152942481602 30.179279352030644 33.74253055048238 -0.5237084924226187 -0.4140099046521544 0.7445301967108781 0.8124382422143519 0.020181529804792014 0.5826978706348535 0.0 0.0 0.0 0.0 0.0 0.0
15.968336749692234 30.460134992438974 34.16912230818149 -0.2739569523787786 -0.868992620870017 0.41206724344066364 0.8124382422143519 0.020181529804792014 0.5826978706348535 0.0 0.0 0.0 0.0 0.0 0.0
16.072695578653637 30.54290373757709 34.68964480698863 0.07987541418974542 -0.9938305116375261 -0.07694694500957328 0.8124382422143519 0.020181529804792014 0.5826978706348535 0.0 0.0 0.0 0.0 0.0 0.0
16.195262010792877 30.399128786316517 35.19262724725969 0.4033617754618762 -0.7410955750738758 -0.5367277025663579 0.8124382422143519 0.020181529804792014 0.5826978706348535 0.0 0.0 0.0 0.0 0.0 0.0
