t = 100000
b = 30 30 30
E = -0.763499049760685 -0.942699753212163 0.179200703451478
3.00152117132999 22.149519609598 52.7915316730576 -0.112774744986589 -0.41841515262906 -0.901227207464732 0.557148532019225 0.724379915474147 -0.406028412696956 -0.0261081673768713 -0.00183979048175717 -0.414217284632932 -0.320967259286877 -0.0499248598442272 -0.349593341613776
3.35050821023725 22.4243935476765 52.5684700659432 -0.625940265854108 -0.318044097074893 -0.712072059567546 0.219314520113105 0.804429531916859 -0.552081600275521 0.106711098612756 0.0083588837337748 -0.340025985970935 0.250259114149667 -0.573973115368718 -0.0212869611066131
3.51842874251312 22.6620966356582 52.1724199291573 -0.938712697708627 0.127594137339953 -0.320215744028683 0.283783500183397 0.813387456893878 -0.507806707461672 0.303676106305191 -0.244585668581998 -0.0116183623365849 0.191191421574387 -0.158243086528562 0.00227497634161291
3.43295649840892 23.0056100374828 51.6515227667883 -0.890128914589792 0.14901599319564 0.430656098809217 -0.0349164180022558 0.919944979544725 -0.390489396686848 -0.306599809536174 -0.580929758145183 -0.0757244250246075 -0.262249275140278 -0.674342297581627 -0.525102691593525
3.1731247719688 23.2706122362403 51.3248496301933 -0.3131463647826 0.480526065846061 0.819166620161829 -0.156452837358254 0.824662024335329 -0.5435576414222 0.174998267127174 0.0143361994184098 0.375689571579989 0.0954850251242909 0.329913437251343 -0.377597626904911
3.45961966538706 23.8261439324593 50.8179437652347 0.0695993826504442 0.000562472238786887 -0.997574805760901 0.0856065703945766 0.996307473959464 0.00653440702960364 0.371291453210355 -0.214352677272751 -0.609482742336014 -0.378021840655092 0.153784235538978 -0.319518573130015
3.79283425884001 24.1656540114632 50.6423600826013 -0.740272530148081 0.102127168262885 -0.664504712870182 0.235090351502276 0.965319517471066 -0.113536547047472 -0.303598280895855 0.241976972058555 0.280489920575012 0.584001519702624 0.0709093428413135 0.125486386938455
4.02821821439991 24.5396366964 50.3866418142149 -0.985780210620802 0.164781050200771 -0.0329316489921719 0.166861518419295 0.936723259926383 -0.307744426646247 0.114450739092362 -0.324841041311927 0.0338149780923135 -0.168147318323872 -0.168818993181454 0.12847871239685
4.03345005019805 25.0128705471391 50.1146217363756 -0.705922692648047 0.0147167425608108 0.708135939525713 -0.0555587785595439 0.995552953279891 -0.0760750849342109 -0.0190563523398172 -0.0612237437392326 0.553746857278538 0.0354059845877877 0.35546254743024 -0.521174693072019
3.71804797258153 25.3410896358111 49.8627798696608 0.0794378826788441 0.180389247319501 0.980382202007325 0.118362141249401 0.974825781915361 -0.188957474157938 -0.311854038865174 0.248348105050148 0.754034475646343 -0.074046048421834 -0.101743637277718 -0.502318926269789
3.64246760821536 25.8499671124658 50.0332549489034 0.790788772840716 -0.0923679326790228 0.605079468554394 0.227386860851807 0.962135316386712 -0.150301772092455 -0.00573646819946205 -0.216977560316231 -0.154227634148917 0.81369345227444 0.0513624523039699 0.0526341882038061
3.64453848587068 26.3250069572837 50.2636667915759 0.915432475764466 -0.369929658440763 -0.158541177610645 0.374315835941708 0.927298161790647 -0.00236062364713468 -0.535636307821788 0.0822217177652436 0.0213985783716982 0.030699545093315 -0.12755059560816 -0.0910791885861317
2.81462832990874 25.622733954347 50.6870119958641 -0.256470708866195 -0.960741826092571 -0.105819551123148 -0.376129993748764 -0.00164706728496623 0.926565405974883 -0.22772464456657 0.203406504012433 0.471585541505434 0.174258798706751 0.133739743558801 0.331993562815877
2.39688112507528 25.4956839893338 50.849299748059 0.572988467639129 -0.468669156817472 0.672334266495857 -0.735219410318938 0.0685346139545929 0.674355516698119 0.0974645074553607 0.103783110523668 -0.249049856658373 0.000878503450650958 -0.325985245314811 -0.414556599707937
2.24991995808153 25.1889282899148 51.0181136591111 0.0976947476754448 0.837148560274816 0.538180154479693 -0.873175497947495 -0.187364453464958 0.44995445822514 -0.0727574850264184 -0.0744617678150002 -0.159144523452254 0.0165285453713832 0.0627735358789846 -0.218089945704252
2.06958636922695 25.078762687467 51.463654298672 -0.192401899020503 0.978129347280563 0.0790206314280199 -0.74333501712482 -0.197839580756407 0.638993294817543 0.236622459824893 0.163823843260254 0.161011201529539 -0.295728201278864 0.0468110874450748 -0.414297786037216
1.84174290715161 25.131319410088 51.9545392293998 -0.38476767412126 0.766526729933418 -0.514189106433904 -0.811865416347588 -0.0160284323104581 0.583624473176474 0.461789343073468 -0.0332870522066841 0.186940644794041 -0.477229615423558 0.459663769707668 -0.125493728672122
1.4980713645931 25.3150818347952 52.2930389862677 -0.461485121788893 -0.129150713511302 -0.877696706267712 -0.880119494277179 0.190939375983839 0.434662795857866 0.634704846178855 0.325733091225159 -0.131696714150834 -0.301693905695896 0.791645262927214 -0.166688105204175
1.05167076946323 25.5556757088113 52.3139963994721 -0.339995479685051 -0.688585402030936 -0.640510058040905 -0.940415260285434 0.245536140700082 0.235225555397973 -0.265442205915942 0.296246158374204 0.196374495173005 -0.109412382210671 0.0272758432757137 0.081951631890441
0.69643411243032 25.6942121844908 52.0414502592451 -0.315200841044858 -0.925258520367436 0.211056718074809 -0.593988936380979 0.365788036610407 0.7165027278161 -0.23177482734657 -0.246026351719741 0.15854180315643 -0.543715854282351 -0.55224691555782 0.0593551084314683
0.993497174231859 25.8113676104731 51.4903976795216 0.570865405403701 -0.26560392430413 0.776895822843939 0.81033466657368 0.334591968796243 -0.481046580009089 -0.0014070320148735 0.419096020736271 -0.480815042968574 0.444715592929563 0.797919475874253 0.214237996365071
1.39912855216443 26.0522680696559 51.4330665554638 0.407274884009451 -0.800857814868849 0.439037299583311 0.848196104315896 0.153419386977819 -0.506977068193471 0.479812573081074 -0.185627825105299 -0.886442555677477 -0.648709730170373 0.0389323927624768 -0.153137126009588
1.85060287779025 26.2356485737646 51.6385735104224 0.170459079411946 -0.94378645334565 -0.283214923990917 0.905122578860341 0.263579328957692 -0.333585020239803 -0.325941542158429 0.129074285512952 0.195643908428577 -0.0505941208412055 0.227850478088152 0.136577311926122
2.4321564156231 26.2192487587398 51.6686045175446 -0.167630485931234 -0.84988247385376 -0.499599540814767 0.806811618052678 0.172954165016739 -0.564926368045331 0.100354594248671 -0.100858014016964 0.357762892484735 0.0564665167231127 0.2169126531745 0.991675444857384
2.90659852290661 26.0516343566421 51.5564565118569 -0.61858933517761 -0.057815466729616 -0.783584406534853 0.77805923487858 0.0937995989072287 -0.621148430330413 0.0955079211451517 -0.473684852263326 -0.413649012871211 -0.125935478715078 0.348393588571066 -0.102761196385436
