        0.0000  -1.014680   0.319128  -0.695553 
        0.5000  -1.011499   0.331550  -0.679949 
        1.0000  -0.983976   0.354057  -0.629920 
        1.5000  -0.914026   0.308021  -0.606006 
        2.0000  -0.970312   0.374887  -0.595425 
        2.5000  -0.924154   0.352641  -0.571513 
        3.0000  -0.892917   0.355983  -0.536933 
        3.5000  -0.950333   0.413109  -0.537225 
        4.0000  -0.926417   0.379928  -0.546489 
        4.5000  -0.908805   0.358737  -0.550069 
        5.0000  -0.908999   0.350559  -0.558440 
        5.5000  -0.930493   0.380667  -0.549826 
        6.0000  -0.931676   0.376619  -0.555056 
        6.5000  -0.921401   0.355710  -0.565691 
        7.0000  -0.889965   0.326989  -0.562975 
        7.5000  -0.927619   0.366377  -0.561242 
        8.0000  -0.917520   0.354291  -0.563229 
        8.5000  -0.911032   0.341942  -0.569091 
        9.0000  -0.913134   0.348527  -0.564607 
        9.5000  -0.917885   0.354754  -0.563131 
       10.0000  -0.907972   0.344953  -0.563019 
       10.5000  -0.857015   0.291063  -0.565952 
       11.0000  -0.934070   0.363936  -0.570134 
       11.5000  -0.826519   0.277213  -0.549305 
       12.0000  -0.902054   0.345420  -0.556634 
       12.5000  -0.898075   0.320182  -0.577893 
       13.0000  -0.903051   0.318013  -0.585039 
       13.5000  -0.897832   0.313769  -0.584063 
       14.0000  -0.946114   0.357288  -0.588827 
       14.5000  -0.988931   0.401243  -0.587688 
       15.0000  -0.929392   0.335225  -0.594167 
       15.5000  -0.949829   0.365954  -0.583875 
       16.0000  -0.863589   0.293358  -0.570231 
       16.5000  -0.920774   0.352640  -0.568134 
       17.0000  -0.909938   0.354528  -0.555410 
       17.5000  -0.846140   0.280339  -0.565802 
       18.0000  -0.920789   0.351094  -0.569695 
       18.5000  -0.900712   0.325438  -0.575274 
       19.0000  -0.927230   0.354706  -0.572524 
       19.5000  -0.966754   0.389368  -0.577387 
       20.0000  -0.892748   0.323897  -0.568852 
       20.5000  -0.919247   0.346898  -0.572349 
       21.0000  -0.923988   0.346718  -0.577270 
       21.5000  -0.910355   0.340924  -0.569431 
       22.0000  -0.961097   0.383391  -0.577706 
       22.5000  -0.913620   0.333940  -0.579680 
       23.0000  -0.921315   0.338631  -0.582684 
       23.5000  -0.951765   0.383065  -0.568701 
       24.0000  -0.921169   0.361623  -0.559546 
       24.5000  -0.921597   0.357228  -0.564369 
       25.0000  -0.878686   0.332961  -0.545724 
       25.5000  -0.874013   0.330885  -0.543128 
       26.0000  -0.922782   0.374258  -0.548524 
       26.5000  -0.889171   0.328732  -0.560438 
       27.0000  -0.895035   0.359743  -0.535293 
       27.5000  -0.902717   0.367884  -0.534833 
       28.0000  -0.911359   0.385009  -0.526350 
       28.5000  -0.939905   0.404905  -0.535000 
       29.0000  -0.868210   0.322567  -0.545643 
       29.5000  -0.914214   0.370355  -0.543859 
       30.0000  -1.053817   0.491744  -0.562072 
       30.5000  -0.891700   0.322496  -0.569204 
       31.0000  -0.957331   0.377967  -0.579365 
       31.5000  -0.970120   0.391647  -0.578473 
       32.0000  -0.945552   0.360997  -0.584555 
       32.5000  -0.913081   0.335174  -0.577907 
       33.0000  -0.928321   0.353610  -0.574711 
       33.5000  -0.913810   0.338103  -0.575707 
       34.0000  -0.948049   0.368694  -0.579355 
       34.5000  -0.937429   0.354214  -0.583215 
       35.0000  -0.915074   0.334025  -0.581049 
       35.5000  -0.895690   0.317713  -0.577977 
       36.0000  -0.908369   0.313023  -0.595347 
       36.5000  -0.967007   0.364510  -0.602497 
       37.0000  -0.870562   0.262826  -0.607736 
       37.5000  -0.920308   0.317534  -0.602774 
       38.0000  -0.943442   0.342011  -0.601431 
       38.5000  -0.914639   0.309118  -0.605521 
       39.0000  -0.927256   0.331534  -0.595722 
       39.5000  -0.932233   0.329211  -0.603022 
       40.0000  -0.932869   0.332570  -0.600299 
       40.5000  -0.952253   0.347239  -0.605014 
       41.0000  -0.885213   0.288776  -0.596437 
       41.5000  -0.919178   0.329487  -0.589691 
       42.0000  -0.882573   0.279639  -0.602934 
       42.5000  -0.954003   0.348307  -0.605696 
       43.0000  -0.971551   0.366596  -0.604956 
       43.5000  -0.928260   0.339517  -0.588743 
       44.0000  -0.908120   0.317654  -0.590467 
       44.5000  -0.912805   0.321870  -0.590936 
       45.0000  -0.917681   0.318953  -0.598728 
       45.5000  -0.909142   0.311552  -0.597590 
       46.0000  -0.924966   0.327634  -0.597332 
       46.5000  -0.957257   0.346645  -0.610612 
       47.0000  -0.919014   0.316006  -0.603008 
       47.5000  -0.918275   0.331316  -0.586959 
       48.0000  -0.949586   0.363132  -0.586454 
       48.5000  -0.927560   0.338976  -0.588584 
       49.0000  -0.894007   0.291991  -0.602016 
       49.5000  -0.936447   0.329688  -0.606759 
       50.0000  -0.935136   0.330584  -0.604552 
       50.5000  -0.915822   0.309803  -0.606020 
       51.0000  -0.927684   0.324767  -0.602917 
       51.5000  -0.905570   0.310344  -0.595225 
       52.0000  -0.886137   0.297955  -0.588182 
       52.5000  -0.870019   0.281655  -0.588364 
       53.0000  -0.882532   0.290327  -0.592205 
       53.5000  -0.907560   0.312484  -0.595077 
       54.0000  -0.881934   0.282538  -0.599396 
       54.5000  -0.902795   0.302161  -0.600634 
       55.0000  -0.925826   0.328932  -0.596894 
       55.5000  -0.919789   0.332771  -0.587018 
       56.0000  -0.969208   0.380386  -0.588822 
       56.5000  -0.876351   0.301246  -0.575105 
       57.0000  -0.912228   0.325956  -0.586271 
       57.5000  -0.904312   0.312396  -0.591916 
       58.0000  -0.867026   0.279646  -0.587380 
       58.5000  -0.888915   0.302625  -0.586291 
       59.0000  -0.917662   0.316237  -0.601425 
       59.5000  -0.904511   0.306900  -0.597611 
       60.0000  -0.924821   0.313507  -0.611314 
       60.5000  -0.942567   0.315594  -0.626973 
       61.0000  -0.946569   0.321531  -0.625038 
       61.5000  -0.974294   0.351716  -0.622578 
       62.0000  -0.950871   0.332503  -0.618368 
       62.5000  -0.904712   0.291418  -0.613294 
       63.0000  -0.947440   0.335975  -0.611465 
       63.5000  -0.976908   0.362229  -0.614679 
       64.0000  -0.984555   0.355398  -0.629157 
       64.5000  -0.947091   0.319764  -0.627327 
       65.0000  -0.940009   0.322109  -0.617900 
       65.5000  -0.960688   0.340866  -0.619822 
       66.0000  -0.936489   0.311173  -0.625317 
       66.5000  -0.956893   0.339963  -0.616930 
       67.0000  -0.931464   0.307249  -0.624216 
       67.5000  -0.975635   0.343417  -0.632217 
       68.0000  -0.929323   0.286077  -0.643246 
       68.5000  -0.999917   0.353538  -0.646379 
       69.0000  -0.962044   0.312040  -0.650004 
       69.5000  -0.957027   0.314442  -0.642585 
       70.0000  -0.900616   0.249022  -0.651594 
       70.5000  -0.997361   0.336513  -0.660848 
       71.0000  -0.973803   0.315175  -0.658628 
       71.5000  -0.973535   0.317862  -0.655673 
       72.0000  -0.967956   0.309772  -0.658184 
       72.5000  -0.968988   0.316399  -0.652589 
       73.0000  -0.975145   0.321668  -0.653477 
       73.5000  -0.988818   0.321939  -0.666879 
       74.0000  -0.992026   0.313409  -0.678617 
       74.5000  -1.027759   0.338014  -0.689746 
       75.0000  -0.972989   0.285394  -0.687595 
       75.5000  -0.953458   0.267915  -0.685543 
       76.0000  -1.016804   0.330797  -0.686006 
       76.5000  -0.975784   0.290374  -0.685410 
       77.0000  -0.994981   0.310594  -0.684387 
       77.5000  -0.927674   0.257077  -0.670597 
       78.0000  -0.949105   0.274159  -0.674946 
       78.5000  -0.996488   0.307999  -0.688488 
       79.0000  -0.936750   0.239393  -0.697357 
       79.5000  -0.979613   0.271424  -0.708189 
       80.0000  -0.966498   0.275288  -0.691210 
       80.5000  -0.953310   0.262462  -0.690848 
       81.0000  -0.995905   0.311793  -0.684112 
       81.5000  -0.959190   0.283445  -0.675745 
       82.0000  -0.979815   0.296345  -0.683470 
       82.5000  -0.988121   0.302484  -0.685637 
       83.0000  -0.977620   0.299787  -0.677833 
       83.5000  -1.032687   0.363460  -0.669227 
       84.0000  -0.953019   0.279770  -0.673249 
       84.5000  -1.038619   0.367867  -0.670752 
       85.0000  -1.043928   0.357907  -0.686020 
       85.5000  -0.979392   0.285521  -0.693872 
       86.0000  -0.984453   0.285436  -0.699017 
       86.5000  -1.039455   0.331839  -0.707617 
       87.0000  -1.039416   0.346775  -0.692642 
       87.5000  -1.023665   0.321162  -0.702503 
       88.0000  -0.988938   0.295496  -0.693441 
       88.5000  -1.008985   0.319882  -0.689103 
       89.0000  -1.008196   0.323443  -0.684753 
       89.5000  -0.994590   0.304719  -0.689870 
       90.0000  -1.027804   0.313813  -0.713991 
       90.5000  -1.047812   0.339466  -0.708346 
       91.0000  -0.978582   0.267573  -0.711009 
       91.5000  -1.012207   0.301447  -0.710760 
       92.0000  -0.993079   0.285082  -0.707997 
       92.5000  -1.049699   0.339535  -0.710164 
       93.0000  -1.007708   0.306455  -0.701253 
       93.5000  -1.038046   0.327417  -0.710629 
       94.0000  -1.044431   0.342394  -0.702037 
       94.5000  -1.009678   0.296127  -0.713551 
       95.0000  -1.029933   0.308333  -0.721600 
       95.5000  -1.042469   0.323408  -0.719062 
       96.0000  -1.042156   0.319963  -0.722193 
       96.5000  -1.011824   0.290912  -0.720912 
       97.0000  -1.066838   0.340836  -0.726001 
       97.5000  -1.025549   0.288835  -0.736714 
       98.0000  -0.995205   0.259243  -0.735963 
       98.5000  -1.024045   0.287076  -0.736969 
       99.0000  -1.013151   0.279970  -0.733181 
       99.5000  -1.034403   0.310187  -0.724217 
      100.0000  -0.970309   0.256440  -0.713869 
      100.5000  -0.961674   0.242339  -0.719335 
      101.0000  -1.001923   0.280069  -0.721854 
      101.5000  -1.024431   0.295715  -0.728716 
      102.0000  -1.010412   0.277660  -0.732752 
      102.5000  -1.026401   0.302361  -0.724040 
      103.0000  -1.015201   0.292757  -0.722444 
      103.5000  -1.016252   0.290755  -0.725497 
      104.0000  -0.998264   0.278672  -0.719592 
      104.5000  -1.026869   0.314255  -0.712614 
      105.0000  -1.042491   0.337725  -0.704766 
      105.5000  -1.010706   0.297504  -0.713202 
      106.0000  -1.005855   0.292563  -0.713292 
      106.5000  -1.043040   0.328901  -0.714140 
      107.0000  -1.037523   0.322043  -0.715479 
      107.5000  -0.980586   0.263093  -0.717493 
      108.0000  -1.079105   0.368342  -0.710764 
      108.5000  -0.988595   0.273799  -0.714795 
      109.0000  -1.066329   0.336596  -0.729733 
      109.5000  -1.118964   0.382897  -0.736067 
      110.0000  -1.002923   0.258779  -0.744144 
      110.5000  -1.077182   0.330637  -0.746545 
      111.0000  -1.013058   0.266169  -0.746889 
      111.5000  -1.078592   0.333062  -0.745530 
      112.0000  -1.088269   0.337319  -0.750950 
      112.5000  -1.075033   0.312536  -0.762497 
      113.0000  -1.051578   0.283862  -0.767716 
      113.5000  -1.040709   0.271268  -0.769441 
      114.0000  -1.068150   0.305360  -0.762791 
      114.5000  -1.042949   0.264989  -0.777960 
      115.0000  -1.047501   0.282325  -0.765176 
      115.5000  -1.027776   0.254142  -0.773634 
      116.0000  -1.044196   0.261712  -0.782483 
      116.5000  -1.066444   0.286483  -0.779961 
      117.0000  -1.070382   0.287556  -0.782825 
      117.5000  -1.040017   0.249723  -0.790293 
      118.0000  -1.076151   0.282582  -0.793569 
      118.5000  -1.100067   0.306163  -0.793904 
      119.0000  -1.087608   0.297858  -0.789751 
      119.5000  -1.033419   0.232500  -0.800919 
      120.0000  -1.045131   0.247564  -0.797567 
      120.5000  -1.059039   0.260630  -0.798409 
      121.0000  -1.065057   0.278477  -0.786580 
      121.5000  -1.105939   0.312169  -0.793770 
      122.0000  -1.044786   0.254896  -0.789889 
      122.5000  -1.083301   0.297030  -0.786271 
      123.0000  -1.032218   0.250214  -0.782004 
      123.5000  -1.084753   0.299663  -0.785090 
      124.0000  -1.054566   0.273690  -0.780877 
      124.5000  -1.067299   0.296850  -0.770449 
      125.0000  -1.068194   0.307644  -0.760550 
      125.5000  -1.047983   0.277317  -0.770666 
      126.0000  -1.028245   0.258762  -0.769483 
      126.5000  -1.024060   0.243792  -0.780268 
      127.0000  -1.073847   0.271259  -0.802588 
      127.5000  -1.037573   0.228752  -0.808822 
      128.0000  -1.060040   0.262153  -0.797887 
      128.5000  -1.058654   0.252053  -0.806600 
      129.0000  -1.030573   0.234303  -0.796270 
      129.5000  -1.084338   0.282535  -0.801803 
      130.0000  -1.051120   0.251941  -0.799179 
      130.5000  -1.037219   0.234460  -0.802758 
      131.0000  -1.094818   0.288645  -0.806173 
      131.5000  -1.049434   0.248005  -0.801429 
      132.0000  -1.066099   0.252484  -0.813615 
      132.5000  -1.064600   0.248341  -0.816259 
      133.0000  -1.097678   0.279647  -0.818032 
      133.5000  -1.031464   0.224965  -0.806499 
      134.0000  -1.068040   0.258404  -0.809636 
      134.5000  -1.067754   0.259325  -0.808429 
      135.0000  -1.063085   0.252590  -0.810495 
      135.5000  -1.034048   0.223128  -0.810921 
      136.0000  -1.083376   0.270139  -0.813237 
      136.5000  -1.049057   0.239967  -0.809089 
      137.0000  -1.081786   0.276431  -0.805355 
      137.5000  -1.038489   0.235013  -0.803475 
      138.0000  -1.044418   0.246543  -0.797875 
      138.5000  -1.066236   0.265960  -0.800276 
      139.0000  -1.073411   0.277018  -0.796393 
      139.5000  -1.052330   0.260888  -0.791442 
      140.0000  -1.051641   0.262675  -0.788967 
      140.5000  -1.088071   0.300471  -0.787599 
      141.0000  -1.067293   0.280029  -0.787264 
      141.5000  -1.074297   0.288241  -0.786056 
      142.0000  -1.075594   0.288002  -0.787592 
      142.5000  -1.080861   0.295498  -0.785363 
      143.0000  -1.081853   0.311958  -0.769895 
      143.5000  -1.051217   0.273753  -0.777464 
      144.0000  -1.069198   0.290357  -0.778841 
      144.5000  -1.015358   0.226507  -0.788851 
      145.0000  -1.088441   0.302654  -0.785787 
      145.5000  -1.081286   0.298038  -0.783248 
      146.0000  -1.050378   0.272286  -0.778092 
      146.5000  -1.071035   0.288939  -0.782096 
      147.0000  -1.077246   0.293962  -0.783283 
      147.5000  -1.070785   0.288796  -0.781989 
      148.0000  -1.082870   0.297676  -0.785194 
      148.5000  -1.086298   0.311124  -0.775174 
      149.0000  -1.022421   0.244081  -0.778341 
      149.5000  -1.020448   0.256113  -0.764335 
      150.0000  -1.065597   0.287156  -0.778442 
      150.5000  -1.059260   0.273972  -0.785288 
      151.0000  -1.033879   0.254076  -0.779803 
      151.5000  -1.061930   0.290423  -0.771508 
      152.0000  -1.053031   0.287629  -0.765402 
      152.5000  -1.111794   0.345323  -0.766471 
      153.0000  -1.063606   0.294825  -0.768781 
      153.5000  -1.026803   0.251329  -0.775474 
      154.0000  -1.120304   0.363375  -0.756929 
      154.5000  -1.008354   0.252369  -0.755986 
      155.0000  -1.090353   0.322031  -0.768322 
      155.5000  -1.039448   0.260705  -0.778743 
      156.0000  -1.076654   0.295061  -0.781592 
      156.5000  -1.111917   0.328484  -0.783433 
      157.0000  -1.012921   0.221462  -0.791459 
      157.5000  -1.079931   0.281154  -0.798777 
      158.0000  -1.009495   0.207450  -0.802045 
      158.5000  -1.076195   0.295031  -0.781165 
      159.0000  -1.109005   0.321197  -0.787808 
      159.5000  -1.072508   0.294042  -0.778466 
      160.0000  -1.064773   0.289222  -0.775551 
      160.5000  -1.075748   0.297355  -0.778393 
      161.0000  -1.057183   0.277666  -0.779517 
      161.5000  -1.076274   0.301121  -0.775153 
      162.0000  -1.042259   0.253609  -0.788650 
      162.5000  -0.993724   0.208965  -0.784760 
      163.0000  -1.076585   0.295771  -0.780813 
      163.5000  -1.099393   0.312035  -0.787358 
      164.0000  -1.029631   0.234071  -0.795560 
      164.5000  -1.036397   0.237958  -0.798439 
      165.0000  -1.091655   0.303102  -0.788553 
      165.5000  -1.061608   0.265883  -0.795725 
      166.0000  -1.095612   0.294274  -0.801338 
      166.5000  -1.108816   0.288323  -0.820493 
      167.0000  -1.109921   0.297945  -0.811976 
      167.5000  -1.075736   0.274488  -0.801248 
      168.0000  -1.068754   0.264995  -0.803758 
      168.5000  -1.074223   0.268486  -0.805737 
      169.0000  -1.078047   0.258960  -0.819088 
      169.5000  -1.063760   0.244715  -0.819045 
      170.0000  -1.052169   0.239696  -0.812473 
      170.5000  -1.112354   0.298541  -0.813813 
      171.0000  -1.083161   0.272167  -0.810994 
      171.5000  -1.038698   0.241396  -0.797302 
      172.0000  -1.100511   0.318591  -0.781920 
      172.5000  -1.072247   0.289929  -0.782319 
      173.0000  -1.037711   0.257411  -0.780300 
      173.5000  -1.017678   0.241496  -0.776182 
      174.0000  -1.102622   0.308359  -0.794263 
      174.5000  -1.097788   0.313156  -0.784632 
      175.0000  -1.067626   0.273868  -0.793758 
      175.5000  -1.079125   0.283640  -0.795485 
      176.0000  -1.094102   0.295652  -0.798450 
      176.5000  -1.051138   0.260346  -0.790792 
      177.0000  -1.057792   0.258438  -0.799353 
      177.5000  -1.048084   0.264519  -0.783565 
      178.0000  -1.033339   0.248446  -0.784893 
      178.5000  -1.075603   0.294760  -0.780843 
      179.0000  -1.053000   0.280963  -0.772037 
      179.5000  -1.010243   0.243771  -0.766472 
      180.0000  -1.046705   0.285199  -0.761506 
      180.5000  -1.070524   0.315987  -0.754537 
      181.0000  -1.048197   0.304439  -0.743758 
      181.5000  -1.075653   0.336526  -0.739126 
      182.0000  -1.059298   0.309114  -0.750184 
      182.5000  -1.052901   0.302130  -0.750771 
      183.0000  -1.019718   0.266352  -0.753365 
      183.5000  -1.044256   0.292330  -0.751926 
      184.0000  -1.084381   0.324022  -0.760359 
      184.5000  -1.048998   0.282612  -0.766386 
      185.0000  -1.004056   0.234885  -0.769171 
      185.5000  -1.034908   0.261545  -0.773363 
      186.0000  -1.072435   0.306571  -0.765865 
      186.5000  -1.087893   0.329383  -0.758510 
      187.0000  -1.062761   0.296367  -0.766394 
      187.5000  -1.089043   0.319680  -0.769363 
      188.0000  -1.101220   0.326654  -0.774566 
      188.5000  -1.019152   0.255235  -0.763917 
      189.0000  -1.074032   0.311870  -0.762162 
      189.5000  -1.064220   0.292389  -0.771831 
      190.0000  -1.089060   0.314693  -0.774368 
      190.5000  -1.083232   0.321406  -0.761826 
      191.0000  -1.022121   0.257423  -0.764698 
      191.5000  -1.068929   0.310325  -0.758603 
      192.0000  -1.046708   0.276500  -0.770208 
      192.5000  -1.016683   0.252359  -0.764325 
      193.0000  -1.061032   0.285548  -0.775484 
      193.5000  -1.079634   0.306014  -0.773619 
      194.0000  -1.100526   0.331602  -0.768925 
      194.5000  -1.054316   0.283042  -0.771274 
      195.0000  -1.080675   0.320651  -0.760024 
      195.5000  -1.060388   0.297008  -0.763380 
      196.0000  -1.043721   0.265137  -0.778584 
      196.5000  -1.027561   0.248098  -0.779463 
      197.0000  -1.044130   0.258968  -0.785163 
      197.5000  -1.060910   0.275904  -0.785005 
      198.0000  -1.094561   0.316094  -0.778467 
      198.5000  -1.098821   0.313166  -0.785655 
      199.0000  -1.063066   0.274209  -0.788857 
      199.5000  -1.065707   0.272142  -0.793565 
      200.0000  -1.107938   0.312113  -0.795825 
      200.5000  -1.055135   0.275632  -0.779503 
      201.0000  -1.072289   0.294136  -0.778153 
      201.5000  -1.080680   0.282814  -0.797865 
      202.0000  -1.067031   0.274197  -0.792834 
      202.5000  -1.102524   0.305552  -0.796973 
      203.0000  -1.081006   0.293612  -0.787394 
      203.5000  -1.094725   0.296486  -0.798239 
      204.0000  -1.103172   0.294298  -0.808874 
      204.5000  -1.107611   0.285630  -0.821981 
      205.0000  -1.075762   0.255281  -0.820481 
      205.5000  -1.088991   0.277605  -0.811386 
      206.0000  -1.093168   0.275372  -0.817796 
      206.5000  -1.091110   0.283767  -0.807342 
      207.0000  -1.088946   0.283522  -0.805424 
      207.5000  -1.119562   0.312939  -0.806623 
      208.0000  -1.079534   0.257898  -0.821636 
      208.5000  -1.097171   0.259044  -0.838128 
      209.0000  -1.101928   0.253879  -0.848048 
      209.5000  -1.106541   0.261680  -0.844861 
      210.0000  -1.069507   0.217675  -0.851832 
      210.5000  -1.064587   0.225197  -0.839389 
      211.0000  -1.128093   0.288156  -0.839936 
      211.5000  -1.065700   0.235456  -0.830243 
      212.0000  -1.084422   0.249097  -0.835325 
      212.5000  -1.073344   0.228535  -0.844809 
      213.0000  -1.070330   0.221432  -0.848898 
      213.5000  -1.082968   0.234272  -0.848696 
      214.0000  -1.075976   0.228306  -0.847669 
      214.5000  -1.123601   0.273054  -0.850547 
      215.0000  -1.077266   0.221528  -0.855738 
      215.5000  -1.054216   0.202139  -0.852077 
      216.0000  -1.103432   0.258429  -0.845003 
      216.5000  -1.073529   0.248037  -0.825492 
      217.0000  -1.094759   0.274289  -0.820470 
      217.5000  -1.056676   0.239825  -0.816851 
      218.0000  -1.072746   0.253037  -0.819710 
      218.5000  -1.032607   0.230033  -0.802574 
      219.0000  -1.087782   0.285243  -0.802539 
      219.5000  -1.042085   0.231822  -0.810263 
      220.0000  -1.079748   0.277670  -0.802078 
      220.5000  -1.093464   0.284432  -0.809031 
      221.0000  -1.092569   0.284463  -0.808105 
      221.5000  -1.111816   0.292982  -0.818834 
      222.0000  -1.132710   0.304296  -0.828414 
      222.5000  -1.074961   0.231644  -0.843317 
      223.0000  -1.048674   0.212814  -0.835860 
      223.5000  -1.097295   0.256727  -0.840568 
      224.0000  -1.078757   0.227039  -0.851717 
      224.5000  -1.082661   0.235480  -0.847181 
      225.0000  -1.119327   0.271305  -0.848022 
      225.5000  -1.098744   0.253208  -0.845536 
      226.0000  -1.094791   0.268549  -0.826242 
      226.5000  -1.084885   0.253349  -0.831536 
      227.0000  -1.100768   0.272261  -0.828507 
      227.5000  -1.099975   0.266472  -0.833503 
      228.0000  -1.083419   0.248401  -0.835018 
      228.5000  -1.111990   0.270948  -0.841042 
      229.0000  -1.080014   0.243649  -0.836365 
      229.5000  -1.067009   0.240077  -0.826932 
      230.0000  -1.081077   0.253261  -0.827817 
      230.5000  -1.068040   0.244256  -0.823785 
      231.0000  -1.020997   0.202938  -0.818059 
      231.5000  -1.063266   0.248831  -0.814435 
      232.0000  -1.093199   0.265765  -0.827435 
      232.5000  -1.067412   0.244038  -0.823375 
      233.0000  -1.099802   0.270994  -0.828808 
      233.5000  -1.116095   0.284873  -0.831222 
      234.0000  -1.071189   0.226697  -0.844493 
      234.5000  -1.111741   0.267471  -0.844270 
      235.0000  -1.088431   0.241234  -0.847197 
      235.5000  -1.115998   0.280640  -0.835358 
      236.0000  -1.087256   0.247821  -0.839435 
      236.5000  -1.071369   0.233642  -0.837727 
      237.0000  -1.050980   0.222797  -0.828183 
      237.5000  -1.072187   0.244875  -0.827312 
      238.0000  -1.073340   0.241352  -0.831987 
      238.5000  -1.047919   0.220325  -0.827594 
      239.0000  -1.072192   0.237610  -0.834583 
      239.5000  -1.049118   0.219537  -0.829581 
      240.0000  -1.122015   0.286594  -0.835421 
      240.5000  -1.102664   0.250559  -0.852105 
      241.0000  -1.063549   0.212844  -0.850705 
      241.5000  -1.139960   0.278922  -0.861038 
      242.0000  -1.062930   0.219681  -0.843249 
      242.5000  -1.123135   0.293420  -0.829716 
      243.0000  -1.132510   0.301193  -0.831318 
      243.5000  -1.087507   0.256415  -0.831093 
      244.0000  -1.092396   0.265031  -0.827365 
      244.5000  -1.094621   0.264785  -0.829836 
      245.0000  -1.089451   0.263747  -0.825704 
      245.5000  -1.072026   0.243100  -0.828925 
      246.0000  -1.100895   0.269246  -0.831649 
      246.5000  -1.051624   0.227603  -0.824022 
      247.0000  -1.079844   0.251162  -0.828682 
      247.5000  -1.088476   0.263145  -0.825331 
      248.0000  -1.037145   0.210983  -0.826162 
      248.5000  -1.064894   0.241598  -0.823296 
      249.0000  -1.068931   0.252701  -0.816230 
      249.5000  -1.090030   0.261031  -0.828999 
      250.0000  -1.053814   0.219786  -0.834028 
      250.5000  -1.101673   0.270920  -0.830753 
      251.0000  -1.049161   0.217034  -0.832127 
      251.5000  -1.036967   0.208050  -0.828917 
      252.0000  -1.108501   0.271590  -0.836911 
      252.5000  -1.055153   0.216463  -0.838690 
      253.0000  -1.045202   0.213192  -0.832010 
      253.5000  -1.074162   0.251121  -0.823041 
      254.0000  -1.076468   0.254988  -0.821480 
      254.5000  -1.044438   0.230270  -0.814168 
      255.0000  -1.048593   0.233967  -0.814626 
      255.5000  -1.068624   0.249885  -0.818738 
      256.0000  -1.083203   0.264435  -0.818768 
      256.5000  -1.057176   0.246708  -0.810468 
      257.0000  -1.040634   0.216775  -0.823859 
      257.5000  -1.027242   0.212362  -0.814880 
      258.0000  -1.063235   0.262380  -0.800855 
      258.5000  -1.070278   0.249777  -0.820501 
      259.0000  -1.069316   0.262583  -0.806733 
      259.5000  -1.050846   0.240383  -0.810463 
      260.0000  -1.035921   0.227479  -0.808442 
      260.5000  -1.043320   0.230664  -0.812656 
      261.0000  -1.059438   0.251135  -0.808303 
      261.5000  -1.051048   0.251479  -0.799569 
      262.0000  -1.067210   0.259380  -0.807831 
      262.5000  -1.027136   0.215317  -0.811819 
      263.0000  -1.049612   0.235556  -0.814056 
      263.5000  -1.069497   0.250854  -0.818642 
      264.0000  -1.056686   0.239306  -0.817379 
      264.5000  -1.060978   0.247158  -0.813820 
      265.0000  -1.081359   0.267281  -0.814078 
      265.5000  -1.052774   0.242536  -0.810238 
      266.0000  -1.045828   0.227899  -0.817930 
      266.5000  -1.044842   0.226927  -0.817915 
      267.0000  -1.051075   0.231805  -0.819270 
      267.5000  -1.035169   0.224240  -0.810928 
      268.0000  -1.043008   0.227514  -0.815494 
      268.5000  -1.058510   0.234618  -0.823892 
      269.0000  -1.066911   0.248819  -0.818092 
      269.5000  -1.026861   0.200052  -0.826809 
      270.0000  -1.062980   0.230195  -0.832785 
      270.5000  -1.051702   0.220246  -0.831456 
      271.0000  -1.058580   0.230249  -0.828332 
      271.5000  -1.106334   0.279406  -0.826928 
      272.0000  -1.024493   0.193325  -0.831167 
      272.5000  -1.012124   0.187059  -0.825066 
      273.0000  -1.098885   0.275921  -0.822965 
      273.5000  -1.045941   0.214310  -0.831631 
      274.0000  -1.085192   0.251828  -0.833364 
      274.5000  -1.075988   0.238491  -0.837496 
      275.0000  -1.052097   0.201748  -0.850349 
      275.5000  -1.080610   0.230819  -0.849791 
      276.0000  -1.070752   0.229193  -0.841559 
      276.5000  -1.098584   0.252647  -0.845937 
      277.0000  -1.049236   0.205677  -0.843559 
      277.5000  -1.102502   0.258571  -0.843931 
      278.0000  -1.082897   0.239764  -0.843133 
      278.5000  -1.055654   0.217776  -0.837878 
      279.0000  -1.099063   0.264241  -0.834822 
      279.5000  -1.060756   0.234461  -0.826295 
      280.0000  -1.070098   0.248314  -0.821784 
      280.5000  -1.061189   0.239950  -0.821239 
      281.0000  -1.070566   0.261830  -0.808736 
      281.5000  -0.986972   0.176709  -0.810264 
      282.0000  -1.057627   0.242777  -0.814850 
      282.5000  -1.071644   0.256006  -0.815639 
      283.0000  -1.015794   0.198334  -0.817460 
      283.5000  -1.086290   0.266187  -0.820103 
      284.0000  -1.061585   0.231701  -0.829885 
      284.5000  -1.055731   0.225874  -0.829858 
      285.0000  -1.041120   0.208678  -0.832442 
      285.5000  -1.062317   0.245290  -0.817028 
      286.0000  -1.076915   0.266013  -0.810902 
      286.5000  -1.056504   0.236772  -0.819732 
      287.0000  -1.067231   0.244311  -0.822920 
      287.5000  -1.060972   0.242141  -0.818831 
      288.0000  -1.039327   0.214844  -0.824483 
      288.5000  -1.087439   0.265581  -0.821857 
      289.0000  -1.068706   0.248917  -0.819789 
      289.5000  -1.063565   0.246587  -0.816978 
      290.0000  -1.066726   0.243940  -0.822786 
      290.5000  -1.070134   0.263642  -0.806493 
      291.0000  -1.058947   0.261624  -0.797323 
      291.5000  -1.025385   0.236713  -0.788672 
      292.0000  -1.057558   0.273784  -0.783775 
      292.5000  -1.023331   0.250370  -0.772960 
      293.0000  -1.042831   0.257133  -0.785698 
      293.5000  -1.030267   0.240386  -0.789880 
      294.0000  -1.083262   0.293483  -0.789778 
      294.5000  -1.033829   0.248827  -0.785002 
      295.0000  -1.043390   0.262618  -0.780772 
      295.5000  -1.063076   0.287551  -0.775525 
      296.0000  -1.021697   0.250262  -0.771435 
      296.5000  -1.053539   0.279096  -0.774442 
      297.0000  -1.008021   0.234392  -0.773629 
      297.5000  -1.067315   0.291142  -0.776173 
      298.0000  -1.050708   0.286162  -0.764546 
      298.5000  -1.040659   0.282750  -0.757908 
      299.0000  -1.042155   0.284305  -0.757850 
      299.5000  -0.990122   0.231539  -0.758583 
      300.0000  -1.011419   0.245807  -0.765612 
      300.5000  -1.066206   0.293037  -0.773170 
      301.0000  -0.996190   0.226991  -0.769199 
      301.5000  -1.030444   0.252905  -0.777539 
      302.0000  -1.039613   0.266025  -0.773588 
      302.5000  -1.038679   0.277793  -0.760885 
      303.0000  -1.005049   0.229977  -0.775072 
      303.5000  -0.991671   0.217790  -0.773880 
      304.0000  -1.031500   0.258623  -0.772877 
      304.5000  -1.009361   0.249107  -0.760254 
      305.0000  -1.033687   0.270469  -0.763218 
      305.5000  -0.997536   0.235878  -0.761658 
      306.0000  -1.039925   0.289290  -0.750635 
      306.5000  -0.976821   0.219117  -0.757705 
      307.0000  -1.017228   0.270969  -0.746259 
      307.5000  -0.997378   0.264737  -0.732641 
      308.0000  -0.973915   0.250064  -0.723852 
      308.5000  -1.033373   0.313877  -0.719495 
      309.0000  -0.986155   0.272582  -0.713572 
      309.5000  -0.988179   0.277459  -0.710719 
      310.0000  -1.057180   0.336630  -0.720550 
      310.5000  -1.087624   0.375246  -0.712378 
      311.0000  -1.020896   0.312739  -0.708157 
      311.5000  -1.005089   0.298900  -0.706189 
      312.0000  -0.973781   0.287246  -0.686535 
      312.5000  -1.037036   0.346356  -0.690680 
      313.0000  -1.016783   0.343584  -0.673200 
      313.5000  -0.992856   0.327348  -0.665508 
      314.0000  -0.961176   0.306034  -0.655142 
      314.5000  -0.982223   0.321028  -0.661195 
      315.0000  -0.989551   0.314241  -0.675311 
      315.5000  -0.965048   0.287570  -0.677479 
      316.0000  -0.963611   0.277322  -0.686289 
      316.5000  -1.001419   0.321071  -0.680348 
      317.0000  -1.067412   0.361742  -0.705670 
      317.5000  -1.021509   0.311635  -0.709874 
      318.0000  -1.010148   0.298829  -0.711319 
      318.5000  -1.033718   0.311934  -0.721784 
      319.0000  -1.019988   0.292076  -0.727912 
      319.5000  -1.030948   0.303841  -0.727107 
      320.0000  -1.000866   0.273697  -0.727169 
      320.5000  -1.002892   0.274851  -0.728042 
      321.0000  -1.007510   0.272464  -0.735046 
      321.5000  -1.043448   0.312552  -0.730897 
      322.0000  -1.001836   0.252044  -0.749792 
      322.5000  -1.059560   0.310264  -0.749296 
      323.0000  -1.019393   0.273725  -0.745669 
      323.5000  -1.040865   0.296418  -0.744448 
      324.0000  -0.997273   0.259682  -0.737590 
      324.5000  -1.055082   0.309044  -0.746037 
      325.0000  -1.044250   0.304538  -0.739712 
      325.5000  -1.052056   0.322105  -0.729952 
      326.0000  -0.999351   0.257799  -0.741552 
      326.5000  -1.030231   0.285691  -0.744540 
      327.0000  -1.059547   0.315453  -0.744094 
      327.5000  -1.017359   0.274587  -0.742771 
      328.0000  -1.031584   0.301025  -0.730559 
      328.5000  -1.043799   0.317926  -0.725874 
      329.0000  -1.007700   0.282699  -0.725000 
      329.5000  -1.022617   0.290427  -0.732190 
      330.0000  -0.996528   0.260002  -0.736527 
      330.5000  -1.004695   0.272888  -0.731807 
      331.0000  -1.018097   0.286996  -0.731101 
      331.5000  -1.011165   0.277150  -0.734015 
      332.0000  -1.012498   0.283046  -0.729453 
      332.5000  -1.004697   0.270431  -0.734266 
      333.0000  -1.013768   0.277320  -0.736447 
      333.5000  -1.056434   0.333484  -0.722950 
      334.0000  -1.018694   0.302542  -0.716151 
      334.5000  -1.002858   0.294843  -0.708015 
      335.0000  -0.953404   0.240401  -0.713003 
      335.5000  -1.020494   0.317777  -0.702718 
      336.0000  -0.991871   0.274820  -0.717051 
      336.5000  -1.030992   0.310591  -0.720401 
      337.0000  -0.995417   0.280120  -0.715297 
      337.5000  -1.000926   0.289025  -0.711901 
      338.0000  -1.048760   0.331266  -0.717493 
      338.5000  -1.008109   0.301107  -0.707002 
      339.0000  -1.036484   0.328500  -0.707984 
      339.5000  -1.027053   0.319084  -0.707968 
      340.0000  -1.015696   0.302114  -0.713581 
      340.5000  -0.999060   0.279072  -0.719987 
      341.0000  -1.029147   0.325770  -0.703378 
      341.5000  -1.005519   0.291332  -0.714187 
      342.0000  -1.029766   0.305223  -0.724543 
      342.5000  -1.001567   0.276170  -0.725396 
      343.0000  -1.058552   0.339088  -0.719465 
      343.5000  -1.034920   0.313565  -0.721355 
      344.0000  -1.059972   0.339208  -0.720764 
      344.5000  -1.030835   0.298396  -0.732439 
      345.0000  -1.002629   0.270672  -0.731957 
      345.5000  -1.037377   0.308389  -0.728988 
      346.0000  -1.005301   0.285574  -0.719727 
      346.5000  -1.030635   0.305900  -0.724735 
      347.0000  -1.001212   0.278455  -0.722757 
      347.5000  -1.006957   0.286646  -0.720311 
      348.0000  -1.016504   0.296127  -0.720378 
      348.5000  -1.040343   0.316541  -0.723802 
      349.0000  -1.039452   0.318397  -0.721055 
      349.5000  -0.987580   0.276718  -0.710862 
      350.0000  -1.028749   0.312737  -0.716012 
      350.5000  -1.027473   0.315623  -0.711851 
      351.0000  -1.111619   0.400063  -0.711556 
      351.5000  -1.038348   0.325459  -0.712890 
      352.0000  -1.054816   0.352322  -0.702494 
      352.5000  -0.981938   0.278252  -0.703685 
      353.0000  -1.031041   0.309047  -0.721993 
      353.5000  -1.080280   0.353262  -0.727018 
      354.0000  -1.083910   0.350232  -0.733678 
      354.5000  -1.035012   0.305711  -0.729301 
      355.0000  -1.020953   0.298608  -0.722345 
      355.5000  -1.023663   0.320510  -0.703153 
      356.0000  -1.035886   0.336836  -0.699050 
      356.5000  -1.022626   0.322547  -0.700079 
      357.0000  -1.120617   0.418232  -0.702385 
      357.5000  -1.027211   0.309011  -0.718200 
      358.0000  -1.029557   0.313811  -0.715746 
      358.5000  -1.028391   0.311220  -0.717171 
      359.0000  -1.027984   0.300917  -0.727067 
      359.5000  -1.057697   0.331733  -0.725964 
      360.0000  -1.039296   0.303069  -0.736227 
      360.5000  -0.989655   0.253642  -0.736013 
      361.0000  -1.040785   0.320609  -0.720176 
      361.5000  -1.028148   0.318224  -0.709923 
      362.0000  -1.044055   0.330261  -0.713794 
      362.5000  -1.061386   0.342557  -0.718829 
      363.0000  -1.052150   0.343700  -0.708450 
      363.5000  -1.043915   0.330354  -0.713561 
      364.0000  -1.030077   0.317598  -0.712478 
      364.5000  -1.030867   0.306850  -0.724017 
      365.0000  -1.009351   0.280051  -0.729299 
      365.5000  -1.024700   0.301423  -0.723276 
      366.0000  -1.066219   0.338063  -0.728156 
      366.5000  -1.031047   0.289615  -0.741432 
      367.0000  -0.998167   0.261107  -0.737060 
      367.5000  -1.062219   0.312299  -0.749920 
      368.0000  -1.109214   0.364169  -0.745045 
      368.5000  -1.056285   0.316021  -0.740263 
      369.0000  -1.057572   0.325996  -0.731576 
      369.5000  -1.013301   0.289339  -0.723962 
      370.0000  -1.074236   0.364959  -0.709277 
      370.5000  -1.064213   0.355237  -0.708975 
      371.0000  -1.014302   0.301080  -0.713222 
      371.5000  -1.029259   0.323400  -0.705858 
      372.0000  -1.043516   0.335592  -0.707924 
      372.5000  -1.060762   0.354581  -0.706182 
      373.0000  -1.035855   0.343610  -0.692246 
      373.5000  -0.966197   0.275944  -0.690253 
      374.0000  -1.027820   0.342368  -0.685452 
      374.5000  -0.994231   0.298372  -0.695859 
      375.0000  -1.003649   0.320481  -0.683167 
      375.5000  -0.992155   0.306332  -0.685824 
      376.0000  -0.982321   0.299402  -0.682918 
      376.5000  -0.996691   0.332529  -0.664162 
      377.0000  -1.000985   0.340432  -0.660553 
      377.5000  -0.984314   0.330915  -0.653399 
      378.0000  -1.019949   0.353406  -0.666542 
      378.5000  -1.004070   0.352321  -0.651749 
      379.0000  -0.996372   0.337224  -0.659148 
      379.5000  -0.990898   0.326303  -0.664595 
      380.0000  -1.055520   0.391553  -0.663968 
      380.5000  -0.980521   0.297165  -0.683356 
      381.0000  -1.003972   0.321241  -0.682731 
      381.5000  -0.999767   0.320048  -0.679718 
      382.0000  -0.955890   0.289968  -0.665922 
      382.5000  -1.054823   0.386051  -0.668772 
      383.0000  -1.040568   0.377283  -0.663285 
      383.5000  -0.972135   0.290768  -0.681367 
      384.0000  -1.012554   0.329301  -0.683253 
      384.5000  -1.020820   0.338789  -0.682032 
      385.0000  -1.034505   0.366459  -0.668046 
      385.5000  -0.934575   0.272242  -0.662333 
      386.0000  -1.044019   0.388863  -0.655156 
      386.5000  -0.976693   0.318651  -0.658041 
      387.0000  -1.003716   0.351174  -0.652541 
      387.5000  -0.940039   0.287563  -0.652476 
      388.0000  -0.956993   0.300916  -0.656077 
      388.5000  -1.012926   0.355242  -0.657684 
      389.0000  -0.963474   0.326596  -0.636878 
      389.5000  -0.882790   0.272546  -0.610244 
      390.0000  -0.920058   0.318049  -0.602009 
      390.5000  -0.941669   0.339751  -0.601918 
      391.0000  -0.916440   0.318574  -0.597866 
      391.5000  -0.960131   0.356073  -0.604058 
      392.0000  -1.004010   0.402265  -0.601745 
      392.5000  -0.948608   0.349690  -0.598919 
      393.0000  -0.930147   0.328616  -0.601531 
      393.5000  -0.896740   0.296401  -0.600339 
      394.0000  -0.929688   0.321789  -0.607898 
      394.5000  -0.951598   0.342123  -0.609475 
      395.0000  -0.986135   0.391722  -0.594413 
      395.5000  -0.942498   0.339111  -0.603387 
      396.0000  -0.926369   0.335211  -0.591158 
      396.5000  -0.877521   0.306240  -0.571281 
      397.0000  -1.007785   0.420996  -0.586789 
      397.5000  -0.946909   0.351604  -0.595304 
      398.0000  -0.950955   0.362630  -0.588325 
      398.5000  -0.936560   0.341727  -0.594833 
      399.0000  -0.907035   0.320670  -0.586365 
      399.5000  -1.044682   0.469426  -0.575256 
      400.0000  -0.997745   0.410463  -0.587282 
      400.5000  -0.923421   0.326915  -0.596506 
      401.0000  -0.934909   0.336403  -0.598507 
      401.5000  -0.896812   0.271861  -0.624950 
      402.0000  -0.917019   0.275665  -0.641355 
      402.5000  -0.947493   0.299869  -0.647623 
      403.0000  -0.938355   0.295284  -0.643071 
      403.5000  -0.929665   0.273511  -0.656154 
      404.0000  -0.926574   0.276607  -0.649967 
      404.5000  -0.953147   0.305635  -0.647512 
      405.0000  -0.963562   0.314579  -0.648983 
      405.5000  -0.958795   0.300238  -0.658557 
      406.0000  -0.944997   0.285773  -0.659224 
      406.5000  -0.930334   0.264598  -0.665735 
      407.0000  -0.971836   0.296350  -0.675486 
      407.5000  -0.881393   0.215893  -0.665500 
      408.0000  -0.989537   0.319416  -0.670121 
      408.5000  -0.946379   0.277109  -0.669270 
      409.0000  -0.934670   0.267401  -0.667268 
      409.5000  -0.953021   0.290680  -0.662341 
      410.0000  -0.959697   0.298919  -0.660778 
      410.5000  -0.979864   0.327985  -0.651879 
      411.0000  -0.958887   0.303173  -0.655714 
      411.5000  -1.009263   0.351412  -0.657851 
      412.0000  -0.931422   0.277176  -0.654246 
      412.5000  -0.937766   0.280138  -0.657628 
      413.0000  -0.970605   0.320421  -0.650184 
      413.5000  -0.920510   0.262520  -0.657989 
      414.0000  -0.981278   0.313772  -0.667507 
      414.5000  -0.970454   0.303261  -0.667193 
      415.0000  -0.938606   0.269995  -0.668611 
      415.5000  -0.979603   0.298412  -0.681190 
      416.0000  -0.978790   0.305491  -0.673299 
      416.5000  -0.983149   0.316345  -0.666805 
      417.0000  -0.971986   0.310916  -0.661070 
      417.5000  -0.989083   0.314202  -0.674882 
      418.0000  -0.936303   0.259978  -0.676325 
      418.5000  -0.977643   0.299265  -0.678377 
      419.0000  -0.959330   0.285181  -0.674149 
      419.5000  -0.960319   0.272023  -0.688295 
      420.0000  -0.946257   0.251039  -0.695218 
      420.5000  -0.941170   0.262922  -0.678247 
      421.0000  -0.972137   0.278928  -0.693209 
      421.5000  -0.969804   0.270185  -0.699619 
      422.0000  -0.980427   0.286079  -0.694348 
      422.5000  -0.934775   0.249738  -0.685037 
      423.0000  -0.925990   0.251554  -0.674436 
      423.5000  -0.933615   0.258973  -0.674642 
      424.0000  -0.942707   0.263026  -0.679682 
      424.5000  -0.930531   0.269264  -0.661266 
      425.0000  -0.987812   0.324467  -0.663344 
      425.5000  -0.974530   0.318901  -0.655629 
      426.0000  -0.970076   0.316375  -0.653701 
      426.5000  -0.990828   0.338543  -0.652285 
      427.0000  -0.965552   0.297980  -0.667572 
      427.5000  -0.956691   0.294816  -0.661875 
      428.0000  -0.975784   0.309939  -0.665845 
      428.5000  -0.985210   0.320869  -0.664341 
      429.0000  -0.974024   0.314072  -0.659952 
      429.5000  -0.946699   0.284944  -0.661754 
      430.0000  -0.942371   0.289637  -0.652734 
      430.5000  -0.885553   0.248779  -0.636774 
      431.0000  -0.897249   0.256766  -0.640483 
      431.5000  -0.949041   0.309614  -0.639427 
      432.0000  -0.953374   0.302255  -0.651119 
      432.5000  -0.963091   0.313488  -0.649603 
      433.0000  -0.959105   0.306605  -0.652500 
      433.5000  -0.894081   0.260766  -0.633315 
      434.0000  -0.938580   0.313631  -0.624949 
      434.5000  -0.894787   0.269495  -0.625292 
      435.0000  -0.969032   0.343281  -0.625751 
      435.5000  -0.917174   0.291817  -0.625357 
      436.0000  -0.947452   0.325416  -0.622037 
      436.5000  -0.909220   0.286916  -0.622305 
      437.0000  -0.949144   0.321148  -0.627996 
      437.5000  -0.963403   0.322859  -0.640544 
      438.0000  -0.911572   0.273648  -0.637924 
      438.5000  -0.929120   0.288754  -0.640366 
      439.0000  -0.903869   0.276542  -0.627327 
      439.5000  -0.893341   0.268313  -0.625029 
      440.0000  -0.883342   0.252706  -0.630636 
      440.5000  -0.885362   0.257739  -0.627623 
      441.0000  -0.953134   0.314977  -0.638157 
      441.5000  -0.954635   0.298511  -0.656124 
      442.0000  -0.922963   0.280240  -0.642723 
      442.5000  -0.918471   0.287406  -0.631065 
      443.0000  -0.912313   0.280729  -0.631584 
      443.5000  -0.918247   0.288046  -0.630201 
      444.0000  -0.934952   0.303318  -0.631634 
      444.5000  -0.965503   0.337961  -0.627542 
      445.0000  -0.931027   0.311317  -0.619710 
      445.5000  -0.955211   0.327124  -0.628087 
      446.0000  -0.942036   0.317742  -0.624294 
      446.5000  -0.963154   0.342398  -0.620756 
      447.0000  -0.875483   0.251719  -0.623764 
      447.5000  -0.956954   0.328204  -0.628750 
      448.0000  -0.869908   0.249283  -0.620626 
      448.5000  -0.961416   0.330344  -0.631071 
      449.0000  -0.878891   0.241286  -0.637605 
      449.5000  -0.902183   0.261899  -0.640284 
      450.0000  -0.936954   0.303059  -0.633895 
      450.5000  -0.918634   0.290216  -0.628418 
      451.0000  -0.928431   0.298993  -0.629438 
      451.5000  -0.933182   0.296768  -0.636414 
      452.0000  -0.881393   0.253305  -0.628088 
      452.5000  -0.942419   0.313042  -0.629376 
      453.0000  -0.888233   0.259537  -0.628696 
      453.5000  -0.941757   0.298795  -0.642962 
      454.0000  -0.945558   0.312688  -0.632870 
      454.5000  -0.959126   0.316999  -0.642128 
      455.0000  -0.926800   0.291997  -0.634803 
      455.5000  -0.947537   0.323924  -0.623614 
      456.0000  -0.922151   0.303260  -0.618892 
      456.5000  -0.913976   0.297792  -0.616185 
      457.0000  -0.914399   0.288222  -0.626177 
      457.5000  -0.932629   0.295711  -0.636918 
      458.0000  -0.933803   0.294742  -0.639061 
      458.5000  -0.943873   0.308293  -0.635580 
      459.0000  -0.906624   0.270646  -0.635978 
      459.5000  -0.949058   0.310768  -0.638290 
      460.0000  -0.913342   0.282055  -0.631287 
      460.5000  -0.922479   0.279215  -0.643264 
      461.0000  -0.946259   0.306679  -0.639580 
      461.5000  -0.900480   0.253923  -0.646556 
      462.0000  -0.972619   0.311347  -0.661272 
      462.5000  -0.929252   0.274816  -0.654437 
      463.0000  -0.926455   0.270757  -0.655697 
      463.5000  -0.924921   0.276336  -0.648585 
      464.0000  -0.920468   0.261120  -0.659348 
      464.5000  -0.925838   0.262465  -0.663373 
      465.0000  -0.934357   0.261143  -0.673215 
      465.5000  -0.906006   0.243325  -0.662681 
      466.0000  -0.887165   0.230528  -0.656637 
      466.5000  -0.903609   0.257930  -0.645679 
      467.0000  -0.898339   0.258403  -0.639936 
      467.5000  -0.946146   0.297282  -0.648864 
      468.0000  -0.983490   0.330826  -0.652664 
      468.5000  -0.897964   0.241917  -0.656047 
      469.0000  -0.928174   0.268930  -0.659243 
      469.5000  -0.889204   0.232457  -0.656747 
      470.0000  -0.953956   0.296791  -0.657165 
      470.5000  -0.979392   0.313723  -0.665669 
      471.0000  -0.945161   0.283580  -0.661580 
      471.5000  -0.949717   0.276839  -0.672878 
      472.0000  -0.951281   0.265603  -0.685679 
      472.5000  -0.966927   0.287753  -0.679174 
      473.0000  -0.966874   0.304734  -0.662140 
      473.5000  -0.996257   0.329581  -0.666676 
      474.0000  -0.938749   0.269903  -0.668846 
      474.5000  -0.966429   0.297763  -0.668665 
      475.0000  -0.978233   0.320197  -0.658035 
      475.5000  -1.007436   0.362940  -0.644496 
      476.0000  -0.974150   0.340091  -0.634059 
      476.5000  -0.968975   0.333748  -0.635227 
      477.0000  -0.904151   0.266559  -0.637592 
      477.5000  -0.985915   0.355643  -0.630272 
      478.0000  -0.945561   0.316077  -0.629484 
      478.5000  -0.953790   0.315172  -0.638618 
      479.0000  -1.002024   0.355928  -0.646096 
      479.5000  -0.994097   0.354359  -0.639738 
      480.0000  -0.964674   0.334421  -0.630253 
      480.5000  -0.977264   0.351796  -0.625468 
      481.0000  -0.976644   0.357195  -0.619449 
      481.5000  -0.949775   0.327133  -0.622642 
      482.0000  -0.962519   0.345614  -0.616905 
      482.5000  -0.970812   0.350895  -0.619917 
      483.0000  -0.933261   0.320574  -0.612687 
      483.5000  -0.968107   0.359005  -0.609102 
      484.0000  -0.997571   0.403950  -0.593621 
      484.5000  -0.962580   0.380682  -0.581898 
      485.0000  -0.922094   0.336029  -0.586065 
      485.5000  -0.970767   0.370905  -0.599862 
      486.0000  -0.915830   0.323755  -0.592075 
      486.5000  -0.956661   0.358776  -0.597885 
      487.0000  -0.948182   0.350755  -0.597428 
      487.5000  -0.859664   0.278148  -0.581515 
      488.0000  -0.882319   0.291208  -0.591110 
      488.5000  -0.912168   0.322897  -0.589272 
      489.0000  -0.908896   0.326813  -0.582083 
      489.5000  -0.918406   0.324970  -0.593436 
      490.0000  -0.963257   0.368583  -0.594674 
      490.5000  -0.959406   0.369601  -0.589805 
      491.0000  -0.945240   0.355720  -0.589520 
      491.5000  -0.926326   0.324488  -0.601838 
      492.0000  -0.954335   0.353223  -0.601111 
      492.5000  -0.962568   0.371713  -0.590856 
      493.0000  -0.945535   0.351998  -0.593537 
      493.5000  -0.896135   0.302178  -0.593957 
      494.0000  -0.920512   0.327575  -0.592936 
      494.5000  -0.935618   0.361633  -0.573985 
      495.0000  -0.933045   0.344101  -0.588944 
      495.5000  -0.955351   0.355017  -0.600334 
      496.0000  -0.900784   0.291740  -0.609045 
      496.5000  -0.986921   0.369545  -0.617377 
      497.0000  -0.961986   0.349830  -0.612155 
      497.5000  -0.946574   0.330321  -0.616254 
      498.0000  -1.032780   0.418477  -0.614304 
      498.5000  -0.948753   0.323594  -0.625159 
      499.0000  -0.970543   0.343939  -0.626604 
      499.5000  -0.984131   0.357756  -0.626375 
      500.0000  -0.942700   0.323087  -0.619613 
