        0.0000  -1.014680   0.287833  -0.726847 
        0.5000  -1.016778   0.347988  -0.668790 
        1.0000  -0.966025   0.391884  -0.574141 
        1.5000  -0.847683   0.397512  -0.450170 
        2.0000  -0.887640   0.542404  -0.345237 
        2.5000  -0.838362   0.603554  -0.234808 
        3.0000  -0.773623   0.606818  -0.166805 
        3.5000  -0.686192   0.519253  -0.166939 
        4.0000  -0.661788   0.503382  -0.158405 
        4.5000  -0.672894   0.524082  -0.148812 
        5.0000  -0.620514   0.455067  -0.165447 
        5.5000  -0.682507   0.510525  -0.171982 
        6.0000  -0.636418   0.449009  -0.187409 
        6.5000  -0.608692   0.418593  -0.190099 
        7.0000  -0.620803   0.410949  -0.209854 
        7.5000  -0.646649   0.425641  -0.221007 
        8.0000  -0.604705   0.388183  -0.216522 
        8.5000  -0.651716   0.450221  -0.201495 
        9.0000  -0.613862   0.406105  -0.207757 
        9.5000  -0.637665   0.427781  -0.209884 
       10.0000  -0.570137   0.345763  -0.224374 
       10.5000  -0.625956   0.402012  -0.223943 
       11.0000  -0.608601   0.383094  -0.225507 
       11.5000  -0.630164   0.410349  -0.219815 
       12.0000  -0.572565   0.362203  -0.210361 
       12.5000  -0.556391   0.345288  -0.211102 
       13.0000  -0.570840   0.342474  -0.228367 
       13.5000  -0.577306   0.343369  -0.233937 
       14.0000  -0.553476   0.324558  -0.228918 
       14.5000  -0.557416   0.322236  -0.235180 
       15.0000  -0.572933   0.334593  -0.238340 
       15.5000  -0.601526   0.353437  -0.248089 
       16.0000  -0.550243   0.304336  -0.245907 
       16.5000  -0.594974   0.363492  -0.231482 
       17.0000  -0.567615   0.340279  -0.227336 
       17.5000  -0.568531   0.322229  -0.246302 
       18.0000  -0.609138   0.328814  -0.280324 
       18.5000  -0.577712   0.306647  -0.271065 
       19.0000  -0.573399   0.313467  -0.259932 
       19.5000  -0.550450   0.287523  -0.262927 
       20.0000  -0.628216   0.367623  -0.260593 
       20.5000  -0.646037   0.398318  -0.247719 
       21.0000  -0.623375   0.369120  -0.254255 
       21.5000  -0.605727   0.332411  -0.273317 
       22.0000  -0.576930   0.302923  -0.274007 
       22.5000  -0.636728   0.358076  -0.278652 
       23.0000  -0.569877   0.305596  -0.264281 
       23.5000  -0.592941   0.333429  -0.259512 
       24.0000  -0.623342   0.353816  -0.269526 
       24.5000  -0.566477   0.274361  -0.292116 
       25.0000  -0.620418   0.349193  -0.271225 
       25.5000  -0.584206   0.304370  -0.279836 
       26.0000  -0.633425   0.350825  -0.282599 
       26.5000  -0.607014   0.345200  -0.261814 
       27.0000  -0.612982   0.349794  -0.263188 
       27.5000  -0.605709   0.346773  -0.258936 
       28.0000  -0.571786   0.315844  -0.255942 
       28.5000  -0.605943   0.365644  -0.240299 
       29.0000  -0.605232   0.346746  -0.258486 
       29.5000  -0.631569   0.379068  -0.252501 
       30.0000  -0.562814   0.307157  -0.255658 
       30.5000  -0.566815   0.314998  -0.251817 
       31.0000  -0.640859   0.378145  -0.262713 
       31.5000  -0.586653   0.317840  -0.268812 
       32.0000  -0.595428   0.341259  -0.254170 
       32.5000  -0.611210   0.369790  -0.241419 
       33.0000  -0.576690   0.336621  -0.240069 
       33.5000  -0.569012   0.336215  -0.232797 
       34.0000  -0.594564   0.360252  -0.234312 
       34.5000  -0.554739   0.311543  -0.243196 
       35.0000  -0.614796   0.379041  -0.235755 
       35.5000  -0.605884   0.350619  -0.255265 
       36.0000  -0.617565   0.362655  -0.254910 
       36.5000  -0.580225   0.333781  -0.246444 
       37.0000  -0.552836   0.306972  -0.245863 
       37.5000  -0.568827   0.323429  -0.245398 
       38.0000  -0.587223   0.324433  -0.262790 
       38.5000  -0.557529   0.298700  -0.258829 
       39.0000  -0.586651   0.315685  -0.270967 
       39.5000  -0.572752   0.299493  -0.273259 
       40.0000  -0.636083   0.367386  -0.268697 
       40.5000  -0.568778   0.315197  -0.253581 
       41.0000  -0.614108   0.349763  -0.264346 
       41.5000  -0.649270   0.382487  -0.266783 
       42.0000  -0.644765   0.387696  -0.257068 
       42.5000  -0.615019   0.359747  -0.255272 
       43.0000  -0.622655   0.369582  -0.253074 
       43.5000  -0.629729   0.385202  -0.244528 
       44.0000  -0.611869   0.368949  -0.242920 
       44.5000  -0.599966   0.356857  -0.243108 
       45.0000  -0.631501   0.401251  -0.230250 
       45.5000  -0.624700   0.389537  -0.235163 
       46.0000  -0.553571   0.336743  -0.216829 
       46.5000  -0.621384   0.391900  -0.229484 
       47.0000  -0.605676   0.369668  -0.236008 
       47.5000  -0.634423   0.403007  -0.231416 
       48.0000  -0.528030   0.304692  -0.223339 
       48.5000  -0.610268   0.379175  -0.231093 
       49.0000  -0.606944   0.367785  -0.239159 
       49.5000  -0.636914   0.390636  -0.246278 
       50.0000  -0.614550   0.370273  -0.244277 
       50.5000  -0.632171   0.389619  -0.242552 
       51.0000  -0.623591   0.369019  -0.254572 
       51.5000  -0.598745   0.344983  -0.253761 
       52.0000  -0.655950   0.389604  -0.266346 
       52.5000  -0.636523   0.357212  -0.279311 
       53.0000  -0.582914   0.294203  -0.288710 
       53.5000  -0.650744   0.350718  -0.300026 
       54.0000  -0.631336   0.330969  -0.300368 
       54.5000  -0.646962   0.354341  -0.292621 
       55.0000  -0.587316   0.300735  -0.286580 
       55.5000  -0.625236   0.343544  -0.281691 
       56.0000  -0.561825   0.272851  -0.288974 
       56.5000  -0.614074   0.311843  -0.302232 
       57.0000  -0.631644   0.334853  -0.296791 
       57.5000  -0.572432   0.265458  -0.306974 
       58.0000  -0.596672   0.300538  -0.296134 
       58.5000  -0.682569   0.385022  -0.297547 
       59.0000  -0.639152   0.332463  -0.306689 
       59.5000  -0.609391   0.296827  -0.312565 
       60.0000  -0.641354   0.334381  -0.306973 
       60.5000  -0.647490   0.341584  -0.305906 
       61.0000  -0.595996   0.283665  -0.312331 
       61.5000  -0.641293   0.339545  -0.301748 
       62.0000  -0.605016   0.297801  -0.307215 
       62.5000  -0.582622   0.277505  -0.305118 
       63.0000  -0.616334   0.306161  -0.310173 
       63.5000  -0.654966   0.333638  -0.321329 
       64.0000  -0.659601   0.337419  -0.322182 
       64.5000  -0.611024   0.290925  -0.320099 
       65.0000  -0.592212   0.282094  -0.310118 
       65.5000  -0.648203   0.332342  -0.315861 
       66.0000  -0.658991   0.329775  -0.329216 
       66.5000  -0.631949   0.295379  -0.336569 
       67.0000  -0.609431   0.277855  -0.331575 
       67.5000  -0.621528   0.280707  -0.340821 
       68.0000  -0.630700   0.297772  -0.332928 
       68.5000  -0.626302   0.306572  -0.319730 
       69.0000  -0.655850   0.336188  -0.319662 
       69.5000  -0.633785   0.319379  -0.314406 
       70.0000  -0.674366   0.368482  -0.305884 
       70.5000  -0.595581   0.305043  -0.290539 
       71.0000  -0.631038   0.350494  -0.280544 
       71.5000  -0.569547   0.283057  -0.286489 
       72.0000  -0.598103   0.316968  -0.281135 
       72.5000  -0.600913   0.318302  -0.282611 
       73.0000  -0.600306   0.319389  -0.280916 
       73.5000  -0.596606   0.313222  -0.283384 
       74.0000  -0.603373   0.297955  -0.305418 
       74.5000  -0.634718   0.337487  -0.297230 
       75.0000  -0.577166   0.293372  -0.283794 
       75.5000  -0.614114   0.323999  -0.290116 
       76.0000  -0.663767   0.382078  -0.281688 
       76.5000  -0.601957   0.305580  -0.296377 
       77.0000  -0.582572   0.288710  -0.293862 
       77.5000  -0.566762   0.285492  -0.281271 
       78.0000  -0.528103   0.237673  -0.290429 
       78.5000  -0.620300   0.330221  -0.290079 
       79.0000  -0.552154   0.257062  -0.295092 
       79.5000  -0.617249   0.325321  -0.291928 
       80.0000  -0.580233   0.288869  -0.291365 
       80.5000  -0.569357   0.278424  -0.290933 
       81.0000  -0.588322   0.307352  -0.280969 
       81.5000  -0.559680   0.274175  -0.285504 
       82.0000  -0.599074   0.310768  -0.288306 
       82.5000  -0.602352   0.311590  -0.290762 
       83.0000  -0.613807   0.315695  -0.298112 
       83.5000  -0.575577   0.266821  -0.308756 
       84.0000  -0.604186   0.292330  -0.311855 
       84.5000  -0.627154   0.316841  -0.310313 
       85.0000  -0.606157   0.290277  -0.315880 
       85.5000  -0.601712   0.294162  -0.307550 
       86.0000  -0.565629   0.258925  -0.306705 
       86.5000  -0.600436   0.290634  -0.309802 
       87.0000  -0.556693   0.242991  -0.313702 
       87.5000  -0.574787   0.269476  -0.305312 
       88.0000  -0.606509   0.296402  -0.310107 
       88.5000  -0.590540   0.278130  -0.312411 
       89.0000  -0.604740   0.302930  -0.301809 
       89.5000  -0.547937   0.249148  -0.298789 
       90.0000  -0.572058   0.275171  -0.296887 
       90.5000  -0.597462   0.304028  -0.293434 
       91.0000  -0.610693   0.318260  -0.292433 
       91.5000  -0.605407   0.303853  -0.301554 
       92.0000  -0.589359   0.292992  -0.296367 
       92.5000  -0.584211   0.294300  -0.289911 
       93.0000  -0.591298   0.302754  -0.288544 
       93.5000  -0.569358   0.283442  -0.285916 
       94.0000  -0.552562   0.253424  -0.299139 
       94.5000  -0.642023   0.331157  -0.310866 
       95.0000  -0.560280   0.256136  -0.304144 
       95.5000  -0.580018   0.282789  -0.297229 
       96.0000  -0.620257   0.322970  -0.297287 
       96.5000  -0.590154   0.277558  -0.312596 
       97.0000  -0.560569   0.236615  -0.323954 
       97.5000  -0.597966   0.273766  -0.324200 
       98.0000  -0.590459   0.274557  -0.315901 
       98.5000  -0.565692   0.257674  -0.308017 
       99.0000  -0.607817   0.315888  -0.291929 
       99.5000  -0.533088   0.260226  -0.272861 
      100.0000  -0.621982   0.343682  -0.278300 
      100.5000  -0.572315   0.294099  -0.278216 
      101.0000  -0.554916   0.296456  -0.258460 
      101.5000  -0.575932   0.318438  -0.257494 
      102.0000  -0.568344   0.310246  -0.258098 
      102.5000  -0.563422   0.306468  -0.256954 
      103.0000  -0.557779   0.299895  -0.257884 
      103.5000  -0.600431   0.344799  -0.255632 
      104.0000  -0.537610   0.277479  -0.260130 
      104.5000  -0.544826   0.284055  -0.260771 
      105.0000  -0.515266   0.266784  -0.248481 
      105.5000  -0.543253   0.299682  -0.243571 
      106.0000  -0.531032   0.296785  -0.234247 
      106.5000  -0.518636   0.282956  -0.235680 
      107.0000  -0.555871   0.321749  -0.234122 
      107.5000  -0.539681   0.318596  -0.221085 
      108.0000  -0.562401   0.351635  -0.210766 
      108.5000  -0.585091   0.372291  -0.212800 
      109.0000  -0.551742   0.335078  -0.216664 
      109.5000  -0.571035   0.350891  -0.220143 
      110.0000  -0.602636   0.375855  -0.226781 
      110.5000  -0.614873   0.366698  -0.248175 
      111.0000  -0.589439   0.332514  -0.256925 
      111.5000  -0.552698   0.296445  -0.256253 
      112.0000  -0.604705   0.329396  -0.275309 
      112.5000  -0.551270   0.303769  -0.247501 
      113.0000  -0.530009   0.284885  -0.245124 
      113.5000  -0.594834   0.343847  -0.250987 
      114.0000  -0.579112   0.338222  -0.240890 
      114.5000  -0.558858   0.314054  -0.244804 
      115.0000  -0.557984   0.308552  -0.249433 
      115.5000  -0.550871   0.298793  -0.252078 
      116.0000  -0.567613   0.317456  -0.250157 
      116.5000  -0.550521   0.311744  -0.238777 
      117.0000  -0.552556   0.313159  -0.239397 
      117.5000  -0.592339   0.351456  -0.240882 
      118.0000  -0.570672   0.326442  -0.244230 
      118.5000  -0.564436   0.311922  -0.252514 
      119.0000  -0.538127   0.298505  -0.239622 
      119.5000  -0.571173   0.330389  -0.240784 
      120.0000  -0.540199   0.300304  -0.239895 
      120.5000  -0.598282   0.350748  -0.247534 
      121.0000  -0.556807   0.309963  -0.246844 
      121.5000  -0.586842   0.346790  -0.240052 
      122.0000  -0.574034   0.322495  -0.251539 
      122.5000  -0.623113   0.373638  -0.249474 
      123.0000  -0.567470   0.310713  -0.256757 
      123.5000  -0.584352   0.339324  -0.245028 
      124.0000  -0.612085   0.376949  -0.235137 
      124.5000  -0.572139   0.335234  -0.236905 
      125.0000  -0.594547   0.365382  -0.229165 
      125.5000  -0.615917   0.382999  -0.232917 
      126.0000  -0.569400   0.322633  -0.246768 
      126.5000  -0.599247   0.343872  -0.255375 
      127.0000  -0.633637   0.373951  -0.259686 
      127.5000  -0.629175   0.360570  -0.268605 
      128.0000  -0.617663   0.363369  -0.254294 
      128.5000  -0.618771   0.361506  -0.257265 
      129.0000  -0.537062   0.276253  -0.260809 
      129.5000  -0.590635   0.324634  -0.266001 
      130.0000  -0.595968   0.316105  -0.279863 
      130.5000  -0.575372   0.306002  -0.269370 
      131.0000  -0.571057   0.302160  -0.268898 
      131.5000  -0.605433   0.339052  -0.266381 
      132.0000  -0.593387   0.339163  -0.254224 
      132.5000  -0.550187   0.289043  -0.261143 
      133.0000  -0.551582   0.301209  -0.250373 
      133.5000  -0.593293   0.337869  -0.255424 
      134.0000  -0.596701   0.338885  -0.257816 
      134.5000  -0.576288   0.321715  -0.254573 
      135.0000  -0.576470   0.325901  -0.250569 
      135.5000  -0.599934   0.362956  -0.236978 
      136.0000  -0.604014   0.357538  -0.246477 
      136.5000  -0.552366   0.305870  -0.246496 
      137.0000  -0.610568   0.367290  -0.243278 
      137.5000  -0.582244   0.336947  -0.245297 
      138.0000  -0.502417   0.264480  -0.237937 
      138.5000  -0.615271   0.377381  -0.237890 
      139.0000  -0.546110   0.313394  -0.232715 
      139.5000  -0.559055   0.335501  -0.223554 
      140.0000  -0.511725   0.296487  -0.215238 
      140.5000  -0.512893   0.307396  -0.205497 
      141.0000  -0.504928   0.302470  -0.202457 
      141.5000  -0.552450   0.346946  -0.205505 
      142.0000  -0.535038   0.312424  -0.222614 
      142.5000  -0.487277   0.298709  -0.188568 
      143.0000  -0.493127   0.312604  -0.180523 
      143.5000  -0.509384   0.327924  -0.181460 
      144.0000  -0.510046   0.316264  -0.193781 
      144.5000  -0.527246   0.320898  -0.206348 
      145.0000  -0.509807   0.319939  -0.189867 
      145.5000  -0.533138   0.344575  -0.188563 
      146.0000  -0.491515   0.286980  -0.204534 
      146.5000  -0.482206   0.275284  -0.206922 
      147.0000  -0.485085   0.285969  -0.199116 
      147.5000  -0.474790   0.284730  -0.190060 
      148.0000  -0.496005   0.300555  -0.195450 
      148.5000  -0.530083   0.332529  -0.197554 
      149.0000  -0.489418   0.286448  -0.202970 
      149.5000  -0.476683   0.267518  -0.209166 
      150.0000  -0.514052   0.308301  -0.205750 
      150.5000  -0.499088   0.289863  -0.209225 
      151.0000  -0.473285   0.271286  -0.202000 
      151.5000  -0.476834   0.266006  -0.210828 
      152.0000  -0.515718   0.304474  -0.211244 
      152.5000  -0.522482   0.305624  -0.216858 
      153.0000  -0.492755   0.272292  -0.220463 
      153.5000  -0.522813   0.315624  -0.207189 
      154.0000  -0.449567   0.245980  -0.203587 
      154.5000  -0.572345   0.369761  -0.202584 
      155.0000  -0.498651   0.282727  -0.215924 
      155.5000  -0.543091   0.331443  -0.211648 
      156.0000  -0.514309   0.295124  -0.219185 
      156.5000  -0.520940   0.294562  -0.226379 
      157.0000  -0.528386   0.295034  -0.233352 
      157.5000  -0.536981   0.310788  -0.226193 
      158.0000  -0.545468   0.309608  -0.235860 
      158.5000  -0.525292   0.304384  -0.220908 
      159.0000  -0.533507   0.302729  -0.230779 
      159.5000  -0.541489   0.316665  -0.224824 
      160.0000  -0.542240   0.314782  -0.227458 
      160.5000  -0.529906   0.307440  -0.222466 
      161.0000  -0.560381   0.332310  -0.228071 
      161.5000  -0.522032   0.302976  -0.219057 
      162.0000  -0.527268   0.316436  -0.210832 
      162.5000  -0.489740   0.281868  -0.207871 
      163.0000  -0.481289   0.272828  -0.208461 
      163.5000  -0.569870   0.374416  -0.195454 
      164.0000  -0.507401   0.299274  -0.208127 
      164.5000  -0.548934   0.347079  -0.201856 
      165.0000  -0.494162   0.276438  -0.217724 
      165.5000  -0.539455   0.313740  -0.225715 
      166.0000  -0.530015   0.322138  -0.207877 
      166.5000  -0.567597   0.355701  -0.211897 
      167.0000  -0.535234   0.327603  -0.207631 
      167.5000  -0.537006   0.317031  -0.219974 
      168.0000  -0.529027   0.305798  -0.223228 
      168.5000  -0.521627   0.312612  -0.209015 
      169.0000  -0.533331   0.317406  -0.215925 
      169.5000  -0.494953   0.273853  -0.221100 
      170.0000  -0.523514   0.304444  -0.219070 
      170.5000  -0.530580   0.306488  -0.224092 
      171.0000  -0.518494   0.288574  -0.229920 
      171.5000  -0.547042   0.312872  -0.234169 
      172.0000  -0.512282   0.285832  -0.226450 
      172.5000  -0.569163   0.331739  -0.237424 
      173.0000  -0.513673   0.288960  -0.224713 
      173.5000  -0.502532   0.284557  -0.217976 
      174.0000  -0.528950   0.317682  -0.211268 
      174.5000  -0.505714   0.290135  -0.215579 
      175.0000  -0.533653   0.310192  -0.223461 
      175.5000  -0.488201   0.264426  -0.223774 
      176.0000  -0.532342   0.301379  -0.230963 
      176.5000  -0.544713   0.309950  -0.234763 
      177.0000  -0.502508   0.265963  -0.236546 
      177.5000  -0.503939   0.260492  -0.243447 
      178.0000  -0.534395   0.303866  -0.230529 
      178.5000  -0.494264   0.252465  -0.241800 
      179.0000  -0.530629   0.289072  -0.241557 
      179.5000  -0.518261   0.272248  -0.246013 
      180.0000  -0.515427   0.265464  -0.249963 
      180.5000  -0.542697   0.296326  -0.246371 
      181.0000  -0.534448   0.295237  -0.239211 
      181.5000  -0.507153   0.260873  -0.246280 
      182.0000  -0.516919   0.273982  -0.242937 
      182.5000  -0.509196   0.269806  -0.239390 
      183.0000  -0.525229   0.271757  -0.253472 
      183.5000  -0.552823   0.297525  -0.255298 
      184.0000  -0.567893   0.306269  -0.261624 
      184.5000  -0.548767   0.293572  -0.255195 
      185.0000  -0.553709   0.301927  -0.251781 
      185.5000  -0.548014   0.289171  -0.258843 
      186.0000  -0.546154   0.296935  -0.249219 
      186.5000  -0.571487   0.321305  -0.250183 
      187.0000  -0.581238   0.318210  -0.263028 
      187.5000  -0.534400   0.271486  -0.262915 
      188.0000  -0.547879   0.278837  -0.269041 
      188.5000  -0.572848   0.282293  -0.290555 
      189.0000  -0.526242   0.246488  -0.279754 
      189.5000  -0.549848   0.261167  -0.288680 
      190.0000  -0.622654   0.339591  -0.283063 
      190.5000  -0.549618   0.260154  -0.289464 
      191.0000  -0.557546   0.263933  -0.293613 
      191.5000  -0.534268   0.252016  -0.282252 
      192.0000  -0.582895   0.291735  -0.291160 
      192.5000  -0.587534   0.295424  -0.292110 
      193.0000  -0.580737   0.290073  -0.290664 
      193.5000  -0.594169   0.284691  -0.309478 
      194.0000  -0.569717   0.260020  -0.309697 
      194.5000  -0.589827   0.273105  -0.316722 
      195.0000  -0.527205   0.205809  -0.321396 
      195.5000  -0.597374   0.284251  -0.313123 
      196.0000  -0.586802   0.269487  -0.317315 
      196.5000  -0.598470   0.280840  -0.317629 
      197.0000  -0.576350   0.263875  -0.312475 
      197.5000  -0.587899   0.290150  -0.297749 
      198.0000  -0.614662   0.311923  -0.302739 
      198.5000  -0.562621   0.264646  -0.297975 
      199.0000  -0.614868   0.314820  -0.300048 
      199.5000  -0.551960   0.246708  -0.305252 
      200.0000  -0.593073   0.284300  -0.308774 
      200.5000  -0.617470   0.310846  -0.306624 
      201.0000  -0.596939   0.276738  -0.320201 
      201.5000  -0.569305   0.246759  -0.322546 
      202.0000  -0.586740   0.272279  -0.314461 
      202.5000  -0.559587   0.246571  -0.313016 
      203.0000  -0.607680   0.292150  -0.315530 
      203.5000  -0.600780   0.276392  -0.324389 
      204.0000  -0.578581   0.263024  -0.315557 
      204.5000  -0.583819   0.273369  -0.310451 
      205.0000  -0.582569   0.279387  -0.303182 
      205.5000  -0.581042   0.275485  -0.305557 
      206.0000  -0.603627   0.297309  -0.306318 
      206.5000  -0.583713   0.278482  -0.305231 
      207.0000  -0.557342   0.256316  -0.301026 
      207.5000  -0.543461   0.243558  -0.299903 
      208.0000  -0.578757   0.288445  -0.290312 
      208.5000  -0.523064   0.234994  -0.288071 
      209.0000  -0.559595   0.279496  -0.280099 
      209.5000  -0.539681   0.253309  -0.286372 
      210.0000  -0.583391   0.298514  -0.284877 
      210.5000  -0.574490   0.290810  -0.283680 
      211.0000  -0.517045   0.226264  -0.290781 
      211.5000  -0.572525   0.294610  -0.277915 
      212.0000  -0.586711   0.306840  -0.279871 
      212.5000  -0.569541   0.278933  -0.290607 
      213.0000  -0.603340   0.297675  -0.305665 
      213.5000  -0.622986   0.310924  -0.312063 
      214.0000  -0.607917   0.304268  -0.303649 
      214.5000  -0.650347   0.339304  -0.311042 
      215.0000  -0.632979   0.320190  -0.312789 
      215.5000  -0.586439   0.280972  -0.305467 
      216.0000  -0.565516   0.261808  -0.303708 
      216.5000  -0.585234   0.291439  -0.293795 
      217.0000  -0.609696   0.314897  -0.294799 
      217.5000  -0.611183   0.306621  -0.304562 
      218.0000  -0.615034   0.318989  -0.296046 
      218.5000  -0.587251   0.286397  -0.300854 
      219.0000  -0.601652   0.306828  -0.294824 
      219.5000  -0.561812   0.283646  -0.278166 
      220.0000  -0.567680   0.291598  -0.276082 
      220.5000  -0.566516   0.294909  -0.271608 
      221.0000  -0.552400   0.265374  -0.287027 
      221.5000  -0.565650   0.269994  -0.295656 
      222.0000  -0.611064   0.313365  -0.297699 
      222.5000  -0.581278   0.281029  -0.300249 
      223.0000  -0.601091   0.303435  -0.297657 
      223.5000  -0.598383   0.291521  -0.306862 
      224.0000  -0.618993   0.326964  -0.292029 
      224.5000  -0.576028   0.293365  -0.282662 
      225.0000  -0.608867   0.320132  -0.288735 
      225.5000  -0.633073   0.336871  -0.296202 
      226.0000  -0.586299   0.285774  -0.300525 
      226.5000  -0.589867   0.284199  -0.305668 
      227.0000  -0.577619   0.272801  -0.304817 
      227.5000  -0.572230   0.269080  -0.303150 
      228.0000  -0.603759   0.304806  -0.298953 
      228.5000  -0.599559   0.296755  -0.302804 
      229.0000  -0.585686   0.287574  -0.298112 
      229.5000  -0.556636   0.285398  -0.271238 
      230.0000  -0.602110   0.332135  -0.269974 
      230.5000  -0.608591   0.335351  -0.273240 
      231.0000  -0.599907   0.307472  -0.292435 
      231.5000  -0.607545   0.314342  -0.293204 
      232.0000  -0.582425   0.271761  -0.310664 
      232.5000  -0.593891   0.288300  -0.305591 
      233.0000  -0.630439   0.322956  -0.307483 
      233.5000  -0.621739   0.301731  -0.320008 
      234.0000  -0.605268   0.291479  -0.313789 
      234.5000  -0.603282   0.287493  -0.315789 
      235.0000  -0.618062   0.290886  -0.327176 
      235.5000  -0.607779   0.290105  -0.317674 
      236.0000  -0.632323   0.324776  -0.307548 
      236.5000  -0.579146   0.274467  -0.304680 
      237.0000  -0.611616   0.309236  -0.302380 
      237.5000  -0.621406   0.321310  -0.300096 
      238.0000  -0.600185   0.300266  -0.299919 
      238.5000  -0.588230   0.301556  -0.286674 
      239.0000  -0.603567   0.306463  -0.297103 
      239.5000  -0.592729   0.281690  -0.311039 
      240.0000  -0.633050   0.298457  -0.334593 
      240.5000  -0.606861   0.270507  -0.336354 
      241.0000  -0.564904   0.244150  -0.320754 
      241.5000  -0.617055   0.289099  -0.327956 
      242.0000  -0.573541   0.258855  -0.314686 
      242.5000  -0.565613   0.253350  -0.312263 
      243.0000  -0.578822   0.270706  -0.308116 
      243.5000  -0.615734   0.314941  -0.300793 
      244.0000  -0.591129   0.292978  -0.298151 
      244.5000  -0.593763   0.282411  -0.311352 
      245.0000  -0.622398   0.325814  -0.296584 
      245.5000  -0.626750   0.321297  -0.305453 
      246.0000  -0.635659   0.332232  -0.303427 
      246.5000  -0.608254   0.308544  -0.299711 
      247.0000  -0.611108   0.298935  -0.312173 
      247.5000  -0.587872   0.272436  -0.315435 
      248.0000  -0.592542   0.283025  -0.309518 
      248.5000  -0.593306   0.289148  -0.304158 
      249.0000  -0.592448   0.283968  -0.308480 
      249.5000  -0.631170   0.327797  -0.303373 
      250.0000  -0.588528   0.289150  -0.299377 
      250.5000  -0.577573   0.291531  -0.286042 
      251.0000  -0.572099   0.290523  -0.281576 
      251.5000  -0.591081   0.303624  -0.287456 
      252.0000  -0.557034   0.263966  -0.293069 
      252.5000  -0.556047   0.263869  -0.292178 
      253.0000  -0.576294   0.276932  -0.299362 
      253.5000  -0.554398   0.251880  -0.302518 
      254.0000  -0.555863   0.266078  -0.289784 
      254.5000  -0.518955   0.237172  -0.281783 
      255.0000  -0.547575   0.274565  -0.273010 
      255.5000  -0.490079   0.231415  -0.258664 
      256.0000  -0.558357   0.303581  -0.254776 
      256.5000  -0.554356   0.284133  -0.270223 
      257.0000  -0.563956   0.293894  -0.270063 
      257.5000  -0.567604   0.278410  -0.289193 
      258.0000  -0.542929   0.259381  -0.283548 
      258.5000  -0.538896   0.261299  -0.277597 
      259.0000  -0.559491   0.284883  -0.274608 
      259.5000  -0.544170   0.260588  -0.283582 
      260.0000  -0.560992   0.284568  -0.276424 
      260.5000  -0.567580   0.281731  -0.285849 
      261.0000  -0.596131   0.315289  -0.280842 
      261.5000  -0.551396   0.264926  -0.286470 
      262.0000  -0.565476   0.288539  -0.276938 
      262.5000  -0.549836   0.279120  -0.270715 
      263.0000  -0.567697   0.299573  -0.268124 
      263.5000  -0.540598   0.262964  -0.277633 
      264.0000  -0.597436   0.312896  -0.284540 
      264.5000  -0.594705   0.300457  -0.294247 
      265.0000  -0.596801   0.302357  -0.294444 
      265.5000  -0.566662   0.277952  -0.288711 
      266.0000  -0.571245   0.291824  -0.279420 
      266.5000  -0.619914   0.328801  -0.291112 
      267.0000  -0.632642   0.343720  -0.288921 
      267.5000  -0.603408   0.296115  -0.307293 
      268.0000  -0.597263   0.300257  -0.297006 
      268.5000  -0.600648   0.310151  -0.290497 
      269.0000  -0.598566   0.313947  -0.284619 
      269.5000  -0.582066   0.308456  -0.273609 
      270.0000  -0.551886   0.292381  -0.259505 
      270.5000  -0.636295   0.369916  -0.266379 
      271.0000  -0.576470   0.300226  -0.276244 
      271.5000  -0.576458   0.303757  -0.272701 
      272.0000  -0.586764   0.313263  -0.273501 
      272.5000  -0.597156   0.326793  -0.270364 
      273.0000  -0.609038   0.346431  -0.262607 
      273.5000  -0.514636   0.246932  -0.267704 
      274.0000  -0.584918   0.310520  -0.274397 
      274.5000  -0.556118   0.287122  -0.268996 
      275.0000  -0.582867   0.323533  -0.259334 
      275.5000  -0.541739   0.278778  -0.262961 
      276.0000  -0.564005   0.309734  -0.254271 
      276.5000  -0.582515   0.334024  -0.248491 
      277.0000  -0.526351   0.267067  -0.259284 
      277.5000  -0.580097   0.326224  -0.253874 
      278.0000  -0.567994   0.315010  -0.252984 
      278.5000  -0.570093   0.316714  -0.253379 
      279.0000  -0.619126   0.381281  -0.237845 
      279.5000  -0.567244   0.339025  -0.228219 
      280.0000  -0.568834   0.335058  -0.233776 
      280.5000  -0.558427   0.325272  -0.233155 
      281.0000  -0.545336   0.309590  -0.235746 
      281.5000  -0.588510   0.341083  -0.247427 
      282.0000  -0.557696   0.310272  -0.247424 
      282.5000  -0.557509   0.298826  -0.258684 
      283.0000  -0.557140   0.308274  -0.248867 
      283.5000  -0.614480   0.381937  -0.232543 
      284.0000  -0.535515   0.310006  -0.225509 
      284.5000  -0.612689   0.387342  -0.225346 
      285.0000  -0.584752   0.350585  -0.234167 
      285.5000  -0.556234   0.322752  -0.233482 
      286.0000  -0.584643   0.337626  -0.247017 
      286.5000  -0.616683   0.361331  -0.255351 
      287.0000  -0.535758   0.288727  -0.247031 
      287.5000  -0.625346   0.382464  -0.242882 
      288.0000  -0.538063   0.289699  -0.248363 
      288.5000  -0.580698   0.336012  -0.244686 
      289.0000  -0.568992   0.321113  -0.247878 
      289.5000  -0.614670   0.359255  -0.255415 
      290.0000  -0.610410   0.351779  -0.258630 
      290.5000  -0.625270   0.364291  -0.260979 
      291.0000  -0.652877   0.394502  -0.258375 
      291.5000  -0.572585   0.321261  -0.251324 
      292.0000  -0.562566   0.314444  -0.248121 
      292.5000  -0.582060   0.322735  -0.259325 
      293.0000  -0.593117   0.336956  -0.256161 
      293.5000  -0.601039   0.347451  -0.253588 
      294.0000  -0.550072   0.289042  -0.261030 
      294.5000  -0.559246   0.286912  -0.272335 
      295.0000  -0.631481   0.361630  -0.269851 
      295.5000  -0.657104   0.385827  -0.271276 
      296.0000  -0.598046   0.332024  -0.266022 
      296.5000  -0.601517   0.335663  -0.265854 
      297.0000  -0.611265   0.353056  -0.258209 
      297.5000  -0.628335   0.359020  -0.269316 
      298.0000  -0.626037   0.364436  -0.261601 
      298.5000  -0.604418   0.333069  -0.271349 
      299.0000  -0.606332   0.347337  -0.258994 
      299.5000  -0.578722   0.316599  -0.262123 
      300.0000  -0.577451   0.306894  -0.270557 
      300.5000  -0.620263   0.343897  -0.276366 
      301.0000  -0.616138   0.359915  -0.256223 
      301.5000  -0.603934   0.346865  -0.257069 
      302.0000  -0.625631   0.367787  -0.257844 
      302.5000  -0.625900   0.346172  -0.279727 
      303.0000  -0.549839   0.282170  -0.267669 
      303.5000  -0.622799   0.365532  -0.257267 
      304.0000  -0.594849   0.332982  -0.261867 
      304.5000  -0.643249   0.357074  -0.286176 
      305.0000  -0.644682   0.350571  -0.294112 
      305.5000  -0.654055   0.370219  -0.283835 
      306.0000  -0.616374   0.336900  -0.279474 
      306.5000  -0.597361   0.307091  -0.290270 
      307.0000  -0.589763   0.298160  -0.291603 
      307.5000  -0.610822   0.321989  -0.288833 
      308.0000  -0.568338   0.293354  -0.274983 
      308.5000  -0.616646   0.334619  -0.282026 
      309.0000  -0.591018   0.329959  -0.261059 
      309.5000  -0.573448   0.320114  -0.253334 
      310.0000  -0.599013   0.347345  -0.251667 
      310.5000  -0.612918   0.368579  -0.244340 
      311.0000  -0.602980   0.356169  -0.246811 
      311.5000  -0.562825   0.302947  -0.259878 
      312.0000  -0.574916   0.313280  -0.261635 
      312.5000  -0.580048   0.320870  -0.259177 
      313.0000  -0.630256   0.369076  -0.261180 
      313.5000  -0.567365   0.317974  -0.249391 
      314.0000  -0.581535   0.336738  -0.244797 
      314.5000  -0.598076   0.351232  -0.246844 
      315.0000  -0.575539   0.324751  -0.250788 
      315.5000  -0.606975   0.363334  -0.243641 
      316.0000  -0.556582   0.305685  -0.250897 
      316.5000  -0.596447   0.355573  -0.240874 
      317.0000  -0.574360   0.343927  -0.230432 
      317.5000  -0.564432   0.332396  -0.232036 
      318.0000  -0.569316   0.343616  -0.225700 
      318.5000  -0.555114   0.331453  -0.223660 
      319.0000  -0.594588   0.375465  -0.219123 
      319.5000  -0.570105   0.359320  -0.210785 
      320.0000  -0.560175   0.345913  -0.214263 
      320.5000  -0.569373   0.334489  -0.234884 
      321.0000  -0.605542   0.363850  -0.241692 
      321.5000  -0.605691   0.368881  -0.236810 
      322.0000  -0.562172   0.322174  -0.239997 
      322.5000  -0.537029   0.285330  -0.251698 
      323.0000  -0.576948   0.330762  -0.246186 
      323.5000  -0.556005   0.316434  -0.239571 
      324.0000  -0.548039   0.314706  -0.233333 
      324.5000  -0.554025   0.330445  -0.223580 
      325.0000  -0.512580   0.304001  -0.208579 
      325.5000  -0.538402   0.342579  -0.195824 
      326.0000  -0.515661   0.322611  -0.193050 
      326.5000  -0.563486   0.380786  -0.182700 
      327.0000  -0.509205   0.338468  -0.170737 
      327.5000  -0.514362   0.331544  -0.182818 
      328.0000  -0.538911   0.373394  -0.165517 
      328.5000  -0.519590   0.355295  -0.164295 
      329.0000  -0.514862   0.353245  -0.161617 
      329.5000  -0.568904   0.385172  -0.183731 
      330.0000  -0.557428   0.362927  -0.194502 
      330.5000  -0.490143   0.309013  -0.181129 
      331.0000  -0.568854   0.385463  -0.183392 
      331.5000  -0.538310   0.345519  -0.192791 
      332.0000  -0.565693   0.373915  -0.191779 
      332.5000  -0.520390   0.316710  -0.203681 
      333.0000  -0.545487   0.351301  -0.194186 
      333.5000  -0.504590   0.307418  -0.197171 
      334.0000  -0.562620   0.366356  -0.196264 
      334.5000  -0.528133   0.328117  -0.200016 
      335.0000  -0.458506   0.260830  -0.197676 
      335.5000  -0.487784   0.289792  -0.197992 
      336.0000  -0.490160   0.304048  -0.186111 
      336.5000  -0.561124   0.380314  -0.180810 
      337.0000  -0.574976   0.388756  -0.186221 
      337.5000  -0.588206   0.416462  -0.171745 
      338.0000  -0.571659   0.377806  -0.193852 
      338.5000  -0.482464   0.284360  -0.198104 
      339.0000  -0.527995   0.328414  -0.199580 
      339.5000  -0.495149   0.294299  -0.200851 
      340.0000  -0.537659   0.340968  -0.196691 
      340.5000  -0.514107   0.318447  -0.195660 
      341.0000  -0.520397   0.321504  -0.198893 
      341.5000  -0.578190   0.386316  -0.191874 
      342.0000  -0.488447   0.289774  -0.198673 
      342.5000  -0.510157   0.313215  -0.196942 
      343.0000  -0.480395   0.279772  -0.200623 
      343.5000  -0.512203   0.323328  -0.188876 
      344.0000  -0.531953   0.338290  -0.193663 
      344.5000  -0.482055   0.276883  -0.205171 
      345.0000  -0.495277   0.300562  -0.194715 
      345.5000  -0.483534   0.278997  -0.204536 
      346.0000  -0.501693   0.299895  -0.201799 
      346.5000  -0.504573   0.293428  -0.211145 
      347.0000  -0.487124   0.275326  -0.211798 
      347.5000  -0.516550   0.300205  -0.216345 
      348.0000  -0.472108   0.250491  -0.221617 
      348.5000  -0.535896   0.314932  -0.220964 
      349.0000  -0.514956   0.291402  -0.223555 
      349.5000  -0.527660   0.291183  -0.236477 
      350.0000  -0.503956   0.270725  -0.233230 
      350.5000  -0.486436   0.265939  -0.220496 
      351.0000  -0.494981   0.287150  -0.207831 
      351.5000  -0.444102   0.235718  -0.208384 
      352.0000  -0.483171   0.273826  -0.209345 
      352.5000  -0.458489   0.244113  -0.214376 
      353.0000  -0.484573   0.267359  -0.217215 
      353.5000  -0.466363   0.252369  -0.213994 
      354.0000  -0.508347   0.290686  -0.217660 
      354.5000  -0.474522   0.263283  -0.211239 
      355.0000  -0.474653   0.261037  -0.213616 
      355.5000  -0.469649   0.253072  -0.216577 
      356.0000  -0.448901   0.226740  -0.222161 
      356.5000  -0.494712   0.277088  -0.217624 
      357.0000  -0.512309   0.290611  -0.221698 
      357.5000  -0.497104   0.269319  -0.227785 
      358.0000  -0.493792   0.266418  -0.227375 
      358.5000  -0.555675   0.329589  -0.226085 
      359.0000  -0.511492   0.286555  -0.224937 
      359.5000  -0.531890   0.305675  -0.226215 
      360.0000  -0.535047   0.296768  -0.238279 
      360.5000  -0.497606   0.256780  -0.240826 
      361.0000  -0.533259   0.291691  -0.241568 
      361.5000  -0.525399   0.285099  -0.240300 
      362.0000  -0.525438   0.278940  -0.246498 
      362.5000  -0.548051   0.292664  -0.255387 
      363.0000  -0.563914   0.310603  -0.253310 
      363.5000  -0.587599   0.336817  -0.250782 
      364.0000  -0.560016   0.314940  -0.245077 
      364.5000  -0.576176   0.335441  -0.240735 
      365.0000  -0.537511   0.285883  -0.251628 
      365.5000  -0.549270   0.303552  -0.245718 
      366.0000  -0.549737   0.299545  -0.250192 
      366.5000  -0.549831   0.301770  -0.248061 
      367.0000  -0.578582   0.314601  -0.263981 
      367.5000  -0.552975   0.289701  -0.263274 
      368.0000  -0.554604   0.287447  -0.267158 
      368.5000  -0.559706   0.283276  -0.276430 
      369.0000  -0.618160   0.342462  -0.275697 
      369.5000  -0.558787   0.274657  -0.284130 
      370.0000  -0.600319   0.323193  -0.277125 
      370.5000  -0.548672   0.268120  -0.280552 
      371.0000  -0.586426   0.287595  -0.298831 
      371.5000  -0.573255   0.267354  -0.305900 
      372.0000  -0.580418   0.270886  -0.309532 
      372.5000  -0.557617   0.265464  -0.292154 
      373.0000  -0.579540   0.284355  -0.295184 
      373.5000  -0.575283   0.285786  -0.289497 
      374.0000  -0.598272   0.316809  -0.281462 
      374.5000  -0.565814   0.286319  -0.279495 
      375.0000  -0.564719   0.300557  -0.264162 
      375.5000  -0.593820   0.313083  -0.280737 
      376.0000  -0.601666   0.321134  -0.280533 
      376.5000  -0.589274   0.313118  -0.276156 
      377.0000  -0.585385   0.312847  -0.272538 
      377.5000  -0.557660   0.290315  -0.267344 
      378.0000  -0.585633   0.320641  -0.264992 
      378.5000  -0.559351   0.283645  -0.275706 
      379.0000  -0.556723   0.295913  -0.260810 
      379.5000  -0.529890   0.274837  -0.255053 
      380.0000  -0.576918   0.328549  -0.248368 
      380.5000  -0.588275   0.335010  -0.253265 
      381.0000  -0.563693   0.304794  -0.258900 
      381.5000  -0.600522   0.343312  -0.257210 
      382.0000  -0.582010   0.315728  -0.266282 
      382.5000  -0.559004   0.287625  -0.271379 
      383.0000  -0.547404   0.284267  -0.263137 
      383.5000  -0.571869   0.315089  -0.256780 
      384.0000  -0.513931   0.240096  -0.273835 
      384.5000  -0.592913   0.317070  -0.275843 
      385.0000  -0.560724   0.286092  -0.274632 
      385.5000  -0.583632   0.297034  -0.286598 
      386.0000  -0.580652   0.294362  -0.286290 
      386.5000  -0.572440   0.302471  -0.269970 
      387.0000  -0.588055   0.325935  -0.262120 
      387.5000  -0.578067   0.337775  -0.240292 
      388.0000  -0.569561   0.335356  -0.234205 
      388.5000  -0.584443   0.346051  -0.238392 
      389.0000  -0.577472   0.343681  -0.233791 
      389.5000  -0.557407   0.334931  -0.222475 
      390.0000  -0.564810   0.325158  -0.239652 
      390.5000  -0.542566   0.307723  -0.234843 
      391.0000  -0.550624   0.332313  -0.218311 
      391.5000  -0.568432   0.343896  -0.224536 
      392.0000  -0.534780   0.304811  -0.229968 
      392.5000  -0.547493   0.309261  -0.238232 
      393.0000  -0.567736   0.301573  -0.266163 
      393.5000  -0.582431   0.309846  -0.272584 
      394.0000  -0.602732   0.344389  -0.258342 
      394.5000  -0.569155   0.329963  -0.239192 
      395.0000  -0.562176   0.331336  -0.230840 
      395.5000  -0.563177   0.327355  -0.235821 
      396.0000  -0.551479   0.315026  -0.236453 
      396.5000  -0.547049   0.296469  -0.250580 
      397.0000  -0.554406   0.303459  -0.250947 
      397.5000  -0.537014   0.294544  -0.242471 
      398.0000  -0.572933   0.327866  -0.245067 
      398.5000  -0.525908   0.288437  -0.237471 
      399.0000  -0.538414   0.304379  -0.234035 
      399.5000  -0.544808   0.307511  -0.237297 
      400.0000  -0.569898   0.326785  -0.243112 
      400.5000  -0.534315   0.284365  -0.249950 
      401.0000  -0.529783   0.277484  -0.252298 
      401.5000  -0.562640   0.314119  -0.248521 
      402.0000  -0.568869   0.320689  -0.248180 
      402.5000  -0.587382   0.335302  -0.252080 
      403.0000  -0.535657   0.287601  -0.248056 
      403.5000  -0.603906   0.351937  -0.251969 
      404.0000  -0.544814   0.289695  -0.255120 
      404.5000  -0.533840   0.276303  -0.257537 
      405.0000  -0.574728   0.319344  -0.255383 
      405.5000  -0.532457   0.280689  -0.251768 
      406.0000  -0.571768   0.315655  -0.256114 
      406.5000  -0.540346   0.282819  -0.257527 
      407.0000  -0.555184   0.293696  -0.261489 
      407.5000  -0.539148   0.281524  -0.257624 
      408.0000  -0.558590   0.286298  -0.272293 
      408.5000  -0.589308   0.318781  -0.270527 
      409.0000  -0.564650   0.301240  -0.263410 
      409.5000  -0.563878   0.291451  -0.272427 
      410.0000  -0.574551   0.302943  -0.271608 
      410.5000  -0.572969   0.312252  -0.260717 
      411.0000  -0.548866   0.288407  -0.260460 
      411.5000  -0.587297   0.323546  -0.263751 
      412.0000  -0.583553   0.316425  -0.267128 
      412.5000  -0.620302   0.342507  -0.277795 
      413.0000  -0.568075   0.289476  -0.278599 
      413.5000  -0.589956   0.312672  -0.277284 
      414.0000  -0.572264   0.296089  -0.276175 
      414.5000  -0.567468   0.303080  -0.264388 
      415.0000  -0.560312   0.293722  -0.266591 
      415.5000  -0.568143   0.305309  -0.262834 
      416.0000  -0.612396   0.333760  -0.278636 
      416.5000  -0.591151   0.320335  -0.270815 
      417.0000  -0.616732   0.336046  -0.280686 
      417.5000  -0.567908   0.275621  -0.292287 
      418.0000  -0.588520   0.299970  -0.288550 
      418.5000  -0.536116   0.254267  -0.281848 
      419.0000  -0.588269   0.314308  -0.273961 
      419.5000  -0.586890   0.303315  -0.283575 
      420.0000  -0.612355   0.314874  -0.297482 
      420.5000  -0.622984   0.321571  -0.301413 
      421.0000  -0.617080   0.315364  -0.301717 
      421.5000  -0.597699   0.302198  -0.295501 
      422.0000  -0.612820   0.312288  -0.300532 
      422.5000  -0.638953   0.336560  -0.302392 
      423.0000  -0.652408   0.357363  -0.295045 
      423.5000  -0.636647   0.350335  -0.286313 
      424.0000  -0.604305   0.324770  -0.279535 
      424.5000  -0.588827   0.315171  -0.273656 
      425.0000  -0.580390   0.316447  -0.263943 
      425.5000  -0.577551   0.315178  -0.262373 
      426.0000  -0.636303   0.376829  -0.259474 
      426.5000  -0.596474   0.331978  -0.264497 
      427.0000  -0.578419   0.308317  -0.270102 
      427.5000  -0.576358   0.318243  -0.258114 
      428.0000  -0.560271   0.304923  -0.255348 
      428.5000  -0.593515   0.328570  -0.264946 
      429.0000  -0.617324   0.352998  -0.264326 
      429.5000  -0.564769   0.304678  -0.260091 
      430.0000  -0.620862   0.358112  -0.262750 
      430.5000  -0.599255   0.335761  -0.263493 
      431.0000  -0.591202   0.331385  -0.259817 
      431.5000  -0.582716   0.325073  -0.257643 
      432.0000  -0.573209   0.298335  -0.274874 
      432.5000  -0.590019   0.315479  -0.274541 
      433.0000  -0.632794   0.362781  -0.270013 
      433.5000  -0.600480   0.321168  -0.279312 
      434.0000  -0.578044   0.302524  -0.275520 
      434.5000  -0.562225   0.275814  -0.286411 
      435.0000  -0.608720   0.314288  -0.294432 
      435.5000  -0.549193   0.251778  -0.297414 
      436.0000  -0.562237   0.265422  -0.296815 
      436.5000  -0.582215   0.299753  -0.282461 
      437.0000  -0.589255   0.302775  -0.286481 
      437.5000  -0.630544   0.338592  -0.291952 
      438.0000  -0.549295   0.247065  -0.302229 
      438.5000  -0.559237   0.242296  -0.316941 
      439.0000  -0.582389   0.256217  -0.326171 
      439.5000  -0.599829   0.267656  -0.332172 
      440.0000  -0.620616   0.289371  -0.331245 
      440.5000  -0.623377   0.290304  -0.333073 
      441.0000  -0.612060   0.282852  -0.329209 
      441.5000  -0.602727   0.281049  -0.321678 
      442.0000  -0.598822   0.277779  -0.321043 
      442.5000  -0.585067   0.274755  -0.310312 
      443.0000  -0.575105   0.268268  -0.306837 
      443.5000  -0.532104   0.238175  -0.293928 
      444.0000  -0.545289   0.241756  -0.303533 
      444.5000  -0.564895   0.249588  -0.315307 
      445.0000  -0.575713   0.262549  -0.313163 
      445.5000  -0.592019   0.268142  -0.323877 
      446.0000  -0.603012   0.286138  -0.316874 
      446.5000  -0.574595   0.250013  -0.324582 
      447.0000  -0.617744   0.297159  -0.320585 
      447.5000  -0.626504   0.306192  -0.320312 
      448.0000  -0.572066   0.235448  -0.336618 
      448.5000  -0.635744   0.303843  -0.331900 
      449.0000  -0.590823   0.254645  -0.336177 
      449.5000  -0.661060   0.319602  -0.341458 
      450.0000  -0.610238   0.266757  -0.343481 
      450.5000  -0.586460   0.251231  -0.335228 
      451.0000  -0.618227   0.279324  -0.338903 
      451.5000  -0.591213   0.252640  -0.338573 
      452.0000  -0.647295   0.301584  -0.345711 
      452.5000  -0.629316   0.282569  -0.346746 
      453.0000  -0.688681   0.348160  -0.340521 
      453.5000  -0.616204   0.287397  -0.328807 
      454.0000  -0.630932   0.306253  -0.324679 
      454.5000  -0.609721   0.284858  -0.324863 
      455.0000  -0.628536   0.295240  -0.333296 
      455.5000  -0.651757   0.304710  -0.347047 
      456.0000  -0.610871   0.264450  -0.346421 
      456.5000  -0.609873   0.267859  -0.342013 
      457.0000  -0.638066   0.304730  -0.333336 
      457.5000  -0.641041   0.311344  -0.329697 
      458.0000  -0.627920   0.304490  -0.323430 
      458.5000  -0.614511   0.299660  -0.314851 
      459.0000  -0.641380   0.319196  -0.322183 
      459.5000  -0.605926   0.277291  -0.328635 
      460.0000  -0.599026   0.280712  -0.318314 
      460.5000  -0.597132   0.282301  -0.314831 
      461.0000  -0.606950   0.283127  -0.323824 
      461.5000  -0.600038   0.277131  -0.322907 
      462.0000  -0.618883   0.299967  -0.318916 
      462.5000  -0.586563   0.276042  -0.310521 
      463.0000  -0.615477   0.303048  -0.312429 
      463.5000  -0.656240   0.335716  -0.320524 
      464.0000  -0.606777   0.306831  -0.299946 
      464.5000  -0.610894   0.318586  -0.292308 
      465.0000  -0.628239   0.341045  -0.287194 
      465.5000  -0.634504   0.332286  -0.302218 
      466.0000  -0.646551   0.343481  -0.303069 
      466.5000  -0.625403   0.323708  -0.301695 
      467.0000  -0.656448   0.359314  -0.297134 
      467.5000  -0.620575   0.307735  -0.312840 
      468.0000  -0.611835   0.289061  -0.322774 
      468.5000  -0.660464   0.345193  -0.315271 
      469.0000  -0.690496   0.381984  -0.308512 
      469.5000  -0.654068   0.354538  -0.299530 
      470.0000  -0.638716   0.335625  -0.303090 
      470.5000  -0.653059   0.361235  -0.291823 
      471.0000  -0.624807   0.337674  -0.287133 
      471.5000  -0.614396   0.333181  -0.281215 
      472.0000  -0.569543   0.290529  -0.279014 
      472.5000  -0.672250   0.378832  -0.293418 
      473.0000  -0.659963   0.369374  -0.290589 
      473.5000  -0.666672   0.357021  -0.309650 
      474.0000  -0.653434   0.333675  -0.319758 
      474.5000  -0.641159   0.315146  -0.326013 
      475.0000  -0.647185   0.310057  -0.337128 
      475.5000  -0.654767   0.321585  -0.333182 
      476.0000  -0.646276   0.321857  -0.324418 
      476.5000  -0.618593   0.286069  -0.332524 
      477.0000  -0.621856   0.285592  -0.336265 
      477.5000  -0.610363   0.273133  -0.337230 
      478.0000  -0.606375   0.278082  -0.328293 
      478.5000  -0.664891   0.325105  -0.339786 
      479.0000  -0.617265   0.281466  -0.335800 
      479.5000  -0.609467   0.283418  -0.326049 
      480.0000  -0.625133   0.292311  -0.332823 
      480.5000  -0.628282   0.290917  -0.337365 
      481.0000  -0.607809   0.275804  -0.332005 
      481.5000  -0.632847   0.298570  -0.334277 
      482.0000  -0.640607   0.312846  -0.327761 
      482.5000  -0.663122   0.352579  -0.310543 
      483.0000  -0.641496   0.320920  -0.320576 
      483.5000  -0.680370   0.352199  -0.328170 
      484.0000  -0.624421   0.278654  -0.345766 
      484.5000  -0.674813   0.318954  -0.355859 
      485.0000  -0.677336   0.316533  -0.360803 
      485.5000  -0.675169   0.307795  -0.367374 
      486.0000  -0.675438   0.312619  -0.362820 
      486.5000  -0.634257   0.281763  -0.352495 
      487.0000  -0.682734   0.322282  -0.360452 
      487.5000  -0.689154   0.324512  -0.364641 
      488.0000  -0.660812   0.309235  -0.351577 
      488.5000  -0.610952   0.276380  -0.334572 
      489.0000  -0.685465   0.348831  -0.336634 
      489.5000  -0.654906   0.319700  -0.335205 
      490.0000  -0.646041   0.304579  -0.341461 
      490.5000  -0.724087   0.385551  -0.338535 
      491.0000  -0.656537   0.332750  -0.323788 
      491.5000  -0.641904   0.325812  -0.316092 
      492.0000  -0.640837   0.311205  -0.329632 
      492.5000  -0.670167   0.339883  -0.330284 
      493.0000  -0.653312   0.311717  -0.341595 
      493.5000  -0.691693   0.341785  -0.349908 
      494.0000  -0.656377   0.290125  -0.366252 
      494.5000  -0.735534   0.357618  -0.377916 
      495.0000  -0.696063   0.320225  -0.375838 
      495.5000  -0.693100   0.328639  -0.364462 
      496.0000  -0.660266   0.292259  -0.368007 
      496.5000  -0.668690   0.311827  -0.356863 
      497.0000  -0.675998   0.314319  -0.361679 
      497.5000  -0.660763   0.290109  -0.370654 
      498.0000  -0.664124   0.279799  -0.384325 
      498.5000  -0.741498   0.348511  -0.392987 
      499.0000  -0.694002   0.292143  -0.401859 
      499.5000  -0.719930   0.320755  -0.399174 
      500.0000  -0.745392   0.329329  -0.416063 
