#id1 id2 FENE BEXC STCK NEXC HB CRSTCK CXSTCK total, t = 100000
0 1 0.0148099 0 -1.33762 0 0 0 0 -1.32281
1 2 0.00107877 0 -1.04884 0 0 0 0 -1.04776
2 3 0.0655737 0 -1.2139 0 0 0 0 -1.14833
3 4 0.0121699 0 -0.859945 0 0 0 0 -0.847775
4 5 0.0233307 0 -0 0 0 0 0 0.0233307
5 6 0.0594043 0 0 0 0 0 0 0.0594043
6 7 0.0814164 0 -1.20114 0 0 0 0 -1.11972
7 8 0.0214843 0 -1.33475 0 0 0 0 -1.31327
8 9 0.0111158 0 -1.15942 0 0 0 0 -1.1483
9 10 0.00361808 0 0 0 0 0 0 0.00361808
10 11 0.0195693 0 -1.27195 0 0 0 0 -1.25238
11 12 0.000276646 0 -0 0 0 0 0 0.000276646
12 13 0.101269 0 -0.835185 0 0 0 0 -0.733916
13 14 0.0241461 0 -1.13245 0 0 0 0 -1.1083
14 15 3.55541e-05 0 0 0 0 0 0 3.55541e-05
15 16 0.129221 0 -1.10315 0 0 0 0 -0.973932
16 17 0.0017797 0 -1.26154 0 0 0 0 -1.25976
17 18 0.0275248 0 -1.36789 0 0 0 0 -1.34037
18 19 0.0295533 0 0 0 0 0 0 0.0295533
19 20 0.000698134 0 0 0 0 0 0 0.000698134
20 21 0.00700481 0 -1.06923 0 0 0 0 -1.06223
18 22 0 0 0 0 0 -7.10552e-05 0 -7.10552e-05
21 22 0.0373972 0 -0.804003 0 0 0 0 -0.766606
22 23 0.00470914 0 -1.33881 0 0 0 0 -1.3341
23 24 0.0146032 0 -0.986708 0 0 0 0 -0.972105
#Total energy per particle is  -0.745393 and should be -0.74539310

