        0.0000  -1.017812   0.327350  -0.690462 
        0.5000  -0.889400   0.437229  -0.452171 
        1.0000  -0.870289   0.746555  -0.123734 
        1.5000  -0.635265   1.047558   0.412293 
        2.0000  -0.526526   1.026557   0.500031 
        2.5000  -0.429091   1.044977   0.615887 
        3.0000  -0.314354   0.979865   0.665511 
        3.5000  -0.229334   0.881237   0.651903 
        4.0000  -0.201581   0.820327   0.618746 
        4.5000   0.059279   0.546907   0.606186 
        5.0000  -0.037357   0.607147   0.569790 
        5.5000  -0.100495   0.659205   0.558710 
        6.0000  -0.098389   0.684705   0.586316 
        6.5000   0.093634   0.497766   0.591401 
        7.0000  -0.014380   0.619710   0.605330 
        7.5000   0.053385   0.549382   0.602766 
        8.0000   0.063525   0.517379   0.580903 
        8.5000  -0.078229   0.661269   0.583040 
        9.0000  -0.050672   0.604150   0.553478 
        9.5000  -0.025982   0.579315   0.553333 
       10.0000  -0.031671   0.566589   0.534918 
       10.5000  -0.015542   0.546423   0.530881 
       11.0000  -0.047329   0.552592   0.505263 
       11.5000   0.013425   0.471642   0.485067 
       12.0000  -0.002183   0.467427   0.465243 
       12.5000   0.021222   0.447385   0.468607 
       13.0000  -0.036628   0.494322   0.457694 
       13.5000  -0.063775   0.527218   0.463443 
       14.0000   0.033097   0.436998   0.470095 
       14.5000  -0.012722   0.474943   0.462220 
       15.0000  -0.032638   0.500532   0.467895 
       15.5000  -0.029283   0.496600   0.467317 
       16.0000  -0.006245   0.469529   0.463283 
       16.5000  -0.016161   0.475751   0.459590 
       17.0000  -0.032581   0.493992   0.461411 
       17.5000  -0.085379   0.549714   0.464335 
       18.0000  -0.146212   0.603553   0.457341 
       18.5000  -0.132819   0.587185   0.454366 
       19.0000  -0.063329   0.500891   0.437563 
       19.5000  -0.057427   0.488344   0.430917 
       20.0000  -0.062498   0.487790   0.425292 
       20.5000  -0.045729   0.483982   0.438254 
       21.0000  -0.048807   0.493508   0.444702 
       21.5000  -0.014895   0.453737   0.438842 
       22.0000   0.027319   0.391492   0.418810 
       22.5000  -0.005423   0.420916   0.415492 
       23.0000  -0.003653   0.424570   0.420917 
       23.5000  -0.018131   0.435689   0.417558 
       24.0000  -0.080309   0.484970   0.404661 
       24.5000  -0.063707   0.445343   0.381636 
       25.0000  -0.065981   0.444624   0.378643 
       25.5000  -0.074806   0.470111   0.395305 
       26.0000  -0.009221   0.402414   0.393193 
       26.5000  -0.089091   0.473404   0.384313 
       27.0000  -0.092891   0.487128   0.394237 
       27.5000   0.002864   0.396640   0.399503 
       28.0000  -0.090467   0.481234   0.390768 
       28.5000  -0.081382   0.470185   0.388803 
       29.0000  -0.096750   0.476966   0.380215 
       29.5000  -0.115661   0.495217   0.379555 
       30.0000  -0.082686   0.457033   0.374348 
       30.5000  -0.068701   0.460470   0.391769 
       31.0000  -0.108909   0.482010   0.373101 
       31.5000  -0.077781   0.433734   0.355953 
       32.0000  -0.055926   0.405069   0.349143 
       32.5000  -0.064606   0.417561   0.352956 
       33.0000  -0.086955   0.443825   0.356869 
       33.5000  -0.059992   0.419339   0.359347 
       34.0000  -0.111743   0.465271   0.353527 
       34.5000  -0.092986   0.446631   0.353645 
       35.0000  -0.085164   0.441331   0.356167 
       35.5000  -0.039998   0.391370   0.351372 
       36.0000  -0.068696   0.418784   0.350088 
       36.5000  -0.075960   0.423878   0.347918 
       37.0000  -0.066632   0.417433   0.350801 
       37.5000  -0.117646   0.485664   0.368018 
       38.0000  -0.068775   0.422108   0.353333 
       38.5000  -0.112365   0.472670   0.360306 
       39.0000  -0.127967   0.476894   0.348927 
       39.5000  -0.064964   0.396879   0.331915 
       40.0000  -0.083146   0.430394   0.347248 
       40.5000  -0.093846   0.441230   0.347384 
       41.0000  -0.078391   0.414568   0.336177 
       41.5000  -0.092067   0.419236   0.327169 
       42.0000  -0.095018   0.426795   0.331776 
       42.5000  -0.123466   0.442461   0.318996 
       43.0000  -0.090878   0.401638   0.310760 
       43.5000  -0.076472   0.393803   0.317331 
       44.0000  -0.083156   0.389778   0.306622 
       44.5000  -0.081396   0.395814   0.314418 
       45.0000  -0.078461   0.398043   0.319582 
       45.5000  -0.087459   0.391012   0.303553 
       46.0000  -0.094257   0.390138   0.295882 
       46.5000  -0.081512   0.387993   0.306481 
       47.0000  -0.077470   0.381930   0.304460 
       47.5000   0.002265   0.309583   0.311847 
       48.0000  -0.038878   0.336375   0.297497 
       48.5000  -0.055992   0.352371   0.296379 
       49.0000  -0.050720   0.338538   0.287818 
       49.5000  -0.067611   0.352637   0.285026 
       50.0000  -0.068443   0.342332   0.273889 
       50.5000  -0.067419   0.350110   0.282691 
       51.0000  -0.034162   0.320057   0.285895 
       51.5000  -0.053881   0.326477   0.272596 
       52.0000  -0.090012   0.357075   0.267063 
       52.5000  -0.041581   0.315391   0.273810 
       53.0000  -0.033998   0.317129   0.283131 
       53.5000  -0.082390   0.375029   0.292639 
       54.0000  -0.107629   0.388055   0.280427 
       54.5000  -0.074953   0.344750   0.269797 
       55.0000  -0.112733   0.375527   0.262794 
       55.5000  -0.125447   0.393695   0.268248 
       56.0000  -0.139753   0.413811   0.274059 
       56.5000  -0.096402   0.364562   0.268160 
       57.0000  -0.104176   0.361642   0.257466 
       57.5000  -0.145420   0.404137   0.258717 
       58.0000  -0.126224   0.402791   0.276567 
       58.5000  -0.130099   0.392710   0.262612 
       59.0000  -0.135625   0.369417   0.233793 
       59.5000  -0.118016   0.362178   0.244161 
       60.0000  -0.118600   0.369021   0.250421 
       60.5000  -0.164373   0.408198   0.243826 
       61.0000  -0.167930   0.410633   0.242703 
       61.5000  -0.201724   0.436315   0.234591 
       62.0000  -0.160501   0.411290   0.250789 
       62.5000  -0.172773   0.399490   0.226717 
       63.0000  -0.118720   0.338092   0.219372 
       63.5000  -0.119939   0.358942   0.239002 
       64.0000  -0.127172   0.355387   0.228214 
       64.5000  -0.155222   0.377011   0.221789 
       65.0000  -0.175777   0.388833   0.213056 
       65.5000  -0.191022   0.407610   0.216588 
       66.0000  -0.162179   0.378669   0.216490 
       66.5000  -0.161611   0.388408   0.226798 
       67.0000  -0.187083   0.415758   0.228675 
       67.5000  -0.182385   0.409892   0.227506 
       68.0000  -0.197355   0.418046   0.220691 
       68.5000  -0.158966   0.374642   0.215677 
       69.0000  -0.200087   0.415757   0.215670 
       69.5000  -0.179494   0.388723   0.209229 
       70.0000  -0.169219   0.380089   0.210869 
       70.5000  -0.160179   0.359372   0.199194 
       71.0000  -0.125884   0.321087   0.195202 
       71.5000  -0.123873   0.323136   0.199262 
       72.0000  -0.162771   0.370130   0.207359 
       72.5000  -0.112657   0.318521   0.205864 
       73.0000  -0.140847   0.341674   0.200828 
       73.5000  -0.126949   0.316491   0.189541 
       74.0000  -0.151727   0.339216   0.187489 
       74.5000  -0.138857   0.329766   0.190908 
       75.0000  -0.152302   0.329959   0.177657 
       75.5000  -0.151922   0.318755   0.166832 
       76.0000  -0.121371   0.286538   0.165166 
       76.5000  -0.163586   0.327185   0.163598 
       77.0000  -0.164934   0.338115   0.173181 
       77.5000  -0.153805   0.328564   0.174758 
       78.0000  -0.141678   0.297604   0.155926 
       78.5000  -0.141046   0.292707   0.151661 
       79.0000  -0.207832   0.372596   0.164764 
       79.5000  -0.173933   0.351401   0.177468 
       80.0000  -0.147131   0.324909   0.177779 
       80.5000  -0.146722   0.315464   0.168742 
       81.0000  -0.206860   0.383248   0.176388 
       81.5000  -0.184360   0.375656   0.191295 
       82.0000  -0.141996   0.335555   0.193559 
       82.5000  -0.203891   0.386195   0.182304 
       83.0000  -0.221564   0.409585   0.188021 
       83.5000  -0.228214   0.409655   0.181441 
       84.0000  -0.198262   0.378074   0.179812 
       84.5000  -0.221411   0.392603   0.171192 
       85.0000  -0.252983   0.421499   0.168516 
       85.5000  -0.199769   0.359683   0.159914 
       86.0000  -0.245521   0.401744   0.156223 
       86.5000  -0.211830   0.370814   0.158984 
       87.0000  -0.226474   0.389263   0.162789 
       87.5000  -0.229417   0.415312   0.185895 
       88.0000  -0.225091   0.395870   0.170779 
       88.5000  -0.301335   0.465468   0.164133 
       89.0000  -0.278506   0.443494   0.164987 
       89.5000  -0.252624   0.416162   0.163538 
       90.0000  -0.271213   0.436886   0.165673 
       90.5000  -0.283798   0.454425   0.170626 
       91.0000  -0.253724   0.416121   0.162398 
       91.5000  -0.221138   0.390167   0.169029 
       92.0000  -0.276301   0.438721   0.162420 
       92.5000  -0.233641   0.385287   0.151647 
       93.0000  -0.239042   0.384801   0.145759 
       93.5000  -0.259742   0.406683   0.146941 
       94.0000  -0.247033   0.398527   0.151494 
       94.5000  -0.294903   0.452216   0.157313 
       95.0000  -0.256996   0.407163   0.150167 
       95.5000  -0.285405   0.440641   0.155236 
       96.0000  -0.304503   0.455829   0.151326 
       96.5000  -0.301636   0.439252   0.137616 
       97.0000  -0.241169   0.367397   0.126228 
       97.5000  -0.267440   0.401661   0.134221 
       98.0000  -0.273792   0.413228   0.139437 
       98.5000  -0.259493   0.391605   0.132112 
       99.0000  -0.234565   0.366414   0.131850 
       99.5000  -0.245559   0.383165   0.137606 
      100.0000  -0.250984   0.382558   0.131574 
      100.5000  -0.266103   0.404534   0.138431 
      101.0000  -0.269517   0.410771   0.141254 
      101.5000  -0.248560   0.389383   0.140822 
      102.0000  -0.228939   0.368542   0.139603 
      102.5000  -0.291418   0.412282   0.120864 
      103.0000  -0.275071   0.407620   0.132549 
      103.5000  -0.234967   0.346967   0.112000 
      104.0000  -0.289008   0.393103   0.104094 
      104.5000  -0.244871   0.336549   0.091677 
      105.0000  -0.267476   0.367065   0.099588 
      105.5000  -0.236249   0.336591   0.100342 
      106.0000  -0.273780   0.372674   0.098894 
      106.5000  -0.284477   0.378929   0.094452 
      107.0000  -0.278912   0.365508   0.086596 
      107.5000  -0.268833   0.366911   0.098077 
      108.0000  -0.272523   0.363004   0.090480 
      108.5000  -0.239942   0.339044   0.099102 
      109.0000  -0.246662   0.347829   0.101167 
      109.5000  -0.250415   0.350460   0.100045 
      110.0000  -0.256207   0.348332   0.092125 
      110.5000  -0.248355   0.321897   0.073542 
      111.0000  -0.248100   0.311479   0.063379 
      111.5000  -0.267828   0.344171   0.076343 
      112.0000  -0.261674   0.324242   0.062568 
      112.5000  -0.241653   0.296022   0.054369 
      113.0000  -0.282709   0.348251   0.065542 
      113.5000  -0.260049   0.330077   0.070027 
      114.0000  -0.248372   0.317918   0.069546 
      114.5000  -0.259199   0.323186   0.063987 
      115.0000  -0.300639   0.382563   0.081924 
      115.5000  -0.291788   0.366510   0.074723 
      116.0000  -0.270503   0.338447   0.067944 
      116.5000  -0.308916   0.373760   0.064844 
      117.0000  -0.332941   0.399749   0.066808 
      117.5000  -0.307728   0.370385   0.062656 
      118.0000  -0.265741   0.330592   0.064851 
      118.5000  -0.255151   0.312231   0.057079 
      119.0000  -0.302384   0.364660   0.062276 
      119.5000  -0.266265   0.321106   0.054841 
      120.0000  -0.293199   0.346959   0.053760 
      120.5000  -0.317569   0.375254   0.057685 
      121.0000  -0.282207   0.338844   0.056637 
      121.5000  -0.277222   0.324682   0.047460 
      122.0000  -0.276453   0.341322   0.064869 
      122.5000  -0.263650   0.307813   0.044164 
      123.0000  -0.248601   0.283395   0.034794 
      123.5000  -0.305454   0.330741   0.025287 
      124.0000  -0.325519   0.355982   0.030463 
      124.5000  -0.297633   0.317957   0.020324 
      125.0000  -0.319735   0.342242   0.022508 
      125.5000  -0.347919   0.367215   0.019297 
      126.0000  -0.330905   0.342848   0.011943 
      126.5000  -0.357016   0.357713   0.000697 
      127.0000  -0.398119   0.398328   0.000210 
      127.5000  -0.377190   0.376406  -0.000784 
      128.0000  -0.397833   0.397256  -0.000578 
      128.5000  -0.399022   0.400955   0.001933 
      129.0000  -0.386411   0.385816  -0.000595 
      129.5000  -0.345571   0.359538   0.013967 
      130.0000  -0.360333   0.377230   0.016897 
      130.5000  -0.400504   0.413433   0.012929 
      131.0000  -0.350186   0.358900   0.008713 
      131.5000  -0.320297   0.331866   0.011569 
      132.0000  -0.339053   0.342808   0.003755 
      132.5000  -0.306185   0.306078  -0.000107 
      133.0000  -0.293054   0.316574   0.023519 
      133.5000  -0.319960   0.348451   0.028491 
      134.0000  -0.313817   0.333885   0.020069 
      134.5000  -0.366762   0.375639   0.008877 
      135.0000  -0.348773   0.349643   0.000870 
      135.5000  -0.360145   0.358239  -0.001905 
      136.0000  -0.400695   0.392612  -0.008082 
      136.5000  -0.397301   0.375744  -0.021557 
      137.0000  -0.355900   0.338742  -0.017158 
      137.5000  -0.367853   0.347362  -0.020491 
      138.0000  -0.339474   0.334186  -0.005289 
      138.5000  -0.373226   0.383771   0.010545 
      139.0000  -0.366433   0.387038   0.020605 
      139.5000  -0.312712   0.330535   0.017823 
      140.0000  -0.375468   0.401546   0.026078 
      140.5000  -0.360504   0.375151   0.014647 
      141.0000  -0.329317   0.368132   0.038815 
      141.5000  -0.378922   0.418578   0.039656 
      142.0000  -0.347659   0.384910   0.037251 
      142.5000  -0.313672   0.356441   0.042769 
      143.0000  -0.282333   0.333452   0.051119 
      143.5000  -0.335633   0.388673   0.053040 
      144.0000  -0.319407   0.376913   0.057506 
      144.5000  -0.333314   0.384964   0.051650 
      145.0000  -0.312921   0.359545   0.046624 
      145.5000  -0.310734   0.363329   0.052595 
      146.0000  -0.314280   0.386977   0.072697 
      146.5000  -0.345362   0.419552   0.074190 
      147.0000  -0.321139   0.375651   0.054513 
      147.5000  -0.327705   0.378226   0.050521 
      148.0000  -0.376528   0.409648   0.033120 
      148.5000  -0.301403   0.341519   0.040116 
      149.0000  -0.357442   0.398528   0.041086 
      149.5000  -0.307298   0.347102   0.039803 
      150.0000  -0.329669   0.370081   0.040412 
      150.5000  -0.317467   0.346075   0.028608 
      151.0000  -0.362884   0.400625   0.037742 
      151.5000  -0.355623   0.399993   0.044370 
      152.0000  -0.341528   0.380381   0.038853 
      152.5000  -0.313825   0.341211   0.027387 
      153.0000  -0.374957   0.412526   0.037569 
      153.5000  -0.325859   0.366706   0.040847 
      154.0000  -0.314624   0.373360   0.058736 
      154.5000  -0.324222   0.394156   0.069934 
      155.0000  -0.318651   0.374230   0.055579 
      155.5000  -0.328661   0.377490   0.048829 
      156.0000  -0.329451   0.383237   0.053786 
      156.5000  -0.365464   0.405811   0.040347 
      157.0000  -0.323259   0.358979   0.035720 
      157.5000  -0.392238   0.424211   0.031973 
      158.0000  -0.346705   0.379678   0.032973 
      158.5000  -0.358724   0.403509   0.044785 
      159.0000  -0.390183   0.429037   0.038854 
      159.5000  -0.409338   0.451665   0.042327 
      160.0000  -0.394744   0.430656   0.035912 
      160.5000  -0.362016   0.386862   0.024846 
      161.0000  -0.440470   0.467462   0.026991 
      161.5000  -0.371561   0.399450   0.027889 
      162.0000  -0.333450   0.363023   0.029572 
      162.5000  -0.356220   0.393423   0.037203 
      163.0000  -0.376393   0.409893   0.033500 
      163.5000  -0.360901   0.388992   0.028091 
      164.0000  -0.375047   0.400182   0.025135 
      164.5000  -0.392219   0.406488   0.014269 
      165.0000  -0.380994   0.365422  -0.015572 
      165.5000  -0.419795   0.399735  -0.020060 
      166.0000  -0.441227   0.417109  -0.024118 
      166.5000  -0.406153   0.382193  -0.023959 
      167.0000  -0.430927   0.405877  -0.025050 
      167.5000  -0.417193   0.387468  -0.029725 
      168.0000  -0.409888   0.353196  -0.056691 
      168.5000  -0.407999   0.330985  -0.077014 
      169.0000  -0.430327   0.350157  -0.080170 
      169.5000  -0.413953   0.357414  -0.056539 
      170.0000  -0.393498   0.333199  -0.060299 
      170.5000  -0.431167   0.384470  -0.046697 
      171.0000  -0.383763   0.342643  -0.041120 
      171.5000  -0.380792   0.329488  -0.051303 
      172.0000  -0.403930   0.353779  -0.050151 
      172.5000  -0.402201   0.347927  -0.054273 
      173.0000  -0.422028   0.372381  -0.049646 
      173.5000  -0.427273   0.373575  -0.053698 
      174.0000  -0.414205   0.364975  -0.049230 
      174.5000  -0.391247   0.358487  -0.032760 
      175.0000  -0.418354   0.391688  -0.026667 
      175.5000  -0.464295   0.429723  -0.034572 
      176.0000  -0.416803   0.370835  -0.045968 
      176.5000  -0.415256   0.369934  -0.045322 
      177.0000  -0.436535   0.394239  -0.042296 
      177.5000  -0.402512   0.355786  -0.046726 
      178.0000  -0.442089   0.366293  -0.075796 
      178.5000  -0.456145   0.386330  -0.069814 
      179.0000  -0.415403   0.351636  -0.063767 
      179.5000  -0.461577   0.396929  -0.064648 
      180.0000  -0.446999   0.400076  -0.046923 
      180.5000  -0.464348   0.410512  -0.053836 
      181.0000  -0.451487   0.400536  -0.050951 
      181.5000  -0.408517   0.351530  -0.056988 
      182.0000  -0.410410   0.344691  -0.065720 
      182.5000  -0.425828   0.368887  -0.056940 
      183.0000  -0.463492   0.397462  -0.066030 
      183.5000  -0.507210   0.434662  -0.072548 
      184.0000  -0.435782   0.367549  -0.068233 
      184.5000  -0.433052   0.359477  -0.073574 
      185.0000  -0.455043   0.372754  -0.082289 
      185.5000  -0.425442   0.348488  -0.076954 
      186.0000  -0.459297   0.381628  -0.077669 
      186.5000  -0.474739   0.404712  -0.070027 
      187.0000  -0.437473   0.368234  -0.069239 
      187.5000  -0.433594   0.355597  -0.077997 
      188.0000  -0.467886   0.385910  -0.081976 
      188.5000  -0.435041   0.339915  -0.095126 
      189.0000  -0.439509   0.340461  -0.099048 
      189.5000  -0.421619   0.333910  -0.087709 
      190.0000  -0.448568   0.359044  -0.089524 
      190.5000  -0.469082   0.370259  -0.098823 
      191.0000  -0.457799   0.338568  -0.119231 
      191.5000  -0.436967   0.318909  -0.118058 
      192.0000  -0.464479   0.346713  -0.117766 
      192.5000  -0.451534   0.334414  -0.117119 
      193.0000  -0.482038   0.367956  -0.114081 
      193.5000  -0.448003   0.328509  -0.119494 
      194.0000  -0.488066   0.359165  -0.128901 
      194.5000  -0.469173   0.348657  -0.120516 
      195.0000  -0.504528   0.374877  -0.129650 
      195.5000  -0.490492   0.367583  -0.122909 
      196.0000  -0.462330   0.355961  -0.106368 
      196.5000  -0.477070   0.361491  -0.115579 
      197.0000  -0.469530   0.346943  -0.122587 
      197.5000  -0.461455   0.327686  -0.133769 
      198.0000  -0.473655   0.333460  -0.140195 
      198.5000  -0.459626   0.310710  -0.148915 
      199.0000  -0.432390   0.278158  -0.154232 
      199.5000  -0.485383   0.333799  -0.151584 
      200.0000  -0.471178   0.326788  -0.144390 
      200.5000  -0.491898   0.349345  -0.142553 
      201.0000  -0.451981   0.318326  -0.133655 
      201.5000  -0.450508   0.315814  -0.134693 
      202.0000  -0.451844   0.331685  -0.120159 
      202.5000  -0.448704   0.329849  -0.118855 
      203.0000  -0.490559   0.364880  -0.125679 
      203.5000  -0.451505   0.321041  -0.130463 
      204.0000  -0.474055   0.352614  -0.121441 
      204.5000  -0.435150   0.308601  -0.126549 
      205.0000  -0.445057   0.322023  -0.123034 
      205.5000  -0.443943   0.330151  -0.113793 
      206.0000  -0.419234   0.310052  -0.109181 
      206.5000  -0.467921   0.355418  -0.112502 
      207.0000  -0.421894   0.311103  -0.110791 
      207.5000  -0.423175   0.328495  -0.094680 
      208.0000  -0.464045   0.367698  -0.096347 
      208.5000  -0.480727   0.376399  -0.104329 
      209.0000  -0.457068   0.356433  -0.100635 
      209.5000  -0.478453   0.374056  -0.104396 
      210.0000  -0.436724   0.319988  -0.116736 
      210.5000  -0.449984   0.325443  -0.124541 
      211.0000  -0.467204   0.351194  -0.116010 
      211.5000  -0.455993   0.352548  -0.103445 
      212.0000  -0.411370   0.302684  -0.108686 
      212.5000  -0.424852   0.308638  -0.116215 
      213.0000  -0.440079   0.340008  -0.100071 
      213.5000  -0.436127   0.341177  -0.094950 
      214.0000  -0.473875   0.383780  -0.090095 
      214.5000  -0.489304   0.406546  -0.082758 
      215.0000  -0.473444   0.385632  -0.087812 
      215.5000  -0.439411   0.358503  -0.080908 
      216.0000  -0.467402   0.390729  -0.076673 
      216.5000  -0.429401   0.358384  -0.071017 
      217.0000  -0.445490   0.375616  -0.069874 
      217.5000  -0.433507   0.372534  -0.060973 
      218.0000  -0.476063   0.399184  -0.076879 
      218.5000  -0.426351   0.340566  -0.085786 
      219.0000  -0.466243   0.374251  -0.091992 
      219.5000  -0.452533   0.355541  -0.096992 
      220.0000  -0.448330   0.332147  -0.116183 
      220.5000  -0.452337   0.331113  -0.121224 
      221.0000  -0.411700   0.299489  -0.112211 
      221.5000  -0.465211   0.347901  -0.117311 
      222.0000  -0.425700   0.304455  -0.121245 
      222.5000  -0.481218   0.363035  -0.118183 
      223.0000  -0.469803   0.328013  -0.141790 
      223.5000  -0.510700   0.350095  -0.160606 
      224.0000  -0.511117   0.368197  -0.142920 
      224.5000  -0.524765   0.377399  -0.147366 
      225.0000  -0.484038   0.333727  -0.150311 
      225.5000  -0.481189   0.347268  -0.133922 
      226.0000  -0.503364   0.355813  -0.147552 
      226.5000  -0.458752   0.303741  -0.155010 
      227.0000  -0.488550   0.326976  -0.161574 
      227.5000  -0.481705   0.315204  -0.166500 
      228.0000  -0.488482   0.329814  -0.158668 
      228.5000  -0.502385   0.339807  -0.162579 
      229.0000  -0.553221   0.381984  -0.171237 
      229.5000  -0.551322   0.384309  -0.167013 
      230.0000  -0.503660   0.347156  -0.156504 
      230.5000  -0.506648   0.347874  -0.158774 
      231.0000  -0.518412   0.367536  -0.150876 
      231.5000  -0.492772   0.339408  -0.153364 
      232.0000  -0.486534   0.323662  -0.162872 
      232.5000  -0.548530   0.389448  -0.159082 
      233.0000  -0.514172   0.352727  -0.161445 
      233.5000  -0.510748   0.352055  -0.158693 
      234.0000  -0.517723   0.340456  -0.177267 
      234.5000  -0.543241   0.365504  -0.177737 
      235.0000  -0.497967   0.317909  -0.180058 
      235.5000  -0.522018   0.352958  -0.169060 
      236.0000  -0.505512   0.331616  -0.173896 
      236.5000  -0.528784   0.353891  -0.174893 
      237.0000  -0.545934   0.355771  -0.190163 
      237.5000  -0.528646   0.322312  -0.206334 
      238.0000  -0.555726   0.351742  -0.203984 
      238.5000  -0.564237   0.357509  -0.206728 
      239.0000  -0.590123   0.387996  -0.202127 
      239.5000  -0.491141   0.292490  -0.198651 
      240.0000  -0.512877   0.309178  -0.203699 
      240.5000  -0.530257   0.324375  -0.205882 
      241.0000  -0.531598   0.326572  -0.205027 
      241.5000  -0.507461   0.311360  -0.196101 
      242.0000  -0.531468   0.332693  -0.198775 
      242.5000  -0.523407   0.325987  -0.197420 
      243.0000  -0.499384   0.305325  -0.194058 
      243.5000  -0.536571   0.326072  -0.210499 
      244.0000  -0.550130   0.324368  -0.225762 
      244.5000  -0.517789   0.310063  -0.207726 
      245.0000  -0.553777   0.338132  -0.215645 
      245.5000  -0.511801   0.294438  -0.217363 
      246.0000  -0.510403   0.289481  -0.220922 
      246.5000  -0.545682   0.324017  -0.221664 
      247.0000  -0.509964   0.287114  -0.222850 
      247.5000  -0.491336   0.269154  -0.222182 
      248.0000  -0.542420   0.308570  -0.233850 
      248.5000  -0.542124   0.297351  -0.244773 
      249.0000  -0.537542   0.295052  -0.242490 
      249.5000  -0.549805   0.326497  -0.223309 
      250.0000  -0.516044   0.291264  -0.224780 
      250.5000  -0.544502   0.335459  -0.209043 
      251.0000  -0.524476   0.327075  -0.197401 
      251.5000  -0.530442   0.332537  -0.197905 
      252.0000  -0.520477   0.309030  -0.211447 
      252.5000  -0.503452   0.289430  -0.214022 
      253.0000  -0.536073   0.318750  -0.217324 
      253.5000  -0.548336   0.320038  -0.228298 
      254.0000  -0.535529   0.299259  -0.236270 
      254.5000  -0.533329   0.293295  -0.240034 
      255.0000  -0.510786   0.278920  -0.231865 
      255.5000  -0.517162   0.277105  -0.240056 
      256.0000  -0.507065   0.259937  -0.247128 
      256.5000  -0.513126   0.261828  -0.251298 
      257.0000  -0.524529   0.267168  -0.257361 
      257.5000  -0.532200   0.286723  -0.245477 
      258.0000  -0.534037   0.287036  -0.247000 
      258.5000  -0.536001   0.276463  -0.259538 
      259.0000  -0.529127   0.261220  -0.267907 
      259.5000  -0.531787   0.265014  -0.266773 
      260.0000  -0.560101   0.282044  -0.278057 
      260.5000  -0.532143   0.241926  -0.290217 
      261.0000  -0.542742   0.257448  -0.285294 
      261.5000  -0.539193   0.255751  -0.283442 
      262.0000  -0.556719   0.276485  -0.280233 
      262.5000  -0.555761   0.282743  -0.273017 
      263.0000  -0.533623   0.276611  -0.257012 
      263.5000  -0.568607   0.309503  -0.259103 
      264.0000  -0.588742   0.317462  -0.271281 
      264.5000  -0.554221   0.281865  -0.272356 
      265.0000  -0.588278   0.321769  -0.266508 
      265.5000  -0.597096   0.323619  -0.273477 
      266.0000  -0.595434   0.332689  -0.262745 
      266.5000  -0.586571   0.319636  -0.266935 
      267.0000  -0.597499   0.338170  -0.259329 
      267.5000  -0.620848   0.342854  -0.277995 
      268.0000  -0.578013   0.306425  -0.271588 
      268.5000  -0.612485   0.344553  -0.267932 
      269.0000  -0.620609   0.351305  -0.269304 
      269.5000  -0.580560   0.327370  -0.253190 
      270.0000  -0.604623   0.345213  -0.259410 
      270.5000  -0.566135   0.309192  -0.256943 
      271.0000  -0.593002   0.330826  -0.262177 
      271.5000  -0.588329   0.318350  -0.269979 
      272.0000  -0.603832   0.336194  -0.267638 
      272.5000  -0.608396   0.324539  -0.283858 
      273.0000  -0.637386   0.359559  -0.277827 
      273.5000  -0.615597   0.336608  -0.278989 
      274.0000  -0.628743   0.343158  -0.285585 
      274.5000  -0.630107   0.355887  -0.274220 
      275.0000  -0.586629   0.305839  -0.280790 
      275.5000  -0.600121   0.329974  -0.270146 
      276.0000  -0.574813   0.314507  -0.260307 
      276.5000  -0.575650   0.323431  -0.252219 
      277.0000  -0.590962   0.337815  -0.253147 
      277.5000  -0.606680   0.338310  -0.268370 
      278.0000  -0.588177   0.311731  -0.276446 
      278.5000  -0.594023   0.320159  -0.273864 
      279.0000  -0.614765   0.356858  -0.257907 
      279.5000  -0.631373   0.378367  -0.253006 
      280.0000  -0.611308   0.356354  -0.254954 
      280.5000  -0.615501   0.357280  -0.258221 
      281.0000  -0.594269   0.334696  -0.259573 
      281.5000  -0.592510   0.330918  -0.261592 
      282.0000  -0.572056   0.317321  -0.254736 
      282.5000  -0.676192   0.416766  -0.259425 
      283.0000  -0.607637   0.345066  -0.262571 
      283.5000  -0.603437   0.333361  -0.270076 
      284.0000  -0.641608   0.378756  -0.262852 
      284.5000  -0.657448   0.387308  -0.270140 
      285.0000  -0.646735   0.367821  -0.278913 
      285.5000  -0.596458   0.306348  -0.290110 
      286.0000  -0.657793   0.371718  -0.286075 
      286.5000  -0.627729   0.337783  -0.289946 
      287.0000  -0.641771   0.351847  -0.289924 
      287.5000  -0.598038   0.320535  -0.277503 
      288.0000  -0.641962   0.363582  -0.278380 
      288.5000  -0.606385   0.317185  -0.289199 
      289.0000  -0.589155   0.299213  -0.289942 
      289.5000  -0.612487   0.320923  -0.291564 
      290.0000  -0.586486   0.304123  -0.282363 
      290.5000  -0.618386   0.342086  -0.276301 
      291.0000  -0.616828   0.350965  -0.265863 
      291.5000  -0.623053   0.360571  -0.262482 
      292.0000  -0.621987   0.367751  -0.254236 
      292.5000  -0.587396   0.336705  -0.250692 
      293.0000  -0.606805   0.354025  -0.252780 
      293.5000  -0.595802   0.339507  -0.256296 
      294.0000  -0.597548   0.334872  -0.262676 
      294.5000  -0.607904   0.333824  -0.274080 
      295.0000  -0.633867   0.353561  -0.280306 
      295.5000  -0.586434   0.317511  -0.268923 
      296.0000  -0.627889   0.351879  -0.276010 
      296.5000  -0.672436   0.385528  -0.286908 
      297.0000  -0.571237   0.294477  -0.276759 
      297.5000  -0.611282   0.342157  -0.269125 
      298.0000  -0.617903   0.337661  -0.280242 
      298.5000  -0.639517   0.351156  -0.288360 
      299.0000  -0.627731   0.331499  -0.296231 
      299.5000  -0.612601   0.316376  -0.296224 
      300.0000  -0.629593   0.336108  -0.293485 
      300.5000  -0.664454   0.379373  -0.285081 
      301.0000  -0.616055   0.329788  -0.286267 
      301.5000  -0.636013   0.349705  -0.286309 
      302.0000  -0.588118   0.293011  -0.295107 
      302.5000  -0.638601   0.350555  -0.288046 
      303.0000  -0.650080   0.352760  -0.297320 
      303.5000  -0.662525   0.354298  -0.308227 
      304.0000  -0.616860   0.291587  -0.325273 
      304.5000  -0.661069   0.327899  -0.333169 
      305.0000  -0.686414   0.346862  -0.339552 
      305.5000  -0.616742   0.274973  -0.341769 
      306.0000  -0.640315   0.305399  -0.334916 
      306.5000  -0.657385   0.312981  -0.344405 
      307.0000  -0.693489   0.350944  -0.342545 
      307.5000  -0.627492   0.289626  -0.337866 
      308.0000  -0.678387   0.349240  -0.329147 
      308.5000  -0.612382   0.284430  -0.327951 
      309.0000  -0.664620   0.328942  -0.335678 
      309.5000  -0.687543   0.358399  -0.329144 
      310.0000  -0.670219   0.357838  -0.312381 
      310.5000  -0.628490   0.311078  -0.317412 
      311.0000  -0.645248   0.313263  -0.331985 
      311.5000  -0.675104   0.337623  -0.337482 
      312.0000  -0.660918   0.313522  -0.347396 
      312.5000  -0.668340   0.311289  -0.357050 
      313.0000  -0.676671   0.319064  -0.357607 
      313.5000  -0.681421   0.330602  -0.350819 
      314.0000  -0.723117   0.377133  -0.345984 
      314.5000  -0.671911   0.310547  -0.361365 
      315.0000  -0.695506   0.328055  -0.367451 
      315.5000  -0.668710   0.298134  -0.370575 
      316.0000  -0.693189   0.328782  -0.364407 
      316.5000  -0.631134   0.258163  -0.372971 
      317.0000  -0.710392   0.352780  -0.357613 
      317.5000  -0.665887   0.317577  -0.348310 
      318.0000  -0.688960   0.345112  -0.343848 
      318.5000  -0.635699   0.290174  -0.345525 
      319.0000  -0.636401   0.291029  -0.345372 
      319.5000  -0.624814   0.264330  -0.360484 
      320.0000  -0.673532   0.321906  -0.351626 
      320.5000  -0.636601   0.285594  -0.351006 
      321.0000  -0.646326   0.304283  -0.342043 
      321.5000  -0.688437   0.360123  -0.328314 
      322.0000  -0.616441   0.291162  -0.325279 
      322.5000  -0.668314   0.348474  -0.319840 
      323.0000  -0.682303   0.346610  -0.335693 
      323.5000  -0.670216   0.324128  -0.346088 
      324.0000  -0.693009   0.348143  -0.344867 
      324.5000  -0.661262   0.332982  -0.328280 
      325.0000  -0.654748   0.335193  -0.319555 
      325.5000  -0.608066   0.268264  -0.339803 
      326.0000  -0.688160   0.352776  -0.335384 
      326.5000  -0.641525   0.315629  -0.325897 
      327.0000  -0.645601   0.312181  -0.333420 
      327.5000  -0.607137   0.272345  -0.334793 
      328.0000  -0.655058   0.313030  -0.342028 
      328.5000  -0.635011   0.287568  -0.347443 
      329.0000  -0.663529   0.322420  -0.341109 
      329.5000  -0.614224   0.259737  -0.354487 
      330.0000  -0.641661   0.284344  -0.357318 
      330.5000  -0.661899   0.312449  -0.349450 
      331.0000  -0.635268   0.293541  -0.341727 
      331.5000  -0.660524   0.314837  -0.345687 
      332.0000  -0.645874   0.282195  -0.363679 
      332.5000  -0.645636   0.283562  -0.362073 
      333.0000  -0.638778   0.281669  -0.357109 
      333.5000  -0.669169   0.296320  -0.372850 
      334.0000  -0.656224   0.292343  -0.363881 
      334.5000  -0.627123   0.262494  -0.364629 
      335.0000  -0.671001   0.305201  -0.365800 
      335.5000  -0.670701   0.310053  -0.360648 
      336.0000  -0.622032   0.274031  -0.348001 
      336.5000  -0.671236   0.327680  -0.343556 
      337.0000  -0.686231   0.346277  -0.339954 
      337.5000  -0.667617   0.336597  -0.331020 
      338.0000  -0.679427   0.338085  -0.341342 
      338.5000  -0.658576   0.323587  -0.334989 
      339.0000  -0.691210   0.353776  -0.337434 
      339.5000  -0.648970   0.313993  -0.334977 
      340.0000  -0.667376   0.332602  -0.334774 
      340.5000  -0.639897   0.315616  -0.324281 
      341.0000  -0.611466   0.289233  -0.322233 
      341.5000  -0.640095   0.302340  -0.337755 
      342.0000  -0.673849   0.337407  -0.336442 
      342.5000  -0.686645   0.338746  -0.347899 
      343.0000  -0.613789   0.264891  -0.348898 
      343.5000  -0.677503   0.318447  -0.359056 
      344.0000  -0.671387   0.316328  -0.355060 
      344.5000  -0.660913   0.296450  -0.364463 
      345.0000  -0.685526   0.310576  -0.374950 
      345.5000  -0.632269   0.270729  -0.361540 
      346.0000  -0.661417   0.295366  -0.366051 
      346.5000  -0.635057   0.268278  -0.366780 
      347.0000  -0.634458   0.258520  -0.375938 
      347.5000  -0.640043   0.260492  -0.379551 
      348.0000  -0.700006   0.329546  -0.370459 
      348.5000  -0.626250   0.257766  -0.368484 
      349.0000  -0.655995   0.296990  -0.359004 
      349.5000  -0.660572   0.299285  -0.361286 
      350.0000  -0.684283   0.331442  -0.352841 
      350.5000  -0.635496   0.277434  -0.358061 
      351.0000  -0.651374   0.295177  -0.356197 
      351.5000  -0.614197   0.255402  -0.358795 
      352.0000  -0.648806   0.285309  -0.363496 
      352.5000  -0.637519   0.275676  -0.361844 
      353.0000  -0.655631   0.296831  -0.358800 
      353.5000  -0.660346   0.300866  -0.359480 
      354.0000  -0.618416   0.247863  -0.370553 
      354.5000  -0.644652   0.270815  -0.373837 
      355.0000  -0.667329   0.280614  -0.386715 
      355.5000  -0.645249   0.250566  -0.394682 
      356.0000  -0.675244   0.291417  -0.383826 
      356.5000  -0.625087   0.257390  -0.367696 
      357.0000  -0.663846   0.298002  -0.365844 
      357.5000  -0.700462   0.325160  -0.375302 
      358.0000  -0.668690   0.284528  -0.384162 
      358.5000  -0.665118   0.280992  -0.384126 
      359.0000  -0.699023   0.316962  -0.382061 
      359.5000  -0.668792   0.286175  -0.382617 
      360.0000  -0.644008   0.274817  -0.369192 
      360.5000  -0.621620   0.251700  -0.369921 
      361.0000  -0.680323   0.303941  -0.376382 
      361.5000  -0.668602   0.286305  -0.382297 
      362.0000  -0.606908   0.227537  -0.379372 
      362.5000  -0.630340   0.242636  -0.387705 
      363.0000  -0.666548   0.283404  -0.383144 
      363.5000  -0.708903   0.337165  -0.371738 
      364.0000  -0.724134   0.340189  -0.383945 
      364.5000  -0.685281   0.305661  -0.379620 
      365.0000  -0.670632   0.292553  -0.378079 
      365.5000  -0.665066   0.284995  -0.380071 
      366.0000  -0.710748   0.335283  -0.375465 
      366.5000  -0.654184   0.274948  -0.379236 
      367.0000  -0.686833   0.305573  -0.381259 
      367.5000  -0.658931   0.274861  -0.384070 
      368.0000  -0.703036   0.320228  -0.382808 
      368.5000  -0.683023   0.304758  -0.378265 
      369.0000  -0.658904   0.273929  -0.384975 
      369.5000  -0.677976   0.294472  -0.383504 
      370.0000  -0.671280   0.283204  -0.388076 
      370.5000  -0.653040   0.275761  -0.377279 
      371.0000  -0.680731   0.298067  -0.382663 
      371.5000  -0.695210   0.308172  -0.387039 
      372.0000  -0.693109   0.285759  -0.407350 
      372.5000  -0.694070   0.273998  -0.420072 
      373.0000  -0.696483   0.273038  -0.423445 
      373.5000  -0.662293   0.255327  -0.406966 
      374.0000  -0.684999   0.285534  -0.399465 
      374.5000  -0.671729   0.271328  -0.400401 
      375.0000  -0.707801   0.312175  -0.395626 
      375.5000  -0.667545   0.280004  -0.387542 
      376.0000  -0.708241   0.313510  -0.394731 
      376.5000  -0.709497   0.308533  -0.400964 
      377.0000  -0.708642   0.310453  -0.398189 
      377.5000  -0.720372   0.320238  -0.400134 
      378.0000  -0.712325   0.303265  -0.409061 
      378.5000  -0.675261   0.253009  -0.422252 
      379.0000  -0.701847   0.269439  -0.432408 
      379.5000  -0.697050   0.266337  -0.430712 
      380.0000  -0.688035   0.258508  -0.429527 
      380.5000  -0.692201   0.259370  -0.432831 
      381.0000  -0.652912   0.228712  -0.424200 
      381.5000  -0.748072   0.322287  -0.425785 
      382.0000  -0.728358   0.294593  -0.433766 
      382.5000  -0.726399   0.275941  -0.450458 
      383.0000  -0.710505   0.263581  -0.446924 
      383.5000  -0.722704   0.279718  -0.442986 
      384.0000  -0.690261   0.245639  -0.444623 
      384.5000  -0.739272   0.289324  -0.449948 
      385.0000  -0.705355   0.264128  -0.441228 
      385.5000  -0.687714   0.254642  -0.433072 
      386.0000  -0.716973   0.281730  -0.435243 
      386.5000  -0.714026   0.274917  -0.439109 
      387.0000  -0.708422   0.261908  -0.446513 
      387.5000  -0.730376   0.290670  -0.439706 
      388.0000  -0.663073   0.224780  -0.438293 
      388.5000  -0.711679   0.267948  -0.443730 
      389.0000  -0.730695   0.288857  -0.441838 
      389.5000  -0.717114   0.281321  -0.435794 
      390.0000  -0.691128   0.256490  -0.434639 
      390.5000  -0.749230   0.310695  -0.438534 
      391.0000  -0.742702   0.304896  -0.437806 
      391.5000  -0.766403   0.323526  -0.442877 
      392.0000  -0.777267   0.322968  -0.454299 
      392.5000  -0.781092   0.321683  -0.459410 
      393.0000  -0.760965   0.312345  -0.448619 
      393.5000  -0.746212   0.283634  -0.462578 
      394.0000  -0.786826   0.318451  -0.468375 
      394.5000  -0.766984   0.292923  -0.474061 
      395.0000  -0.748092   0.276529  -0.471563 
      395.5000  -0.757070   0.290380  -0.466690 
      396.0000  -0.744305   0.267488  -0.476817 
      396.5000  -0.788706   0.316584  -0.472122 
      397.0000  -0.726580   0.260920  -0.465661 
      397.5000  -0.758370   0.281888  -0.476482 
      398.0000  -0.734194   0.260370  -0.473824 
      398.5000  -0.703838   0.243294  -0.460544 
      399.0000  -0.754818   0.291892  -0.462926 
      399.5000  -0.737487   0.290888  -0.446599 
      400.0000  -0.722560   0.280900  -0.441660 
      400.5000  -0.711611   0.263656  -0.447956 
      401.0000  -0.738940   0.299204  -0.439735 
      401.5000  -0.719547   0.271886  -0.447661 
      402.0000  -0.711742   0.252479  -0.459263 
      402.5000  -0.739306   0.289644  -0.449662 
      403.0000  -0.799358   0.347892  -0.451466 
      403.5000  -0.730172   0.281740  -0.448432 
      404.0000  -0.746318   0.307946  -0.438372 
      404.5000  -0.746734   0.313631  -0.433103 
      405.0000  -0.722133   0.291310  -0.430822 
      405.5000  -0.771492   0.340855  -0.430637 
      406.0000  -0.771851   0.341395  -0.430457 
      406.5000  -0.725629   0.294127  -0.431502 
      407.0000  -0.718762   0.288208  -0.430553 
      407.5000  -0.710517   0.274179  -0.436337 
      408.0000  -0.718769   0.284029  -0.434740 
      408.5000  -0.691423   0.269063  -0.422360 
      409.0000  -0.717929   0.292256  -0.425673 
      409.5000  -0.734186   0.316962  -0.417224 
      410.0000  -0.755644   0.343385  -0.412259 
      410.5000  -0.720948   0.315968  -0.404979 
      411.0000  -0.713133   0.312600  -0.400533 
      411.5000  -0.777166   0.377300  -0.399866 
      412.0000  -0.739656   0.351048  -0.388608 
      412.5000  -0.716626   0.324974  -0.391652 
      413.0000  -0.727980   0.332899  -0.395081 
      413.5000  -0.738349   0.345542  -0.392807 
      414.0000  -0.759976   0.362230  -0.397745 
      414.5000  -0.736981   0.347490  -0.389491 
      415.0000  -0.726529   0.339011  -0.387518 
      415.5000  -0.784082   0.394978  -0.389104 
      416.0000  -0.723972   0.337597  -0.386375 
      416.5000  -0.731480   0.353500  -0.377980 
      417.0000  -0.757462   0.369303  -0.388158 
      417.5000  -0.678738   0.289281  -0.389457 
      418.0000  -0.770437   0.375323  -0.395114 
      418.5000  -0.776248   0.391029  -0.385219 
      419.0000  -0.814053   0.431216  -0.382837 
      419.5000  -0.722629   0.328855  -0.393774 
      420.0000  -0.716689   0.335239  -0.381450 
      420.5000  -0.768733   0.389662  -0.379071 
      421.0000  -0.707754   0.318104  -0.389650 
      421.5000  -0.715019   0.344393  -0.370626 
      422.0000  -0.738944   0.370884  -0.368060 
      422.5000  -0.699548   0.326326  -0.373222 
      423.0000  -0.699028   0.318377  -0.380652 
      423.5000  -0.730235   0.355776  -0.374459 
      424.0000  -0.717958   0.341985  -0.375973 
      424.5000  -0.725883   0.359835  -0.366048 
      425.0000  -0.678773   0.310525  -0.368248 
      425.5000  -0.733189   0.359175  -0.374014 
      426.0000  -0.722497   0.384227  -0.338270 
      426.5000  -0.662664   0.318682  -0.343982 
      427.0000  -0.712819   0.352491  -0.360328 
      427.5000  -0.664489   0.299817  -0.364672 
      428.0000  -0.693023   0.319614  -0.373409 
      428.5000  -0.684129   0.331745  -0.352384 
      429.0000  -0.671477   0.307029  -0.364447 
      429.5000  -0.724272   0.348341  -0.375932 
      430.0000  -0.683723   0.311340  -0.372383 
      430.5000  -0.726806   0.350766  -0.376040 
      431.0000  -0.692513   0.303581  -0.388932 
      431.5000  -0.704200   0.315725  -0.388475 
      432.0000  -0.706236   0.318571  -0.387666 
      432.5000  -0.748230   0.364995  -0.383235 
      433.0000  -0.706608   0.334060  -0.372548 
      433.5000  -0.669013   0.298046  -0.370967 
      434.0000  -0.665879   0.302233  -0.363646 
      434.5000  -0.651375   0.281560  -0.369816 
      435.0000  -0.716375   0.349913  -0.366463 
      435.5000  -0.655523   0.268551  -0.386971 
      436.0000  -0.697087   0.324202  -0.372885 
      436.5000  -0.697334   0.335227  -0.362107 
      437.0000  -0.676877   0.319514  -0.357363 
      437.5000  -0.708188   0.338884  -0.369304 
      438.0000  -0.686553   0.328907  -0.357647 
      438.5000  -0.680617   0.324826  -0.355791 
      439.0000  -0.713771   0.357987  -0.355784 
      439.5000  -0.684467   0.328532  -0.355935 
      440.0000  -0.739544   0.377088  -0.362456 
      440.5000  -0.683292   0.316129  -0.367163 
      441.0000  -0.748191   0.379818  -0.368373 
      441.5000  -0.680057   0.321726  -0.358331 
      442.0000  -0.696867   0.346216  -0.350651 
      442.5000  -0.712359   0.341779  -0.370580 
      443.0000  -0.666548   0.308623  -0.357925 
      443.5000  -0.723230   0.362182  -0.361048 
      444.0000  -0.713272   0.348286  -0.364986 
      444.5000  -0.723851   0.364903  -0.358948 
      445.0000  -0.682825   0.313558  -0.369266 
      445.5000  -0.723002   0.362706  -0.360296 
      446.0000  -0.745973   0.371122  -0.374851 
      446.5000  -0.729163   0.333406  -0.395756 
      447.0000  -0.723655   0.322255  -0.401400 
      447.5000  -0.702933   0.300084  -0.402848 
      448.0000  -0.740740   0.339315  -0.401425 
      448.5000  -0.680661   0.268277  -0.412383 
      449.0000  -0.702130   0.289849  -0.412280 
      449.5000  -0.682738   0.271341  -0.411397 
      450.0000  -0.730284   0.321580  -0.408704 
      450.5000  -0.722166   0.314213  -0.407953 
      451.0000  -0.706705   0.304891  -0.401815 
      451.5000  -0.696980   0.297895  -0.399085 
      452.0000  -0.673765   0.283679  -0.390086 
      452.5000  -0.714286   0.332548  -0.381738 
      453.0000  -0.703624   0.310545  -0.393079 
      453.5000  -0.728223   0.336885  -0.391338 
      454.0000  -0.712181   0.318919  -0.393262 
      454.5000  -0.689158   0.286558  -0.402600 
      455.0000  -0.719941   0.311622  -0.408319 
      455.5000  -0.695794   0.286204  -0.409590 
      456.0000  -0.696341   0.298789  -0.397552 
      456.5000  -0.726722   0.329251  -0.397471 
      457.0000  -0.747581   0.346184  -0.401397 
      457.5000  -0.732808   0.334603  -0.398205 
      458.0000  -0.733627   0.337506  -0.396121 
      458.5000  -0.712805   0.326052  -0.386752 
      459.0000  -0.697843   0.312527  -0.385316 
      459.5000  -0.696796   0.311058  -0.385738 
      460.0000  -0.728346   0.339400  -0.388946 
      460.5000  -0.664693   0.297893  -0.366800 
      461.0000  -0.718102   0.355676  -0.362425 
      461.5000  -0.685340   0.305346  -0.379993 
      462.0000  -0.712928   0.339640  -0.373288 
      462.5000  -0.697728   0.331861  -0.365867 
      463.0000  -0.671214   0.319694  -0.351520 
      463.5000  -0.677862   0.331238  -0.346624 
      464.0000  -0.654582   0.308820  -0.345762 
      464.5000  -0.693999   0.347993  -0.346007 
      465.0000  -0.667679   0.318815  -0.348864 
      465.5000  -0.674413   0.337161  -0.337253 
      466.0000  -0.639895   0.307281  -0.332614 
      466.5000  -0.712553   0.371165  -0.341388 
      467.0000  -0.701328   0.364333  -0.336995 
      467.5000  -0.695986   0.347087  -0.348899 
      468.0000  -0.673001   0.310069  -0.362932 
      468.5000  -0.691181   0.333257  -0.357924 
      469.0000  -0.692910   0.334334  -0.358577 
      469.5000  -0.681358   0.320668  -0.360690 
      470.0000  -0.694692   0.328387  -0.366305 
      470.5000  -0.678006   0.294375  -0.383631 
      471.0000  -0.686661   0.320380  -0.366281 
      471.5000  -0.765978   0.390715  -0.375262 
      472.0000  -0.717889   0.348894  -0.368995 
      472.5000  -0.738153   0.368669  -0.369485 
      473.0000  -0.726583   0.342444  -0.384139 
      473.5000  -0.714870   0.324526  -0.390344 
      474.0000  -0.670477   0.263855  -0.406622 
      474.5000  -0.810642   0.396574  -0.414069 
      475.0000  -0.746619   0.324486  -0.422133 
      475.5000  -0.722472   0.303600  -0.418872 
      476.0000  -0.797034   0.385576  -0.411458 
      476.5000  -0.755728   0.351008  -0.404721 
      477.0000  -0.797724   0.384480  -0.413244 
      477.5000  -0.765694   0.340483  -0.425210 
      478.0000  -0.760363   0.346283  -0.414080 
      478.5000  -0.752446   0.343749  -0.408697 
      479.0000  -0.763654   0.352849  -0.410805 
      479.5000  -0.734092   0.322151  -0.411941 
      480.0000  -0.776853   0.360245  -0.416608 
      480.5000  -0.773351   0.364803  -0.408548 
      481.0000  -0.788029   0.361397  -0.426632 
      481.5000  -0.751331   0.315993  -0.435338 
      482.0000  -0.757546   0.321638  -0.435908 
      482.5000  -0.812661   0.373553  -0.439108 
      483.0000  -0.742339   0.314271  -0.428068 
      483.5000  -0.781164   0.356084  -0.425081 
      484.0000  -0.803511   0.374956  -0.428555 
      484.5000  -0.759898   0.323308  -0.436590 
      485.0000  -0.729178   0.285241  -0.443938 
      485.5000  -0.797494   0.356354  -0.441140 
      486.0000  -0.752854   0.312364  -0.440490 
      486.5000  -0.720487   0.289839  -0.430647 
      487.0000  -0.740727   0.308059  -0.432668 
      487.5000  -0.761937   0.320186  -0.441752 
      488.0000  -0.768475   0.331216  -0.437259 
      488.5000  -0.749010   0.304302  -0.444708 
      489.0000  -0.768829   0.312977  -0.455852 
      489.5000  -0.805394   0.339644  -0.465750 
      490.0000  -0.776552   0.311146  -0.465406 
      490.5000  -0.822643   0.355431  -0.467211 
      491.0000  -0.801771   0.324958  -0.476813 
      491.5000  -0.784873   0.318246  -0.466626 
      492.0000  -0.781073   0.307995  -0.473078 
      492.5000  -0.829246   0.361127  -0.468120 
      493.0000  -0.816979   0.351106  -0.465873 
      493.5000  -0.769314   0.298808  -0.470506 
      494.0000  -0.788743   0.307956  -0.480787 
      494.5000  -0.808228   0.329550  -0.478677 
      495.0000  -0.788856   0.300788  -0.488068 
      495.5000  -0.809778   0.307479  -0.502298 
      496.0000  -0.809700   0.301237  -0.508463 
      496.5000  -0.823761   0.308082  -0.515679 
      497.0000  -0.779952   0.262425  -0.517528 
      497.5000  -0.792284   0.290415  -0.501869 
      498.0000  -0.759077   0.265423  -0.493654 
      498.5000  -0.826849   0.328590  -0.498259 
      499.0000  -0.851822   0.347060  -0.504762 
      499.5000  -0.810425   0.301670  -0.508755 
      500.0000  -0.789641   0.278590  -0.511050 
