t = 100000
b = 30 30 30
E = -0.653538424271097 -0.789640766135118 0.136102341864021
19.9633137871745 5.90207048713837 -4.37122506882483 0.787647838847318 -0.100612008309688 0.607855283363809 0.61069402297895 -0.00322530006480768 -0.791860050660296 0.0464239642479609 0.133486496324187 0.0441257634473763 0.3384878838344 -0.0327916058685696 0.223845434365645
18.8553905224275 6.71522541477257 -4.74654984884647 -0.845563605483569 0.48768861003985 -0.217213923773812 -0.0994631173073707 -0.543643695536336 -0.833401780301075 -0.0511101442295197 -0.281414069864145 -0.0424804757533286 0.162169807971313 -0.0141504597551482 -0.382627333015719
19.6564740167151 7.28896163922819 -4.48095700528421 0.434329233551852 0.403491041720736 -0.805327878042637 -0.847666793617568 -0.119307392229316 -0.516939696128791 -0.748066352138515 -0.0520841640037836 0.0641281947096881 -0.299236507817194 0.401812368520347 -1.0343090911954
19.255125708964 7.5510220255239 -4.72666209457168 0.464346600365331 -0.31865815066425 -0.826340796599278 -0.838348694805198 0.142703965014433 -0.526124484719596 0.277221447994752 0.352967045453405 -0.0343445787799317 0.352984158499383 0.393232923316317 0.310808499852795
19.0928814741031 7.89312082154247 -5.06146595630209 -0.00512232569209925 -0.926429310731021 -0.376433617160431 -0.841284298304959 0.207485911820597 -0.499189537421505 -0.155973643512749 -0.0932052121018421 0.14454768063111 -0.267347921750266 -0.109901856428322 0.0825696231969973
18.9209521603289 7.89991146543017 -5.49765064833067 -0.630219700652191 -0.598327145476967 0.494800638893562 -0.769298666336295 0.39511409330783 -0.50206010360845 -0.129081502218602 -0.253321375785609 0.26707149822972 -0.113773286640229 -0.107922764405871 0.34143223526078
18.5328683538178 7.887977585207 -5.83195890594432 -0.328760971195878 -0.0448575058154747 0.943347211742707 -0.897566800593841 0.325531084908346 -0.297326826384181 0.124512338350837 -0.105100471613055 0.00899262358671876 -0.247825330413196 0.10579179965868 0.142709789941442
18.104861496035 7.75429666506075 -5.81070145133134 0.0134718060550468 0.863919234851209 0.50344999979714 -0.859059813559367 0.267661047731101 -0.43631833489197 -0.0160722722957526 -0.151566706983099 -0.237675692622499 -0.0995308459807275 -0.0510756934878744 -0.115177075022226
17.6726686460057 7.85208649848229 -5.67577084860288 0.220404207310018 0.912587992641094 -0.344390747620922 -0.933307676484151 0.0946975298323131 -0.346365556001648 0.204655686677968 -0.199190611278518 -0.713377983501783 0.840203899555368 -0.0158676874210598 0.131924388608193
17.1966521837555 8.10142459704491 -5.754870374198 0.403196106110715 0.353098150920261 -0.844247868211625 -0.914814457132256 0.131938726820515 -0.381715274536882 -0.525398579342638 -0.444000566961856 0.0209256752480226 0.610456233639628 -0.165602373646522 -0.240221551851101
16.7000687436661 7.64646296533461 -4.92008096871936 -0.721127116215697 -0.320130651645778 -0.614403760455714 0.157003166631127 -0.939279351016683 0.305129785512864 0.199138205997744 0.302878315006075 0.00383761870040296 0.00721104476030156 -0.274126181769813 0.201998675674762
16.5336888006399 7.26831401746841 -4.64249637093447 -0.00163509400810817 -0.284345327166145 -0.958720497279126 0.130571550784184 -0.95057468846039 0.28170671597508 0.13439017328099 -0.446351352440551 -0.205883638399937 -0.0125939993084626 0.0610737117009442 0.308081965864842
16.391881357015 6.7693170082482 -4.62412016477683 0.651666188667028 0.0658849868900444 -0.755638969959869 0.333961380836961 -0.919385142131071 0.207847488446949 -0.325101291254357 0.139229351466216 -0.091599066837912 0.492085197763809 -0.393738595621988 -0.115421240998829
16.478469203667 6.26148375068574 -4.64877152196676 0.785511375309974 0.372105531939512 -0.494478785105471 0.519686122717032 -0.830471364012089 0.200607860804694 -0.817187079680631 0.367609244865551 -0.00209833636130647 0.0906155429890854 0.288073194617802 0.0611431941428904
16.7879296667321 5.78072147405006 -4.68034324282183 0.855569029254663 0.516505963531754 0.0349723351738299 0.483008363148093 -0.820740080902764 0.305103973036525 -0.303053972174271 0.000134921774979084 0.0532151431837597 0.133976891229627 -0.254698128403379 0.109725159818254
17.1450052494099 5.46747057938806 -4.79020117375625 0.544350885339661 0.619192200123819 0.56593554858402 0.519772123587997 -0.778501342036732 0.351813162486033 -0.417361058594347 -0.349807967248351 0.154242894227068 0.0157416082236401 -0.924934763428243 -0.13371160727387
17.583269785999 5.26230117163069 -4.78894470195883 -0.129823631572273 0.201065158148076 0.970936950036318 0.526930403381704 -0.815513846272222 0.23933527247086 -0.119828725287033 -0.407086869821436 0.151713282472949 -0.0754062707147003 0.777114293672932 -0.42756634015631
17.8134253741129 4.33064601561717 -5.47772657864489 0.714059743696102 -0.57496988494404 0.39940979039351 0.0993859215019319 -0.481484477746667 -0.870801372233332 -0.0913020711267229 0.478397006376684 -0.134575973207798 -0.274968331649603 0.0665490178288015 0.230678315601165
18.0376058286273 4.28212829744115 -5.93306540387391 0.218335417959281 -0.858768778271644 0.463514488175476 0.0263502403922025 -0.469612641392923 -0.882479182173969 -0.0952793848519233 0.321511257676124 0.0954804881007734 0.060092972625955 -0.426662193216759 0.00227159180597757
18.7227527823246 4.85871266283219 -5.47131115881823 0.915006694767123 0.380346848882135 0.134532061475072 -0.231524615018215 0.221960339513303 0.947169382262923 -0.00703794685785719 -0.143565627636415 -0.0479310795823019 0.00738314943756471 -0.293866918295186 -0.196046855688885
18.7655600110958 4.94714850818835 -4.96167719854576 0.592939381206298 0.761972299071201 -0.260424675498149 -0.22030236784643 0.464571681573423 0.857694543345043 0.130508805136814 0.123779362979129 -0.278515739373813 -0.186946366722328 0.202117973581019 0.129071393098172
19.0112713519676 5.11390889666345 -4.68160394310267 -0.452544479657422 0.891720530705501 0.00615103848576249 0.214562603916032 0.102189311961321 0.97134966386102 0.460909872759978 -0.146191729506559 -0.0431073152869046 -0.251771198868667 -0.298445736652241 -0.0490476870772885
19.3485852608093 5.24344233970346 -4.305607626836 -0.962084280364309 0.272729214836359 0.003534793869677 -0.00474035952116427 -0.029677134782381 0.999548256378802 -0.190114493831263 0.42394098499926 0.548150992334175 0.0995142681491397 0.164506989184477 0.294296428276668
19.2949095345863 5.52660672295594 -3.92288852860931 -0.95136159134752 -0.304493130484689 0.0468507269119843 0.00192247716092782 0.146204364495505 0.989252482416441 0.717082409648686 0.0743246696209624 -0.363593696301343 -0.030166134681706 0.0967385839831785 -0.292201142000078
19.0993340296321 5.75195019315843 -3.52855400884475 -0.612651371018166 -0.789482148590843 0.0370949038677807 -0.245354596671938 0.234595570930758 0.940619964289061 -0.313547058886024 -0.0250263110158339 -0.225081998415478 -0.18625675621106 0.0968868238611395 -0.144431928095222
18.7912002711576 5.62930598037221 -3.2901773182872 0.517985604250874 -0.751303269252223 0.408942801878586 -0.15194230898003 0.389661784469872 0.908337569542147 -0.408830770404796 0.612734027785225 -0.111085491813596 -0.349258636375069 -0.171641339708915 -0.0959213310721378
18.4903113926793 6.59120839668147 -3.13341116784953 -0.0693975343964797 0.717579314267777 -0.693010674449747 0.683944548444488 -0.471493632307088 -0.556698755752646 0.748091885669128 0.349689721123395 0.44443157385115 0.363941657945764 -0.155194641240505 0.094884481926261
