#id1 id2 FENE BEXC STCK NEXC HB CRSTCK CXSTCK total, t = 100000
0 1 0.00403186 0 0 0 0 0 0 0.00403186
1 2 0.126511 0 0 0 0 0 0 0.126511
2 3 0.00927231 0 -1.12833 0 0 0 0 -1.11905
3 4 0.0120058 0 -1.35793 0 0 0 0 -1.34593
4 5 0.0341634 0 -1.22744 0 0 0 0 -1.19327
5 6 0.000822616 0 -1.22116 0 0 0 0 -1.22033
6 7 0.0104171 0 -1.2907 0 0 0 0 -1.28028
7 8 0.0378518 0 -1.31559 0 0 0 0 -1.27774
8 9 0.00499617 0 -1.12563 0 0 0 0 -1.12063
9 10 0.00343322 0 0 0 0 0 0 0.00343322
10 11 0.00818913 0 -1.40978 0 0 0 0 -1.40159
11 12 0.000523686 0 -1.32924 0 0 0 0 -1.32872
12 13 0.207592 0 -1.25627 0 0 0 0 -1.04867
13 14 0.166659 0 -0.782753 0 0 0 0 -0.616094
14 15 0.0899307 0 -1.29298 0 0 0 0 -1.20305
15 16 0.0105048 0 -1.37387 0 0 0 0 -1.36336
16 17 0.0126535 0 0 0 0 0 0 0.0126535
17 18 0.210985 0 -1.21522 0 0 0 0 -1.00424
18 19 0.0132987 0 0 0 0 0 0 0.0132987
19 20 0.0597123 0 -1.15258 0 0 0 0 -1.09287
20 21 0.0529355 0 -0.498214 0 0 0 0 -0.445278
21 22 0.000839786 0 -0.956355 0 0 0 0 -0.955515
22 23 0.257705 0 -1.27456 0 0 0 0 -1.01686
23 24 0.126375 0 -1.25754 0 0 0 0 -1.13116
24 25 0.0104386 0 -0.357934 0 0 0 0 -0.347496
25 26 0.0319026 0 0 0 0 0 0 0.0319026
#Total energy per particle is  -0.789641 and should be -0.78964110

