t = 0
b =  30.0 30.0 30.0
E = 0. 0. 0.
27.82612070896747 22.310205493504817 8.725242209021433 -0.15109292582172468 -0.32413351370330323 0.9338674386983312 0.5254269094464399 0.7738762901154348 0.35361285387657226 0.0 0.0 0.0 0.0 0.0 0.0
27.719104533644426 22.766320355755298 8.988285689784242 0.3685871870302476 -0.581611230199024 0.7251702299898328 0.5254269094464399 0.7738762901154348 0.35361285387657226 0.0 0.0 0.0 0.0 0.0 0.0
27.696107819202542 23.089856919781486 9.416631747290747 0.748234865080291 -0.6181251163209267 0.24096872670850755 0.5254269094464399 0.7738762901154348 0.35361285387657226 0.0 0.0 0.0 0.0 0.0 0.0
27.84367126579895 23.272491844092983 9.899906633632549 0.8436156080665079 -0.41980293625167975 -0.33478082463164444 0.5254269094464399 0.7738762901154348 0.35361285387657226 0.0 0.0 0.0 0.0 0.0 0.0
28.183536916798523 23.359432675876793 10.306868220465672 0.6184926770474525 -0.06199060196961853 -0.7833415434573346 0.5254269094464399 0.7738762901154348 0.35361285387657226 0.0 0.0 0.0 0.0 0.0 0.0
28.664387992991966 23.43224274799109 10.535267077819821 0.15839403737195284 0.31937299842829525 -0.9342977131513979 0.5254269094464399 0.7738762901154348 0.35361285387657226 0.0 0.0 0.0 0.0 0.0 0.0
29.181344994988216 23.577853905146203 10.550692742063388 -0.3618811453082336 0.5794014570915162 -0.7302985609944935 0.5254269094464399 0.7738762901154348 0.35361285387657226 0.0 0.0 0.0 0.0 0.0 0.0
29.61581117852485 23.85553964267622 10.399646826349384 -0.7446716305557228 0.6193056151298973 -0.2488467755749697 0.5254269094464399 0.7738762901154348 0.35361285387657226 0.0 0.0 0.0 0.0 0.0 0.0
29.88052944044518 24.274396114661577 10.19187628031309 -0.8445489131093733 0.42392521574271336 0.32714606038170285 0.5254269094464399 0.7738762901154348 0.35361285387657226 0.0 0.0 0.0 0.0 0.0 0.0
29.952732751048462 24.789886352914312 10.05867868903447 -0.6235679434679388 0.0674885392432337 0.7788506384089176 0.5254269094464399 0.7738762901154348 0.35361285387657226 0.0 0.0 0.0 0.0 0.0 0.0
29.88279372931763 25.32076060581107 10.103020125287737 -0.1656830866029878 -0.3145881616629543 0.9346568372163271 0.5254269094464399 0.7738762901154348 0.35361285387657226 0.0 0.0 0.0 0.0 0.0 0.0
29.775087242782423 25.77992447735823 10.360416616993481 0.3551475449359243 -0.5771475603198072 0.7353712769362684 0.5254269094464399 0.7738762901154348 0.35361285387657226 0.0 0.0 0.0 0.0 0.0 0.0
29.748336650290096 26.107527544370512 10.785441014415339 0.741051686403374 -0.6204389514185369 0.25670587379602217 0.5254269094464399 0.7738762901154348 0.35361285387657226 0.0 0.0 0.0 0.0 0.0 0.0
29.89050881303064 26.2937015328848 11.268981523846263 0.8454179024827011 -0.42801521168727524 -0.31948638269266577 0.5254269094464399 0.7738762901154348 0.35361285387657226 0.0 0.0 0.0 0.0 0.0 0.0
30.22539401324323 26.38230944042746 11.679695102289738 0.6285957227752882 -0.07298133700329335 -0.7743004208689428 0.5254269094464399 0.7738762901154348 0.35361285387657226 0.0 0.0 0.0 0.0 0.0 0.0
30.703567628241235 26.454281249903854 11.913906875432742 0.17295951842550955 0.3097793677911247 -0.9349447835444316 0.5254269094464399 0.7738762901154348 0.35361285387657226 0.0 0.0 0.0 0.0 0.0 0.0
31.221167370906517 26.59686727601546 11.934997955748713 -0.3483868987030589 0.5748497115268617 -0.7403879915081992 0.5254269094464399 0.7738762901154348 0.35361285387657226 0.0 0.0 0.0 0.0 0.0 0.0
31.659352309050426 26.87049031195728 11.787317570104047 -0.7373753082960078 0.6215250388788987 -0.2645454228709081 0.5254269094464399 0.7738762901154348 0.35361285387657226 0.0 0.0 0.0 0.0 0.0 0.0
31.929452522466715 27.285790000067863 11.579334046992026 -0.8462225100095866 0.4320726126163387 0.3118023748786447 0.5254269094464399 0.7738762901154348 0.35361285387657226 0.0 0.0 0.0 0.0 0.0 0.0
32.00665628809989 27.799580653819525 11.442425885044468 -0.6335756320846414 0.07846857695198126 0.7696912373540928 0.5254269094464399 0.7738762901154348 0.35361285387657226 0.0 0.0 0.0 0.0 0.0 0.0
31.93943646846388 28.331258222156407 11.480968864870144 -0.1802227787110635 -0.30494698302107853 0.935161530207483 0.5254269094464399 0.7738762901154348 0.35361285387657226 0.0 0.0 0.0 0.0 0.0 0.0
31.831134860749973 28.79342311611846 11.732681944931516 0.3415997214590222 -0.5725080857027627 0.745348322668048 0.5254269094464399 0.7738762901154348 0.35361285387657226 0.0 0.0 0.0 0.0 0.0 0.0
31.8007009202911 29.12508477393058 12.154297198597487 0.73364277620405 -0.622563794801218 0.27236482578761306 0.5254269094464399 0.7738762901154348 0.35361285387657226 0.0 0.0 0.0 0.0 0.0 0.0
31.937500873752043 29.314832995128768 12.637998022871715 0.8469626744160512 -0.4360971095431144 -0.3040946221065848 0.5254269094464399 0.7738762901154348 0.35361285387657226 0.0 0.0 0.0 0.0 0.0 0.0
32.267365995495844 29.405172866484783 13.052380468468396 0.6385072921566235 -0.08394984121473087 -0.7650234388715377 0.5254269094464399 0.7738762901154348 0.35361285387657226 0.0 0.0 0.0 0.0 0.0 0.0
