#id1 id2 FENE BEXC STCK NEXC HB CRSTCK CXSTCK total, t = 100000
0 1 0.0222542 0 -1.27963 0 0 0 0 -1.25737
1 2 0.0106316 0 -0.796647 0 0 0 0 -0.786015
2 3 0.0371716 0 -1.28161 0 0 0 0 -1.24443
3 4 0.0127144 0 -1.25244 0 0 0 0 -1.23972
4 5 0.0472193 0 0 0 0 0 0 0.0472193
5 6 0.0151306 0 -1.18905 0 0 0 0 -1.17392
6 7 0.0180529 0 -1.03907 0 0 0 0 -1.02102
7 8 0.00269551 0 -1.21067 0 0 0 0 -1.20798
8 9 7.46871e-06 0 0 0 0 0 0 7.46871e-06
9 10 0.0149623 0 -1.13552 0 0 0 0 -1.12055
10 11 0.0947747 0 -1.06247 0 0 0 0 -0.967693
11 12 0.0776733 0 -1.30307 0 0 0 0 -1.2254
12 13 0.0329361 0 -0.828103 0 0 0 0 -0.795167
13 14 0.00448881 0 -1.38312 0 0 0 0 -1.37863
14 15 0.100901 0 -0.898276 0 0 0 0 -0.797375
15 16 0.101045 0 -1.3249 0 0 0 0 -1.22386
16 17 0.000337864 0 -1.25446 0 0 0 0 -1.25412
17 18 5.72895e-07 0 -0.0114395 0 0 0 0 -0.011439
18 19 0.0029578 0 -0 0 0 0 0 0.0029578
19 20 0.000426799 0 -1.42197 0 0 0 0 -1.42154
18 21 0 0 0 0 -0 -0.00753176 0 -0.00753176
17 21 0 0 0 0 0 -0.000361778 -0 -0.000361778
16 21 0 0 0 0 -0 -0.0932166 0 -0.0932166
20 21 0.339878 0 -0.936529 0 0 0 0 -0.596652
17 22 0 0 0 0 0 -0.132604 -0 -0.132604
15 22 0 0 0 0 0 -0.17028 0 -0.17028
21 22 0.0334182 0 -1.32861 0 0 0 0 -1.29519
14 23 0 0 0 0 -1.22332e-29 -0.1905 0 -0.1905
16 23 0 0 0 0 0 -0.167237 0 -0.167237
15 23 0 0 0 0 -0.805708 0 -0 -0.805708
22 23 0.0424528 0 -1.35439 0 0 0 0 -1.31194
13 24 0 0 0 0 0 -0.17088 0 -0.17088
14 24 0 0 0 0 -0.835206 0 -0 -0.835206
15 24 0 0 0 0 -0 -0.0536807 -0 -0.0536807
23 24 0.00786699 0 -1.05395 0 0 0 0 -1.04608
#Total energy per particle is  -0.998125 and should be -0.99812510

