        0.0000  -1.016306   0.328554  -0.687752 
        0.5000  -0.861245   1.402932   0.541686 
        1.0000  -0.693677   3.817031   3.123353 
        1.5000  -0.553988   4.408510   3.854522 
        2.0000  -0.490335   2.971514   2.481179 
        2.5000  -0.402835   1.587812   1.184977 
        3.0000  -0.378907   2.511350   2.132442 
        3.5000  -0.176781   3.745237   3.568457 
        4.0000   0.032512   3.486450   3.518962 
        4.5000   0.135968   3.078201   3.214170 
        5.0000   0.265123   2.892693   3.157816 
        5.5000   0.399924   2.877599   3.277523 
        6.0000   0.347807   2.955699   3.303505 
        6.5000   0.424648   2.712416   3.137064 
        7.0000   0.474937   2.453334   2.928270 
        7.5000   0.514623   2.369014   2.883637 
        8.0000   0.552366   2.434927   2.987293 
        8.5000   0.566020   2.406743   2.972763 
        9.0000   0.544746   2.297242   2.841987 
        9.5000   0.519706   2.140572   2.660278 
       10.0000   0.558884   2.107690   2.666574 
       10.5000   0.616042   2.122881   2.738923 
       11.0000   0.617778   2.089887   2.707665 
       11.5000   0.670141   1.939205   2.609345 
       12.0000   0.611530   1.834486   2.446016 
       12.5000   0.657819   1.794398   2.452217 
       13.0000   0.676699   1.852531   2.529230 
       13.5000   0.633358   1.886787   2.520145 
       14.0000   0.690275   1.689324   2.379599 
       14.5000   0.644035   1.606388   2.250423 
       15.0000   0.621399   1.667893   2.289292 
       15.5000   0.703552   1.666750   2.370302 
       16.0000   0.693793   1.641977   2.335770 
       16.5000   0.699839   1.514012   2.213851 
       17.0000   0.715316   1.376689   2.092006 
       17.5000   0.734578   1.415938   2.150516 
       18.0000   0.737968   1.499169   2.237138 
       18.5000   0.708905   1.532452   2.241357 
       19.0000   0.695167   1.419004   2.114171 
       19.5000   0.711260   1.303565   2.014825 
       20.0000   0.733105   1.332361   2.065466 
       20.5000   0.749792   1.398070   2.147862 
       21.0000   0.713677   1.407516   2.121193 
       21.5000   0.739606   1.274424   2.014030 
       22.0000   0.704977   1.214561   1.919538 
       22.5000   0.704410   1.241290   1.945700 
       23.0000   0.709169   1.311725   2.020894 
       23.5000   0.736863   1.280349   2.017213 
       24.0000   0.740990   1.187336   1.928326 
       24.5000   0.758675   1.078538   1.837214 
       25.0000   0.726669   1.151104   1.877772 
       25.5000   0.784741   1.165611   1.950351 
       26.0000   0.766758   1.169123   1.935881 
       26.5000   0.743258   1.106012   1.849270 
       27.0000   0.740275   1.029265   1.769540 
       27.5000   0.733329   1.090517   1.823847 
       28.0000   0.766840   1.105091   1.871932 
       28.5000   0.742470   1.124129   1.866599 
       29.0000   0.707930   1.072303   1.780233 
       29.5000   0.735879   0.975848   1.711728 
       30.0000   0.692414   1.030377   1.722791 
       30.5000   0.706304   1.068936   1.775240 
       31.0000   0.653805   1.116480   1.770285 
       31.5000   0.696123   1.007124   1.703247 
       32.0000   0.731206   0.904447   1.635653 
       32.5000   0.714281   0.918086   1.632368 
       33.0000   0.714871   0.973838   1.688709 
       33.5000   0.698378   1.011403   1.709780 
       34.0000   0.674717   1.009189   1.683906 
       34.5000   0.691320   0.925027   1.616347 
       35.0000   0.679987   0.904214   1.584201 
       35.5000   0.638009   0.978662   1.616671 
       36.0000   0.592205   1.045350   1.637555 
       36.5000   0.623518   0.985662   1.609180 
       37.0000   0.620302   0.913496   1.533798 
       37.5000   0.667296   0.840703   1.507999 
       38.0000   0.615787   0.927302   1.543089 
       38.5000   0.646052   0.926202   1.572255 
       39.0000   0.627420   0.928178   1.555599 
       39.5000   0.661663   0.835833   1.497496 
       40.0000   0.622317   0.849975   1.472293 
       40.5000   0.633788   0.861322   1.495110 
       41.0000   0.648077   0.870911   1.518987 
       41.5000   0.604610   0.910257   1.514867 
       42.0000   0.623468   0.849353   1.472821 
       42.5000   0.580205   0.828708   1.408913 
       43.0000   0.594067   0.829863   1.423930 
       43.5000   0.616334   0.837529   1.453863 
       44.0000   0.603589   0.851456   1.455046 
       44.5000   0.600472   0.835042   1.435514 
       45.0000   0.574310   0.820979   1.395289 
       45.5000   0.566590   0.810972   1.377562 
       46.0000   0.603181   0.799919   1.403100 
       46.5000   0.534254   0.880702   1.414956 
       47.0000   0.499388   0.891253   1.390641 
       47.5000   0.492604   0.860861   1.353464 
       48.0000   0.540087   0.796019   1.336105 
       48.5000   0.550072   0.788732   1.338805 
       49.0000   0.492791   0.859015   1.351807 
       49.5000   0.544157   0.796224   1.340381 
       50.0000   0.493773   0.810424   1.304197 
       50.5000   0.502163   0.778343   1.280506 
       51.0000   0.509189   0.754204   1.263393 
       51.5000   0.512120   0.750361   1.262482 
       52.0000   0.502126   0.757812   1.259938 
       52.5000   0.521940   0.728487   1.250427 
       53.0000   0.507449   0.717072   1.224521 
       53.5000   0.515222   0.686447   1.201669 
       54.0000   0.530017   0.660891   1.190907 
       54.5000   0.492444   0.705389   1.197833 
       55.0000   0.482622   0.705596   1.188218 
       55.5000   0.459758   0.710812   1.170570 
       56.0000   0.461408   0.694526   1.155934 
       56.5000   0.440883   0.708440   1.149323 
       57.0000   0.442121   0.715069   1.157191 
       57.5000   0.468235   0.700217   1.168453 
       58.0000   0.431043   0.722468   1.153511 
       58.5000   0.438309   0.706400   1.144710 
       59.0000   0.456512   0.663428   1.119940 
       59.5000   0.429931   0.689089   1.119020 
       60.0000   0.448994   0.672111   1.121105 
       60.5000   0.446484   0.661307   1.107790 
       61.0000   0.441583   0.638218   1.079801 
       61.5000   0.429231   0.629141   1.058372 
       62.0000   0.418902   0.626596   1.045498 
       62.5000   0.422052   0.606876   1.028928 
       63.0000   0.430735   0.611512   1.042247 
       63.5000   0.426980   0.615358   1.042339 
       64.0000   0.426146   0.609473   1.035618 
       64.5000   0.404068   0.601744   1.005811 
       65.0000   0.412276   0.590715   1.002992 
       65.5000   0.411300   0.592752   1.004052 
       66.0000   0.410473   0.603869   1.014342 
       66.5000   0.408559   0.601471   1.010031 
       67.0000   0.403699   0.587294   0.990993 
       67.5000   0.404970   0.583059   0.988030 
       68.0000   0.415827   0.556551   0.972378 
       68.5000   0.408572   0.557264   0.965837 
       69.0000   0.375663   0.586401   0.962064 
       69.5000   0.395859   0.565816   0.961675 
       70.0000   0.389569   0.551168   0.940737 
       70.5000   0.405559   0.527479   0.933038 
       71.0000   0.358650   0.570508   0.929158 
       71.5000   0.371998   0.555561   0.927559 
       72.0000   0.357876   0.570091   0.927967 
       72.5000   0.386837   0.527975   0.914812 
       73.0000   0.399507   0.494542   0.894050 
       73.5000   0.386767   0.508428   0.895194 
       74.0000   0.383808   0.500702   0.884510 
       74.5000   0.365184   0.506764   0.871947 
       75.0000   0.374308   0.487067   0.861376 
       75.5000   0.350217   0.507500   0.857717 
       76.0000   0.351259   0.495154   0.846413 
       76.5000   0.357925   0.495271   0.853196 
       77.0000   0.384715   0.488238   0.872953 
       77.5000   0.355197   0.504615   0.859813 
       78.0000   0.355976   0.490152   0.846128 
       78.5000   0.367889   0.476517   0.844406 
       79.0000   0.360963   0.481651   0.842614 
       79.5000   0.370299   0.473009   0.843308 
       80.0000   0.373457   0.458513   0.831970 
       80.5000   0.359916   0.464269   0.824185 
       81.0000   0.346485   0.464571   0.811056 
       81.5000   0.360445   0.439050   0.799495 
       82.0000   0.352254   0.434992   0.787246 
       82.5000   0.344441   0.441471   0.785912 
       83.0000   0.339062   0.450595   0.789657 
       83.5000   0.366123   0.415096   0.781219 
       84.0000   0.313790   0.472315   0.786104 
       84.5000   0.346205   0.441105   0.787310 
       85.0000   0.316795   0.462164   0.778959 
       85.5000   0.302980   0.464151   0.767130 
       86.0000   0.328041   0.432017   0.760058 
       86.5000   0.338846   0.419872   0.758718 
       87.0000   0.350152   0.401266   0.751418 
       87.5000   0.365939   0.382816   0.748756 
       88.0000   0.346691   0.395157   0.741848 
       88.5000   0.335163   0.407482   0.742645 
       89.0000   0.315104   0.416465   0.731569 
       89.5000   0.327632   0.409330   0.736962 
       90.0000   0.333052   0.408202   0.741254 
       90.5000   0.307703   0.429201   0.736904 
       91.0000   0.313698   0.405475   0.719173 
       91.5000   0.317386   0.392600   0.709986 
       92.0000   0.288605   0.415739   0.704344 
       92.5000   0.294989   0.423308   0.718297 
       93.0000   0.304642   0.410205   0.714847 
       93.5000   0.297256   0.417224   0.714480 
       94.0000   0.272227   0.439829   0.712056 
       94.5000   0.280392   0.423123   0.703516 
       95.0000   0.240023   0.459864   0.699887 
       95.5000   0.269865   0.435547   0.705412 
       96.0000   0.201631   0.500197   0.701827 
       96.5000   0.200011   0.492895   0.692906 
       97.0000   0.197409   0.488182   0.685591 
       97.5000   0.221560   0.468358   0.689918 
       98.0000   0.198536   0.500606   0.699142 
       98.5000   0.186282   0.501143   0.687425 
       99.0000   0.196342   0.480566   0.676908 
       99.5000   0.193035   0.470974   0.664009 
      100.0000   0.169602   0.493528   0.663129 
      100.5000   0.187444   0.469854   0.657298 
      101.0000   0.151255   0.515186   0.666441 
      101.5000   0.206639   0.458522   0.665161 
      102.0000   0.188732   0.465170   0.653902 
      102.5000   0.196393   0.456151   0.652544 
      103.0000   0.183917   0.455360   0.639276 
      103.5000   0.207358   0.426419   0.633777 
      104.0000   0.221143   0.406788   0.627931 
      104.5000   0.199695   0.445079   0.644774 
      105.0000   0.214533   0.425671   0.640204 
      105.5000   0.220401   0.408380   0.628782 
      106.0000   0.221443   0.402457   0.623900 
      106.5000   0.173581   0.446592   0.620173 
      107.0000   0.196196   0.418412   0.614608 
      107.5000   0.164228   0.437334   0.601562 
      108.0000   0.158898   0.444871   0.603770 
      108.5000   0.162175   0.443829   0.606004 
      109.0000   0.148437   0.449535   0.597972 
      109.5000   0.147630   0.450660   0.598290 
      110.0000   0.130003   0.460185   0.590188 
      110.5000   0.120589   0.452888   0.573478 
      111.0000   0.122635   0.452456   0.575091 
      111.5000   0.089855   0.483500   0.573354 
      112.0000   0.101077   0.467140   0.568217 
      112.5000   0.104433   0.468821   0.573254 
      113.0000   0.069575   0.489357   0.558932 
      113.5000   0.094148   0.456426   0.550573 
      114.0000   0.069272   0.468223   0.537494 
      114.5000   0.025287   0.500886   0.526173 
      115.0000   0.053677   0.451963   0.505640 
      115.5000   0.032518   0.466177   0.498695 
      116.0000   0.031113   0.462186   0.493299 
      116.5000   0.040766   0.461125   0.501891 
      117.0000   0.028733   0.462160   0.490893 
      117.5000  -0.002720   0.492155   0.489435 
      118.0000   0.027086   0.459734   0.486821 
      118.5000   0.019466   0.445363   0.464829 
      119.0000   0.001006   0.462279   0.463285 
      119.5000   0.031850   0.440163   0.472012 
      120.0000   0.009100   0.454329   0.463430 
      120.5000  -0.004775   0.452677   0.447903 
      121.0000  -0.000730   0.445250   0.444520 
      121.5000  -0.012643   0.445212   0.432569 
      122.0000  -0.011686   0.446129   0.434443 
      122.5000  -0.069707   0.497432   0.427725 
      123.0000  -0.020648   0.440780   0.420132 
      123.5000  -0.045516   0.448529   0.403013 
      124.0000  -0.080315   0.480996   0.400681 
      124.5000  -0.059296   0.457594   0.398297 
      125.0000  -0.033217   0.432746   0.399528 
      125.5000   0.001673   0.402723   0.404397 
      126.0000  -0.044629   0.444641   0.400012 
      126.5000  -0.026616   0.420798   0.394183 
      127.0000  -0.018372   0.405380   0.387008 
      127.5000  -0.048207   0.422795   0.374588 
      128.0000  -0.013702   0.392062   0.378360 
      128.5000  -0.051197   0.422066   0.370869 
      129.0000  -0.048061   0.408127   0.360066 
      129.5000  -0.032496   0.400194   0.367698 
      130.0000  -0.027026   0.394311   0.367285 
      130.5000  -0.067827   0.437676   0.369849 
      131.0000  -0.068828   0.425858   0.357030 
      131.5000  -0.074516   0.415228   0.340712 
      132.0000  -0.096912   0.435356   0.338444 
      132.5000  -0.084735   0.412626   0.327891 
      133.0000  -0.094908   0.429114   0.334206 
      133.5000  -0.065086   0.399230   0.334144 
      134.0000  -0.083785   0.411477   0.327692 
      134.5000  -0.066161   0.389562   0.323400 
      135.0000  -0.052380   0.379437   0.327058 
      135.5000  -0.088873   0.408394   0.319521 
      136.0000  -0.065977   0.367294   0.301317 
      136.5000  -0.069605   0.381866   0.312261 
      137.0000  -0.114579   0.429183   0.314603 
      137.5000  -0.098194   0.404417   0.306223 
      138.0000  -0.111134   0.407351   0.296217 
      138.5000  -0.123261   0.417922   0.294662 
      139.0000  -0.133532   0.415808   0.282276 
      139.5000  -0.172853   0.451937   0.279084 
      140.0000  -0.142655   0.406757   0.264101 
      140.5000  -0.174331   0.425206   0.250875 
      141.0000  -0.234003   0.475689   0.241686 
      141.5000  -0.183711   0.428953   0.245242 
      142.0000  -0.222748   0.468318   0.245570 
      142.5000  -0.171838   0.419340   0.247502 
      143.0000  -0.173559   0.414141   0.240582 
      143.5000  -0.182527   0.410785   0.228258 
      144.0000  -0.171702   0.398238   0.226536 
      144.5000  -0.155006   0.372638   0.217632 
      145.0000  -0.138840   0.358844   0.220004 
      145.5000  -0.172154   0.397338   0.225184 
      146.0000  -0.222115   0.444004   0.221889 
      146.5000  -0.216312   0.424630   0.208318 
      147.0000  -0.157621   0.359755   0.202134 
      147.5000  -0.221441   0.417891   0.196449 
      148.0000  -0.178421   0.372239   0.193818 
      148.5000  -0.169514   0.359887   0.190373 
      149.0000  -0.180416   0.374252   0.193837 
      149.5000  -0.217140   0.401060   0.183919 
      150.0000  -0.190833   0.373642   0.182809 
      150.5000  -0.181389   0.360581   0.179192 
      151.0000  -0.211715   0.391053   0.179338 
      151.5000  -0.210679   0.394259   0.183580 
      152.0000  -0.234756   0.415547   0.180791 
      152.5000  -0.198374   0.377661   0.179287 
      153.0000  -0.198550   0.372614   0.174064 
      153.5000  -0.260635   0.430977   0.170342 
      154.0000  -0.228527   0.408638   0.180111 
      154.5000  -0.245827   0.420433   0.174605 
      155.0000  -0.223269   0.404869   0.181600 
      155.5000  -0.272782   0.433590   0.160808 
      156.0000  -0.279954   0.438330   0.158376 
      156.5000  -0.257815   0.407092   0.149277 
      157.0000  -0.278011   0.420707   0.142696 
      157.5000  -0.269999   0.402253   0.132254 
      158.0000  -0.268195   0.410555   0.142360 
      158.5000  -0.265985   0.401551   0.135566 
      159.0000  -0.267513   0.401005   0.133492 
      159.5000  -0.244539   0.367095   0.122556 
      160.0000  -0.278965   0.405223   0.126258 
      160.5000  -0.265331   0.395715   0.130384 
      161.0000  -0.223115   0.347655   0.124540 
      161.5000  -0.246511   0.377644   0.131133 
      162.0000  -0.236961   0.359148   0.122187 
      162.5000  -0.220257   0.338578   0.118322 
      163.0000  -0.232970   0.356497   0.123528 
      163.5000  -0.233429   0.352499   0.119070 
      164.0000  -0.240586   0.352351   0.111765 
      164.5000  -0.254117   0.364789   0.110673 
      165.0000  -0.264984   0.366562   0.101578 
      165.5000  -0.251740   0.358045   0.106306 
      166.0000  -0.289175   0.394590   0.105415 
      166.5000  -0.269566   0.367078   0.097512 
      167.0000  -0.294622   0.391910   0.097288 
      167.5000  -0.269718   0.368451   0.098733 
      168.0000  -0.271595   0.356299   0.084704 
      168.5000  -0.299192   0.373890   0.074698 
      169.0000  -0.292732   0.362461   0.069729 
      169.5000  -0.285043   0.352831   0.067788 
      170.0000  -0.300366   0.378849   0.078484 
      170.5000  -0.276928   0.366292   0.089364 
      171.0000  -0.260477   0.345527   0.085051 
      171.5000  -0.299898   0.390028   0.090130 
      172.0000  -0.296306   0.387234   0.090928 
      172.5000  -0.266552   0.350285   0.083734 
      173.0000  -0.266893   0.353712   0.086819 
      173.5000  -0.297591   0.380274   0.082682 
      174.0000  -0.282621   0.357061   0.074440 
      174.5000  -0.291965   0.351827   0.059862 
      175.0000  -0.281218   0.339380   0.058161 
      175.5000  -0.323052   0.390411   0.067358 
      176.0000  -0.319356   0.395981   0.076625 
      176.5000  -0.319039   0.388085   0.069045 
      177.0000  -0.322871   0.388314   0.065443 
      177.5000  -0.314317   0.384748   0.070431 
      178.0000  -0.331250   0.392083   0.060833 
      178.5000  -0.339460   0.392115   0.052655 
      179.0000  -0.321935   0.364277   0.042342 
      179.5000  -0.338223   0.370797   0.032575 
      180.0000  -0.317397   0.343733   0.026336 
      180.5000  -0.349300   0.377728   0.028429 
      181.0000  -0.323050   0.356879   0.033829 
      181.5000  -0.367161   0.394276   0.027115 
      182.0000  -0.336750   0.359949   0.023199 
      182.5000  -0.326893   0.358281   0.031388 
      183.0000  -0.311648   0.340085   0.028437 
      183.5000  -0.303870   0.329557   0.025687 
      184.0000  -0.296529   0.330547   0.034017 
      184.5000  -0.313087   0.340236   0.027149 
      185.0000  -0.341347   0.368267   0.026919 
      185.5000  -0.313557   0.340688   0.027131 
      186.0000  -0.320420   0.354199   0.033780 
      186.5000  -0.333807   0.358009   0.024202 
      187.0000  -0.313840   0.326916   0.013076 
      187.5000  -0.364777   0.382091   0.017314 
      188.0000  -0.318055   0.332649   0.014594 
      188.5000  -0.325304   0.345896   0.020592 
      189.0000  -0.356365   0.381134   0.024768 
      189.5000  -0.302080   0.331991   0.029911 
      190.0000  -0.293464   0.324902   0.031438 
      190.5000  -0.318309   0.355652   0.037343 
      191.0000  -0.322970   0.351710   0.028740 
      191.5000  -0.312402   0.345887   0.033485 
      192.0000  -0.296640   0.309402   0.012762 
      192.5000  -0.329697   0.333404   0.003707 
      193.0000  -0.304798   0.323185   0.018387 
      193.5000  -0.347753   0.373796   0.026043 
      194.0000  -0.337346   0.354995   0.017649 
      194.5000  -0.339324   0.363506   0.024183 
      195.0000  -0.313911   0.334379   0.020468 
      195.5000  -0.338217   0.355412   0.017195 
      196.0000  -0.323235   0.343009   0.019774 
      196.5000  -0.337782   0.346902   0.009121 
      197.0000  -0.310751   0.321611   0.010860 
      197.5000  -0.351666   0.357061   0.005394 
      198.0000  -0.342803   0.343772   0.000970 
      198.5000  -0.317889   0.324042   0.006152 
      199.0000  -0.344641   0.350501   0.005860 
      199.5000  -0.352906   0.354494   0.001588 
      200.0000  -0.343350   0.334695  -0.008655 
      200.5000  -0.351836   0.334342  -0.017494 
      201.0000  -0.355325   0.342651  -0.012675 
      201.5000  -0.364156   0.343612  -0.020544 
      202.0000  -0.354199   0.335776  -0.018423 
      202.5000  -0.352541   0.348719  -0.003822 
      203.0000  -0.357231   0.352585  -0.004647 
      203.5000  -0.366100   0.363692  -0.002408 
      204.0000  -0.340688   0.339063  -0.001625 
      204.5000  -0.340530   0.336851  -0.003679 
      205.0000  -0.339726   0.333206  -0.006520 
      205.5000  -0.348795   0.341881  -0.006914 
      206.0000  -0.355247   0.345874  -0.009373 
      206.5000  -0.346906   0.341457  -0.005450 
      207.0000  -0.360713   0.358150  -0.002563 
      207.5000  -0.342432   0.340195  -0.002237 
      208.0000  -0.348457   0.339621  -0.008836 
      208.5000  -0.329597   0.315309  -0.014289 
      209.0000  -0.360346   0.344263  -0.016084 
      209.5000  -0.366845   0.343590  -0.023255 
      210.0000  -0.386064   0.372539  -0.013525 
      210.5000  -0.338348   0.325343  -0.013005 
      211.0000  -0.350751   0.324823  -0.025927 
      211.5000  -0.365300   0.340678  -0.024622 
      212.0000  -0.336367   0.315186  -0.021181 
      212.5000  -0.361977   0.343945  -0.018033 
      213.0000  -0.339312   0.317406  -0.021906 
      213.5000  -0.342197   0.316684  -0.025513 
      214.0000  -0.352108   0.331313  -0.020795 
      214.5000  -0.357692   0.337051  -0.020641 
      215.0000  -0.361980   0.344107  -0.017873 
      215.5000  -0.342137   0.328143  -0.013994 
      216.0000  -0.313385   0.295379  -0.018006 
      216.5000  -0.332297   0.309052  -0.023245 
      217.0000  -0.351765   0.326300  -0.025465 
      217.5000  -0.312214   0.295737  -0.016477 
      218.0000  -0.343391   0.329211  -0.014180 
      218.5000  -0.352265   0.330209  -0.022056 
      219.0000  -0.326716   0.304008  -0.022708 
      219.5000  -0.332410   0.309759  -0.022652 
      220.0000  -0.313881   0.285130  -0.028751 
      220.5000  -0.341991   0.320424  -0.021566 
      221.0000  -0.334510   0.319440  -0.015070 
      221.5000  -0.311247   0.296474  -0.014773 
      222.0000  -0.296122   0.288341  -0.007780 
      222.5000  -0.316884   0.289937  -0.026946 
      223.0000  -0.320825   0.288425  -0.032400 
      223.5000  -0.326366   0.286561  -0.039805 
      224.0000  -0.310003   0.279995  -0.030008 
      224.5000  -0.331455   0.304849  -0.026606 
      225.0000  -0.329963   0.302653  -0.027310 
      225.5000  -0.336347   0.301081  -0.035265 
      226.0000  -0.332098   0.302822  -0.029276 
      226.5000  -0.331859   0.303715  -0.028143 
      227.0000  -0.318425   0.290215  -0.028210 
      227.5000  -0.307551   0.278601  -0.028951 
      228.0000  -0.340318   0.316244  -0.024074 
      228.5000  -0.327687   0.306063  -0.021625 
      229.0000  -0.310654   0.290390  -0.020264 
      229.5000  -0.345055   0.329305  -0.015750 
      230.0000  -0.325567   0.317393  -0.008174 
      230.5000  -0.324986   0.317510  -0.007476 
      231.0000  -0.311864   0.304103  -0.007761 
      231.5000  -0.307963   0.308811   0.000849 
      232.0000  -0.299571   0.302646   0.003075 
      232.5000  -0.300985   0.303037   0.002052 
      233.0000  -0.313048   0.313325   0.000277 
      233.5000  -0.294658   0.283391  -0.011267 
      234.0000  -0.332520   0.318111  -0.014409 
      234.5000  -0.349405   0.333654  -0.015751 
      235.0000  -0.306805   0.288065  -0.018740 
      235.5000  -0.325984   0.312812  -0.013172 
      236.0000  -0.325897   0.308990  -0.016907 
      236.5000  -0.335671   0.306772  -0.028899 
      237.0000  -0.310205   0.282543  -0.027662 
      237.5000  -0.327517   0.309639  -0.017878 
      238.0000  -0.309769   0.286514  -0.023255 
      238.5000  -0.342392   0.323451  -0.018941 
      239.0000  -0.352691   0.335481  -0.017210 
      239.5000  -0.330603   0.307063  -0.023539 
      240.0000  -0.324091   0.289023  -0.035068 
      240.5000  -0.307466   0.277262  -0.030204 
      241.0000  -0.334322   0.296418  -0.037904 
      241.5000  -0.311906   0.272080  -0.039826 
      242.0000  -0.336451   0.313193  -0.023258 
      242.5000  -0.325057   0.313090  -0.011967 
      243.0000  -0.346579   0.326932  -0.019647 
      243.5000  -0.328750   0.298725  -0.030026 
      244.0000  -0.364063   0.338272  -0.025791 
      244.5000  -0.336558   0.312092  -0.024466 
      245.0000  -0.367851   0.335732  -0.032119 
      245.5000  -0.352330   0.315280  -0.037050 
      246.0000  -0.360416   0.324853  -0.035563 
      246.5000  -0.341561   0.309890  -0.031671 
      247.0000  -0.371366   0.340726  -0.030640 
      247.5000  -0.362603   0.332945  -0.029658 
      248.0000  -0.347504   0.311017  -0.036487 
      248.5000  -0.355161   0.314581  -0.040580 
      249.0000  -0.375240   0.332037  -0.043203 
      249.5000  -0.362212   0.315179  -0.047033 
      250.0000  -0.347175   0.295718  -0.051458 
      250.5000  -0.350233   0.306040  -0.044193 
      251.0000  -0.382348   0.349660  -0.032688 
      251.5000  -0.349117   0.318303  -0.030814 
      252.0000  -0.356143   0.320637  -0.035505 
      252.5000  -0.361724   0.328532  -0.033192 
      253.0000  -0.351019   0.323255  -0.027764 
      253.5000  -0.352951   0.325482  -0.027468 
      254.0000  -0.377252   0.347640  -0.029613 
      254.5000  -0.360658   0.330983  -0.029675 
      255.0000  -0.349255   0.323400  -0.025855 
      255.5000  -0.320289   0.294677  -0.025612 
      256.0000  -0.345655   0.321458  -0.024198 
      256.5000  -0.307872   0.283751  -0.024122 
      257.0000  -0.351665   0.330099  -0.021566 
      257.5000  -0.334578   0.321289  -0.013288 
      258.0000  -0.333814   0.312161  -0.021652 
      258.5000  -0.355877   0.336914  -0.018963 
      259.0000  -0.334942   0.313419  -0.021523 
      259.5000  -0.366023   0.341474  -0.024549 
      260.0000  -0.343239   0.320668  -0.022572 
      260.5000  -0.350100   0.337687  -0.012413 
      261.0000  -0.355890   0.343747  -0.012143 
      261.5000  -0.338704   0.327994  -0.010709 
      262.0000  -0.381425   0.362583  -0.018842 
      262.5000  -0.351809   0.343023  -0.008786 
      263.0000  -0.345192   0.332901  -0.012291 
      263.5000  -0.356939   0.342847  -0.014092 
      264.0000  -0.333680   0.318586  -0.015094 
      264.5000  -0.323752   0.309141  -0.014610 
      265.0000  -0.344041   0.330963  -0.013078 
      265.5000  -0.332076   0.321992  -0.010084 
      266.0000  -0.319604   0.312211  -0.007393 
      266.5000  -0.353950   0.337995  -0.015955 
      267.0000  -0.332705   0.308883  -0.023822 
      267.5000  -0.339493   0.315786  -0.023707 
      268.0000  -0.367468   0.349572  -0.017896 
      268.5000  -0.369753   0.362728  -0.007025 
      269.0000  -0.333966   0.333373  -0.000593 
      269.5000  -0.331701   0.335624   0.003923 
      270.0000  -0.332169   0.331730  -0.000439 
      270.5000  -0.321855   0.311797  -0.010058 
      271.0000  -0.334613   0.319632  -0.014981 
      271.5000  -0.334943   0.331697  -0.003245 
      272.0000  -0.347145   0.336367  -0.010777 
      272.5000  -0.355580   0.347634  -0.007946 
      273.0000  -0.376942   0.367139  -0.009803 
      273.5000  -0.353696   0.354272   0.000576 
      274.0000  -0.389242   0.387887  -0.001355 
      274.5000  -0.377441   0.372171  -0.005271 
      275.0000  -0.351455   0.340827  -0.010627 
      275.5000  -0.355823   0.338241  -0.017582 
      276.0000  -0.349829   0.335617  -0.014212 
      276.5000  -0.368301   0.355241  -0.013060 
      277.0000  -0.330886   0.323009  -0.007878 
      277.5000  -0.354548   0.347453  -0.007095 
      278.0000  -0.351082   0.338330  -0.012752 
      278.5000  -0.383085   0.368108  -0.014977 
      279.0000  -0.359577   0.349764  -0.009814 
      279.5000  -0.375882   0.368118  -0.007763 
      280.0000  -0.360591   0.363792   0.003201 
      280.5000  -0.352577   0.356798   0.004221 
      281.0000  -0.361084   0.366554   0.005469 
      281.5000  -0.361081   0.359894  -0.001187 
      282.0000  -0.384282   0.382339  -0.001943 
      282.5000  -0.395562   0.382891  -0.012671 
      283.0000  -0.402948   0.383681  -0.019267 
      283.5000  -0.403876   0.387139  -0.016737 
      284.0000  -0.385722   0.378469  -0.007253 
      284.5000  -0.369905   0.363641  -0.006264 
      285.0000  -0.400308   0.390889  -0.009419 
      285.5000  -0.374414   0.365372  -0.009042 
      286.0000  -0.384789   0.378397  -0.006392 
      286.5000  -0.374694   0.373597  -0.001097 
      287.0000  -0.397157   0.394343  -0.002813 
      287.5000  -0.378785   0.370326  -0.008459 
      288.0000  -0.394845   0.393102  -0.001743 
      288.5000  -0.368533   0.366997  -0.001536 
      289.0000  -0.394882   0.404577   0.009695 
      289.5000  -0.385619   0.384587  -0.001032 
      290.0000  -0.415010   0.408423  -0.006587 
      290.5000  -0.396149   0.380700  -0.015449 
      291.0000  -0.385257   0.368651  -0.016607 
      291.5000  -0.430374   0.413946  -0.016428 
      292.0000  -0.405441   0.385460  -0.019981 
      292.5000  -0.419753   0.397239  -0.022514 
      293.0000  -0.420130   0.394320  -0.025811 
      293.5000  -0.416980   0.390058  -0.026921 
      294.0000  -0.435100   0.405114  -0.029986 
      294.5000  -0.431952   0.404147  -0.027806 
      295.0000  -0.441217   0.407771  -0.033446 
      295.5000  -0.439150   0.412388  -0.026761 
      296.0000  -0.417608   0.380503  -0.037106 
      296.5000  -0.456444   0.425748  -0.030695 
      297.0000  -0.422275   0.396184  -0.026091 
      297.5000  -0.432826   0.398040  -0.034786 
      298.0000  -0.465894   0.428768  -0.037126 
      298.5000  -0.419373   0.378907  -0.040466 
      299.0000  -0.425400   0.385005  -0.040395 
      299.5000  -0.434635   0.382992  -0.051644 
      300.0000  -0.419357   0.372347  -0.047011 
      300.5000  -0.438823   0.392871  -0.045952 
      301.0000  -0.437246   0.387554  -0.049692 
      301.5000  -0.426637   0.381691  -0.044946 
      302.0000  -0.404345   0.348718  -0.055627 
      302.5000  -0.425560   0.371428  -0.054132 
      303.0000  -0.431999   0.370509  -0.061490 
      303.5000  -0.478658   0.415290  -0.063368 
      304.0000  -0.455545   0.396911  -0.058635 
      304.5000  -0.471918   0.411660  -0.060258 
      305.0000  -0.473395   0.417196  -0.056199 
      305.5000  -0.429413   0.363747  -0.065665 
      306.0000  -0.471668   0.410403  -0.061265 
      306.5000  -0.446588   0.396110  -0.050478 
      307.0000  -0.418737   0.369621  -0.049115 
      307.5000  -0.416623   0.361668  -0.054956 
      308.0000  -0.434252   0.383405  -0.050847 
      308.5000  -0.406478   0.352647  -0.053831 
      309.0000  -0.407299   0.356544  -0.050754 
      309.5000  -0.421562   0.373785  -0.047777 
      310.0000  -0.410664   0.363506  -0.047159 
      310.5000  -0.432347   0.380845  -0.051502 
      311.0000  -0.446167   0.398241  -0.047927 
      311.5000  -0.389068   0.337877  -0.051190 
      312.0000  -0.421873   0.369649  -0.052223 
      312.5000  -0.432831   0.379258  -0.053573 
      313.0000  -0.410053   0.357103  -0.052951 
      313.5000  -0.405113   0.356993  -0.048120 
      314.0000  -0.385264   0.341935  -0.043329 
      314.5000  -0.403174   0.349176  -0.053997 
      315.0000  -0.447599   0.387518  -0.060081 
      315.5000  -0.402986   0.339961  -0.063025 
      316.0000  -0.415245   0.362474  -0.052771 
      316.5000  -0.380383   0.326648  -0.053735 
      317.0000  -0.388472   0.326905  -0.061567 
      317.5000  -0.409141   0.350298  -0.058842 
      318.0000  -0.392706   0.337537  -0.055169 
      318.5000  -0.396881   0.349747  -0.047134 
      319.0000  -0.380750   0.330481  -0.050269 
      319.5000  -0.401502   0.351163  -0.050339 
      320.0000  -0.394715   0.341542  -0.053173 
      320.5000  -0.413593   0.357035  -0.056558 
      321.0000  -0.417255   0.367551  -0.049704 
      321.5000  -0.414085   0.359449  -0.054635 
      322.0000  -0.407065   0.351951  -0.055114 
      322.5000  -0.388128   0.338039  -0.050088 
      323.0000  -0.399409   0.345548  -0.053861 
      323.5000  -0.391209   0.332268  -0.058942 
      324.0000  -0.412936   0.356274  -0.056662 
      324.5000  -0.420408   0.364247  -0.056161 
      325.0000  -0.415980   0.350625  -0.065354 
      325.5000  -0.396009   0.327023  -0.068986 
      326.0000  -0.408568   0.338999  -0.069569 
      326.5000  -0.400296   0.317451  -0.082845 
      327.0000  -0.400059   0.321495  -0.078564 
      327.5000  -0.413163   0.333143  -0.080020 
      328.0000  -0.404639   0.320508  -0.084130 
      328.5000  -0.413984   0.330048  -0.083936 
      329.0000  -0.393797   0.312325  -0.081472 
      329.5000  -0.379286   0.297146  -0.082140 
      330.0000  -0.413540   0.324061  -0.089479 
      330.5000  -0.398442   0.315283  -0.083159 
      331.0000  -0.411221   0.322547  -0.088674 
      331.5000  -0.408562   0.316200  -0.092362 
      332.0000  -0.371275   0.283606  -0.087669 
      332.5000  -0.407007   0.319597  -0.087410 
      333.0000  -0.397803   0.302242  -0.095561 
      333.5000  -0.429011   0.337375  -0.091636 
      334.0000  -0.398388   0.305371  -0.093017 
      334.5000  -0.395954   0.295794  -0.100160 
      335.0000  -0.425353   0.317626  -0.107727 
      335.5000  -0.385607   0.285250  -0.100357 
      336.0000  -0.382801   0.289583  -0.093218 
      336.5000  -0.396908   0.301674  -0.095234 
      337.0000  -0.386366   0.283252  -0.103115 
      337.5000  -0.407785   0.307191  -0.100594 
      338.0000  -0.397920   0.303401  -0.094518 
      338.5000  -0.416922   0.318177  -0.098745 
      339.0000  -0.418935   0.318762  -0.100173 
      339.5000  -0.376150   0.272794  -0.103355 
      340.0000  -0.420285   0.308703  -0.111582 
      340.5000  -0.394484   0.281889  -0.112594 
      341.0000  -0.402922   0.298145  -0.104777 
      341.5000  -0.411491   0.306851  -0.104639 
      342.0000  -0.427614   0.324545  -0.103069 
      342.5000  -0.421112   0.322794  -0.098318 
      343.0000  -0.385901   0.283979  -0.101921 
      343.5000  -0.396252   0.297261  -0.098990 
      344.0000  -0.424677   0.318924  -0.105753 
      344.5000  -0.426017   0.321632  -0.104385 
      345.0000  -0.393783   0.290090  -0.103693 
      345.5000  -0.391271   0.291857  -0.099415 
      346.0000  -0.427269   0.326643  -0.100627 
      346.5000  -0.417796   0.319108  -0.098688 
      347.0000  -0.396942   0.297573  -0.099369 
      347.5000  -0.396749   0.293260  -0.103490 
      348.0000  -0.402215   0.303585  -0.098631 
      348.5000  -0.439897   0.344531  -0.095366 
      349.0000  -0.391620   0.295564  -0.096056 
      349.5000  -0.425243   0.328865  -0.096379 
      350.0000  -0.418246   0.310788  -0.107457 
      350.5000  -0.398183   0.290931  -0.107252 
      351.0000  -0.428884   0.317218  -0.111666 
      351.5000  -0.415178   0.311798  -0.103380 
      352.0000  -0.412149   0.314208  -0.097941 
      352.5000  -0.405190   0.315625  -0.089564 
      353.0000  -0.395657   0.309014  -0.086642 
      353.5000  -0.417328   0.329945  -0.087383 
      354.0000  -0.406860   0.323357  -0.083503 
      354.5000  -0.399417   0.317890  -0.081527 
      355.0000  -0.386229   0.310227  -0.076002 
      355.5000  -0.413969   0.335788  -0.078180 
      356.0000  -0.399176   0.319253  -0.079923 
      356.5000  -0.405195   0.323328  -0.081866 
      357.0000  -0.439139   0.366916  -0.072223 
      357.5000  -0.437298   0.369830  -0.067468 
      358.0000  -0.442399   0.373722  -0.068678 
      358.5000  -0.404638   0.335707  -0.068931 
      359.0000  -0.412416   0.343627  -0.068789 
      359.5000  -0.446029   0.369810  -0.076219 
      360.0000  -0.403371   0.325246  -0.078125 
      360.5000  -0.430422   0.362606  -0.067817 
      361.0000  -0.446551   0.369773  -0.076778 
      361.5000  -0.414788   0.325779  -0.089009 
      362.0000  -0.424578   0.342519  -0.082059 
      362.5000  -0.412933   0.326249  -0.086684 
      363.0000  -0.401005   0.320593  -0.080412 
      363.5000  -0.451820   0.364802  -0.087018 
      364.0000  -0.443586   0.353168  -0.090417 
      364.5000  -0.489148   0.394799  -0.094349 
      365.0000  -0.428513   0.334416  -0.094097 
      365.5000  -0.461458   0.366571  -0.094888 
      366.0000  -0.449913   0.357331  -0.092582 
      366.5000  -0.457354   0.360123  -0.097231 
      367.0000  -0.456230   0.362783  -0.093447 
      367.5000  -0.434926   0.345078  -0.089848 
      368.0000  -0.474672   0.378736  -0.095936 
      368.5000  -0.419249   0.324991  -0.094258 
      369.0000  -0.415047   0.330686  -0.084360 
      369.5000  -0.448684   0.363103  -0.085581 
      370.0000  -0.442113   0.346935  -0.095178 
      370.5000  -0.504145   0.402812  -0.101333 
      371.0000  -0.461566   0.340034  -0.121532 
      371.5000  -0.498587   0.392092  -0.106495 
      372.0000  -0.462919   0.362299  -0.100620 
      372.5000  -0.430898   0.343623  -0.087275 
      373.0000  -0.456512   0.361407  -0.095105 
      373.5000  -0.492245   0.384183  -0.108063 
      374.0000  -0.492874   0.384023  -0.108851 
      374.5000  -0.464378   0.359365  -0.105012 
      375.0000  -0.466912   0.348034  -0.118878 
      375.5000  -0.489632   0.362165  -0.127467 
      376.0000  -0.482487   0.353394  -0.129093 
      376.5000  -0.480377   0.344445  -0.135932 
      377.0000  -0.482246   0.347563  -0.134683 
      377.5000  -0.470461   0.341762  -0.128699 
      378.0000  -0.445994   0.322557  -0.123437 
      378.5000  -0.480459   0.351242  -0.129216 
      379.0000  -0.485766   0.349964  -0.135803 
      379.5000  -0.481134   0.339856  -0.141277 
      380.0000  -0.504442   0.367782  -0.136660 
      380.5000  -0.455652   0.320740  -0.134912 
      381.0000  -0.454202   0.316157  -0.138045 
      381.5000  -0.446645   0.305102  -0.141543 
      382.0000  -0.469462   0.317731  -0.151731 
      382.5000  -0.449134   0.284825  -0.164309 
      383.0000  -0.466898   0.301598  -0.165300 
      383.5000  -0.478286   0.311984  -0.166302 
      384.0000  -0.483919   0.323218  -0.160701 
      384.5000  -0.499258   0.339419  -0.159840 
      385.0000  -0.469226   0.309456  -0.159770 
      385.5000  -0.477956   0.323451  -0.154505 
      386.0000  -0.489100   0.323245  -0.165855 
      386.5000  -0.467153   0.303694  -0.163458 
      387.0000  -0.490084   0.329528  -0.160557 
      387.5000  -0.469134   0.305920  -0.163215 
      388.0000  -0.530330   0.368133  -0.162196 
      388.5000  -0.464689   0.301281  -0.163409 
      389.0000  -0.467781   0.305151  -0.162630 
      389.5000  -0.484076   0.331446  -0.152630 
      390.0000  -0.465422   0.317572  -0.147850 
      390.5000  -0.470477   0.326972  -0.143505 
      391.0000  -0.489330   0.339691  -0.149639 
      391.5000  -0.452180   0.306674  -0.145507 
      392.0000  -0.465887   0.325767  -0.140120 
      392.5000  -0.480114   0.336535  -0.143579 
      393.0000  -0.462230   0.312901  -0.149329 
      393.5000  -0.505070   0.354849  -0.150221 
      394.0000  -0.480600   0.331059  -0.149541 
      394.5000  -0.491603   0.338393  -0.153210 
      395.0000  -0.458619   0.305906  -0.152713 
      395.5000  -0.500257   0.339201  -0.161056 
      396.0000  -0.458042   0.294688  -0.163354 
      396.5000  -0.516295   0.354954  -0.161342 
      397.0000  -0.500871   0.345549  -0.155322 
      397.5000  -0.459224   0.300849  -0.158375 
      398.0000  -0.492703   0.343251  -0.149452 
      398.5000  -0.508513   0.367127  -0.141387 
      399.0000  -0.526168   0.383312  -0.142856 
      399.5000  -0.497799   0.353492  -0.144307 
      400.0000  -0.503433   0.355316  -0.148117 
      400.5000  -0.484016   0.339366  -0.144649 
      401.0000  -0.506119   0.358946  -0.147173 
      401.5000  -0.501297   0.357839  -0.143458 
      402.0000  -0.468737   0.325362  -0.143374 
      402.5000  -0.509970   0.362289  -0.147682 
      403.0000  -0.489361   0.345874  -0.143487 
      403.5000  -0.468906   0.325303  -0.143604 
      404.0000  -0.487566   0.354829  -0.132737 
      404.5000  -0.471640   0.343246  -0.128394 
      405.0000  -0.488843   0.354474  -0.134369 
      405.5000  -0.493972   0.349744  -0.144227 
      406.0000  -0.477648   0.327796  -0.149852 
      406.5000  -0.497888   0.341370  -0.156518 
      407.0000  -0.483054   0.323724  -0.159330 
      407.5000  -0.473840   0.316743  -0.157097 
      408.0000  -0.483427   0.335268  -0.148159 
      408.5000  -0.455307   0.324334  -0.130973 
      409.0000  -0.457278   0.324928  -0.132350 
      409.5000  -0.478803   0.345857  -0.132945 
      410.0000  -0.476763   0.340239  -0.136524 
      410.5000  -0.483926   0.345486  -0.138441 
      411.0000  -0.450938   0.306675  -0.144263 
      411.5000  -0.478671   0.341298  -0.137373 
      412.0000  -0.451296   0.310848  -0.140448 
      412.5000  -0.466192   0.326943  -0.139249 
      413.0000  -0.455185   0.317819  -0.137365 
      413.5000  -0.471887   0.333617  -0.138271 
      414.0000  -0.494288   0.345397  -0.148892 
      414.5000  -0.461124   0.309397  -0.151727 
      415.0000  -0.458174   0.308617  -0.149557 
      415.5000  -0.487842   0.337026  -0.150817 
      416.0000  -0.463122   0.314487  -0.148634 
      416.5000  -0.466893   0.317923  -0.148970 
      417.0000  -0.430239   0.281954  -0.148284 
      417.5000  -0.471413   0.318309  -0.153103 
      418.0000  -0.462614   0.315345  -0.147269 
      418.5000  -0.467146   0.319759  -0.147388 
      419.0000  -0.467997   0.313551  -0.154446 
      419.5000  -0.465813   0.307229  -0.158584 
      420.0000  -0.462158   0.306167  -0.155991 
      420.5000  -0.470606   0.317681  -0.152925 
      421.0000  -0.435669   0.274993  -0.160676 
      421.5000  -0.466187   0.304929  -0.161257 
      422.0000  -0.474275   0.314694  -0.159581 
      422.5000  -0.451649   0.293105  -0.158544 
      423.0000  -0.476269   0.315235  -0.161034 
      423.5000  -0.487639   0.333931  -0.153708 
      424.0000  -0.451047   0.293343  -0.157704 
      424.5000  -0.491510   0.329736  -0.161773 
      425.0000  -0.452446   0.296875  -0.155571 
      425.5000  -0.493865   0.332856  -0.161008 
      426.0000  -0.456661   0.283399  -0.173262 
      426.5000  -0.477659   0.311498  -0.166161 
      427.0000  -0.463312   0.303508  -0.159804 
      427.5000  -0.460342   0.293282  -0.167060 
      428.0000  -0.494024   0.315498  -0.178526 
      428.5000  -0.480583   0.294856  -0.185726 
      429.0000  -0.481901   0.301083  -0.180818 
      429.5000  -0.474881   0.293377  -0.181504 
      430.0000  -0.509727   0.330646  -0.179081 
      430.5000  -0.505139   0.324375  -0.180765 
      431.0000  -0.509967   0.326906  -0.183060 
      431.5000  -0.469491   0.296064  -0.173427 
      432.0000  -0.479478   0.305060  -0.174418 
      432.5000  -0.467445   0.285557  -0.181888 
      433.0000  -0.449369   0.273857  -0.175512 
      433.5000  -0.477844   0.298452  -0.179391 
      434.0000  -0.485191   0.299063  -0.186128 
      434.5000  -0.479214   0.288820  -0.190394 
      435.0000  -0.479073   0.300549  -0.178524 
      435.5000  -0.478747   0.300484  -0.178263 
      436.0000  -0.510659   0.337878  -0.172781 
      436.5000  -0.482820   0.309004  -0.173816 
      437.0000  -0.474944   0.303147  -0.171797 
      437.5000  -0.489076   0.317987  -0.171089 
      438.0000  -0.478885   0.308674  -0.170211 
      438.5000  -0.451354   0.284343  -0.167011 
      439.0000  -0.467544   0.303102  -0.164442 
      439.5000  -0.495478   0.330444  -0.165034 
      440.0000  -0.493732   0.327660  -0.166072 
      440.5000  -0.512596   0.339053  -0.173544 
      441.0000  -0.469822   0.290801  -0.179021 
      441.5000  -0.496186   0.324857  -0.171330 
      442.0000  -0.465143   0.290571  -0.174572 
      442.5000  -0.459832   0.291249  -0.168583 
      443.0000  -0.493583   0.329787  -0.163796 
      443.5000  -0.458696   0.288261  -0.170436 
      444.0000  -0.497428   0.320895  -0.176533 
      444.5000  -0.498919   0.331744  -0.167175 
      445.0000  -0.485532   0.313817  -0.171715 
      445.5000  -0.488728   0.311102  -0.177626 
      446.0000  -0.477149   0.299704  -0.177445 
      446.5000  -0.474985   0.291966  -0.183019 
      447.0000  -0.500556   0.313735  -0.186821 
      447.5000  -0.471823   0.282319  -0.189504 
      448.0000  -0.478110   0.286285  -0.191825 
      448.5000  -0.505517   0.303379  -0.202138 
      449.0000  -0.476964   0.273614  -0.203350 
      449.5000  -0.517502   0.312162  -0.205340 
      450.0000  -0.492361   0.285585  -0.206776 
      450.5000  -0.497619   0.297689  -0.199929 
      451.0000  -0.499724   0.290516  -0.209208 
      451.5000  -0.489877   0.285590  -0.204286 
      452.0000  -0.492440   0.294317  -0.198123 
      452.5000  -0.505202   0.303372  -0.201830 
      453.0000  -0.474282   0.268247  -0.206035 
      453.5000  -0.479853   0.273546  -0.206306 
      454.0000  -0.496283   0.296021  -0.200262 
      454.5000  -0.476650   0.288805  -0.187845 
      455.0000  -0.493996   0.306631  -0.187365 
      455.5000  -0.526222   0.340911  -0.185311 
      456.0000  -0.488327   0.297465  -0.190862 
      456.5000  -0.488858   0.300885  -0.187973 
      457.0000  -0.499406   0.318812  -0.180594 
      457.5000  -0.478082   0.299002  -0.179081 
      458.0000  -0.499721   0.322467  -0.177254 
      458.5000  -0.493289   0.307054  -0.186235 
      459.0000  -0.519062   0.333268  -0.185794 
      459.5000  -0.521577   0.331067  -0.190510 
      460.0000  -0.490923   0.294149  -0.196774 
      460.5000  -0.495752   0.296570  -0.199182 
      461.0000  -0.484429   0.280608  -0.203821 
      461.5000  -0.512341   0.311770  -0.200571 
      462.0000  -0.500591   0.312492  -0.188100 
      462.5000  -0.498762   0.315186  -0.183577 
      463.0000  -0.520576   0.327260  -0.193317 
      463.5000  -0.528279   0.333698  -0.194580 
      464.0000  -0.534957   0.329822  -0.205135 
      464.5000  -0.533988   0.332936  -0.201052 
      465.0000  -0.494662   0.296337  -0.198325 
      465.5000  -0.538690   0.333955  -0.204735 
      466.0000  -0.505292   0.302430  -0.202862 
      466.5000  -0.493310   0.288723  -0.204588 
      467.0000  -0.500262   0.285235  -0.215027 
      467.5000  -0.513706   0.298701  -0.215005 
      468.0000  -0.529431   0.306356  -0.223075 
      468.5000  -0.499078   0.268983  -0.230095 
      469.0000  -0.509785   0.281210  -0.228576 
      469.5000  -0.524378   0.288250  -0.236128 
      470.0000  -0.535906   0.288292  -0.247614 
      470.5000  -0.515184   0.268413  -0.246771 
      471.0000  -0.533171   0.278166  -0.255005 
      471.5000  -0.550422   0.294668  -0.255754 
      472.0000  -0.535495   0.286891  -0.248604 
      472.5000  -0.551724   0.306870  -0.244854 
      473.0000  -0.531094   0.289114  -0.241980 
      473.5000  -0.509148   0.266048  -0.243100 
      474.0000  -0.547677   0.304147  -0.243531 
      474.5000  -0.558939   0.309331  -0.249608 
      475.0000  -0.564210   0.321101  -0.243109 
      475.5000  -0.546161   0.307091  -0.239070 
      476.0000  -0.567939   0.329015  -0.238925 
      476.5000  -0.539367   0.302036  -0.237331 
      477.0000  -0.519961   0.287824  -0.232137 
      477.5000  -0.538896   0.303243  -0.235652 
      478.0000  -0.561230   0.336699  -0.224530 
      478.5000  -0.539158   0.313957  -0.225201 
      479.0000  -0.538652   0.305773  -0.232879 
      479.5000  -0.542439   0.305582  -0.236857 
      480.0000  -0.527419   0.290160  -0.237259 
      480.5000  -0.542888   0.301642  -0.241246 
      481.0000  -0.547814   0.300238  -0.247576 
      481.5000  -0.549749   0.301119  -0.248631 
      482.0000  -0.567538   0.310995  -0.256544 
      482.5000  -0.552175   0.295987  -0.256189 
      483.0000  -0.539535   0.281653  -0.257882 
      483.5000  -0.531628   0.276695  -0.254933 
      484.0000  -0.515553   0.257403  -0.258150 
      484.5000  -0.552704   0.292902  -0.259802 
      485.0000  -0.550268   0.291191  -0.259078 
      485.5000  -0.569486   0.306943  -0.262543 
      486.0000  -0.546245   0.278609  -0.267636 
      486.5000  -0.544902   0.279439  -0.265463 
      487.0000  -0.587076   0.325442  -0.261634 
      487.5000  -0.554368   0.293224  -0.261143 
      488.0000  -0.516802   0.256622  -0.260180 
      488.5000  -0.549956   0.293374  -0.256583 
      489.0000  -0.554176   0.284388  -0.269788 
      489.5000  -0.515638   0.241790  -0.273848 
      490.0000  -0.570746   0.304171  -0.266576 
      490.5000  -0.530062   0.265290  -0.264773 
      491.0000  -0.557737   0.300504  -0.257233 
      491.5000  -0.523697   0.257376  -0.266321 
      492.0000  -0.543599   0.273654  -0.269945 
      492.5000  -0.564237   0.294564  -0.269673 
      493.0000  -0.559419   0.286007  -0.273412 
      493.5000  -0.567484   0.298538  -0.268946 
      494.0000  -0.558521   0.291955  -0.266566 
      494.5000  -0.547384   0.281776  -0.265608 
      495.0000  -0.523399   0.261591  -0.261809 
      495.5000  -0.531322   0.271694  -0.259629 
      496.0000  -0.536264   0.285312  -0.250953 
      496.5000  -0.523417   0.274536  -0.248882 
      497.0000  -0.572154   0.314620  -0.257534 
      497.5000  -0.574434   0.309327  -0.265107 
      498.0000  -0.536276   0.270060  -0.266216 
      498.5000  -0.559735   0.297102  -0.262633 
      499.0000  -0.579274   0.323533  -0.255741 
      499.5000  -0.522444   0.253891  -0.268552 
      500.0000  -0.558918   0.285116  -0.273802 
