t = 100000
b = 30 30 30
E = -0.40274630333322 -0.558918249135546 0.156171945802326
36.5166544835727 35.2265311008372 17.1082002863781 0.522960759854877 0.796684253631487 -0.302995183578846 -0.696101943301279 0.19405105169273 -0.691220782878166 -0.0141356400503515 -0.589287543393943 0.0165425038143438 0.13503434044658 -0.383762420344539 0.40801742033041
36.2223168880343 35.5055909169104 16.8213562714563 0.76712355481114 -0.0676229513109166 -0.637925131670365 -0.637643851169164 0.0284818397171005 -0.769804514561303 0.302736536055437 0.184309376137955 -0.201813888139471 0.111905161720247 0.052021962246657 -0.133205281373856
36.091770650434 35.7402239416472 16.3801955399763 0.421935759674078 -0.845078613847586 -0.328347677638227 -0.649508636720121 -0.0290777824516657 -0.75979794556166 -0.201982859662625 0.19943029990649 -0.141315678312647 -0.933573349524828 0.057223216417274 -0.192224148405059
34.9918375845952 36.4570135934453 16.3867882267661 -0.968052798908252 -0.12004696843786 0.2201417090252 -0.155259869425139 0.976371503350091 -0.150309087644737 0.114894479807883 0.377885755556917 0.0277760328518008 0.10324300256444 0.50802850178054 -0.133850910076312
34.7307644891791 36.7875584577479 16.1031127726662 -0.681680429492647 -0.22074126659867 0.697556459124327 -0.351076348267938 0.935158604637426 -0.0471556923876885 0.0380804645346128 -0.602223142080062 -0.0504245257682163 -0.126663351122545 0.437554916135394 -0.156229610751899
35.2191396324795 36.676294819629 14.8061267764456 0.577529187618288 0.198031174593362 -0.791987113563893 -0.399379382130798 -0.777578524965713 -0.485662009675413 -0.17808003353212 -0.111560076132292 0.300153470997857 0.150791333946368 0.0878706290499329 0.0736380010261636
35.0547945213611 35.8734414461491 15.4566280011444 0.866516188632949 -0.462275017195324 -0.188285324957608 0.382854179684522 0.373500456400595 0.844937842744552 0.0676209407049559 0.0760199920286285 0.531238570612642 0.166880695686708 0.211957155709988 0.0930897439959216
34.2114124813829 35.844661808446 15.2591670281089 0.201965570458406 -0.955495237738813 0.215031588835396 0.286872428219481 -0.152212448623432 -0.945798849851873 0.429772138833597 0.328792332778792 -0.161212887963202 -0.0971953799595069 0.16739179400864 -0.471011596771682
33.4382328949584 36.0412908243121 14.7177272373673 -0.0351360126677987 0.516432942538482 -0.855606409563125 0.81573656614939 -0.479779368935746 -0.323087381724952 0.232136742770376 -0.279280649781646 -0.28778242344406 -0.185980692705631 -0.419051177985648 -0.106565550178821
33.20810232219 35.2624876597287 15.3485148363959 0.298077848611714 -0.782300976871639 -0.54695032875805 0.861744219329951 -0.0259013778900041 0.506681328391015 0.124834278639532 -0.186181682221253 0.208415893830191 -0.281423802162749 -0.410686340662131 0.0463672528726242
32.0823752679346 35.3973221097913 15.001803054622 -0.717277370587763 -0.0228315959793408 -0.696413521740175 -0.429467077040777 0.801533296792378 0.416055575543472 0.314065855979392 -0.143981898453781 0.0789517158484647 0.320587902542205 0.0179985724408492 -0.193218157550454
31.4178307818446 34.8410737629338 15.5138436996113 -0.810747483231861 -0.511890358640009 0.284001116332545 -0.0480039048018696 -0.42537441017233 -0.903743384074176 0.178727117126505 0.376340305095421 -0.110648125746854 0.485364010179057 0.0782584778247067 0.11659117145709
31.5238544292615 34.4318605287134 15.3512341900539 -0.888689060125722 0.158844974392355 -0.430116206366724 0.342173785222838 -0.394660494076337 -0.852736813074473 -0.28035455963493 0.12314118192613 -0.106758359455062 0.355384784285495 0.75089541020741 -0.0205449802449811
31.8862052078645 34.2658956642486 16.1085472910374 -0.769048152233833 -0.572097854323672 -0.285076862108657 -0.602137949172782 0.498781261646882 0.623415583997458 -0.172310290536868 -0.241304216170755 -0.500557008992942 0.254105398299503 -0.363081484433462 -0.169277726132126
32.6735111016781 34.3104949337937 15.7526703656003 -0.575417665342018 0.383549164295451 -0.722346499663996 0.405364761138952 -0.633347450625859 -0.65920430371521 0.101802472504701 -0.135664749215336 -0.577863988019792 0.0356548783608253 -0.341505676846086 -0.467112302426708
33.2335163208296 34.8570211168505 16.9068230217592 0.0900361747342999 0.774740251957854 0.625836137805105 -0.757631300453761 -0.354593427799183 0.547958213329974 -0.173684210663853 -0.095066109259815 -0.197035143072879 -0.365756214966758 0.00565157623835989 0.0456565489457963
33.9310715028571 34.7265300103053 17.374600334463 0.330842053820935 -0.31655292233238 0.889009369836003 0.881187404300878 0.440763070526058 -0.170986947064821 0.117671195315854 0.637143493531585 -0.313252341059262 0.00913737611390583 -0.0763054144848689 -0.183419631244041
34.4203634186692 35.5476406519659 17.1291160931164 -0.199818585487794 0.974534841665969 -0.101755571028722 -0.881098785951818 -0.133280984274781 0.45376318721785 -0.202265315651293 -0.113316827690177 0.190102891879273 0.0678254581553354 0.278777750111647 -0.305112342577975
34.1517308588354 35.3216591240333 18.1081116279255 -0.567099201180284 -0.592423261566673 0.572217624098737 -0.701023134143613 0.711884584583361 0.0422695412229509 0.384079200287574 0.371742030185952 -0.331328038313998 -0.194362302029818 -0.292662898488964 -0.00453798623780779
34.2898140779309 36.1257316187335 17.9944007127965 -0.787163916035987 -0.563600282469308 -0.250454831940381 0.496738137264223 -0.82006004067585 0.284170102541571 -0.307533419138012 0.455917958551908 0.0622246966665418 0.418771086053496 0.307664715315363 0.172693265249111
35.1157980756413 35.9876472599903 18.8484661477073 0.189732489552099 -0.924254012062631 0.331294313546401 0.554899696368954 -0.177425143819936 -0.812777056562986 0.522364188718326 -0.419481053603423 0.38754570279614 -0.131037728254157 -0.0633548364289273 0.0648483611705682
35.4561581228719 36.83908201773 17.8628287621306 0.148039545670396 -0.0822426328978465 -0.985555848603308 0.249916063752848 -0.961082213436525 0.117740056892607 -0.0234551894089268 -0.483718902398792 0.121346774813353 -0.0291917325542606 -0.0766809049065467 -0.193140289394591
35.1206884534183 37.0995670347264 18.9865099515719 -0.181820028782937 -0.743975316185457 0.642994597180182 0.708166284226257 0.354601373070548 0.610539334639481 0.0496006688159485 0.377342971636494 -0.247218098919434 0.149256557123278 -0.448471378562401 -0.142786833849489
35.1711544781893 37.3389704996488 19.4622134163243 0.424491798472644 -0.90450185286972 0.041022991544786 0.59022016195245 0.310785942674333 0.745018204639716 -0.166440871932414 -0.118266641131829 -0.392852128135234 0.385854659435523 0.432866695828481 -0.324419353012812
35.4035613231906 37.4169636649924 19.9327228162146 0.575009313980492 -0.638726176593512 -0.511266143354657 0.772593958998558 0.218305592263198 0.596188881243496 0.0669142038384085 0.19819623901153 -0.275515452568204 0.203663994204325 -0.29102585370561 -0.221528411413144
40.0013406961074 34.3177071912409 19.4747155130171 -0.96525374662337 -0.0491499190537745 -0.256650321783663 -0.0709792096655076 -0.895912726569919 0.438522693771446 0.0683222767052897 0.374884011887774 0.479177618284348 0.802439167900272 -0.393338143046081 -0.808033334459474
39.7807660209509 34.1812020257923 19.8811361672045 -0.469913597791082 -0.479905544957552 -0.740858826748408 -0.325984796285219 -0.6856205805309 0.650890341671902 0.268857815867432 -0.250666073345666 0.344613701054418 -0.286046210252345 -0.339149325956311 -0.190335028720515
39.4760691451379 33.8430556997837 20.1245702888374 0.147123407834959 -0.539912361923785 -0.828763651085189 -0.25787434151339 -0.829841798035124 0.494836550903464 -0.471629838730314 0.315860768139649 -0.150177091873539 0.126679972484743 -0.025380634575182 0.976661241009671
38.9890176242304 34.969712367554 20.5801080274499 -0.588455170104738 0.689737787560052 -0.421879332402644 -0.38288593790684 0.221844330886616 0.896762726610728 0.524584644139597 -0.181503592409708 -0.0326831707391065 0.056980486689348 0.299936095226321 0.371135929600931
38.6839046536374 35.1032038108707 21.069742808991 -0.466311336224434 0.533452266915312 -0.70567859318237 -0.623304745605358 0.367930608389064 0.690013143732745 -0.235105351347374 -0.0792031277286111 0.314457240144871 -0.0198171497968045 0.00240696758331398 0.275120030114466
38.413634299236 34.5464249608738 21.5621155296502 -0.0555682478099842 0.815081043010679 0.57667572465319 -0.997144657695119 -0.0748817748852184 0.00975442493847777 -0.693148764722118 0.0695779255727518 -0.0939443104013793 -0.700223326485856 -0.327944284259649 -0.306729685165365
37.4729406204847 34.0075388225255 21.7939982924795 -0.748302264567275 0.12624869522223 0.651233374589733 -0.661079048180926 -0.0606226521190158 -0.747863167315613 -0.06473580552847 0.209536025446932 0.188401581567055 0.514794139307897 0.465823027562586 0.385782861846151
37.175516124358 33.7167660771552 21.5481830535096 -0.553548880262456 0.725630792480054 0.408709441747335 -0.624054247863388 -0.0364290172466643 -0.78053129506832 -0.742159032977652 -0.186370604270696 0.187699302816062 -0.696842044877564 -0.750944228053759 -0.388069417173955
38.3528569362546 32.8392099981003 21.2687190501368 0.721830473730559 -0.630387872181851 -0.285607719404121 0.141688717055537 0.538555111249532 -0.830591727471954 -0.227843300445555 -0.190972493131038 0.265070988253749 0.0267794101765905 0.481227528125542 0.0802474486761651
38.629325219492 33.0742445316051 20.9572815419079 -0.238785649469303 -0.892129272528129 -0.383518683651533 0.090080579300266 0.37289053685338 -0.92349229090447 0.152638791395329 -0.35328496812227 -0.213771966947276 0.238349285440179 0.0856554801517322 0.10759832454635
38.8139797587039 33.0761974775402 20.5571481378897 -0.945673767443527 -0.213529625109272 -0.245165490758741 0.126720301627064 0.452361434665425 -0.882785915211762 0.397310873726428 -0.188764828624491 -0.355915691661519 -0.327073595072512 0.285052341130563 0.0627575656307345
38.8911754015657 32.9462207674155 20.0456830009686 -0.844726704898374 0.534875244765805 -0.0185780905241943 0.32238225836913 0.480815327710713 -0.815405561630898 -0.397736793453446 -0.0745737765854277 0.0712246531793734 -0.373260096578376 -0.134424282080286 -0.546203783545818
39.3274379860139 32.7833090828284 19.5456042459857 -0.86765369909756 0.496730783593169 0.0208671656221812 0.475690894794635 0.841642188248596 -0.255648969426759 0.200699982611698 0.267901144018297 -0.188311790739631 -0.103292823914169 0.386405473321301 0.37795989268407
39.2688111356473 33.1711808024975 19.231641144828 -0.262933923337127 0.585645704894078 0.766736440943773 0.349416181649588 0.798552967569904 -0.490123823002439 -0.160606122550192 0.0872447841538721 -0.162957300726894 -0.328958363547048 0.0915751301401162 -0.378418428928987
39.0992381371599 33.5585734529185 19.0749602349839 0.597754521146164 0.505070943357888 0.622569465533177 0.0530682572795571 0.74994919607433 -0.659363173075958 -0.147926341749991 0.263758333214171 0.274882529870994 0.580661695457644 0.123973460883516 0.0100752594628001
38.2632590838033 33.1553837254751 19.3000822282499 -0.1811293996567 0.509433972118416 0.841230668103125 -0.937086893242621 0.170162485041591 -0.304815973833873 0.757816254831408 0.313098431384638 0.0589986355354653 0.0597790618641062 -0.0104736680238371 -0.157624557938112
37.6898693109378 33.0575210780197 19.4181938849509 0.0824057715810944 0.945421649510045 0.31525712732775 -0.915304262091333 0.196934856675562 -0.351332701419296 -0.164242262944058 0.295027243009155 0.373136607584488 -0.0936553113101114 0.246509147134485 -0.356619629444688
37.1878570136148 33.2161264796023 19.5750339251174 0.389660072607493 0.795380714967499 -0.464256772784417 -0.903720002353742 0.233149973099647 -0.359069800894109 0.264825670853306 0.0333570924607424 -0.133777227521204 -0.606738406908761 0.300026772335164 0.238853599195103
36.8073031044423 33.5264094971843 19.6185666070782 0.371725813816811 -0.0117229687481662 -0.928268515325704 -0.926678152359591 0.055162912654346 -0.371785622471139 -0.246844671256119 0.0724807885084467 0.116606886777312 0.19612783199605 0.0576695417815386 -0.0930712677361658
36.5907206962764 33.8705020585658 19.5276841564467 -0.250375383080592 -0.773807085731012 -0.581837253180179 -0.912301592846463 0.389735939342572 -0.125744102838573 0.443679708510704 0.215030810739474 0.110704975814445 0.155389824116759 -0.724333549153784 -0.221775446894881
36.1488427187306 33.9585524875092 19.1346795896521 -0.176763816462391 -0.980721490315279 -0.0833049084514829 -0.92807060679207 0.194262141946883 -0.317721674931865 0.194241226746223 -0.672010862226075 -0.736103492697222 -0.51943063733434 0.211098513266002 0.093005789967865
35.7237200825534 33.9406864420643 18.8260378652137 -0.256641528353816 -0.82597095237682 0.501903370116399 -0.93266424146877 0.0754303723980836 -0.352771271516658 -0.17860538590077 0.0398356356223701 -0.189524671604516 0.243959566171197 0.268131342967464 -0.0717581230954423
35.3694352355566 33.794463409259 18.5063162613952 -0.201525636044024 0.0349687897147419 0.978858764933783 -0.923877815256031 0.32514253229235 -0.201821665578232 -0.0779185031554449 0.0842039483771044 0.0464533643834727 0.287779306706212 -0.116867380101363 -0.0734504385842116
34.8663806064305 33.719708381162 18.5969917620653 0.20057481470816 0.833914727437739 0.514155466476002 -0.835109276614497 0.419933436805114 -0.355314354308341 0.130724494558303 -0.0893052748705169 0.381093858736533 -0.261167130047093 0.0567910884850433 0.0624943314343134
34.3905770564782 33.8882087110197 18.7656713560476 0.447244776245241 0.846204760530957 -0.289671243983374 -0.894168394375565 0.430575504452009 -0.12274971244379 -0.0798142656529703 -0.351402470707387 -0.00304178562373489 -0.392489204898986 0.484590009774123 -0.0293957383754234
34.0659972862726 34.2400476011107 18.9775064016017 0.434348447612545 0.550041856731598 -0.713298847160901 -0.763318336515402 0.645193414680681 0.0327174046144311 -0.376569572621461 -0.0876484112261336 -0.480903021192108 0.0568560538603247 -0.340822470178015 -0.293234045659658
33.9784976594882 34.7287517257902 19.0948374928072 -0.0429699499438134 0.00882891865281897 -0.99903733343139 -0.616660338531031 0.786517241357064 0.0334741877290073 -0.549406540352562 0.182354262931033 -0.00926285864705256 0.135176578885964 -0.0475846543661296 0.492687976542794
