t = 0
b =  30.0 30.0 30.0
E = 0. 0. 0.
26.636405791468995 14.756570806947138 2.4827147525248576 0.863036684055599 -0.4931493783946534 -0.10941376770444997 0.28535344897256426 0.29722419401838035 0.9111702297867212 0.0 0.0 0.0 0.0 0.0 0.0
26.699342631169827 14.528562009788773 2.965141995479924 0.9435089095422587 0.07994353432663978 -0.321558655510535 0.28535344897256426 0.29722419401838035 0.9111702297867212 0.0 0.0 0.0 0.0 0.0 0.0
26.977352356488364 14.31877634379559 3.3742699327935064 0.6655263256660718 0.6226645617726254 -0.4115380339141469 0.28535344897256426 0.29722419401838035 0.9111702297867212 0.0 0.0 0.0 0.0 0.0 0.0
27.4070688286833 14.250927084250648 3.6895877623272963 0.13469916366255713 0.9288249118048802 -0.3451672326847715 0.28535344897256426 0.29722419401838035 0.9111702297867212 0.0 0.0 0.0 0.0 0.0 0.0
27.867489979473433 14.394803492577145 3.9262247103098904 -0.44730246266628265 0.8821091487180686 -0.1476616288700695 0.28535344897256426 0.29722419401838035 0.9111702297867212 0.0 0.0 0.0 0.0 0.0 0.0
28.225948519824392 14.73975670910953 4.129202185345372 -0.8593664049298372 0.5002653719547775 0.10594309652315248 0.28535344897256426 0.29722419401838035 0.9111702297867212 0.0 0.0 0.0 0.0 0.0 0.0
28.388514461131592 15.198745432919878 4.356329392566812 -0.9449426821204604 -0.07163758360512 0.31929826827311275 0.28535344897256426 0.29722419401838035 0.9111702297867212 0.0 0.0 0.0 0.0 0.0 0.0
28.33568068831677 15.64140436729336 4.656240650087841 -0.671519435774379 -0.6163242234369061 0.4113466895237555 0.28535344897256426 0.29722419401838035 0.9111702297867212 0.0 0.0 0.0 0.0 0.0 0.0
28.12977403898779 15.943572175541728 5.0499183984288525 -0.1429747285713664 -0.9268589863935054 0.3471176260744279 0.28535344897256426 0.29722419401838035 0.9111702297867212 0.0 0.0 0.0 0.0 0.0 0.0
27.89127629578226 16.03446244867804 5.522721620555602 0.4398884684258948 -0.8852645241633397 0.15101277298220428 0.28535344897256426 0.29722419401838035 0.9111702297867212 0.0 0.0 0.0 0.0 0.0 0.0
27.75305114279552 15.923556645676427 6.029948209035269 0.8556306817251674 -0.507343268369972 -0.10246435736488144 0.28535344897256426 0.29722419401838035 0.9111702297867212 0.0 0.0 0.0 0.0 0.0 0.0
27.809867030630496 15.697001928686303 6.513818044029565 0.9463044936549239 0.06332617740425178 -0.31701356523635016 0.28535344897256426 0.29722419401838035 0.9111702297867212 0.0 0.0 0.0 0.0 0.0 0.0
28.08239305756962 15.48488241582804 6.92542462685339 0.6774614070777584 0.6099369496253751 -0.41112401949036564 0.28535344897256426 0.29722419401838035 0.9111702297867212 0.0 0.0 0.0 0.0 0.0 0.0
28.509346433568474 15.411798049828572 7.24331547649835 0.15123940540104525 0.9248224770818356 -0.3490415851129405 0.28535344897256426 0.29722419401838035 0.9111702297867212 0.0 0.0 0.0 0.0 0.0 0.0
28.970774836787253 15.549526996579493 7.481642285834206 -0.43244097497553946 0.8883524832876541 -0.15435241688700907 0.28535344897256426 0.29722419401838035 0.9111702297867212 0.0 0.0 0.0 0.0 0.0 0.0
29.33362830615358 15.889755919847882 7.684784456883963 -0.8518297989313761 0.5143825286310202 0.09897781514908782 0.28535344897256426 0.29722419401838035 0.9111702297867212 0.0 0.0 0.0 0.0 0.0 0.0
29.50230714605064 16.347238356702782 7.910488624011296 -0.9475942404384294 -0.0550099486697977 0.31470472038922453 0.28535344897256426 0.29722419401838035 0.9111702297867212 0.0 0.0 0.0 0.0 0.0 0.0
29.454981849023664 16.792181274027513 8.20792974205355 -0.6833517870720908 -0.6035032267536641 0.4108700407711579 0.28535344897256426 0.29722419401838035 0.9111702297867212 0.0 0.0 0.0 0.0 0.0 0.0
29.25188649063191 17.09955561182449 8.599028698817634 -0.15949256476445617 -0.9227155389579407 0.3509389632833749 0.28535344897256426 0.29722419401838035 0.9111702297867212 0.0 0.0 0.0 0.0 0.0 0.0
29.012434797083657 17.196596913482715 9.070124203304474 0.42496054947067574 -0.8913727909309701 0.1576803062576659 0.28535344897256426 0.29722419401838035 0.9111702297867212 0.0 0.0 0.0 0.0 0.0 0.0
28.86985287415865 17.090449759401142 9.577162938564166 0.847964046000402 -0.5213826166710006 -0.09548373538946467 0.28535344897256426 0.29722419401838035 0.9111702297867212 0.0 0.0 0.0 0.0 0.0 0.0
28.92056438220066 16.86545342144409 10.062436153337432 0.9488118242517642 0.04668953071477195 -0.3123719095592146 0.28535344897256426 0.29722419401838035 0.9111702297867212 0.0 0.0 0.0 0.0 0.0 0.0
29.187557575435264 16.651099963482558 10.476504181497877 0.6891901271821328 0.597023544774677 -0.4105847727075996 0.28535344897256426 0.29722419401838035 0.9111702297867212 0.0 0.0 0.0 0.0 0.0 0.0
29.611651679846435 16.572838041337782 10.796979397800555 0.1677335781515591 0.920538332473315 -0.35280961609304207 0.28535344897256426 0.29722419401838035 0.9111702297867212 0.0 0.0 0.0 0.0 0.0 0.0
30.073980658674998 16.704412861045082 11.037031651013656 -0.41744776157466873 0.8943252170851661 -0.16099618766251927 0.28535344897256426 0.29722419401838035 0.9111702297867212 0.0 0.0 0.0 0.0 0.0 0.0
17.390047250385283 23.278441891533895 28.39304467049816 0.07265509789460756 -0.3664886060907931 0.9275814456723208 0.9225449605227047 0.3781031608061379 0.07712843575860345 0.0 0.0 0.0 0.0 0.0 0.0
17.62456496246186 23.683138191610592 28.657444839834262 0.2810818407659972 -0.7953648270692939 0.5370174956671625 0.9225449605227047 0.3781031608061379 0.07712843575860345 0.0 0.0 0.0 0.0 0.0 0.0
17.923155288985296 23.90653105433065 29.044258164204976 0.38272089289261707 -0.9220686524534023 -0.05756837939567783 0.9225449605227047 0.3781031608061379 0.07712843575860345 0.0 0.0 0.0 0.0 0.0 0.0
18.308986855085937 23.919738338711028 29.417948774681054 0.33895787905723335 -0.6984631806047034 -0.6302830646341241 0.9225449605227047 0.3781031608061379 0.07712843575860345 0.0 0.0 0.0 0.0 0.0 0.0
18.772083880383 23.773730919095385 29.647966340741895 0.1664190998944808 -0.20949986876264226 -0.9635426758471812 0.9225449605227047 0.3781031608061379 0.07712843575860345 0.0 0.0 0.0 0.0 0.0 0.0
19.273116144737394 23.579967997803376 29.658344323525462 -0.06934507769715734 0.35905594587336387 -0.9307363149314412 0.9225449605227047 0.3781031608061379 0.07712843575860345 0.0 0.0 0.0 0.0 0.0 0.0
19.75834119644877 23.468051890670914 29.456560934034744 -0.27876390088377395 0.7912004035767953 -0.5443276668918979 0.9225449605227047 0.3781031608061379 0.07712843575860345 0.0 0.0 0.0 0.0 0.0 0.0
20.180022008182377 23.536489940428936 29.130698035748722 -0.38227565744076586 0.9227545997960822 0.0488801624731493 0.9225449605227047 0.3781031608061379 0.07712843575860345 0.0 0.0 0.0 0.0 0.0 0.0
20.514563071774038 23.81526993024499 28.815977372036475 -0.34055450042785246 0.7037388959186496 0.6235176008819117 0.9225449605227047 0.3781031608061379 0.07712843575860345 0.0 0.0 0.0 0.0 0.0 0.0
20.77147472627761 24.254467223528877 28.643387565064266 -0.16945099493478663 0.21736101959483023 0.9612702780572724 0.9225449605227047 0.3781031608061379 0.07712843575860345 0.0 0.0 0.0 0.0 0.0 0.0
20.989760021154012 24.74321196806868 28.689919348221625 0.06602977660355863 -0.3515959421555155 0.933820305016687 0.9225449605227047 0.3781031608061379 0.07712843575860345 0.0 0.0 0.0 0.0 0.0 0.0
21.223096805684825 25.15181040653115 28.949315499290236 0.2764247320512186 -0.7869757271103082 0.5515963854573491 0.9225449605227047 0.3781031608061379 0.07712843575860345 0.0 0.0 0.0 0.0 0.0 0.0
21.519444616584433 25.3810177032366 29.334448063779856 0.38180131021755864 -0.9233702758033988 -0.04018822313700149 0.9225449605227047 0.3781031608061379 0.07712843575860345 0.0 0.0 0.0 0.0 0.0 0.0
21.902824048161527 25.39974271651878 29.710419721540873 0.3421251872547522 -0.7089610187910365 -0.6167046538503458 0.9225449605227047 0.3781031608061379 0.07712843575860345 0.0 0.0 0.0 0.0 0.0 0.0
22.364190926938324 25.25686004326005 29.94581353405206 0.17246998562577046 -0.2252056175438294 -0.9589246758139803 0.9225449605227047 0.3781031608061379 0.07712843575860345 0.0 0.0 0.0 0.0 0.0 0.0
22.864872344365295 25.062641742396103 29.962620436538845 -0.06270944708682841 0.34410916304541217 -0.9368331810702738 0.9225449605227047 0.3781031608061379 0.07712843575860345 0.0 0.0 0.0 0.0 0.0 0.0
23.351259141355666 24.946863136075763 29.76587618592316 -0.2740645124050972 0.7826911193953003 -0.5588230978224559 0.9225449605227047 0.3781031608061379 0.07712843575860345 0.0 0.0 0.0 0.0 0.0 0.0
23.775172924119843 25.009498995048997 29.44174819257546 -0.38129788734637615 0.9239156335892389 0.03149322331206633 0.9225449605227047 0.3781031608061379 0.07712843575860345 0.0 0.0 0.0 0.0 0.0 0.0
24.11216984146586 25.28274145176994 29.124799080472673 -0.34366981992405266 0.7141291515369877 0.6098447423717199 0.9225449605227047 0.3781031608061379 0.07712843575860345 0.0 0.0 0.0 0.0 0.0 0.0
24.3708272125466 25.71876967105385 28.946864096582317 -0.17547584205960584 0.233033065213133 0.9565060477439973 0.9225449605227047 0.3781031608061379 0.07712843575860345 0.0 0.0 0.0 0.0 0.0 0.0
24.589484859908502 26.20791778488549 28.986964696371707 0.05938434200291143 -0.3365961786902709 0.939774713650025 0.9225449605227047 0.3781031608061379 0.07712843575860345 0.0 0.0 0.0 0.0 0.0 0.0
24.821679169898495 26.620338789193664 29.241286971707677 0.27168342168527077 -0.7783469067212396 0.5660072536450915 0.9225449605227047 0.3781031608061379 0.07712843575860345 0.0 0.0 0.0 0.0 0.0 0.0
25.115803724410178 26.855335591624016 29.62463061832149 0.38076542716481576 -0.924390631622497 -0.022795825156245453 0.9225449605227047 0.3781031608061379 0.07712843575860345 0.0 0.0 0.0 0.0 0.0 0.0
25.496723770024882 26.879617520490022 30.00277795587366 0.34518828080599234 -0.7192429005831864 -0.6029383888548526 0.9225449605227047 0.3781031608061379 0.07712843575860345 0.0 0.0 0.0 0.0 0.0 0.0
25.956329495110676 26.739948007537084 30.243485468714887 0.17846833532868434 -0.24084276651229702 -0.9540145780352147 0.9225449605227047 0.3781031608061379 0.07712843575860345 0.0 0.0 0.0 0.0 0.0 0.0
26.456617082850162 26.54537837837954 30.266725328474873 -0.05605471457143671 0.3290575612329365 -0.9426446787468459 0.9225449605227047 0.3781031608061379 0.07712843575860345 0.0 0.0 0.0 0.0 0.0 0.0
26.94412699663932 26.425817430658853 30.07508930405416 -0.2692816412210194 0.7739434199167387 -0.5731483058239761 0.9225449605227047 0.3781031608061379 0.07712843575860345 0.0 0.0 0.0 0.0 0.0 0.0
