#id1 id2 FENE BEXC STCK NEXC HB CRSTCK CXSTCK total, t = 100000
0 1 0.0339001 0 0 0 0 0 0 0.0339001
1 2 0.0120905 0 -0 0 0 0 0 0.0120905
2 3 0.00335437 0 0 0 0 0 0 0.00335437
3 4 0.0539978 0 0 0 0 0 0 0.0539978
4 5 0.0335706 0 -1.24172 0 0 0 0 -1.20815
5 6 0.0083263 0 -1.23745 0 0 0 0 -1.22912
6 7 0.0547994 0 0 0 0 0 0 0.0547994
7 8 0.0122868 0 -1.23548 0 0 0 0 -1.22319
8 9 0.199229 0 -1.30831 0 0 0 0 -1.10908
9 10 0.00941906 0 -0 0 0 0 0 0.00941906
10 11 0.0506493 0 0 0 0 0 0 0.0506493
9 12 0 0 0 0 0 -2.98918e-15 0 -2.98918e-15
11 12 1.22182e-05 0 -1.04129 0 0 0 0 -1.04128
12 13 0.133223 0 0 0 0 0 0 0.133223
13 14 0.00985604 0 0 0 0 0 0 0.00985604
14 15 0.00628635 0 -1.34888 0 0 0 0 -1.3426
15 16 0.0202279 0 -1.14377 0 0 0 0 -1.12354
16 17 0.3488 0 -0.954057 0 0 0 0 -0.605257
17 18 0.00494445 0 -1.14081 0 0 0 0 -1.13587
18 19 0.0341661 0 -0.943365 0 0 0 0 -0.909199
19 20 0.000109867 0 0 0 0 0 0 0.000109867
20 21 0.0106598 0 0 0 0 0 0 0.0106598
21 22 0.0909579 0 0 0 0 0 0 0.0909579
22 23 0.0115213 0 0 0 0 0 0 0.0115213
23 24 0.0811338 0 -1.26572 0 0 0 0 -1.18459
25 26 0.0843181 0 -1.08449 0 0 0 0 -1.00017
26 27 0.0266164 0 -1.29477 0 0 0 0 -1.26816
27 28 0.040242 0 -1.143 0 0 0 0 -1.10276
28 29 0.0101684 0 0 0 0 0 0 0.0101684
29 30 0.00287048 0 0 0 0 0 0 0.00287048
30 31 0.0618173 0 0 0 0 0 0 0.0618173
31 32 0.000334294 0 0 0 0 0 0 0.000334294
32 33 0.0480885 0 -1.10927 0 0 0 0 -1.06118
33 34 0.0169422 0 -1.3072 0 0 0 0 -1.29025
34 35 0.0118467 0 -1.30852 0 0 0 0 -1.29667
35 36 0.0100887 0 -1.06926 0 0 0 0 -1.05917
36 37 0.0258272 0 0 0 0 0 0 0.0258272
37 38 0.00068877 0 -1.39773 0 0 0 0 -1.39704
38 39 0.00375816 0 -1.22089 0 0 0 0 -1.21713
39 40 0.00206402 0 0 0 0 0 0 0.00206402
40 41 0.0735869 0 0 0 0 0 0 0.0735869
41 42 0.0568452 0 -1.29007 0 0 0 0 -1.23322
42 43 0.0908012 0 0 0 0 0 0 0.0908012
43 44 0.0012725 0 0 0 0 0 0 0.0012725
44 45 0.000764015 0 -1.29269 0 0 0 0 -1.29192
45 46 0.0370868 0 -1.37697 0 0 0 0 -1.33988
46 47 0.0473162 0 0 0 0 0 0 0.0473162
47 48 0.0432626 0 0 0 0 0 0 0.0432626
48 49 0.0667791 0 -1.18201 0 0 0 0 -1.11524
48 50 0 0 0 0 0 -0 -0.0104408 -0.0104408
49 50 0.0773369 0 -0 0 0 0 0 0.0773369
50 51 0.0383998 0 0 0 0 0 0 0.0383998
#Total energy per particle is  -0.51626 and should be -0.5162610

