        0.0000  -1.016306   0.308496  -0.707810 
        0.5000  -0.726267   2.610722   1.884455 
        1.0000  -0.610639   6.333571   5.722932 
        1.5000  -0.509728   5.613159   5.103431 
        2.0000  -0.410756   2.009193   1.598437 
        2.5000  -0.307724   1.190066   0.882341 
        3.0000  -0.284122   4.405418   4.121295 
        3.5000  -0.308268   6.102691   5.794423 
        4.0000  -0.296374   3.841067   3.544693 
        4.5000  -0.315786   1.160006   0.844220 
        5.0000  -0.284286   2.348566   2.064280 
        5.5000  -0.299392   5.178283   4.878892 
        6.0000  -0.266069   5.084253   4.818184 
        6.5000  -0.279651   2.285366   2.005715 
        7.0000  -0.237147   1.059140   0.821993 
        7.5000  -0.287371   3.404023   3.116652 
        8.0000  -0.273035   5.085209   4.812174 
        8.5000  -0.274990   3.715620   3.440630 
        9.0000  -0.274404   1.210162   0.935758 
        9.5000  -0.255814   1.569622   1.313808 
       10.0000  -0.292720   4.040942   3.748223 
       10.5000  -0.195788   4.446903   4.251115 
       11.0000  -0.240195   2.393654   2.153459 
       11.5000  -0.202132   0.824046   0.621913 
       12.0000  -0.179805   2.262146   2.082342 
       12.5000  -0.223569   4.158680   3.935111 
       13.0000  -0.203844   3.554852   3.351008 
       13.5000  -0.200775   1.923319   1.722544 
       14.0000  -0.195246   1.703834   1.508587 
       14.5000  -0.242876   3.230889   2.988013 
       15.0000  -0.235549   3.823833   3.588284 
       15.5000  -0.245639   2.806862   2.561224 
       16.0000  -0.232121   1.483916   1.251795 
       16.5000  -0.256986   2.036464   1.779478 
       17.0000  -0.244154   3.400531   3.156377 
       17.5000  -0.195542   3.292959   3.097416 
       18.0000  -0.203560   2.742200   2.538640 
       18.5000  -0.257706   2.527345   2.269639 
       19.0000  -0.294018   2.955950   2.661932 
       19.5000  -0.269524   3.234018   2.964494 
       20.0000  -0.283838   3.056640   2.772802 
       20.5000  -0.277263   2.517968   2.240705 
       21.0000  -0.285288   2.431390   2.146103 
       21.5000  -0.256514   2.829234   2.572720 
       22.0000  -0.295333   2.730297   2.434963 
       22.5000  -0.259713   2.222081   1.962368 
       23.0000  -0.264485   1.616092   1.351607 
       23.5000  -0.270603   1.849790   1.579187 
       24.0000  -0.291098   2.496442   2.205344 
       24.5000  -0.315125   2.574814   2.259688 
       25.0000  -0.273983   1.833158   1.559175 
       25.5000  -0.283494   1.476767   1.193273 
       26.0000  -0.264608   2.016279   1.751671 
       26.5000  -0.283620   2.474252   2.190632 
       27.0000  -0.279032   3.269553   2.990521 
       27.5000  -0.240359   1.601323   1.360964 
       28.0000  -0.293452   1.604064   1.310612 
       28.5000  -0.276633   3.092548   2.815915 
       29.0000  -0.313983   3.898203   3.584220 
       29.5000  -0.154006   2.829500   2.675494 
       30.0000  -0.133038   1.915980   1.782941 
       30.5000  -0.119867   2.424544   2.304677 
       31.0000  -0.107623   3.323586   3.215963 
       31.5000  -0.097510   2.974031   2.876521 
       32.0000  -0.084614   1.927332   1.842718 
       32.5000  -0.078286   1.612467   1.534181 
       33.0000  -0.050191   2.417965   2.367774 
       33.5000  -0.027952   2.860311   2.832359 
       34.0000  -0.030221   2.470689   2.440468 
       34.5000  -0.048501   1.929771   1.881270 
       35.0000  -0.029786   2.035159   2.005373 
       35.5000   0.035774   2.498924   2.534698 
       36.0000  -0.005063   2.618680   2.613617 
       36.5000   0.021170   2.126672   2.147842 
       37.0000  -0.019751   1.735299   1.715548 
       37.5000  -0.006881   2.000241   1.993360 
       38.0000   0.022663   2.386345   2.409008 
       38.5000   0.011806   2.342521   2.354326 
       39.0000   0.025918   1.830522   1.856441 
       39.5000   0.019757   1.593566   1.613323 
       40.0000   0.055368   1.922195   1.977563 
       40.5000   0.059210   2.254622   2.313833 
       41.0000   0.080129   2.087705   2.167835 
       41.5000   0.114939   1.599030   1.713969 
       42.0000   0.022109   1.555168   1.577278 
       42.5000   0.076566   1.858749   1.935316 
       43.0000   0.076613   2.095469   2.172083 
       43.5000   0.039274   1.949511   1.988785 
       44.0000   0.035491   1.513860   1.549350 
       44.5000   0.050842   1.461827   1.512669 
       45.0000   0.076636   1.779561   1.856196 
       45.5000   0.051636   1.923229   1.974865 
       46.0000   0.093240   1.696892   1.790132 
       46.5000   0.078310   1.379651   1.457961 
       47.0000   0.102537   1.374176   1.476713 
       47.5000   0.077251   1.731184   1.808436 
       48.0000   0.095720   1.803136   1.898857 
       48.5000   0.077905   1.583746   1.661651 
       49.0000   0.076882   1.269915   1.346797 
       49.5000   0.107929   1.345122   1.453051 
       50.0000   0.082958   1.665308   1.748266 
       50.5000   0.100973   1.686832   1.787805 
       51.0000   0.077658   1.469999   1.547657 
       51.5000   0.105481   1.182958   1.288439 
       52.0000   0.077794   1.347604   1.425398 
       52.5000   0.103905   1.574615   1.678520 
       53.0000   0.062715   1.631204   1.693918 
       53.5000   0.074867   1.350295   1.425162 
       54.0000   0.043550   1.154839   1.198389 
       54.5000   0.052388   1.333555   1.385943 
       55.0000   0.071311   1.542467   1.613777 
       55.5000   0.072440   1.514168   1.586608 
       56.0000   0.076430   1.222953   1.299384 
       56.5000   0.095170   1.055578   1.150748 
       57.0000   0.073524   1.270462   1.343986 
       57.5000   0.065260   1.470346   1.535606 
       58.0000   0.068796   1.410306   1.479101 
       58.5000   0.043286   1.172904   1.216190 
       59.0000   0.072405   0.998359   1.070764 
       59.5000   0.045711   1.221465   1.267176 
       60.0000   0.047076   1.399403   1.446479 
       60.5000   0.032159   1.218877   1.251036 
       61.0000   0.045461   0.920199   0.965660 
       61.5000   0.049416   0.949904   0.999320 
       62.0000   0.033986   1.231234   1.265220 
       62.5000   0.017490   1.289401   1.306891 
       63.0000   0.023442   1.079942   1.103384 
       63.5000   0.026577   0.882726   0.909303 
       64.0000   0.038703   0.970384   1.009086 
       64.5000   0.028547   1.216759   1.245305 
       65.0000   0.033799   1.190199   1.223998 
       65.5000   0.038204   0.925048   0.963252 
       66.0000   0.011598   0.786272   0.797870 
       66.5000   0.007536   0.957718   0.965254 
       67.0000  -0.001957   1.158887   1.156930 
       67.5000   0.012330   1.149106   1.161436 
       68.0000  -0.000937   1.117327   1.116390 
       68.5000   0.042382   1.049219   1.091601 
       69.0000   0.006155   1.104174   1.110329 
       69.5000   0.019444   1.089896   1.109340 
       70.0000   0.005913   1.085680   1.091593 
       70.5000  -0.041799   1.082239   1.040439 
       71.0000  -0.004429   1.004028   0.999599 
       71.5000  -0.029830   1.003146   0.973316 
       72.0000  -0.006058   1.017440   1.011383 
       72.5000  -0.024837   1.025282   1.000445 
       73.0000  -0.001813   0.983179   0.981366 
       73.5000   0.017973   0.901328   0.919301 
       74.0000  -0.003858   0.880017   0.876158 
       74.5000   0.010798   0.891175   0.901973 
       75.0000  -0.002809   0.922858   0.920049 
       75.5000   0.014162   0.886694   0.900856 
       76.0000   0.001854   0.887465   0.889319 
       76.5000  -0.015573   0.886038   0.870465 
       77.0000  -0.036150   0.903496   0.867346 
       77.5000  -0.053574   0.913713   0.860139 
       78.0000  -0.046774   0.899738   0.852964 
       78.5000  -0.027690   0.877630   0.849939 
       79.0000   0.008581   0.833556   0.842137 
       79.5000  -0.048108   0.871642   0.823534 
       80.0000  -0.034188   0.871880   0.837691 
       80.5000  -0.046604   0.891343   0.844738 
       81.0000   0.006515   0.836356   0.842871 
       81.5000  -0.018173   0.862062   0.843890 
       82.0000  -0.020480   0.849770   0.829290 
       82.5000   0.014829   0.779977   0.794806 
       83.0000  -0.001921   0.795122   0.793201 
       83.5000  -0.022849   0.828747   0.805898 
       84.0000  -0.008570   0.807557   0.798987 
       84.5000  -0.040417   0.794735   0.754318 
       85.0000  -0.047050   0.642226   0.595176 
       85.5000  -0.016414   0.602861   0.586447 
       86.0000  -0.060556   0.774059   0.713504 
       86.5000   0.024398   0.739041   0.763439 
       87.0000  -0.027517   0.724526   0.697009 
       87.5000  -0.046357   0.594048   0.547691 
       88.0000  -0.048694   0.606567   0.557873 
       88.5000  -0.040487   0.726481   0.685994 
       89.0000  -0.038958   0.763904   0.724945 
       89.5000  -0.015183   0.691917   0.676734 
       90.0000  -0.040034   0.603032   0.562998 
       90.5000  -0.009243   0.565672   0.556429 
       91.0000  -0.048142   0.705284   0.657142 
       91.5000  -0.028676   0.723825   0.695149 
       92.0000  -0.016476   0.654938   0.638462 
       92.5000  -0.036259   0.543770   0.507511 
       93.0000  -0.017330   0.532452   0.515123 
       93.5000  -0.032433   0.649838   0.617405 
       94.0000  -0.066504   0.714427   0.647924 
       94.5000  -0.060827   0.666278   0.605451 
       95.0000  -0.081772   0.549044   0.467272 
       95.5000  -0.065776   0.528965   0.463188 
       96.0000  -0.066773   0.641772   0.574999 
       96.5000  -0.068221   0.674532   0.606311 
       97.0000  -0.048553   0.641859   0.593306 
       97.5000   0.010956   0.581262   0.592218 
       98.0000   0.011844   0.566577   0.578420 
       98.5000   0.018321   0.562138   0.580459 
       99.0000   0.015525   0.562587   0.578112 
       99.5000  -0.007786   0.559946   0.552161 
      100.0000   0.016538   0.518511   0.535049 
      100.5000  -0.012180   0.540991   0.528811 
      101.0000   0.008086   0.532476   0.540563 
      101.5000   0.017757   0.536946   0.554703 
      102.0000   0.040204   0.520539   0.560743 
      102.5000   0.008540   0.544041   0.552581 
      103.0000   0.003397   0.536380   0.539778 
      103.5000   0.005811   0.521084   0.526895 
      104.0000  -0.005943   0.529373   0.523430 
      104.5000  -0.040781   0.553768   0.512987 
      105.0000  -0.032350   0.533282   0.500932 
      105.5000  -0.066822   0.568560   0.501738 
      106.0000  -0.064131   0.560249   0.496119 
      106.5000  -0.030422   0.510526   0.480104 
      107.0000  -0.048884   0.523830   0.474945 
      107.5000  -0.059594   0.532575   0.472981 
      108.0000  -0.049497   0.521224   0.471726 
      108.5000  -0.060170   0.527487   0.467317 
      109.0000  -0.040710   0.496687   0.455977 
      109.5000  -0.033773   0.492645   0.458872 
      110.0000  -0.014921   0.478104   0.463183 
      110.5000  -0.056623   0.503200   0.446577 
      111.0000  -0.056992   0.511110   0.454118 
      111.5000  -0.064158   0.512851   0.448693 
      112.0000  -0.058817   0.505777   0.446960 
      112.5000  -0.077280   0.514303   0.437023 
      113.0000  -0.060491   0.494546   0.434054 
      113.5000  -0.102946   0.541864   0.438917 
      114.0000  -0.101474   0.537363   0.435890 
      114.5000  -0.083936   0.514581   0.430645 
      115.0000  -0.128252   0.541622   0.413369 
      115.5000  -0.126958   0.540053   0.413095 
      116.0000  -0.122131   0.541769   0.419638 
      116.5000  -0.144336   0.558662   0.414326 
      117.0000  -0.175705   0.579273   0.403569 
      117.5000  -0.111439   0.514848   0.403409 
      118.0000  -0.161508   0.554267   0.392759 
      118.5000  -0.154469   0.544490   0.390021 
      119.0000  -0.109917   0.497181   0.387264 
      119.5000  -0.139876   0.520650   0.380774 
      120.0000  -0.108187   0.488763   0.380577 
      120.5000  -0.096115   0.461684   0.365570 
      121.0000  -0.086775   0.444979   0.358204 
      121.5000  -0.085590   0.436273   0.350684 
      122.0000  -0.132514   0.472196   0.339682 
      122.5000  -0.123169   0.457313   0.334143 
      123.0000  -0.162092   0.505939   0.343847 
      123.5000  -0.126476   0.476963   0.350487 
      124.0000  -0.086761   0.431380   0.344619 
      124.5000  -0.130062   0.473826   0.343764 
      125.0000  -0.068535   0.408393   0.339858 
      125.5000  -0.112713   0.445932   0.333219 
      126.0000  -0.097179   0.426664   0.329485 
      126.5000  -0.113872   0.433638   0.319766 
      127.0000  -0.094323   0.420685   0.326363 
      127.5000  -0.090656   0.417268   0.326612 
      128.0000  -0.079408   0.406723   0.327315 
      128.5000  -0.076468   0.403407   0.326940 
      129.0000  -0.120375   0.454993   0.334618 
      129.5000  -0.102995   0.422660   0.319665 
      130.0000  -0.100793   0.417640   0.316847 
      130.5000  -0.089822   0.397231   0.307410 
      131.0000  -0.113961   0.427358   0.313398 
      131.5000  -0.118107   0.423000   0.304893 
      132.0000  -0.104396   0.428830   0.324434 
      132.5000  -0.115315   0.439903   0.324588 
      133.0000  -0.123024   0.446045   0.323021 
      133.5000  -0.123841   0.452978   0.329137 
      134.0000  -0.121766   0.442349   0.320583 
      134.5000  -0.137475   0.447115   0.309639 
      135.0000  -0.115961   0.422176   0.306215 
      135.5000  -0.113867   0.419318   0.305452 
      136.0000  -0.098828   0.395192   0.296364 
      136.5000  -0.110448   0.417021   0.306573 
      137.0000  -0.100657   0.418517   0.317861 
      137.5000  -0.099734   0.426476   0.326742 
      138.0000  -0.073011   0.384728   0.311717 
      138.5000  -0.093135   0.394943   0.301808 
      139.0000  -0.089337   0.396066   0.306730 
      139.5000  -0.055882   0.361096   0.305214 
      140.0000  -0.093527   0.396442   0.302915 
      140.5000  -0.044748   0.348606   0.303858 
      141.0000  -0.055305   0.345087   0.289782 
      141.5000  -0.081766   0.352763   0.270997 
      142.0000  -0.067631   0.335688   0.268057 
      142.5000  -0.084603   0.361728   0.277125 
      143.0000  -0.101418   0.379339   0.277921 
      143.5000  -0.108366   0.380176   0.271809 
      144.0000  -0.125059   0.386915   0.261856 
      144.5000  -0.131584   0.379308   0.247724 
      145.0000  -0.128709   0.365070   0.236361 
      145.5000  -0.153561   0.390422   0.236861 
      146.0000  -0.166233   0.401241   0.235008 
      146.5000  -0.143470   0.375431   0.231961 
      147.0000  -0.176016   0.396785   0.220769 
      147.5000  -0.137427   0.352036   0.214609 
      148.0000  -0.150489   0.373251   0.222763 
      148.5000  -0.152625   0.380207   0.227581 
      149.0000  -0.116612   0.340906   0.224294 
      149.5000  -0.139598   0.355072   0.215474 
      150.0000  -0.170538   0.378538   0.207999 
      150.5000  -0.177050   0.379437   0.202387 
      151.0000  -0.192688   0.399659   0.206971 
      151.5000  -0.173795   0.369083   0.195288 
      152.0000  -0.152947   0.340595   0.187647 
      152.5000  -0.172009   0.366990   0.194981 
      153.0000  -0.158102   0.361320   0.203217 
      153.5000  -0.201364   0.408165   0.206801 
      154.0000  -0.194001   0.384993   0.190993 
      154.5000  -0.203257   0.371619   0.168362 
      155.0000  -0.195146   0.340296   0.145150 
      155.5000  -0.245645   0.396880   0.151235 
      156.0000  -0.215943   0.381394   0.165451 
      156.5000  -0.181030   0.349427   0.168397 
      157.0000  -0.220393   0.384008   0.163615 
      157.5000  -0.171746   0.331289   0.159543 
      158.0000  -0.202487   0.352334   0.149847 
      158.5000  -0.197183   0.340150   0.142967 
      159.0000  -0.186673   0.339987   0.153314 
      159.5000  -0.176986   0.333254   0.156268 
      160.0000  -0.190878   0.352910   0.162032 
      160.5000  -0.194080   0.345917   0.151836 
      161.0000  -0.197869   0.330532   0.132663 
      161.5000  -0.228115   0.351932   0.123817 
      162.0000  -0.222614   0.352348   0.129734 
      162.5000  -0.208359   0.345315   0.136956 
      163.0000  -0.198833   0.343687   0.144853 
      163.5000  -0.228588   0.373352   0.144764 
      164.0000  -0.186898   0.324416   0.137518 
      164.5000  -0.221192   0.359457   0.138266 
      165.0000  -0.224712   0.364344   0.139632 
      165.5000  -0.237605   0.369232   0.131627 
      166.0000  -0.256329   0.376705   0.120376 
      166.5000  -0.250472   0.362130   0.111658 
      167.0000  -0.245327   0.358571   0.113245 
      167.5000  -0.245471   0.355228   0.109757 
      168.0000  -0.240594   0.333654   0.093060 
      168.5000  -0.245633   0.341236   0.095603 
      169.0000  -0.272538   0.376555   0.104017 
      169.5000  -0.265560   0.364812   0.099252 
      170.0000  -0.253439   0.339644   0.086206 
      170.5000  -0.236389   0.318093   0.081704 
      171.0000  -0.233248   0.324861   0.091613 
      171.5000  -0.233544   0.322955   0.089411 
      172.0000  -0.247602   0.331634   0.084032 
      172.5000  -0.194167   0.274382   0.080216 
      173.0000  -0.221324   0.302023   0.080699 
      173.5000  -0.227310   0.317331   0.090022 
      174.0000  -0.250299   0.335434   0.085134 
      174.5000  -0.220898   0.301707   0.080809 
      175.0000  -0.233849   0.312070   0.078220 
      175.5000  -0.217133   0.300873   0.083740 
      176.0000  -0.231540   0.318399   0.086859 
      176.5000  -0.214031   0.294377   0.080346 
      177.0000  -0.254286   0.331959   0.077674 
      177.5000  -0.231259   0.310041   0.078782 
      178.0000  -0.223396   0.302231   0.078836 
      178.5000  -0.239366   0.315641   0.076275 
      179.0000  -0.266223   0.350056   0.083833 
      179.5000  -0.249804   0.324077   0.074272 
      180.0000  -0.251164   0.316285   0.065121 
      180.5000  -0.248759   0.315860   0.067101 
      181.0000  -0.242766   0.307689   0.064924 
      181.5000  -0.252144   0.330283   0.078139 
      182.0000  -0.249557   0.326078   0.076522 
      182.5000  -0.252541   0.322197   0.069656 
      183.0000  -0.254481   0.331904   0.077424 
      183.5000  -0.263607   0.344757   0.081150 
      184.0000  -0.281685   0.360523   0.078838 
      184.5000  -0.269153   0.341947   0.072795 
      185.0000  -0.283428   0.357029   0.073601 
      185.5000  -0.273839   0.344553   0.070715 
      186.0000  -0.262336   0.323667   0.061331 
      186.5000  -0.296180   0.353793   0.057613 
      187.0000  -0.297985   0.358127   0.060142 
      187.5000  -0.307653   0.356635   0.048982 
      188.0000  -0.265814   0.304870   0.039056 
      188.5000  -0.271116   0.322124   0.051008 
      189.0000  -0.270086   0.314442   0.044356 
      189.5000  -0.251359   0.295897   0.044538 
      190.0000  -0.269818   0.309762   0.039944 
      190.5000  -0.270559   0.309430   0.038872 
      191.0000  -0.280677   0.317032   0.036355 
      191.5000  -0.258325   0.285619   0.027294 
      192.0000  -0.239590   0.260254   0.020664 
      192.5000  -0.282609   0.299457   0.016849 
      193.0000  -0.266917   0.293761   0.026844 
      193.5000  -0.246369   0.271215   0.024845 
      194.0000  -0.265743   0.290130   0.024387 
      194.5000  -0.280043   0.306285   0.026242 
      195.0000  -0.276389   0.300313   0.023924 
      195.5000  -0.272785   0.286090   0.013305 
      196.0000  -0.286099   0.297051   0.010952 
      196.5000  -0.304307   0.322096   0.017789 
      197.0000  -0.311842   0.334716   0.022874 
      197.5000  -0.331584   0.349783   0.018199 
      198.0000  -0.319658   0.331463   0.011805 
      198.5000  -0.322931   0.332092   0.009160 
      199.0000  -0.306482   0.326601   0.020120 
      199.5000  -0.295955   0.317926   0.021972 
      200.0000  -0.296452   0.310511   0.014059 
      200.5000  -0.339595   0.349365   0.009770 
      201.0000  -0.310605   0.323048   0.012442 
      201.5000  -0.297368   0.301388   0.004019 
      202.0000  -0.277819   0.286613   0.008794 
      202.5000  -0.294756   0.298276   0.003520 
      203.0000  -0.313216   0.324438   0.011222 
      203.5000  -0.332713   0.344317   0.011605 
      204.0000  -0.323981   0.339552   0.015571 
      204.5000  -0.292002   0.301906   0.009904 
      205.0000  -0.311343   0.316929   0.005586 
      205.5000  -0.314359   0.322731   0.008372 
      206.0000  -0.322243   0.326743   0.004500 
      206.5000  -0.299179   0.305935   0.006757 
      207.0000  -0.327884   0.333804   0.005920 
      207.5000  -0.323781   0.314259  -0.009522 
      208.0000  -0.321175   0.310004  -0.011171 
      208.5000  -0.320939   0.308565  -0.012375 
      209.0000  -0.293162   0.287550  -0.005612 
      209.5000  -0.334633   0.331748  -0.002885 
      210.0000  -0.315824   0.308497  -0.007327 
      210.5000  -0.321619   0.311775  -0.009844 
      211.0000  -0.316883   0.316396  -0.000487 
      211.5000  -0.291922   0.298588   0.006667 
      212.0000  -0.303063   0.321437   0.018373 
      212.5000  -0.293720   0.306473   0.012753 
      213.0000  -0.311835   0.322956   0.011121 
      213.5000  -0.306426   0.312195   0.005770 
      214.0000  -0.328850   0.337309   0.008459 
      214.5000  -0.337621   0.343201   0.005580 
      215.0000  -0.318288   0.326951   0.008664 
      215.5000  -0.298024   0.295783  -0.002241 
      216.0000  -0.326944   0.331295   0.004351 
      216.5000  -0.304035   0.311161   0.007126 
      217.0000  -0.312403   0.324122   0.011719 
      217.5000  -0.308623   0.324617   0.015995 
      218.0000  -0.314464   0.322092   0.007627 
      218.5000  -0.337385   0.327283  -0.010102 
      219.0000  -0.329430   0.312020  -0.017410 
      219.5000  -0.343006   0.333284  -0.009722 
      220.0000  -0.343982   0.328765  -0.015217 
      220.5000  -0.372142   0.351714  -0.020428 
      221.0000  -0.394186   0.367872  -0.026314 
      221.5000  -0.378694   0.349396  -0.029299 
      222.0000  -0.429457   0.397419  -0.032038 
      222.5000  -0.384405   0.344341  -0.040064 
      223.0000  -0.461958   0.426490  -0.035468 
      223.5000  -0.409070   0.370485  -0.038585 
      224.0000  -0.410901   0.366657  -0.044244 
      224.5000  -0.397789   0.343570  -0.054220 
      225.0000  -0.387670   0.329478  -0.058192 
      225.5000  -0.416367   0.356207  -0.060160 
      226.0000  -0.390856   0.331211  -0.059645 
      226.5000  -0.426625   0.372735  -0.053890 
      227.0000  -0.394663   0.350138  -0.044526 
      227.5000  -0.373800   0.322808  -0.050992 
      228.0000  -0.450477   0.398821  -0.051656 
      228.5000  -0.408011   0.353947  -0.054064 
      229.0000  -0.419822   0.351561  -0.068262 
      229.5000  -0.406932   0.342623  -0.064309 
      230.0000  -0.389001   0.326351  -0.062650 
      230.5000  -0.408826   0.344340  -0.064486 
      231.0000  -0.438421   0.385415  -0.053006 
      231.5000  -0.406868   0.350441  -0.056426 
      232.0000  -0.384438   0.329242  -0.055196 
      232.5000  -0.429907   0.374713  -0.055194 
      233.0000  -0.404483   0.331538  -0.072944 
      233.5000  -0.374720   0.300212  -0.074509 
      234.0000  -0.393944   0.316948  -0.076997 
      234.5000  -0.405927   0.327132  -0.078795 
      235.0000  -0.380390   0.299997  -0.080393 
      235.5000  -0.378211   0.302334  -0.075877 
      236.0000  -0.408614   0.323702  -0.084911 
      236.5000  -0.385432   0.296803  -0.088630 
      237.0000  -0.402012   0.324697  -0.077315 
      237.5000  -0.378722   0.290984  -0.087739 
      238.0000  -0.396295   0.306544  -0.089751 
      238.5000  -0.427047   0.337379  -0.089668 
      239.0000  -0.389591   0.291335  -0.098256 
      239.5000  -0.399932   0.301474  -0.098458 
      240.0000  -0.428159   0.331789  -0.096370 
      240.5000  -0.451825   0.356878  -0.094947 
      241.0000  -0.447205   0.366027  -0.081178 
      241.5000  -0.387593   0.292195  -0.095398 
      242.0000  -0.423645   0.323409  -0.100236 
      242.5000  -0.420232   0.318348  -0.101884 
      243.0000  -0.458503   0.360386  -0.098117 
      243.5000  -0.400430   0.301479  -0.098951 
      244.0000  -0.409723   0.314413  -0.095310 
      244.5000  -0.420366   0.327825  -0.092541 
      245.0000  -0.449094   0.362605  -0.086489 
      245.5000  -0.401414   0.323686  -0.077728 
      246.0000  -0.428939   0.343211  -0.085729 
      246.5000  -0.429797   0.343714  -0.086083 
      247.0000  -0.424725   0.331466  -0.093259 
      247.5000  -0.409676   0.324694  -0.084982 
      248.0000  -0.391591   0.291938  -0.099653 
      248.5000  -0.413417   0.307548  -0.105870 
      249.0000  -0.409150   0.327736  -0.081413 
      249.5000  -0.413919   0.340441  -0.073477 
      250.0000  -0.407539   0.341329  -0.066210 
      250.5000  -0.377744   0.308485  -0.069259 
      251.0000  -0.419237   0.353182  -0.066055 
      251.5000  -0.409705   0.342827  -0.066878 
      252.0000  -0.401204   0.325565  -0.075639 
      252.5000  -0.440927   0.349890  -0.091036 
      253.0000  -0.459674   0.372891  -0.086784 
      253.5000  -0.448421   0.355325  -0.093096 
      254.0000  -0.457543   0.374967  -0.082576 
      254.5000  -0.485516   0.404925  -0.080591 
      255.0000  -0.475051   0.394356  -0.080695 
      255.5000  -0.454198   0.382598  -0.071600 
      256.0000  -0.418687   0.335965  -0.082722 
      256.5000  -0.480101   0.400520  -0.079580 
      257.0000  -0.448454   0.363052  -0.085402 
      257.5000  -0.467700   0.381531  -0.086170 
      258.0000  -0.441467   0.355795  -0.085671 
      258.5000  -0.431692   0.344202  -0.087491 
      259.0000  -0.411371   0.324847  -0.086524 
      259.5000  -0.414194   0.329101  -0.085094 
      260.0000  -0.461662   0.371007  -0.090655 
      260.5000  -0.416616   0.335698  -0.080917 
      261.0000  -0.447018   0.354194  -0.092823 
      261.5000  -0.443316   0.352340  -0.090976 
      262.0000  -0.447397   0.351264  -0.096133 
      262.5000  -0.435119   0.339394  -0.095725 
      263.0000  -0.432892   0.340286  -0.092606 
      263.5000  -0.448398   0.358754  -0.089644 
      264.0000  -0.436069   0.334907  -0.101161 
      264.5000  -0.453981   0.359203  -0.094778 
      265.0000  -0.471723   0.372050  -0.099674 
      265.5000  -0.449306   0.361879  -0.087427 
      266.0000  -0.443270   0.353295  -0.089975 
      266.5000  -0.439110   0.359624  -0.079485 
      267.0000  -0.459636   0.380636  -0.079000 
      267.5000  -0.406060   0.334729  -0.071331 
      268.0000  -0.477061   0.399874  -0.077187 
      268.5000  -0.457822   0.385673  -0.072149 
      269.0000  -0.433504   0.361985  -0.071518 
      269.5000  -0.412507   0.328815  -0.083691 
      270.0000  -0.451108   0.373257  -0.077851 
      270.5000  -0.453074   0.375159  -0.077915 
      271.0000  -0.435728   0.352538  -0.083190 
      271.5000  -0.465994   0.386451  -0.079543 
      272.0000  -0.468482   0.390771  -0.077712 
      272.5000  -0.453877   0.386531  -0.067346 
      273.0000  -0.445024   0.367919  -0.077105 
      273.5000  -0.419350   0.346113  -0.073237 
      274.0000  -0.463494   0.389095  -0.074399 
      274.5000  -0.434713   0.360338  -0.074375 
      275.0000  -0.446185   0.364039  -0.082147 
      275.5000  -0.442990   0.346474  -0.096516 
      276.0000  -0.469654   0.361644  -0.108010 
      276.5000  -0.472202   0.368480  -0.103721 
      277.0000  -0.461560   0.369842  -0.091717 
      277.5000  -0.480920   0.395495  -0.085425 
      278.0000  -0.448374   0.361806  -0.086568 
      278.5000  -0.469874   0.373674  -0.096200 
      279.0000  -0.478404   0.390719  -0.087686 
      279.5000  -0.467268   0.386154  -0.081113 
      280.0000  -0.459381   0.378088  -0.081293 
      280.5000  -0.409323   0.337354  -0.071969 
      281.0000  -0.450549   0.378225  -0.072324 
      281.5000  -0.443380   0.367883  -0.075496 
      282.0000  -0.418798   0.343167  -0.075630 
      282.5000  -0.470107   0.388881  -0.081226 
      283.0000  -0.438514   0.361322  -0.077192 
      283.5000  -0.420153   0.346009  -0.074144 
      284.0000  -0.382064   0.324053  -0.058011 
      284.5000  -0.453706   0.393301  -0.060405 
      285.0000  -0.411926   0.347183  -0.064743 
      285.5000  -0.434175   0.359388  -0.074786 
      286.0000  -0.456668   0.388927  -0.067742 
      286.5000  -0.425758   0.357231  -0.068527 
      287.0000  -0.456008   0.380344  -0.075664 
      287.5000  -0.419451   0.337159  -0.082292 
      288.0000  -0.455936   0.380810  -0.075126 
      288.5000  -0.414628   0.321522  -0.093105 
      289.0000  -0.491190   0.390409  -0.100780 
      289.5000  -0.446944   0.349559  -0.097385 
      290.0000  -0.445960   0.363812  -0.082148 
      290.5000  -0.457311   0.372702  -0.084609 
      291.0000  -0.456937   0.370420  -0.086518 
      291.5000  -0.441352   0.363591  -0.077761 
      292.0000  -0.426612   0.352707  -0.073905 
      292.5000  -0.469738   0.392604  -0.077134 
      293.0000  -0.459119   0.386803  -0.072316 
      293.5000  -0.458165   0.377343  -0.080821 
      294.0000  -0.424270   0.336645  -0.087625 
      294.5000  -0.450114   0.353326  -0.096788 
      295.0000  -0.437885   0.326811  -0.111074 
      295.5000  -0.463377   0.342783  -0.120594 
      296.0000  -0.447095   0.324985  -0.122110 
      296.5000  -0.460019   0.344414  -0.115605 
      297.0000  -0.497940   0.389225  -0.108715 
      297.5000  -0.450610   0.330092  -0.120518 
      298.0000  -0.483714   0.359709  -0.124005 
      298.5000  -0.463094   0.329079  -0.134015 
      299.0000  -0.479990   0.348655  -0.131335 
      299.5000  -0.473182   0.345389  -0.127792 
      300.0000  -0.488876   0.358583  -0.130293 
      300.5000  -0.452921   0.312260  -0.140661 
      301.0000  -0.460119   0.311838  -0.148281 
      301.5000  -0.452010   0.301204  -0.150806 
      302.0000  -0.476690   0.339256  -0.137434 
      302.5000  -0.490271   0.340105  -0.150166 
      303.0000  -0.469293   0.314416  -0.154877 
      303.5000  -0.482199   0.324753  -0.157446 
      304.0000  -0.470618   0.310844  -0.159774 
      304.5000  -0.474841   0.321080  -0.153761 
      305.0000  -0.469818   0.322242  -0.147576 
      305.5000  -0.458768   0.313303  -0.145465 
      306.0000  -0.475815   0.314786  -0.161029 
      306.5000  -0.503107   0.342110  -0.160998 
      307.0000  -0.486060   0.318804  -0.167256 
      307.5000  -0.474723   0.306145  -0.168577 
      308.0000  -0.470652   0.300127  -0.170525 
      308.5000  -0.495995   0.329432  -0.166563 
      309.0000  -0.476881   0.305522  -0.171359 
      309.5000  -0.466893   0.294531  -0.172363 
      310.0000  -0.475384   0.293507  -0.181877 
      310.5000  -0.488433   0.298224  -0.190209 
      311.0000  -0.444140   0.262769  -0.181371 
      311.5000  -0.428013   0.253246  -0.174767 
      312.0000  -0.431077   0.266428  -0.164649 
      312.5000  -0.481411   0.311020  -0.170391 
      313.0000  -0.471008   0.300191  -0.170817 
      313.5000  -0.472958   0.291184  -0.181775 
      314.0000  -0.478720   0.302786  -0.175934 
      314.5000  -0.438805   0.253394  -0.185410 
      315.0000  -0.453258   0.265191  -0.188067 
      315.5000  -0.472220   0.288047  -0.184173 
      316.0000  -0.471774   0.287200  -0.184574 
      316.5000  -0.467305   0.289680  -0.177625 
      317.0000  -0.493566   0.315419  -0.178147 
      317.5000  -0.461993   0.280013  -0.181980 
      318.0000  -0.464258   0.282580  -0.181677 
      318.5000  -0.485480   0.297845  -0.187635 
      319.0000  -0.487951   0.303970  -0.183981 
      319.5000  -0.464703   0.286451  -0.178252 
      320.0000  -0.466881   0.288827  -0.178054 
      320.5000  -0.504579   0.316332  -0.188247 
      321.0000  -0.478246   0.294665  -0.183581 
      321.5000  -0.472072   0.294774  -0.177299 
      322.0000  -0.457830   0.271710  -0.186120 
      322.5000  -0.468852   0.285458  -0.183394 
      323.0000  -0.498171   0.318300  -0.179870 
      323.5000  -0.487256   0.309418  -0.177838 
      324.0000  -0.490433   0.319452  -0.170981 
      324.5000  -0.468881   0.294893  -0.173988 
      325.0000  -0.497792   0.325927  -0.171864 
      325.5000  -0.470813   0.306631  -0.164182 
      326.0000  -0.501432   0.340148  -0.161284 
      326.5000  -0.464743   0.308749  -0.155995 
      327.0000  -0.502783   0.351629  -0.151155 
      327.5000  -0.463008   0.308430  -0.154579 
      328.0000  -0.486826   0.326078  -0.160748 
      328.5000  -0.480069   0.315593  -0.164476 
      329.0000  -0.464013   0.305676  -0.158337 
      329.5000  -0.470671   0.311430  -0.159240 
      330.0000  -0.477354   0.316761  -0.160593 
      330.5000  -0.477950   0.322287  -0.155663 
      331.0000  -0.494269   0.331946  -0.162323 
      331.5000  -0.491991   0.325701  -0.166290 
      332.0000  -0.499636   0.337979  -0.161657 
      332.5000  -0.480778   0.326408  -0.154371 
      333.0000  -0.463687   0.312049  -0.151638 
      333.5000  -0.479160   0.324717  -0.154443 
      334.0000  -0.482543   0.326707  -0.155836 
      334.5000  -0.482866   0.328482  -0.154384 
      335.0000  -0.481453   0.316968  -0.164485 
      335.5000  -0.484680   0.316902  -0.167778 
      336.0000  -0.473006   0.307311  -0.165695 
      336.5000  -0.459138   0.287947  -0.171191 
      337.0000  -0.480972   0.319061  -0.161911 
      337.5000  -0.475498   0.304776  -0.170723 
      338.0000  -0.468267   0.296915  -0.171353 
      338.5000  -0.518670   0.348383  -0.170287 
      339.0000  -0.459276   0.282126  -0.177150 
      339.5000  -0.493128   0.319936  -0.173192 
      340.0000  -0.485068   0.308671  -0.176396 
      340.5000  -0.478371   0.311654  -0.166716 
      341.0000  -0.472878   0.316080  -0.156799 
      341.5000  -0.468988   0.318405  -0.150583 
      342.0000  -0.474553   0.329705  -0.144848 
      342.5000  -0.445312   0.294056  -0.151256 
      343.0000  -0.447077   0.296023  -0.151054 
      343.5000  -0.461990   0.307746  -0.154244 
      344.0000  -0.471033   0.330416  -0.140617 
      344.5000  -0.421431   0.276431  -0.145000 
      345.0000  -0.476367   0.317682  -0.158685 
      345.5000  -0.441342   0.287041  -0.154301 
      346.0000  -0.453061   0.307165  -0.145896 
      346.5000  -0.454704   0.304367  -0.150338 
      347.0000  -0.453133   0.311142  -0.141992 
      347.5000  -0.481294   0.336716  -0.144578 
      348.0000  -0.490223   0.345685  -0.144538 
      348.5000  -0.463725   0.329717  -0.134008 
      349.0000  -0.448656   0.311040  -0.137616 
      349.5000  -0.477645   0.349647  -0.127998 
      350.0000  -0.480555   0.350941  -0.129614 
      350.5000  -0.453118   0.317543  -0.135575 
      351.0000  -0.487937   0.346508  -0.141429 
      351.5000  -0.465801   0.327804  -0.137997 
      352.0000  -0.493158   0.355046  -0.138112 
      352.5000  -0.426332   0.291780  -0.134552 
      353.0000  -0.454715   0.312150  -0.142564 
      353.5000  -0.476833   0.338937  -0.137897 
      354.0000  -0.433164   0.285948  -0.147216 
      354.5000  -0.482054   0.337398  -0.144656 
      355.0000  -0.473214   0.326013  -0.147201 
      355.5000  -0.476108   0.320720  -0.155388 
      356.0000  -0.449403   0.296572  -0.152831 
      356.5000  -0.444796   0.298236  -0.146560 
      357.0000  -0.463297   0.327971  -0.135326 
      357.5000  -0.459427   0.333287  -0.126140 
      358.0000  -0.469919   0.338963  -0.130956 
      358.5000  -0.462524   0.330099  -0.132425 
      359.0000  -0.461274   0.331689  -0.129585 
      359.5000  -0.454518   0.323232  -0.131286 
      360.0000  -0.451716   0.323153  -0.128563 
      360.5000  -0.460015   0.343350  -0.116666 
      361.0000  -0.479128   0.361751  -0.117377 
      361.5000  -0.448433   0.332148  -0.116286 
      362.0000  -0.471211   0.353380  -0.117831 
      362.5000  -0.471099   0.340032  -0.131068 
      363.0000  -0.453759   0.332940  -0.120819 
      363.5000  -0.489913   0.375086  -0.114827 
      364.0000  -0.474430   0.365514  -0.108915 
      364.5000  -0.464100   0.355872  -0.108228 
      365.0000  -0.443707   0.328308  -0.115399 
      365.5000  -0.473944   0.353178  -0.120766 
      366.0000  -0.446244   0.323550  -0.122694 
      366.5000  -0.481234   0.356758  -0.124475 
      367.0000  -0.484021   0.361224  -0.122797 
      367.5000  -0.470642   0.348282  -0.122360 
      368.0000  -0.485817   0.367172  -0.118645 
      368.5000  -0.437506   0.323281  -0.114224 
      369.0000  -0.459439   0.341210  -0.118228 
      369.5000  -0.474988   0.352844  -0.122143 
      370.0000  -0.478099   0.349340  -0.128759 
      370.5000  -0.463353   0.340814  -0.122539 
      371.0000  -0.444442   0.319501  -0.124941 
      371.5000  -0.439164   0.321397  -0.117767 
      372.0000  -0.457987   0.345394  -0.112593 
      372.5000  -0.434780   0.319782  -0.114998 
      373.0000  -0.435719   0.315752  -0.119967 
      373.5000  -0.419316   0.309127  -0.110189 
      374.0000  -0.420808   0.304951  -0.115857 
      374.5000  -0.434510   0.316754  -0.117755 
      375.0000  -0.450316   0.340480  -0.109836 
      375.5000  -0.443913   0.314394  -0.129518 
      376.0000  -0.468122   0.336324  -0.131798 
      376.5000  -0.449183   0.327992  -0.121191 
      377.0000  -0.435592   0.313323  -0.122269 
      377.5000  -0.442114   0.321197  -0.120917 
      378.0000  -0.462963   0.339319  -0.123644 
      378.5000  -0.460850   0.344558  -0.116292 
      379.0000  -0.402329   0.293595  -0.108734 
      379.5000  -0.412581   0.301704  -0.110877 
      380.0000  -0.438256   0.329560  -0.108696 
      380.5000  -0.425362   0.317723  -0.107639 
      381.0000  -0.433335   0.310539  -0.122796 
      381.5000  -0.447381   0.313985  -0.133396 
      382.0000  -0.419432   0.274163  -0.145269 
      382.5000  -0.431892   0.294001  -0.137891 
      383.0000  -0.465299   0.334219  -0.131080 
      383.5000  -0.425585   0.295768  -0.129817 
      384.0000  -0.441402   0.312832  -0.128571 
      384.5000  -0.434112   0.295546  -0.138566 
      385.0000  -0.412236   0.266996  -0.145239 
      385.5000  -0.445330   0.315152  -0.130177 
      386.0000  -0.444165   0.310221  -0.133945 
      386.5000  -0.447025   0.298962  -0.148063 
      387.0000  -0.437598   0.280976  -0.156622 
      387.5000  -0.415758   0.242420  -0.173339 
      388.0000  -0.477650   0.308082  -0.169567 
      388.5000  -0.452634   0.291679  -0.160955 
      389.0000  -0.449035   0.295091  -0.153944 
      389.5000  -0.476381   0.322011  -0.154370 
      390.0000  -0.457786   0.305276  -0.152510 
      390.5000  -0.472674   0.305674  -0.167000 
      391.0000  -0.454180   0.289274  -0.164905 
      391.5000  -0.459395   0.303284  -0.156112 
      392.0000  -0.444213   0.296602  -0.147611 
      392.5000  -0.468351   0.318736  -0.149615 
      393.0000  -0.473633   0.307172  -0.166461 
      393.5000  -0.449118   0.282603  -0.166516 
      394.0000  -0.461834   0.304146  -0.157688 
      394.5000  -0.483912   0.332446  -0.151466 
      395.0000  -0.454095   0.294416  -0.159678 
      395.5000  -0.489410   0.325809  -0.163601 
      396.0000  -0.435884   0.269785  -0.166099 
      396.5000  -0.486489   0.314956  -0.171534 
      397.0000  -0.470559   0.300830  -0.169729 
      397.5000  -0.506474   0.331983  -0.174491 
      398.0000  -0.480099   0.314888  -0.165210 
      398.5000  -0.469450   0.309995  -0.159455 
      399.0000  -0.484884   0.327467  -0.157417 
      399.5000  -0.460461   0.295139  -0.165322 
      400.0000  -0.485937   0.321952  -0.163985 
      400.5000  -0.486747   0.310826  -0.175921 
      401.0000  -0.499057   0.328001  -0.171056 
      401.5000  -0.476526   0.305383  -0.171143 
      402.0000  -0.485626   0.323154  -0.162473 
      402.5000  -0.503744   0.341694  -0.162050 
      403.0000  -0.474023   0.318803  -0.155220 
      403.5000  -0.471086   0.310695  -0.160390 
      404.0000  -0.479107   0.324486  -0.154622 
      404.5000  -0.485351   0.327317  -0.158034 
      405.0000  -0.465797   0.311913  -0.153884 
      405.5000  -0.486246   0.332756  -0.153490 
      406.0000  -0.476978   0.315591  -0.161387 
      406.5000  -0.477094   0.318099  -0.158995 
      407.0000  -0.477707   0.324385  -0.153323 
      407.5000  -0.483848   0.324850  -0.158999 
      408.0000  -0.458457   0.293069  -0.165388 
      408.5000  -0.484765   0.313604  -0.171161 
      409.0000  -0.468272   0.295488  -0.172784 
      409.5000  -0.454689   0.292931  -0.161758 
      410.0000  -0.455618   0.297263  -0.158355 
      410.5000  -0.463305   0.301418  -0.161887 
      411.0000  -0.478291   0.311953  -0.166338 
      411.5000  -0.463182   0.297725  -0.165457 
      412.0000  -0.482970   0.322815  -0.160155 
      412.5000  -0.448178   0.276266  -0.171912 
      413.0000  -0.496110   0.322633  -0.173476 
      413.5000  -0.479895   0.307907  -0.171988 
      414.0000  -0.461783   0.295409  -0.166374 
      414.5000  -0.478200   0.300817  -0.177383 
      415.0000  -0.497399   0.313296  -0.184102 
      415.5000  -0.504267   0.334992  -0.169275 
      416.0000  -0.468788   0.300837  -0.167950 
      416.5000  -0.482774   0.322241  -0.160533 
      417.0000  -0.488223   0.329431  -0.158792 
      417.5000  -0.471233   0.314053  -0.157180 
      418.0000  -0.480435   0.331422  -0.149013 
      418.5000  -0.458324   0.305603  -0.152721 
      419.0000  -0.466589   0.313051  -0.153538 
      419.5000  -0.432752   0.281220  -0.151532 
      420.0000  -0.473093   0.324064  -0.149030 
      420.5000  -0.455522   0.303549  -0.151974 
      421.0000  -0.460832   0.320658  -0.140174 
      421.5000  -0.484587   0.338629  -0.145958 
      422.0000  -0.495574   0.355834  -0.139739 
      422.5000  -0.445371   0.308852  -0.136519 
      423.0000  -0.444487   0.312907  -0.131580 
      423.5000  -0.477613   0.350954  -0.126659 
      424.0000  -0.458383   0.327810  -0.130573 
      424.5000  -0.484244   0.348005  -0.136239 
      425.0000  -0.491821   0.352379  -0.139442 
      425.5000  -0.476166   0.336781  -0.139386 
      426.0000  -0.476561   0.334342  -0.142219 
      426.5000  -0.471915   0.340895  -0.131020 
      427.0000  -0.476761   0.348557  -0.128204 
      427.5000  -0.491777   0.366340  -0.125437 
      428.0000  -0.466490   0.331082  -0.135409 
      428.5000  -0.481389   0.351488  -0.129900 
      429.0000  -0.479424   0.336233  -0.143191 
      429.5000  -0.479607   0.336257  -0.143350 
      430.0000  -0.485970   0.343945  -0.142025 
      430.5000  -0.497317   0.358046  -0.139270 
      431.0000  -0.501757   0.354624  -0.147134 
      431.5000  -0.526614   0.371636  -0.154978 
      432.0000  -0.499458   0.344056  -0.155403 
      432.5000  -0.511410   0.362154  -0.149255 
      433.0000  -0.515383   0.372283  -0.143099 
      433.5000  -0.481192   0.325310  -0.155882 
      434.0000  -0.512054   0.354236  -0.157818 
      434.5000  -0.488826   0.328645  -0.160181 
      435.0000  -0.469295   0.313191  -0.156103 
      435.5000  -0.522347   0.359076  -0.163271 
      436.0000  -0.489379   0.321863  -0.167516 
      436.5000  -0.498308   0.337360  -0.160948 
      437.0000  -0.536142   0.373419  -0.162722 
      437.5000  -0.493586   0.331557  -0.162029 
      438.0000  -0.488418   0.328069  -0.160349 
      438.5000  -0.490050   0.340906  -0.149143 
      439.0000  -0.501578   0.349624  -0.151955 
      439.5000  -0.498975   0.358697  -0.140278 
      440.0000  -0.485340   0.352008  -0.133333 
      440.5000  -0.504001   0.370105  -0.133896 
      441.0000  -0.458889   0.320543  -0.138346 
      441.5000  -0.474763   0.333111  -0.141652 
      442.0000  -0.496153   0.351654  -0.144499 
      442.5000  -0.474929   0.328150  -0.146779 
      443.0000  -0.524665   0.382065  -0.142600 
      443.5000  -0.450379   0.298854  -0.151525 
      444.0000  -0.474729   0.321833  -0.152897 
      444.5000  -0.480383   0.329848  -0.150536 
      445.0000  -0.487730   0.350615  -0.137116 
      445.5000  -0.464802   0.327997  -0.136805 
      446.0000  -0.488720   0.347758  -0.140963 
      446.5000  -0.498460   0.365788  -0.132672 
      447.0000  -0.497934   0.364767  -0.133167 
      447.5000  -0.469287   0.338112  -0.131175 
      448.0000  -0.475098   0.333931  -0.141167 
      448.5000  -0.491906   0.359225  -0.132681 
      449.0000  -0.460100   0.326285  -0.133815 
      449.5000  -0.461085   0.323765  -0.137320 
      450.0000  -0.453442   0.315245  -0.138197 
      450.5000  -0.458032   0.318445  -0.139587 
      451.0000  -0.495991   0.364365  -0.131626 
      451.5000  -0.459998   0.330200  -0.129798 
      452.0000  -0.446823   0.311253  -0.135570 
      452.5000  -0.467847   0.340957  -0.126890 
      453.0000  -0.477863   0.346360  -0.131504 
      453.5000  -0.453225   0.325837  -0.127388 
      454.0000  -0.451113   0.337829  -0.113284 
      454.5000  -0.468050   0.357201  -0.110849 
      455.0000  -0.466032   0.349252  -0.116780 
      455.5000  -0.468261   0.352775  -0.115486 
      456.0000  -0.462999   0.328057  -0.134942 
      456.5000  -0.476778   0.335197  -0.141581 
      457.0000  -0.480810   0.326193  -0.154617 
      457.5000  -0.469849   0.312114  -0.157735 
      458.0000  -0.483200   0.335452  -0.147748 
      458.5000  -0.462031   0.327427  -0.134604 
      459.0000  -0.461752   0.331107  -0.130645 
      459.5000  -0.441507   0.300655  -0.140852 
      460.0000  -0.459268   0.310081  -0.149187 
      460.5000  -0.459886   0.313357  -0.146529 
      461.0000  -0.443805   0.293813  -0.149991 
      461.5000  -0.464376   0.321045  -0.143331 
      462.0000  -0.465664   0.313902  -0.151762 
      462.5000  -0.469737   0.318870  -0.150867 
      463.0000  -0.516879   0.370681  -0.146198 
      463.5000  -0.479584   0.329029  -0.150555 
      464.0000  -0.474629   0.321848  -0.152781 
      464.5000  -0.485565   0.322326  -0.163239 
      465.0000  -0.460845   0.311399  -0.149446 
      465.5000  -0.473784   0.321753  -0.152030 
      466.0000  -0.449872   0.295403  -0.154469 
      466.5000  -0.477350   0.321487  -0.155863 
      467.0000  -0.506205   0.356018  -0.150187 
      467.5000  -0.485564   0.337160  -0.148404 
      468.0000  -0.474933   0.327994  -0.146939 
      468.5000  -0.489472   0.349716  -0.139757 
      469.0000  -0.463337   0.313918  -0.149419 
      469.5000  -0.459537   0.313182  -0.146355 
      470.0000  -0.432825   0.294919  -0.137905 
      470.5000  -0.453440   0.306696  -0.146744 
      471.0000  -0.450420   0.306337  -0.144083 
      471.5000  -0.457741   0.318992  -0.138749 
      472.0000  -0.445486   0.306891  -0.138595 
      472.5000  -0.476281   0.330803  -0.145478 
      473.0000  -0.444675   0.289639  -0.155037 
      473.5000  -0.461066   0.297664  -0.163402 
      474.0000  -0.450330   0.279647  -0.170683 
      474.5000  -0.492274   0.325472  -0.166802 
      475.0000  -0.456975   0.299521  -0.157454 
      475.5000  -0.446499   0.299567  -0.146932 
      476.0000  -0.456667   0.305490  -0.151176 
      476.5000  -0.470832   0.316189  -0.154643 
      477.0000  -0.438822   0.285433  -0.153389 
      477.5000  -0.467918   0.316621  -0.151297 
      478.0000  -0.479249   0.312897  -0.166352 
      478.5000  -0.466550   0.303012  -0.163538 
      479.0000  -0.480748   0.305987  -0.174762 
      479.5000  -0.466855   0.287349  -0.179506 
      480.0000  -0.488183   0.319746  -0.168437 
      480.5000  -0.461950   0.292476  -0.169474 
      481.0000  -0.466067   0.301891  -0.164175 
      481.5000  -0.500909   0.327769  -0.173139 
      482.0000  -0.476570   0.297076  -0.179495 
      482.5000  -0.492813   0.299522  -0.193291 
      483.0000  -0.470498   0.275553  -0.194945 
      483.5000  -0.463521   0.272946  -0.190575 
      484.0000  -0.491573   0.296249  -0.195325 
      484.5000  -0.456056   0.264758  -0.191297 
      485.0000  -0.496212   0.300168  -0.196043 
      485.5000  -0.489517   0.292933  -0.196583 
      486.0000  -0.489617   0.296044  -0.193572 
      486.5000  -0.501861   0.297505  -0.204356 
      487.0000  -0.501907   0.300353  -0.201554 
      487.5000  -0.496178   0.301629  -0.194549 
      488.0000  -0.473766   0.275626  -0.198139 
      488.5000  -0.478982   0.272146  -0.206835 
      489.0000  -0.501830   0.286979  -0.214851 
      489.5000  -0.492257   0.275800  -0.216456 
      490.0000  -0.515737   0.298606  -0.217131 
      490.5000  -0.474480   0.264296  -0.210184 
      491.0000  -0.498392   0.292709  -0.205683 
      491.5000  -0.490143   0.283549  -0.206594 
      492.0000  -0.514503   0.304031  -0.210472 
      492.5000  -0.501273   0.296605  -0.204668 
      493.0000  -0.474885   0.278820  -0.196065 
      493.5000  -0.519469   0.331855  -0.187614 
      494.0000  -0.487190   0.301669  -0.185521 
      494.5000  -0.472956   0.283481  -0.189475 
      495.0000  -0.514535   0.322455  -0.192080 
      495.5000  -0.529304   0.324405  -0.204899 
      496.0000  -0.488836   0.275379  -0.213456 
      496.5000  -0.490174   0.277960  -0.212215 
      497.0000  -0.508177   0.290556  -0.217621 
      497.5000  -0.508046   0.290001  -0.218045 
      498.0000  -0.511108   0.294528  -0.216580 
      498.5000  -0.507032   0.288702  -0.218329 
      499.0000  -0.527126   0.314868  -0.212258 
      499.5000  -0.499355   0.276979  -0.222377 
      500.0000  -0.516260   0.284405  -0.231855 
