t = 0
b =  30.0 30.0 30.0
E = 0. 0. 0.
21.96725893860772 1.573573816728224 22.780956099498443 0.8030822096052928 -0.28788400951749876 -0.521710419370372 0.5382234490114561 0.7261540398608031 0.42780349382403127 0.0 0.0 0.0 0.0 0.0 0.0
22.358525492940505 1.6041262858870715 23.147919493050452 0.5006037993586303 0.1329083282853509 -0.8554128899777567 0.5382234490114561 0.7261540398608031 0.42780349382403127 0.0 0.0 0.0 0.0 0.0 0.0
22.86390469908861 1.6649752126605315 23.319891491416428 0.007937636086432998 0.5032065700638464 -0.8641297019417505 0.5382234490114561 0.7261540398608031 0.42780349382403127 0.0 0.0 0.0 0.0 0.0 0.0
23.371093289632377 1.8405300929134625 23.294885097034904 -0.4877441678451987 0.6823282227098897 -0.5445491926599082 0.5382234490114561 0.7261540398608031 0.42780349382403127 0.0 0.0 0.0 0.0 0.0 0.0
23.76710058176894 2.171621713002602 23.145748697052284 -0.7981238077648221 0.60222197562892 -0.01808534070958151 0.5382234490114561 0.7261540398608031 0.42780349382403127 0.0 0.0 0.0 0.0 0.0 0.0
23.98117552681251 2.6399898513852946 22.992489743085862 -0.8052828691961248 0.293321531392027 0.5152494345470868 0.5382234490114561 0.7261540398608031 0.42780349382403127 0.0 0.0 0.0 0.0 0.0 0.0
24.01168621648456 3.1752206420781754 22.956681913936794 -0.5065015050082309 -0.1270166666951792 0.8528323351081633 0.5382234490114561 0.7261540398608031 0.42780349382403127 0.0 0.0 0.0 0.0 0.0 0.0
23.926739872152893 3.6814979796013056 23.11527724241004 -0.015291750814139304 -0.4990991094994671 0.8664099729653837 0.5382234490114561 0.7261540398608031 0.42780349382403127 0.0 0.0 0.0 0.0 0.0 0.0
23.838307772741988 4.074005659409856 23.471370751482375 0.48172759517868313 -0.6815654561127898 0.5508239764907908 0.5382234490114561 0.7261540398608031 0.42780349382403127 0.0 0.0 0.0 0.0 0.0 0.0
23.859685493809643 4.3111504720520095 23.95302460332749 0.7957305737072365 -0.6050936907821163 0.02597074206156963 0.5382234490114561 0.7261540398608031 0.42780349382403127 0.0 0.0 0.0 0.0 0.0 0.0
24.062450024191563 4.410364158841079 24.440598486642706 0.8074222033786852 -0.29873671569630394 -0.5087492114844941 0.5382234490114561 0.7261540398608031 0.42780349382403127 0.0 0.0 0.0 0.0 0.0 0.0
24.449266471239227 4.441480801887413 24.812202971192214 0.5123606386072217 0.12111533229406904 -0.8501868337543795 0.5382234490114561 0.7261540398608031 0.42780349382403127 0.0 0.0 0.0 0.0 0.0 0.0
24.95287554197886 4.500205688741078 24.990007340236247 0.02264470101581345 0.49495364060555425 -0.8686242635151358 0.5382234490114561 0.7261540398608031 0.42780349382403127 0.0 0.0 0.0 0.0 0.0 0.0
25.461646473027564 4.671755273544519 24.969808781080705 -0.4756743370907138 0.6807507856674148 -0.5570568129432647 0.5382234490114561 0.7261540398608031 0.42780349382403127 0.0 0.0 0.0 0.0 0.0 0.0
25.861987423969328 4.9984820213607 24.822629103886925 -0.7932767416856704 0.6079193257080396 -0.03385416564100252 0.5382234490114561 0.7261540398608031 0.42780349382403127 0.0 0.0 0.0 0.0 0.0 0.0
26.08150091668335 5.463783998600239 24.667732368570057 -0.8095000492343993 0.30412915004307 0.5022102451997417 0.5382234490114561 0.7261540398608031 0.42780349382403127 0.0 0.0 0.0 0.0 0.0 0.0
26.11648884770344 5.998412225161533 24.62731447444854 -0.5181807539599008 -0.115204774491492 0.8474765873815706 0.5382234490114561 0.7261540398608031 0.42780349382403127 0.0 0.0 0.0 0.0 0.0 0.0
26.033357459553788 6.506779519752568 24.780078895086536 -0.0299959267358359 -0.4907704790756227 0.8707724049642029 0.5382234490114561 0.7261540398608031 0.42780349382403127 0.0 0.0 0.0 0.0 0.0 0.0
25.943388498960882 6.9032756681962 25.13133591283502 0.4695848545603237 -0.6798842734140816 0.5632472273626971 0.5382234490114561 0.7261540398608031 0.42780349382403127 0.0 0.0 0.0 0.0 0.0 0.0
25.960461420740508 7.144792175122504 25.610985153783428 0.7907624985689258 -0.6106986652236592 0.0417350110946475 0.5382234490114561 0.7261540398608031 0.42780349382403127 0.0 0.0 0.0 0.0 0.0 0.0
26.157788678950297 7.247099902095413 26.100147891824054 0.8115162485272542 -0.3094984237775806 -0.49563303366043376 0.5382234490114561 0.7261540398608031 0.42780349382403127 0.0 0.0 0.0 0.0 0.0 0.0
26.540101091546273 7.278857453629842 26.476331064246672 0.5239614078419444 0.10928544339929977 -0.8447018023854962 0.5382234490114561 0.7261540398608031 0.42780349382403127 0.0 0.0 0.0 0.0 0.0 0.0
27.041850523546287 7.335526625425812 26.659964434236933 0.03734486814990029 0.48654994347361014 -0.8728542337233023 0.5382234490114561 0.7261540398608031 0.42780349382403127 0.0 0.0 0.0 0.0 0.0 0.0
27.55211271941613 7.503104872145908 26.644630654185573 -0.46345961132519037 0.6789659853410448 -0.569394748325068 0.5382234490114561 0.7261540398608031 0.42780349382403127 0.0 0.0 0.0 0.0 0.0 0.0
27.956729282301616 7.825453436588192 26.499503323337482 -0.788188035826357 0.6134314976715017 -0.04961267826561644 0.5382234490114561 0.7261540398608031 0.42780349382403127 0.0 0.0 0.0 0.0 0.0 0.0
5.9093953439421405 22.946323840578117 18.534702517838504 -0.8181400213775859 0.4296700409871799 0.38213945268495686 0.47213486828740103 0.8813017479366146 0.019897116150495494 0.0 0.0 0.0 0.0 0.0 0.0
5.884689114926463 23.407997836802885 18.260965736283595 -0.4702619159010044 0.23271118979108596 0.8512926832759304 0.47213486828740103 0.8813017479366146 0.019897116150495494 0.0 0.0 0.0 0.0 0.0 0.0
5.752786667384339 23.9227183560628 18.1812811486674 0.05627655378632063 -0.052658533130251456 0.9970255906357195 0.47213486828740103 0.8813017479366146 0.019897116150495494 0.0 0.0 0.0 0.0 0.0 0.0
5.6337124620485515 24.42543536103877 18.328868575808066 0.5614346197964188 -0.3180223989116824 0.7639718067340634 0.47213486828740103 0.8813017479366146 0.019897116150495494 0.0 0.0 0.0 0.0 0.0 0.0
5.642617295960923 24.85565915017623 18.650603400332173 0.8532942870595851 -0.46256423829560167 0.24067236052667923 0.47213486828740103 0.8813017479366146 0.019897116150495494 0.0 0.0 0.0 0.0 0.0 0.0
5.846030589457469 25.180441406639606 19.0271994970111 0.8209731883491257 -0.4313701898893762 -0.3740625392720769 0.47213486828740103 0.8813017479366146 0.019897116150495494 0.0 0.0 0.0 0.0 0.0 0.0
6.236584747070158 25.406892814744616 19.318528026093066 0.4767506494450973 -0.23629139421920803 -0.8466848264092255 0.47213486828740103 0.8813017479366146 0.019897116150495494 0.0 0.0 0.0 0.0 0.0 0.0
6.735814230224837 25.57948159210244 19.41685472235407 -0.048597432028915144 0.048558452696272986 -0.9976373921781091 0.47213486828740103 0.8813017479366146 0.019897116150495494 0.0 0.0 0.0 0.0 0.0 0.0
7.223965927219404 25.76313927028027 19.287769943677368 -0.5554825365694083 0.3149601315784051 -0.7695708330508174 0.47213486828740103 0.8813017479366146 0.019897116150495494 0.0 0.0 0.0 0.0 0.0 0.0
7.585495362524692 26.018592120361635 18.983261469392154 -0.8513305382944356 0.46170319062131693 -0.2491314479093349 0.47213486828740103 0.8813017479366146 0.019897116150495494 0.0 0.0 0.0 0.0 0.0 0.0
7.752963974838609 26.379290227272637 18.621963473717074 -0.8237438350338461 0.43303748828149413 0.36595713954858944 0.47213486828740103 0.8813017479366146 0.019897116150495494 0.0 0.0 0.0 0.0 0.0 0.0
7.732660154037425 26.838699243262955 18.344085419516954 -0.48320307658142014 0.23985360414282034 0.8420124912149157 0.47213486828740103 0.8813017479366146 0.019897116150495494 0.0 0.0 0.0 0.0 0.0 0.0
7.6022101767254995 27.352782895864628 18.258144139183234 0.04091460938890762 -0.04445467434812064 0.998173219770574 0.47213486828740103 0.8813017479366146 0.019897116150495494 0.0 0.0 0.0 0.0 0.0 0.0
7.481086685911156 27.856733104049884 18.399736475703783 0.5494881511965994 -0.31187387881169093 0.77511125356912 0.47213486828740103 0.8813017479366146 0.019897116150495494 0.0 0.0 0.0 0.0 0.0 0.0
7.4852190364517455 28.289591651746886 18.71801544686432 0.8493019574127343 -0.4608069824615104 0.25757156296768074 0.47213486828740103 0.8813017479366146 0.019897116150495494 0.0 0.0 0.0 0.0 0.0 0.0
7.682949794907894 28.617409233292474 19.095007863907842 0.8264517504362743 -0.4346718091923073 -0.35782387077206446 0.47213486828740103 0.8813017479366146 0.019897116150495494 0.0 0.0 0.0 0.0 0.0 0.0
8.069070255880332 28.84614336225571 19.39043431834993 0.4896187059326642 -0.2433975482858469 -0.8372760335094158 0.47213486828740103 0.8813017479366146 0.019897116150495494 0.0 0.0 0.0 0.0 0.0 0.0
8.566799316275995 29.01939501242867 19.495003674608615 -0.03322867094298809 0.04034751060440264 -0.9986330326077686 0.47213486828740103 0.8813017479366146 0.019897116150495494 0.0 0.0 0.0 0.0 0.0 0.0
9.056953900084663 29.20184387891344 19.37193459966233 -0.5434519201736474 0.30876387564163577 -0.7805926463644981 0.47213486828740103 0.8813017479366146 0.019897116150495494 0.0 0.0 0.0 0.0 0.0 0.0
9.42322860159001 29.454675480565992 19.07092940641587 -0.8472086988987702 0.45987568206590207 -0.2659920629542778 0.47213486828740103 0.8813017479366146 0.019897116150495494 0.0 0.0 0.0 0.0 0.0 0.0
9.596382053523921 29.812335758415475 18.709291314049533 -0.8290967283381692 0.43627302816194946 0.34966335232240875 0.47213486828740103 0.8813017479366146 0.019897116150495494 0.0 0.0 0.0 0.0 0.0 0.0
9.58054288014558 30.269444486761824 18.427358993847264 -0.4959970489238159 0.24692295676321885 0.8324758139923185 0.47213486828740103 0.8813017479366146 0.019897116150495494 0.0 0.0 0.0 0.0 0.0 0.0
9.451641163858488 30.78283931087179 18.33518956163843 0.02554020200512591 -0.036237274241541134 0.9990167956731653 0.47213486828740103 0.8813017479366146 0.019897116150495494 0.0 0.0 0.0 0.0 0.0 0.0
9.328561337422087 31.28797384717819 18.4707460394374 0.5373743031829143 -0.3056303589070233 0.7860145940076683 0.47213486828740103 0.8813017479366146 0.019897116150495494 0.0 0.0 0.0 0.0 0.0 0.0
9.327976000304739 31.723439933555063 18.78547456867241 0.845050922162283 -0.458909360356624 0.27439230661545055 0.47213486828740103 0.8813017479366146 0.019897116150495494 0.0 0.0 0.0 0.0 0.0 0.0
9.520020047483847 32.05429761679904 19.16275083283417 0.8316785673142223 -0.437841023251398 -0.34147620565469733 0.47213486828740103 0.8813017479366146 0.019897116150495494 0.0 0.0 0.0 0.0 0.0 0.0
9.901645250251036 32.28534942501617 19.462187585172384 0.5023376198193611 -0.25042956110143283 -0.8276121982189245 0.47213486828740103 0.8813017479366146 0.019897116150495494 0.0 0.0 0.0 0.0 0.0 0.0
