t = 100000
b = 30 30 30
E = -0.361339501804921 -0.51625987513753 0.154920373332609
12.3843028265356 22.5770449564365 21.1052774247292 -0.484928480140199 -0.0400047020665343 0.873638326242456 -0.874048574848249 -0.0117795154851205 -0.485695618550676 -0.108544220021483 0.216042019635499 -0.101185547055057 0.143253381391246 0.153845242008833 0.050561526917698
13.1802526799603 22.9404390947323 21.5068744981104 0.711073567528033 0.70098834427773 0.0546772770453083 -0.68324203556607 0.670521716430462 0.289103496113551 -0.0163241536388977 0.00727081354650653 0.0621505726957289 -0.532649027658727 -0.204112446898979 -0.482004185773244
12.9704939010685 22.1688684965001 21.7053142381647 0.934675910616921 0.349767046251552 0.0635917216369885 -0.240714603026131 0.491040938911716 0.837218705871834 0.242781480333729 0.0546680446158798 0.161023433393944 0.379233354427787 0.799598076040132 -0.63958540443082
11.8886506333925 21.4893857157356 22.3605656543357 -0.657831624290154 -0.625579552188559 0.419413511596803 0.146056104825229 0.440338098298978 0.885872397101373 -0.283707278738036 -0.159494672118307 -0.528717727340466 -0.181532458224302 -0.219554597268327 -0.675511416465222
11.8376251710736 22.0464876285619 22.6860629830362 -0.360522137624214 0.572134671426601 -0.736671930227318 -0.803253684939304 -0.591902616326911 -0.0665931707420224 0.323064322085355 -0.0149278954841063 0.529393898712933 -0.385226055887465 -0.490756903954555 0.265153362377692
11.2929425791854 22.0671347423631 22.8100158683081 0.0741675261688918 -0.0299446300143605 -0.996796089131992 -0.80553929419022 -0.591038941996358 -0.0421815617118852 -0.347917184736388 -0.126765508958065 -0.520872467210643 -0.122340361084162 0.0261285394680151 0.260764940318094
10.7868807523788 21.9925431995101 22.6390581126367 0.548601816764394 -0.544009216525911 -0.634893616482024 -0.820964337086748 -0.494259488709937 -0.285875881945858 0.133076938522678 0.208011649008331 0.150326240476663 0.334421656657906 -0.258788250352921 0.329639912182278
9.7350352296911 22.8984222673157 22.42052218339 -0.858993529186706 0.297713336563583 -0.416529504725386 0.0957906577529933 -0.705736414129748 -0.701968757029496 -0.205112704165938 0.691925422653274 -0.181935717130694 -0.19112451471318 -0.260497675238662 -0.362210435808666
9.56445066840279 22.4888601197877 22.3487129130822 -0.0392781604512992 0.570206388411056 -0.820561894381933 0.0418246181950665 -0.81953771043407 -0.571496756527679 0.042436594038515 0.0785265497685032 0.0482773051336909 0.511151132465144 -0.272691246185558 0.0668729411960879
9.28447154313658 22.3194932287133 21.9931172846769 0.922142036978261 0.164986705030351 -0.349904748664858 -0.0341523442919279 -0.866242405311205 -0.498455102287934 0.18224350426993 -0.308942594975971 0.0776158963273783 -0.188490597143451 -0.0833545743518326 0.869491721591117
9.39993438740764 22.2018370974939 21.3628740257992 0.450799452735854 -0.792913730732499 -0.409960405011788 -0.806845811779229 -0.558410788427785 0.19281364299035 0.209984725561876 -0.145705829609187 0.144907438204921 -0.140969082844976 0.298027217815305 0.238277393328925
9.86388485850438 22.8885234795472 21.3789463508027 0.690863709204376 -0.0786821530375002 0.718690730305794 0.0121827263046981 -0.992652260911974 -0.120386449591357 0.294265539285696 0.153747696920393 0.367381209458284 0.0237744458478163 0.027401243292309 0.0114573760732875
10.2080562563748 22.5048132256674 21.2426024519287 0.143486436921702 0.0464676933209803 0.988560714194862 0.186232909610685 -0.982319041418854 0.0191431914012204 -0.552474889107587 0.33171239377312 0.16615128144623 -0.218660469533859 0.0134117476599042 0.269623726058572
10.3311142505591 22.4250927372289 20.4186636178306 -0.918976596474115 -0.361832599698112 -0.156713483112219 0.0275414409843954 -0.455365044535255 0.889878684809792 0.00158488001735221 -0.341798457667333 -0.175635190145978 0.585491352701494 -0.137107614253152 -0.205315710160917
10.681819607388 21.6285013291955 20.963399592211 0.0915844299673683 -0.440020316902024 0.893305239429488 0.740701928392231 -0.569477112613661 -0.356449592703921 0.130536367060659 0.0563981043298269 0.116025737614471 0.365515717355599 -0.116523570571561 0.443271142464361
11.185201478811 21.5012653102634 21.0241109389618 -0.465727034309993 -0.794444807682626 0.389814880291844 0.807985893405274 -0.561409629562343 -0.178823647299373 -0.229180497360223 -0.63608044639924 0.00780383679621025 0.0217694738367126 -0.15592555873711 -0.168226990053244
11.5771089349945 21.3579675645464 21.3104835844192 -0.539237728708484 -0.68398234359233 -0.49131527445855 0.821267475186159 -0.556221750865202 -0.12703148281105 -0.0112932819432217 -0.112148039631049 0.465354792522909 0.348413190275817 -0.00414174572954409 -0.344323306078813
11.9886663073596 21.069647156012 21.2036917275819 -0.618800003660825 -0.344824855950178 -0.705820294100229 0.774961836994824 -0.414983210926264 -0.476679152326143 -0.16127309590722 0.399658351878735 -0.284177239441551 -0.0670930495555719 -0.145992066815452 0.12708837725175
12.2312453947368 20.7286017750857 20.9848945269494 -0.309018033619061 0.551646082647258 -0.774722128340727 0.863509498911629 -0.178639476520031 -0.471634625805155 0.333953487962135 0.462039643945501 0.531847574326213 0.738129389078983 -0.0883240630581076 0.316943666507194
12.3179470983188 20.4927069699234 20.5428997635331 0.272865601014201 0.944773004764631 -0.181516106864643 0.93377858119943 -0.305495016756922 -0.186360491136702 -0.621292141184622 -0.00616600020610424 0.0385848187265528 -0.0557371534033918 0.159699826906033 -0.118986842839955
11.1417664148088 20.3657433921344 20.3053144806259 -0.905155930382174 0.101207810747588 -0.412855444111081 0.082813799830064 0.994618315992353 0.0622584668800185 0.184266633433731 -0.321263645549045 0.343208704650013 -0.38128346662853 0.00679968384605847 -0.276468746546498
11.6707391703902 19.7906048584597 20.0457566961302 0.955675834026918 -0.0458803308619922 0.290824044159089 0.00638452301114936 -0.984321685372019 -0.176266518461712 -0.054926277209256 0.175244131388973 -0.126542924769381 0.176388180173972 0.151461511329546 0.658674362185928
10.551806188212 19.9203979811833 19.9583425243958 -0.308381909734337 0.641502366448093 0.702406714149889 0.776868510892826 -0.256292328742902 0.575143017979612 -0.609392885423913 -0.406786271520605 -0.160233032400378 0.225721467311157 0.132324989048795 -0.18347157598161
10.178709956734 20.2920184350448 19.3378536046333 0.277077023465434 0.95856178434776 -0.0662383043017273 0.943361921839671 -0.258295711977137 0.208210339345246 -0.0854370896342915 0.219521100802721 0.0223496138703179 -0.428502701589586 0.376335076622859 0.356828372793265
10.6311192408739 20.1927774965038 19.1523900565174 0.0351195037155924 0.882319775268045 0.469338053873287 0.967749585470917 -0.147247126964306 0.204398900191395 -0.552553310665056 0.709084940445513 0.165300462974778 0.461434240442172 0.487646544954663 0.477010697704046
8.94590187013872 18.8679465996271 22.2855646970164 0.780933997629326 -0.185322885553882 0.596487550244444 0.565663432685165 0.614825781879125 -0.549557978453617 0.361233941895587 -0.285233494997584 -0.341509377561497 0.263992666892087 -0.449240619065493 -0.315403770945722
9.15539593894547 19.281042260692 22.1997963837949 0.658345837473883 -0.720247256085289 0.218688246149916 0.73188284011965 0.544633375039726 -0.409538656217746 -0.0995059879950081 -0.450584415819087 0.51561800262034 0.26380352021794 0.322996681809705 -0.360063398219833
9.5631075114925 19.5488726129887 22.3187559657019 0.190774644310029 -0.81189398176515 -0.551754457674856 0.657200019176528 0.52315759512377 -0.542580957075946 0.12573111931206 0.224916097859385 -0.129328694488173 -0.516820545738966 0.301859753709165 -0.0942733954837969
9.95528407432059 19.5779209164702 22.2716171521367 -0.423193460445727 -0.0393862153184153 -0.905182828126895 0.696312472222077 0.625078560548511 -0.352740190702167 0.20508271565315 0.199410327745587 -0.482329314670882 -0.214289953031487 0.248012129022077 0.327880778397132
10.7929513774116 19.8145548753409 22.0409995454985 -0.0482754963666256 0.427208454030843 -0.902863370855483 0.177937717988561 0.893136633695089 0.413091885513791 0.0354110936389128 -0.572564624042185 -0.0799840135130161 -0.315383709671702 0.185133355358339 -0.296354569484711
11.3465998641528 20.5327863140292 21.909150118368 0.330845444121997 0.901825387391787 -0.277942517514299 -0.357713388311599 -0.152701363020292 -0.921261792780763 -0.116687376186376 -0.275963810865105 0.25334528506487 0.0644137528486443 0.444217429185815 0.302240179565923
11.1556578396732 19.8533761383805 21.3142813645427 -0.477633318943506 0.739871326506779 -0.473768641034189 -0.517090192173794 -0.672703103126049 -0.529233565567356 0.0662598128520748 -0.388412989096295 -0.15391211938237 -0.343881498310531 -0.113565935444813 -0.170330447135677
11.7974505757333 18.6965373443795 20.8997960467724 0.199957535640075 -0.820669438789987 -0.535274170883294 -0.959963287279958 -0.273474498583271 0.0606797401047404 -0.279927493670829 -0.259522890106803 -0.606779692560459 -0.383189351359849 0.341134030202563 -0.14028069567351
11.2841012913026 18.6425531090619 20.719808706101 0.416341198813259 -0.904434641113054 -0.093047648632137 -0.898932783446512 -0.394131939655018 -0.191258438745383 0.170865609845979 0.520641362292747 -0.0764907249002853 0.0992423335185241 0.446025677883292 0.645638096785548
11.0528193275669 18.46487745704 20.350973934237 -0.0320355093689804 -0.604543497650771 0.795927583174632 -0.888296704670631 -0.347808653722029 -0.299929950727054 0.552258788170753 0.0198051665070948 -0.408480839025474 0.414952283959501 0.201549705937919 -0.191064223231239
10.744379029639 18.1251672013904 20.200629861583 -0.268326968004257 0.198250502170303 0.942707398498704 -0.959034299540218 -0.147264798628562 -0.242004502786603 0.332673417578305 -0.332777649187366 -0.56133673103329 0.0233483136987278 -0.0576720027886096 -0.310251973891732
10.2444880987882 17.9132798887159 20.1968651656084 0.0542906100175688 0.771563460357495 0.633831396698099 -0.997308424587794 0.010572738729973 0.0725539031821801 -0.193288193943176 -0.0237551724357287 -0.422872784111873 -0.173731745412959 -0.0765994340145318 0.237293760405155
9.37425610310979 16.9792964828585 19.7878606259525 -0.850943559286385 -0.288370709564598 0.439018498637892 0.475948709237085 -0.0697615735028538 0.876701787014023 -0.0859429525445942 -0.122847401555207 0.16903928285346 -0.122671096032962 -0.307924226725199 0.0298642601339528
9.39374061338535 17.1109280128709 20.2764966166588 -0.420129140248121 -0.902187138660542 0.0977228292812677 0.475619295863846 -0.127205393355411 0.870405079650755 -0.373289423545136 -0.0208276195364701 0.0935569204295129 0.215438341610496 -0.0798309045140267 0.638211803391932
9.21831332241344 17.1148631077397 20.7390349363426 0.378229075108815 -0.918924746854499 -0.111892163426437 0.429423162173977 0.0670885621571629 0.900607987771324 0.475077492895027 -0.201783771626768 0.199868238561301 -0.15815258357112 -0.202449926527034 -0.213263047031235
9.55967004745817 17.8249613418753 20.9228392178729 0.0803947894802633 0.240753018888143 -0.967251012463989 0.451442362128157 -0.873954490785826 -0.180008694541406 -0.00353631449584287 -0.234179315946546 -0.151411747515235 0.510213324516564 -0.360505856055492 0.215809245620253
8.83211898851002 17.6524802326555 22.1703872542987 -0.0593864025945628 -0.192341954817744 0.979529347210795 -0.400692618317395 -0.894146343015246 -0.199869006499707 0.0861469832743143 -0.458076112220547 0.180880392731998 0.116084350457276 -0.307273808078696 0.090985202704141
8.90289679965273 17.1915953959396 22.1265979492225 -0.657266454415457 0.200418837086695 0.72652113609476 -0.525339502842857 -0.81303671165452 -0.250977069517973 0.137031222653355 -0.278694578705156 -0.203232539431635 0.496395436770059 0.0439222134869462 -0.287977578036697
10.1752980810037 17.3145834805054 21.7909440468343 0.489642047138935 0.827976356629378 -0.273323445962618 0.731518023018667 -0.560674226692524 -0.387976426153814 -0.0345157889858187 -0.137628209619733 0.112483923981906 0.409003700171691 0.37967147397618 0.309796616500292
10.9065860367131 16.7332831551779 21.8620802089819 0.690906343168109 -0.06695109924954 0.719837380601018 0.721628961759316 0.123901578136946 -0.681101988818624 0.411708442162025 0.0390134203800543 0.165923053409259 0.433070477937062 -0.581320762252086 0.684620024173014
11.3375149912131 16.9689282979221 21.758955409242 0.448096525207727 -0.792852873972867 0.413029814135679 0.737371190837081 0.0665631415165818 -0.672200085217265 0.633960389494874 0.195385899982688 -0.0919462326460317 0.264158748020945 0.0436996402568389 -0.174877695362122
11.857332411225 17.0570960137944 21.7330238501729 -0.14687160430148 -0.977647974422828 -0.150442794588851 0.743877416246018 -0.00891945696951636 -0.668256511400476 0.161680689577181 -0.059300928698158 0.0597738686080954 -0.511811309775336 -0.193449775248121 0.109736451841035
12.5165039163701 17.2916062919094 21.1770216041764 0.720544870728033 -0.693372038693514 -0.00707828686967734 0.376266921204581 0.382397428730678 0.843916622870252 0.53832410100852 0.0180360978929674 -0.346917840540055 -0.169429112108629 0.396490643342398 -0.176603592867922
12.6475052035287 18.1689996741731 21.8659578174013 0.882818566755524 -0.064991996017329 0.465196038878735 0.469355239867225 0.160762997180782 -0.868251602400381 -0.281913466984747 0.364839294494533 0.297089772101724 0.0641657432693827 0.220593461523488 -0.15684364273903
12.9134279726656 18.3722605244498 21.6003234355216 0.482120402372765 -0.860759309650229 0.163257836921173 0.379023867750548 0.0369194545016419 -0.924650061128686 0.0661092247122985 0.013938353100671 0.0166799666380565 -0.151636181709079 -0.316242456200582 0.24917790107377
12.8755530703912 18.702687396169 22.3372749117829 0.34790692013511 -0.805878506739456 0.47908288035907 0.414380460849569 -0.326202927514674 -0.849635417771282 0.0675754420052058 0.114954808654179 -0.205631296916335 0.457259033128285 0.147031596884188 -0.272016351546385
12.7045350334797 19.4531537869652 21.6379619753279 -0.960409199747829 -0.0778526140082149 -0.267494075803395 0.0723098320571246 -0.996914910964175 0.0305255730776792 -0.131237760941743 0.326553853023695 0.422276167732664 -0.288253760460488 -0.176433357193381 0.046820966791301
