#id1 id2 FENE BEXC STCK NEXC HB CRSTCK CXSTCK total, t = 100000
0 1 0.00739333 0 -1.3605 0 0 0 0 -1.35311
1 2 0.00963408 0 -1.23708 0 0 0 0 -1.22745
2 3 2.97261e-06 0 -0.886186 0 0 0 0 -0.886183
3 4 0.000429183 0 -1.17694 0 0 0 0 -1.17651
4 5 0.0014207 0 -1.0346 0 0 0 0 -1.03317
5 6 0.057156 0 -1.20769 0 0 0 0 -1.15054
6 7 0.0381736 0 -1.26545 0 0 0 0 -1.22728
7 8 0.0127358 0 -1.20639 0 0 0 0 -1.19366
8 9 0.0056766 0 -1.18165 0 0 0 0 -1.17598
9 10 0.0112742 0 -1.34541 0 0 0 0 -1.33414
10 11 0.0134602 0 -1.35219 0 0 0 0 -1.33873
11 12 0.0303663 0 0 0 0 0 0 0.0303663
12 13 0.0172719 0 0 0 0 0 0 0.0172719
11 14 0 0 0 0 0 -6.93065e-06 0 -6.93065e-06
13 14 0.0677616 0 -0.842291 0 0 0 0 -0.774529
14 15 0.000165622 0 0 0 0 0 0 0.000165622
15 16 2.92625e-05 0 0 0 0 0 0 2.92625e-05
16 17 0.000265694 0 -1.32532 0 0 0 0 -1.32506
17 18 0.0469862 0 0 0 0 0 0 0.0469862
18 19 0.123092 0 0 0 0 0 0 0.123092
19 20 0.00667978 0 0 0 0 0 0 0.00667978
20 21 0.0398754 0 -1.24072 0 0 0 0 -1.20085
21 22 0.063672 0 0 0 0 0 0 0.063672
22 23 0.0364869 0 -0 0 0 0 0 0.0364869
23 24 0.0827914 0 0 0 0 0 0 0.0827914
25 26 0.0141277 0 0 0 0 0 0 0.0141277
26 27 0.00560653 0 -1.05591 0 0 0 0 -1.0503
27 28 0.134606 0 -1.27283 0 0 0 0 -1.13822
28 29 0.0522217 0 0 0 0 0 0 0.0522217
29 30 0.00349089 0 -1.13026 0 0 0 0 -1.12676
30 31 0.278868 0 -0.0341146 0 0 0 0 0.244753
31 32 0.0787959 0 -1.18951 0 0 0 0 -1.11071
32 33 0.0762125 0 0 0 0 0 0 0.0762125
33 34 0.017712 0 0 0 0 0 0 0.017712
34 35 0.167224 0 0 0 0 0 0 0.167224
35 36 0.0535754 0 -0.466811 0 0 0 0 -0.413236
36 37 0.0269274 0 -1.05397 0 0 0 0 -1.02705
37 38 0.0451925 0 -1.02254 0 0 0 0 -0.977347
38 39 0.0385616 0 -1.04724 0 0 0 0 -1.00868
39 40 0.00931869 0 0 0 0 0 0 0.00931869
40 41 0.0229147 0 -0.982548 0 0 0 0 -0.959633
41 42 0.000202733 0 -1.44488 0 0 0 0 -1.44468
42 43 0.0552799 0 -1.3161 0 0 0 0 -1.26082
43 44 0.000107979 0 0 0 0 0 0 0.000107979
44 45 0.183335 0 0 0 0 0 0 0.183335
45 46 0.0934432 0 -1.29966 0 0 0 0 -1.20622
46 47 0.00246901 0 -1.29173 0 0 0 0 -1.28926
47 48 0.0157798 0 0 0 0 0 0 0.0157798
48 49 3.72985e-05 0 -1.23022 0 0 0 0 -1.23018
49 50 0.0191202 0 -0.995811 0 0 0 0 -0.976691
50 51 0.00155361 0 -1.20629 0 0 0 0 -1.20473
#Total energy per particle is  -0.627565 and should be -0.62756510

