t = 0
b =  30.0 30.0 30.0
E = 0. 0. 0.
19.03219750297483 14.649007158056918 12.498939480463395 0.6385214890106721 0.5330841997083934 -0.5550779621754549 0.36697088780230663 0.4230804656623549 0.8284535515528386 0.0 0.0 0.0 0.0 0.0 0.0
19.486005469885825 14.616891507396614 12.784792618051798 0.12056091245823458 0.8614453678862652 -0.49333248882932346 0.36697088780230663 0.4230804656623549 0.8284535515528386 0.0 0.0 0.0 0.0 0.0 0.0
19.96729530058513 14.781142355451404 12.958190599288827 -0.4432027704080512 0.8625290382056516 -0.2441617548975701 0.36697088780230663 0.4230804656623549 0.8284535515528386 0.0 0.0 0.0 0.0 0.0 0.0
20.34755704582452 15.142006724904686 13.075931900814394 -0.8385863108411531 0.5359235061942162 0.09777011188661935 0.36697088780230663 0.4230804656623549 0.8284535515528386 0.0 0.0 0.0 0.0 0.0 0.0
20.536663015121515 15.625034874457796 13.215959902420858 -0.9153768913702605 0.005711674016399696 0.4025574785359824 0.36697088780230663 0.4230804656623549 0.8284535515528386 0.0 0.0 0.0 0.0 0.0 0.0
20.517108793228285 16.109365000282665 13.447750893926088 -0.6444004865823248 -0.5266701186143441 0.5544065286874017 0.36697088780230663 0.4230804656623549 0.8284535515528386 0.0 0.0 0.0 0.0 0.0 0.0
20.350663460142524 16.47364065599769 13.805918871090036 -0.12860556314017066 -0.8589611277286902 0.49562726940762186 0.36697088780230663 0.4230804656623549 0.8284535515528386 0.0 0.0 0.0 0.0 0.0 0.0
20.154902484892382 16.642116095619716 14.277065099910388 0.4360487639092864 -0.8649184433546939 0.24855092403383935 0.36697088780230663 0.4230804656623549 0.8284535515528386 0.0 0.0 0.0 0.0 0.0 0.0
20.058538839095654 16.613433348864337 14.804868519684918 0.8350408752030504 -0.5422787816850309 -0.09295407293024249 0.36697088780230663 0.4230804656623549 0.8284535515528386 0.0 0.0 0.0 0.0 0.0 0.0
20.152522787076062 16.461138136761033 15.311483055610195 0.9167869968682579 -0.013618344435486304 -0.39914426347890275 0.36697088780230663 0.4230804656623549 0.8284535515528386 0.0 0.0 0.0 0.0 0.0 0.0
20.455488359839332 16.305738622615156 15.727112644116364 0.6502304105620266 0.5202159295516764 -0.5536928749957162 0.36697088780230663 0.4230804656623549 0.8284535515528386 0.0 0.0 0.0 0.0 0.0 0.0
20.906673975149744 16.2689223459792 16.01652792434529 0.13664042001055718 0.8564114743556355 -0.4978843060504552 0.36697088780230663 0.4230804656623549 0.8284535515528386 0.0 0.0 0.0 0.0 0.0 0.0
21.389006778500963 16.427325091869637 16.192450461344063 -0.42886155060891795 0.867241981615607 -0.2529211650549387 0.36697088780230663 0.4230804656623549 0.8284535515528386 0.0 0.0 0.0 0.0 0.0 0.0
21.773580577896727 16.783415674757162 16.310719610810384 -0.8314318479693084 0.5485927605471029 0.08813095516132624 0.36697088780230663 0.4230804656623549 0.8284535515528386 0.0 0.0 0.0 0.0 0.0 0.0
21.96862946138685 17.26455799467289 16.449078214278774 -0.9181272854869582 0.02152397776491914 0.39570065204081 0.36697088780230663 0.4230804656623549 0.8284535515528386 0.0 0.0 0.0 0.0 0.0 0.0
21.954391201261302 17.750606705997388 16.677636793830608 -0.6560108169784943 -0.5137221240318749 0.5529370554478914 0.36697088780230663 0.4230804656623549 0.8284535515528386 0.0 0.0 0.0 0.0 0.0 0.0
21.7906152547641 18.11955244298453 17.032237392569975 -0.14466487118393453 -0.8537966019330763 0.5001034268757462 0.36697088780230663 0.4230804656623549 0.8284535515528386 0.0 0.0 0.0 0.0 0.0 0.0
21.593862946328628 18.29387521769628 17.500836583201448 0.4216416778410661 -0.8694994760419558 0.2572721451500959 0.36697088780230663 0.4230804656623549 0.8284535515528386 0.0 0.0 0.0 0.0 0.0 0.0
21.493223871624004 18.269995559485423 18.02808096741496 0.8277595039813245 -0.5548649619464956 -0.0833011258789608 0.36697088780230663 0.4230804656623549 0.8284535515528386 0.0 0.0 0.0 0.0 0.0 0.0
21.581272601897414 18.119634415740013 18.536336857363295 0.9193976551581949 -0.02942797196011118 -0.3922269064660461 0.36697088780230663 0.4230804656623549 0.8284535515528386 0.0 0.0 0.0 0.0 0.0 0.0
21.878898056593023 17.962565164860344 18.955184611641254 0.6617412656314006 0.5071891965833728 -0.5521391276025106 0.36697088780230663 0.4230804656623549 0.8284535515528386 0.0 0.0 0.0 0.0 0.0 0.0
22.32736745361103 17.921109707300587 19.24817223440914 0.1526783055672791 0.8511167095936725 -0.5022844628888506 0.36697088780230663 0.4230804656623549 0.8284535515528386 0.0 0.0 0.0 0.0 0.0 0.0
22.81063987518712 18.07366633047313 19.42666409805711 -0.4143896954269939 0.8716907547168005 -0.26160353297532957 0.36697088780230663 0.4230804656623549 0.8284535515528386 0.0 0.0 0.0 0.0 0.0 0.0
23.199452152651844 18.424924888611155 19.545523428131983 -0.8240241229023109 0.5610949082307897 0.07846495289334696 0.36697088780230663 0.4230804656623549 0.8284535515528386 0.0 0.0 0.0 0.0 0.0 0.0
23.400428105373027 18.90408504873527 19.6822688466878 -0.9205980091383982 0.03732972510130411 0.38872329129378735 0.36697088780230663 0.4230804656623549 0.8284535515528386 0.0 0.0 0.0 0.0 0.0 0.0
25.109236732698182 7.281450504045351 2.8288052019956145 0.9789839342691059 0.20023724262287249 -0.03867173528265829 0.03518771759655057 0.020930668639702745 0.9991615142911783 0.0 0.0 0.0 0.0 0.0 0.0
25.305205162599258 6.967811122452007 3.21856386439353 0.6752279932272356 0.7365662072264418 -0.039209431701757766 0.03518771759655057 0.020930668639702745 0.9991615142911783 0.0 0.0 0.0 0.0 0.0 0.0
25.655091834802555 6.822072030972018 3.599384735601303 0.11494164834831958 0.9930613549744177 -0.024850809470620232 0.03518771759655057 0.020930668639702745 0.9991615142911783 0.0 0.0 0.0 0.0 0.0 0.0
26.0311794593635 6.902701306605168 3.9745408640083166 -0.48901295046000237 0.8722758908671626 -0.001050949238216508 0.03518771759655057 0.020930668639702745 0.9991615142911783 0.0 0.0 0.0 0.0 0.0 0.0
26.295796566480274 7.182165899007688 4.349457428503411 -0.9071833535280378 0.4200982321442915 0.023148184180719907 0.03518771759655057 0.020930668639702745 0.9991615142911783 0.0 0.0 0.0 0.0 0.0 0.0
26.353621199615763 7.557391896645909 4.729650622310858 -0.9806996332939382 -0.1916817686380813 0.03855293541240006 0.03518771759655057 0.020930668639702745 0.9991615142911783 0.0 0.0 0.0 0.0 0.0 0.0
26.18789532048414 7.888924029091804 5.118631958958633 -0.6816317259479866 -0.7306386607665774 0.03931078191020282 0.03518771759655057 0.020930668639702745 0.9991615142911783 0.0 0.0 0.0 0.0 0.0 0.0
25.866791467975105 8.053907055826379 5.516574189579754 -0.12360052963967444 -0.9920137100428743 0.025133805119095163 0.03518771759655057 0.020930668639702745 0.9991615142911783 0.0 0.0 0.0 0.0 0.0 0.0
25.51751287084561 7.992760526142924 5.920245671868609 0.48138857436940446 -0.8765061652891226 0.0014080755484307574 0.03518771759655057 0.020930668639702745 0.9991615142911783 0.0 0.0 0.0 0.0 0.0 0.0
25.27796681439053 7.731814388502509 6.324238125023034 0.9034901105877853 -0.4279992739404356 -0.022852605464850236 0.03518771759655057 0.020930668639702745 0.9991615142911783 0.0 0.0 0.0 0.0 0.0 0.0
25.244371357072296 7.373305802900355 6.723021326042687 0.982340648244762 0.18311169734448252 -0.03843119958684646 0.03518771759655057 0.020930668639702745 0.9991615142911783 0.0 0.0 0.0 0.0 0.0 0.0
25.434700481430845 7.056537534469494 7.11304413390728 0.6879835497737621 0.7246554733439131 -0.03940913845040757 0.03518771759655057 0.020930668639702745 0.9991615142911783 0.0 0.0 0.0 0.0 0.0 0.0
25.78185547760776 6.904954503988695 7.494083627422093 0.13224999827215833 0.9908905194265738 -0.025414886731000827 0.03518771759655057 0.020930668639702745 0.9991615142911783 0.0 0.0 0.0 0.0 0.0 0.0
26.159156865052065 6.979244998589598 7.869329796706893 -0.4737275386750965 0.8806696903730643 -0.0017650946282404406 0.03518771759655057 0.020930668639702745 0.9991615142911783 0.0 0.0 0.0 0.0 0.0 0.0
26.42847204514952 7.2542841768213515 8.244173612615647 -0.8997280633776071 0.4358677219348027 0.02255528643459693 0.03518771759655057 0.020930668639702745 0.9991615142911783 0.0 0.0 0.0 0.0 0.0 0.0
26.49269418489007 7.628679415982742 8.624158906776868 -0.9839068541519356 -0.17452768138618494 0.03830653707665185 0.03518771759655057 0.020930668639702745 0.9991615142911783 0.0 0.0 0.0 0.0 0.0 0.0
26.332634726268008 7.963291064680629 9.01287617727003 -0.6942829809885857 -0.7186171006013358 0.039504493832140615 0.03518771759655057 0.020930668639702745 0.9991615142911783 0.0 0.0 0.0 0.0 0.0 0.0
26.014313440283956 8.134093922685123 9.41059849837524 -0.14088939555524713 -0.9896918686608304 0.02569403290088417 0.03518771759655057 0.020930668639702745 0.9991615142911783 0.0 0.0 0.0 0.0 0.0 0.0
25.663876412149992 8.079296488087682 9.81417777508867 0.46603042679460766 -0.8847661490504328 0.0021219792892603236 0.03518771759655057 0.020930668639702745 0.9991615142911783 0.0 0.0 0.0 0.0 0.0 0.0
25.41967103446753 7.822816581974987 10.218240757047854 0.895897498391964 -0.44370297691461413 -0.022256249731955304 0.03518771759655057 0.020930668639702745 0.9991615142911783 0.0 0.0 0.0 0.0 0.0 0.0
25.37968551973297 7.465194568313473 10.617230426180345 0.985398131742815 0.16593037446923842 -0.038178957375349085 0.03518771759655057 0.020930668639702745 0.9991615142911783 0.0 0.0 0.0 0.0 0.0 0.0
25.56432154013478 7.145396388733228 11.007517200777825 0.700529539866381 0.7125240023843082 -0.039596840793720486 0.03518771759655057 0.020930668639702745 0.9991615142911783 0.0 0.0 0.0 0.0 0.0 0.0
25.90864329119133 6.988018077916085 11.388777874270458 0.14951806356538888 0.9884178490275403 -0.025971222370683635 0.03518771759655057 0.020930668639702745 0.9991615142911783 0.0 0.0 0.0 0.0 0.0 0.0
26.2870476895422 7.0559496468853835 11.764118406806507 -0.45829782489280824 0.8887952293600394 -0.0024787023533417683 0.03518771759655057 0.020930668639702745 0.9991615142911783 0.0 0.0 0.0 0.0 0.0 0.0
26.560983084288388 7.326482116353284 12.13889391906312 -0.8919987073432101 0.45150444219486735 0.021955518129727992 0.03518771759655057 0.020930668639702745 0.9991615142911783 0.0 0.0 0.0 0.0 0.0 0.0
26.631587345628915 7.699935037626111 12.518674192368238 -0.9868143674508384 -0.1573204313118506 0.038048470198626325 0.03518771759655057 0.020930668639702745 0.9991615142911783 0.0 0.0 0.0 0.0 0.0 0.0
26.477247240858865 8.037526761631309 12.907127615652326 -0.7067227507075053 -0.7063766427058507 0.039686172302568504 0.03518771759655057 0.020930668639702745 0.9991615142911783 0.0 0.0 0.0 0.0 0.0 0.0
