t = 100000
b = 30 30 30
E = -0.519897479453268 -0.627564587753197 0.107667108299929
21.6191079208326 5.71534917906067 10.2066757260411 -0.968466594592027 -0.163221223535619 0.188231818837188 -0.24574583280976 0.501474703393359 -0.829537205893013 0.11700860341921 -0.021612794900659 -0.233678474953634 0.350502416477326 -0.0839699197289979 -0.301626682392812
21.4386465126857 5.73162974925379 9.71668342576575 -0.717026118368013 0.408843297526752 0.56455341329564 -0.356408312287022 0.481004574601478 -0.801004100048897 0.422987299787298 -0.306051296704335 0.0281797369961003 -0.411569940230485 -0.0634367950555232 -0.0395028918444243
21.0632460346357 5.91555584060732 9.39629135131194 0.052963634363759 0.733317656952714 0.677820003707334 -0.384165437384778 0.641496580559316 -0.664002225886005 -0.164330008075877 -0.151250188518976 0.171977708797172 -0.239450671714095 -0.0758974387595803 -0.00647236234473756
20.6037680192475 6.06391317255301 9.31388862784751 0.704133503793499 0.703937888320165 0.0930984284352918 -0.61602746848301 0.670811800972118 -0.412942552206652 0.784138542585686 -0.282128679898083 -0.0475253868748688 0.00443018935859375 0.161982212429941 0.0668000003041568
20.3344291294289 6.4432808517386 9.38984851556352 0.672955926122865 0.206187200738516 -0.710364024270789 -0.721503947249349 0.39458037421248 -0.568980013265737 -0.187048405814845 -0.0391117539006434 -0.0810039014708395 0.171945716644855 -0.439873375402916 0.519210032164564
20.0534393258875 6.84926008014134 9.17148075576801 0.447923953230678 -0.540711316021754 -0.712036008806851 -0.505666336153739 0.503574302191825 -0.700510069233526 0.0445400654238725 -0.463373727718922 0.266533443618745 -0.245665477764232 0.284012285212923 -0.237595136932993
19.9922582908346 7.16513338628938 8.70498893413389 -0.047313443779606 -0.957676334147099 -0.283931752414134 -0.446819283057324 0.274517064378716 -0.851465080313118 -0.178612081222472 -0.106608379799716 0.25402446260329 -0.389654233047078 0.335018694456133 0.0694413050995619
20.0708978440343 7.12795374865525 8.28389083109722 -0.819554943430731 -0.57059890344278 0.0524072341711752 -0.351537978187839 0.428466527162584 -0.832368545140035 0.272647409282549 0.140658287322178 0.514490436805173 -0.134358998395345 -0.0233856661230519 0.14668380274857
19.914369865894 7.0868610443288 7.87089345623836 -0.815225636060011 0.292133220418313 0.500065237418352 -0.231310992167923 0.627354755403502 -0.743586654681151 0.0936549298251529 -0.128066532674836 -0.0642606393936611 0.100167772960112 -0.284652542565931 0.547650029616634
19.5631947539597 7.06799920277295 7.48578659782762 -0.197840083475353 0.730288859620173 0.653863379822834 -0.307869431564217 0.58700058101745 -0.748763372945575 0.286362139685737 0.0033501179005727 0.128259086968928 -0.353968024881947 0.231432851811898 0.12004726483356
19.1983044605428 7.28606032565087 7.20588324577572 0.546595174138809 0.71361262343282 0.438167322592652 -0.201664668474931 0.620024277783632 -0.758222338530856 0.209755743384388 0.0710940514594839 0.288508835618539 0.212419276682538 0.0243287253177226 0.0174579923155979
19.0035058353861 7.73226410872493 7.06239057375283 0.964020773051498 0.265356011004163 -0.015811110813851 -0.211796690782982 0.730777215522291 -0.648927297224553 0.141006633425529 -0.377594078192978 -0.469849219156475 0.0551094038553374 0.393051732145627 -0.280708820440649
18.1514960120523 7.86795733441994 6.64879570205352 -0.562671196419246 -0.794137626567694 0.229665969808989 0.276471535120008 0.0810503681294438 0.957598163289549 0.279662580986787 -0.406718085500443 0.327504562864573 0.0118535611524869 0.247321458543445 -0.170492243476354
19.2208555694726 8.44234626159685 7.19704846375866 0.34272475341521 0.110546902048761 0.93290891305155 0.836779682458368 -0.487305747797855 -0.249665284047143 0.403129786536378 -0.327166655570047 0.316968922395042 0.316278507437797 0.212673572280189 -0.0189290340971295
19.8033955084857 8.346951735276 7.04692803277607 -0.194979032867084 -0.4086216901015 0.891634101281376 0.632711902025043 -0.747035056867871 -0.203995345281881 0.603533554925614 0.323936905415694 0.738863366061125 -0.102459575482917 0.0725129670443388 -0.422091185942135
19.1415314355899 8.97751333053914 6.75110615984581 -0.810258799943378 -0.256244084461888 -0.527085910481721 -0.276275463664842 -0.6261557889001 0.729109494806444 0.323744486599783 -0.0980720960570326 0.0603701247333665 -0.00557786867921757 0.329041724800857 -0.187839365410275
19.6256031744043 9.3498574242215 7.49497125646869 0.715545083957623 0.472613633714077 -0.51442339592305 -0.697111237110241 0.435584540855867 -0.569475091989495 -0.415505759584013 0.576536605112171 0.067572414710115 -0.149914397914947 0.194516577519949 0.41581311711352
19.412550755131 9.79222600914945 7.38687323707184 0.588231893987283 -0.248038461287717 -0.769714289052173 -0.688994201839363 0.344614826411505 -0.637595123900502 -0.343196586366903 0.0797397975933555 -0.721826319665453 -0.177169928136461 0.20388823846599 -0.62517533300094
20.0642308775605 9.95963886680425 7.84891892551907 0.381832689657659 -0.596867033362169 0.705658148065847 0.799905612298593 -0.169055269786224 -0.575822222632851 0.0649854304584779 0.130490022615051 0.140128011890818 0.644760573690394 -0.210227174142231 -0.210861276810892
20.6598019768112 11.0668759372914 7.6443157717717 0.653144408531961 0.599419712017542 -0.462707511510987 0.355747015850412 0.296521970048211 0.886294911107448 -0.154752439413023 0.533482402824227 0.150693794531905 0.606899620973048 0.367831757474419 0.273581668663585
20.6696561603144 11.314928296822 8.35949219819135 0.343239674949125 -0.500004414710358 0.795098724352364 0.813864092795823 0.580887576441853 0.0139554239400884 0.273487586679727 -0.241195875990781 0.219967665825018 -0.210634383656927 0.524659965137797 -0.0341222536617074
20.9749827977952 11.6036291471113 8.5517457015672 0.423929525310841 -0.899382130363088 0.106748830910107 0.905057116268023 0.416254887671124 -0.087197061602267 0.0779972445762956 -0.0547340488851435 0.69855791800694 -0.0499347584337822 -0.181810054099211 -0.146740890486398
20.3665768375168 12.2790842877041 8.23924363018609 -0.0498931826860055 0.215594715032665 0.975207412621035 0.943487244222652 -0.310131952722134 0.116832983280224 -0.360073220670005 0.242534264906317 0.203192646236276 -0.431464275576021 0.11285576767534 0.0118777999214462
19.7317237982103 12.1232077053165 7.71634373661398 -0.167628608320065 0.610482329551631 0.77408775721499 0.663686564251923 -0.510732540830695 0.546509196584163 -0.166273769894896 0.216527099613841 0.222280260748892 0.477419817139584 -0.415690349575249 0.497757469528502
19.6921187074488 11.1538649808073 7.29998121516154 0.688002382666334 -0.584202915264821 0.430534002471737 -0.169515531097923 -0.706219982452873 -0.687399201613739 -0.642240237778711 0.213229714659113 -0.339953001363719 0.0695845972658289 0.206243733743935 0.0646277785138678
12.0750541672043 10.1156260593952 7.03121304627272 -0.92679052761003 0.257791370777744 0.273135139460157 0.183695917044138 -0.323182581830178 0.928336521897179 0.0969189685114041 -0.0914517688367257 0.36364636939347 0.0635378335503173 0.223241606280075 -0.160780148333493
13.095374769148 9.06121853592937 7.17421827584638 0.601116466099143 -0.750098574443583 0.275700918246898 0.239496278499472 -0.160045917279555 -0.957615121052852 -0.0223891967086445 0.0822668194028176 -0.621307049846319 -0.0674245687274726 -0.0233905870085493 -0.029568842224017
13.4429260120237 9.14518444278012 6.83266999125974 -0.298327623403027 -0.951861778904824 0.0704241021106254 0.442582529057574 -0.203328871764792 -0.873371599283511 -0.0628507382203341 -0.0634037284259397 0.229305268457517 0.0588320088883882 -0.502114424802099 0.208024815562254
13.7967443118376 8.76414676616255 6.66392261627362 -0.8355538311308 -0.356256236147359 -0.418247691646833 0.501802748695309 -0.184888180234478 -0.844991260831502 -0.328921742215154 -0.10724193633035 0.029566571234344 -0.00785922007980448 -0.689640880428176 0.102578944248412
14.267968290227 9.63580565761511 7.70095135643179 0.272189338122232 0.881431865189033 0.385993053531885 0.880227713215158 -0.066025058429096 -0.469935911775415 -0.335223383890219 -0.202789349474936 -0.232656315305979 -0.256154736458676 0.0784458008567169 -0.469547782661274
14.6097128244346 9.80181362747511 7.33659300167474 0.207838569587332 0.392740785160175 0.895855829896309 0.938988126237734 0.176488014266055 -0.295217141627178 0.215889049795339 -0.251717039659334 -0.0352698109963987 -0.082590019587035 -0.0293555654805926 -0.0760458767463387
15.2912455029254 9.99145677069703 7.15493785611629 0.38712014331898 0.588871822059563 0.709484209062835 0.915875364384475 -0.334345933989248 -0.222227454054399 -0.273794894929676 0.0983400823022482 0.178771250248943 -0.187862138102376 0.126148608738727 0.360765631537747
15.7480377540738 10.1121887481385 7.0252968843649 0.244681963750194 -0.0756264691936033 0.966649498975465 0.823874078945787 -0.509440400846414 -0.248398526710102 -0.116875096918644 -0.283368633807608 0.157546635184132 0.120247713614266 0.0465012615042083 0.583944553234156
14.6349759956926 10.3844630477491 6.07568616855649 -0.648170893033156 0.166865028607555 -0.742987497067327 0.66618016302358 0.59690724047641 -0.447107987926556 0.598919661457342 0.112994747443856 0.156222222460451 0.164842168612661 0.0739938340646491 0.150488434686144
15.2702199776251 10.7828704423777 7.11018683053444 0.925895207529932 -0.121731109177497 0.357630395443613 -0.348017861743389 0.093452853732877 0.932818318179741 -0.168482905103286 -0.398572811297068 -0.492579763959706 0.182896402402911 -0.0572755639072337 -0.358592723868773
14.6617208483114 10.5153627811641 8.14888535330383 -0.253730332396124 -0.347074672235808 0.9028620921888 -0.950471803260208 0.262686867483473 -0.166128978027683 0.300119616673102 0.0967425821494527 -0.204317898578365 -0.304803526497535 0.419012721304285 0.143120926725917
14.0853391655671 10.6117004906879 8.03359869705764 0.265607684722017 0.296500117258426 0.917354957762977 -0.663146692836223 0.746858169764659 -0.0493884078017766 0.212787239444256 0.366483257104069 -0.39119760298597 0.186628837387939 -0.136837221742854 0.371653350646259
13.7756278621292 10.7587297941908 8.28548244657605 0.635985597166089 0.768611318419133 -0.0689838358798887 -0.757503836994274 0.604718078150867 -0.245975238691006 0.348254043023156 -0.268318641343747 -0.466572392328268 -0.101028243297075 0.32069718124987 -0.451905461619257
13.3598130507413 11.0802110847378 8.29947401379157 0.780656850234936 0.372080170025545 -0.502126551281654 -0.566442751271082 0.760711202714028 -0.316955617306187 -0.0290189493055866 0.138309349318793 0.25308274114563 -0.329657267728133 0.0753558156360328 0.213210231001369
13.2305225218716 11.6582862450374 8.33432781363798 0.351847356279505 -0.115605541922708 -0.928891101781989 -0.613508254150028 0.721004098520254 -0.322118846286985 0.297729300767579 0.030021204059064 -0.149473053930624 0.221107651152936 -0.349580054840996 -0.349644248587097
14.1433025875883 12.1180217145395 8.49787850996739 0.86824026876502 0.490123021367813 0.0770591682875866 0.376829480901638 -0.75247166896958 0.540171959311697 -0.319048770834382 -0.287202855053554 -0.0738333491980286 0.184010503264333 0.108262963078537 0.174280362843002
14.6080629832118 11.7883462335749 8.51763631851404 0.433733551888543 0.786155102035508 0.440267212377521 0.590563446814915 -0.617068827838602 0.520058417240771 0.273968185823274 -0.0283068261933484 0.541972590858468 -0.226617053409924 -0.404547857451222 0.320615413196927
15.077971092466 11.6703433035841 8.5804885268626 -0.260082093258839 0.415187214858742 0.871766448732018 0.584187803620287 -0.651196600355667 0.484424840590879 0.0280151986812385 0.110225546745362 0.259446003718054 0.0501433226160239 0.434373717567722 0.0187407570786318
15.4695977145769 11.524586323712 8.8174039738287 -0.791602937346937 -0.0183697704908502 0.610759531743548 0.440211842805334 -0.710353427790819 0.549191536436297 -0.145540806205775 0.653216056449016 -0.111302575060612 -0.123028162075819 -0.115481621168681 -0.0408331427020753
16.1483320638917 11.0353492025484 9.52782599803096 0.292112366239106 -0.202788713286348 0.934637353323527 -0.483685636642972 0.811742311698758 0.327295657666993 0.35392462533992 0.114549903353695 -0.196859267515428 0.0619226937768908 0.34285559388128 0.210956023011508
16.3806576218131 10.5300451172129 8.7149981660041 0.104671640806169 -0.0373666327926428 -0.993804539663405 0.789562502613504 -0.604465628200934 0.105887673057481 0.482750749808267 -0.173246650921501 0.2957294579091 0.331352159445124 0.228213159129217 -0.104678710223923
16.6146010498721 10.102284604865 8.71382676086997 0.346055140797314 0.536979137752289 -0.769349800994243 0.788621927691569 -0.610703983548937 -0.0715261925986997 -0.0096739773941389 -0.0174028757506751 0.0764116766305858 -0.169004542176539 0.293806201033289 0.278383805773082
16.876566096375 9.77237136920537 8.40200644999568 0.480620815215931 0.855918984836445 -0.190803863214537 0.860442456584496 -0.502278659417879 -0.0857599857473929 -0.290054776373862 0.538035782189713 -0.561269951573857 0.106533704173203 -0.0461181940286507 0.032471076256411
17.4432688319863 9.44609799574769 9.12137284691779 0.704667844605186 -0.581365599304953 0.406764167922156 0.650512859507902 0.30042470870428 -0.697551339494172 -0.118927493514871 0.425421444771317 -0.233144361295312 0.208888771513824 -0.160318307291962 0.0322954807950967
17.8254712015799 9.72735588763453 9.14411573437697 0.32314995777671 -0.838020430010363 -0.439654046274643 0.658061833068186 0.532857772990787 -0.531993498085093 -0.330616253500962 -0.378607858523952 -0.304586814860282 -0.170066450176626 -0.423846574355096 0.031313117428874
18.3706964855675 9.81029105650166 8.97444884431127 -0.0987062639893899 -0.715677696619144 -0.691420515550029 0.718385919044387 0.429553495864695 -0.547179427977273 0.239014155837925 0.0995916690504624 -0.0636226207995129 0.526153540979191 -0.274511823164186 -0.25893495725998
18.8736406687754 9.80504691691574 8.71408942544413 -0.593977175632226 -0.25401057935726 -0.763328001811651 0.618977458155242 0.461778497868474 -0.635316784035501 0.0908937474602389 0.589466525529371 0.0287761508148289 0.228820618527576 -0.214621444729993 -0.256653346799469
