        0.0000  -1.016306   0.297759  -0.718547 
        0.5000  -0.947720   0.530009  -0.417711 
        1.0000  -0.771684   0.967487   0.195802 
        1.5000  -0.682841   1.220095   0.537254 
        2.0000  -0.692821   1.097976   0.405155 
        2.5000  -0.704620   0.772398   0.067778 
        3.0000  -0.607986   0.842380   0.234394 
        3.5000  -0.569770   1.090459   0.520689 
        4.0000  -0.519936   1.047428   0.527492 
        4.5000  -0.479812   0.771308   0.291496 
        5.0000  -0.450255   0.569273   0.119018 
        5.5000  -0.475436   0.742467   0.267031 
        6.0000  -0.476247   0.940224   0.463977 
        6.5000  -0.460967   0.926479   0.465512 
        7.0000  -0.493658   0.745075   0.251417 
        7.5000  -0.488994   0.583002   0.094008 
        8.0000  -0.455592   0.690708   0.235116 
        8.5000  -0.413175   0.850236   0.437060 
        9.0000  -0.441128   0.852560   0.411432 
        9.5000  -0.480796   0.698670   0.217873 
       10.0000  -0.482191   0.581650   0.099459 
       10.5000  -0.446319   0.707462   0.261144 
       11.0000  -0.444460   0.849855   0.405395 
       11.5000  -0.459974   0.817176   0.357203 
       12.0000  -0.417184   0.612780   0.195596 
       12.5000  -0.432234   0.601150   0.168916 
       13.0000  -0.456376   0.768296   0.311920 
       13.5000  -0.471907   0.848134   0.376226 
       14.0000  -0.428636   0.760527   0.331891 
       14.5000  -0.402754   0.600901   0.198147 
       15.0000  -0.456475   0.609788   0.153313 
       15.5000  -0.418039   0.695998   0.277960 
       16.0000  -0.443334   0.761879   0.318545 
       16.5000  -0.458667   0.732412   0.273745 
       17.0000  -0.408903   0.569110   0.160207 
       17.5000  -0.420071   0.555245   0.135174 
       18.0000  -0.440170   0.653453   0.213283 
       18.5000  -0.416517   0.681773   0.265256 
       19.0000  -0.451345   0.645162   0.193818 
       19.5000  -0.459210   0.506708   0.047498 
       20.0000  -0.459590   0.497693   0.038104 
       20.5000  -0.483021   0.645225   0.162204 
       21.0000  -0.437842   0.636111   0.198268 
       21.5000  -0.450936   0.614162   0.163226 
       22.0000  -0.424847   0.485321   0.060474 
       22.5000  -0.444079   0.487276   0.043198 
       23.0000  -0.434079   0.564236   0.130158 
       23.5000  -0.486434   0.629565   0.143131 
       24.0000  -0.443434   0.559203   0.115769 
       24.5000  -0.437466   0.469315   0.031849 
       25.0000  -0.477316   0.482756   0.005440 
       25.5000  -0.450105   0.532402   0.082297 
       26.0000  -0.406800   0.538717   0.131917 
       26.5000  -0.429155   0.554140   0.124985 
       27.0000  -0.448172   0.553429   0.105257 
       27.5000  -0.405028   0.476983   0.071956 
       28.0000  -0.412778   0.481177   0.068399 
       28.5000  -0.352963   0.447238   0.094275 
       29.0000  -0.389242   0.513068   0.123825 
       29.5000  -0.365574   0.486892   0.121318 
       30.0000  -0.374668   0.478402   0.103734 
       30.5000  -0.393846   0.466228   0.072383 
       31.0000  -0.345168   0.424332   0.079164 
       31.5000  -0.360478   0.449062   0.088584 
       32.0000  -0.322632   0.414757   0.092125 
       32.5000  -0.338383   0.437440   0.099057 
       33.0000  -0.345657   0.447974   0.102317 
       33.5000  -0.347161   0.421220   0.074059 
       34.0000  -0.323684   0.388054   0.064371 
       34.5000  -0.347016   0.423526   0.076510 
       35.0000  -0.304395   0.387654   0.083259 
       35.5000  -0.290052   0.374090   0.084038 
       36.0000  -0.317378   0.395790   0.078412 
       36.5000  -0.319890   0.388785   0.068894 
       37.0000  -0.297848   0.345592   0.047744 
       37.5000  -0.300144   0.344189   0.044045 
       38.0000  -0.342583   0.390481   0.047898 
       38.5000  -0.350398   0.398489   0.048091 
       39.0000  -0.330696   0.376081   0.045385 
       39.5000  -0.374348   0.423619   0.049271 
       40.0000  -0.385288   0.429211   0.043923 
       40.5000  -0.384046   0.416390   0.032344 
       41.0000  -0.424626   0.451985   0.027360 
       41.5000  -0.414617   0.413845  -0.000772 
       42.0000  -0.379660   0.373470  -0.006189 
       42.5000  -0.411614   0.406475  -0.005139 
       43.0000  -0.442360   0.429464  -0.012896 
       43.5000  -0.441729   0.424210  -0.017519 
       44.0000  -0.437826   0.426714  -0.011112 
       44.5000  -0.425913   0.418163  -0.007750 
       45.0000  -0.427264   0.412615  -0.014649 
       45.5000  -0.455732   0.445896  -0.009837 
       46.0000  -0.416472   0.405999  -0.010472 
       46.5000  -0.427187   0.418288  -0.008899 
       47.0000  -0.488075   0.468939  -0.019136 
       47.5000  -0.436206   0.412178  -0.024028 
       48.0000  -0.441397   0.405986  -0.035410 
       48.5000  -0.449868   0.417720  -0.032148 
       49.0000  -0.428548   0.388248  -0.040300 
       49.5000  -0.426176   0.378017  -0.048159 
       50.0000  -0.412935   0.367525  -0.045410 
       50.5000  -0.409580   0.370949  -0.038632 
       51.0000  -0.428122   0.388966  -0.039156 
       51.5000  -0.406627   0.367314  -0.039313 
       52.0000  -0.441787   0.402500  -0.039287 
       52.5000  -0.434027   0.389857  -0.044170 
       53.0000  -0.450937   0.405940  -0.044996 
       53.5000  -0.486631   0.440338  -0.046292 
       54.0000  -0.498078   0.444317  -0.053761 
       54.5000  -0.498572   0.440839  -0.057733 
       55.0000  -0.472570   0.404688  -0.067881 
       55.5000  -0.477884   0.402822  -0.075062 
       56.0000  -0.467717   0.390153  -0.077564 
       56.5000  -0.486236   0.401029  -0.085208 
       57.0000  -0.468135   0.369144  -0.098990 
       57.5000  -0.460030   0.360600  -0.099430 
       58.0000  -0.503869   0.407989  -0.095879 
       58.5000  -0.484748   0.393989  -0.090759 
       59.0000  -0.486253   0.379720  -0.106534 
       59.5000  -0.500654   0.378497  -0.122157 
       60.0000  -0.471223   0.343202  -0.128021 
       60.5000  -0.516334   0.377162  -0.139172 
       61.0000  -0.495187   0.346681  -0.148506 
       61.5000  -0.516683   0.357859  -0.158824 
       62.0000  -0.491168   0.342499  -0.148669 
       62.5000  -0.508452   0.373334  -0.135118 
       63.0000  -0.531556   0.391631  -0.139924 
       63.5000  -0.483870   0.350137  -0.133733 
       64.0000  -0.502565   0.358907  -0.143658 
       64.5000  -0.480663   0.340429  -0.140234 
       65.0000  -0.487569   0.345307  -0.142262 
       65.5000  -0.506421   0.361414  -0.145007 
       66.0000  -0.526735   0.363514  -0.163221 
       66.5000  -0.491817   0.326670  -0.165147 
       67.0000  -0.549581   0.395539  -0.154042 
       67.5000  -0.495130   0.333498  -0.161631 
       68.0000  -0.530973   0.374212  -0.156761 
       68.5000  -0.500880   0.337751  -0.163130 
       69.0000  -0.539593   0.372974  -0.166619 
       69.5000  -0.513462   0.352197  -0.161266 
       70.0000  -0.547190   0.374197  -0.172993 
       70.5000  -0.529200   0.347844  -0.181356 
       71.0000  -0.512352   0.325885  -0.186468 
       71.5000  -0.543930   0.355670  -0.188260 
       72.0000  -0.546855   0.362729  -0.184126 
       72.5000  -0.557398   0.368425  -0.188973 
       73.0000  -0.536858   0.353314  -0.183544 
       73.5000  -0.563072   0.364353  -0.198719 
       74.0000  -0.560885   0.363132  -0.197754 
       74.5000  -0.539096   0.340190  -0.198906 
       75.0000  -0.532507   0.332620  -0.199887 
       75.5000  -0.553923   0.361148  -0.192776 
       76.0000  -0.526949   0.343133  -0.183816 
       76.5000  -0.521386   0.335801  -0.185584 
       77.0000  -0.573755   0.387944  -0.185811 
       77.5000  -0.538147   0.346199  -0.191949 
       78.0000  -0.569015   0.372648  -0.196367 
       78.5000  -0.550686   0.351912  -0.198774 
       79.0000  -0.575043   0.375971  -0.199073 
       79.5000  -0.542912   0.326782  -0.216129 
       80.0000  -0.570143   0.348326  -0.221816 
       80.5000  -0.588661   0.363121  -0.225540 
       81.0000  -0.550881   0.316332  -0.234549 
       81.5000  -0.585106   0.348244  -0.236862 
       82.0000  -0.551204   0.327653  -0.223551 
       82.5000  -0.559351   0.329186  -0.230165 
       83.0000  -0.555923   0.320956  -0.234967 
       83.5000  -0.553978   0.318131  -0.235847 
       84.0000  -0.569190   0.334084  -0.235105 
       84.5000  -0.545478   0.320913  -0.224565 
       85.0000  -0.554623   0.327656  -0.226967 
       85.5000  -0.543957   0.317618  -0.226339 
       86.0000  -0.553625   0.334628  -0.218997 
       86.5000  -0.559267   0.338174  -0.221093 
       87.0000  -0.516509   0.297164  -0.219345 
       87.5000  -0.545314   0.333926  -0.211388 
       88.0000  -0.557363   0.345743  -0.211620 
       88.5000  -0.549894   0.346867  -0.203027 
       89.0000  -0.538069   0.337212  -0.200858 
       89.5000  -0.516150   0.315375  -0.200774 
       90.0000  -0.542387   0.348875  -0.193512 
       90.5000  -0.544251   0.357702  -0.186548 
       91.0000  -0.499569   0.316704  -0.182865 
       91.5000  -0.510219   0.332419  -0.177800 
       92.0000  -0.528874   0.351579  -0.177295 
       92.5000  -0.523617   0.351056  -0.172561 
       93.0000  -0.518041   0.341080  -0.176961 
       93.5000  -0.525701   0.348835  -0.176866 
       94.0000  -0.513638   0.344739  -0.168899 
       94.5000  -0.545068   0.367777  -0.177291 
       95.0000  -0.537393   0.347847  -0.189546 
       95.5000  -0.497459   0.308028  -0.189430 
       96.0000  -0.552260   0.369266  -0.182994 
       96.5000  -0.514246   0.332593  -0.181653 
       97.0000  -0.484126   0.302035  -0.182091 
       97.5000  -0.513673   0.335074  -0.178600 
       98.0000  -0.512215   0.342940  -0.169274 
       98.5000  -0.511630   0.331494  -0.180136 
       99.0000  -0.520900   0.341729  -0.179171 
       99.5000  -0.499851   0.316957  -0.182894 
      100.0000  -0.488660   0.306249  -0.182411 
      100.5000  -0.544932   0.361825  -0.183107 
      101.0000  -0.523740   0.343062  -0.180677 
      101.5000  -0.524677   0.335927  -0.188751 
      102.0000  -0.516571   0.324778  -0.191794 
      102.5000  -0.533402   0.347050  -0.186353 
      103.0000  -0.518772   0.331189  -0.187583 
      103.5000  -0.505962   0.317408  -0.188554 
      104.0000  -0.560382   0.362330  -0.198052 
      104.5000  -0.539617   0.345295  -0.194321 
      105.0000  -0.511114   0.312481  -0.198633 
      105.5000  -0.529270   0.330321  -0.198948 
      106.0000  -0.516895   0.315479  -0.201416 
      106.5000  -0.510543   0.303730  -0.206813 
      107.0000  -0.561328   0.351037  -0.210290 
      107.5000  -0.537380   0.324921  -0.212459 
      108.0000  -0.538828   0.330122  -0.208706 
      108.5000  -0.496385   0.295411  -0.200974 
      109.0000  -0.542943   0.336759  -0.206183 
      109.5000  -0.521096   0.316963  -0.204133 
      110.0000  -0.521609   0.319457  -0.202151 
      110.5000  -0.508044   0.314544  -0.193500 
      111.0000  -0.511584   0.327138  -0.184445 
      111.5000  -0.537208   0.347612  -0.189596 
      112.0000  -0.530905   0.340890  -0.190015 
      112.5000  -0.514501   0.330472  -0.184028 
      113.0000  -0.519355   0.342344  -0.177011 
      113.5000  -0.521650   0.344916  -0.176734 
      114.0000  -0.546166   0.373936  -0.172230 
      114.5000  -0.510793   0.338654  -0.172139 
      115.0000  -0.501341   0.312689  -0.188652 
      115.5000  -0.534248   0.351661  -0.182587 
      116.0000  -0.477555   0.292899  -0.184656 
      116.5000  -0.503000   0.317014  -0.185986 
      117.0000  -0.489772   0.315661  -0.174111 
      117.5000  -0.502424   0.329090  -0.173334 
      118.0000  -0.507188   0.336158  -0.171030 
      118.5000  -0.495618   0.326699  -0.168920 
      119.0000  -0.515348   0.345635  -0.169713 
      119.5000  -0.499401   0.329101  -0.170300 
      120.0000  -0.506086   0.335965  -0.170122 
      120.5000  -0.520129   0.348872  -0.171257 
      121.0000  -0.538519   0.360026  -0.178493 
      121.5000  -0.517000   0.354663  -0.162337 
      122.0000  -0.530692   0.365571  -0.165121 
      122.5000  -0.490690   0.321793  -0.168897 
      123.0000  -0.521062   0.354768  -0.166294 
      123.5000  -0.528996   0.364541  -0.164455 
      124.0000  -0.529938   0.365908  -0.164029 
      124.5000  -0.522596   0.355862  -0.166734 
      125.0000  -0.529436   0.359352  -0.170085 
      125.5000  -0.482450   0.318848  -0.163602 
      126.0000  -0.539341   0.374037  -0.165303 
      126.5000  -0.488649   0.331705  -0.156945 
      127.0000  -0.523341   0.360662  -0.162679 
      127.5000  -0.527373   0.367714  -0.159658 
      128.0000  -0.478679   0.314832  -0.163847 
      128.5000  -0.520827   0.366575  -0.154252 
      129.0000  -0.500478   0.343978  -0.156500 
      129.5000  -0.494566   0.337696  -0.156870 
      130.0000  -0.474267   0.314807  -0.159460 
      130.5000  -0.506568   0.345209  -0.161359 
      131.0000  -0.502310   0.338377  -0.163932 
      131.5000  -0.516120   0.339639  -0.176481 
      132.0000  -0.477942   0.305470  -0.172472 
      132.5000  -0.466036   0.295341  -0.170695 
      133.0000  -0.467494   0.291337  -0.176157 
      133.5000  -0.485336   0.313120  -0.172216 
      134.0000  -0.468645   0.293385  -0.175260 
      134.5000  -0.480879   0.302185  -0.178694 
      135.0000  -0.471794   0.294363  -0.177431 
      135.5000  -0.479267   0.288055  -0.191212 
      136.0000  -0.483857   0.289322  -0.194534 
      136.5000  -0.475899   0.275983  -0.199917 
      137.0000  -0.463830   0.270787  -0.193043 
      137.5000  -0.475991   0.290726  -0.185265 
      138.0000  -0.472929   0.284768  -0.188162 
      138.5000  -0.466836   0.273130  -0.193706 
      139.0000  -0.493201   0.298001  -0.195199 
      139.5000  -0.478382   0.284012  -0.194370 
      140.0000  -0.469610   0.281037  -0.188573 
      140.5000  -0.475742   0.284527  -0.191215 
      141.0000  -0.459245   0.273501  -0.185745 
      141.5000  -0.468073   0.281374  -0.186699 
      142.0000  -0.451803   0.273786  -0.178017 
      142.5000  -0.465776   0.292811  -0.172965 
      143.0000  -0.479459   0.299558  -0.179901 
      143.5000  -0.444102   0.273200  -0.170901 
      144.0000  -0.433547   0.267337  -0.166210 
      144.5000  -0.441394   0.272106  -0.169289 
      145.0000  -0.477348   0.299467  -0.177881 
      145.5000  -0.456543   0.281873  -0.174670 
      146.0000  -0.458272   0.280837  -0.177435 
      146.5000  -0.478035   0.291653  -0.186382 
      147.0000  -0.479606   0.294271  -0.185335 
      147.5000  -0.462149   0.280532  -0.181616 
      148.0000  -0.467348   0.287723  -0.179625 
      148.5000  -0.494296   0.315790  -0.178506 
      149.0000  -0.466655   0.290291  -0.176364 
      149.5000  -0.454301   0.280164  -0.174137 
      150.0000  -0.450684   0.279534  -0.171150 
      150.5000  -0.459521   0.281130  -0.178391 
      151.0000  -0.450189   0.272096  -0.178093 
      151.5000  -0.479517   0.304418  -0.175099 
      152.0000  -0.451659   0.272710  -0.178949 
      152.5000  -0.452238   0.268324  -0.183913 
      153.0000  -0.471745   0.290181  -0.181564 
      153.5000  -0.421453   0.247608  -0.173845 
      154.0000  -0.459871   0.288353  -0.171519 
      154.5000  -0.450594   0.276554  -0.174040 
      155.0000  -0.472588   0.294172  -0.178416 
      155.5000  -0.473172   0.298446  -0.174726 
      156.0000  -0.457214   0.275541  -0.181672 
      156.5000  -0.486582   0.306912  -0.179670 
      157.0000  -0.458634   0.272881  -0.185752 
      157.5000  -0.464210   0.276426  -0.187783 
      158.0000  -0.467953   0.290018  -0.177935 
      158.5000  -0.475844   0.291319  -0.184525 
      159.0000  -0.449939   0.268512  -0.181428 
      159.5000  -0.463190   0.280424  -0.182766 
      160.0000  -0.473818   0.299037  -0.174781 
      160.5000  -0.436347   0.270564  -0.165784 
      161.0000  -0.471328   0.308882  -0.162446 
      161.5000  -0.458730   0.293599  -0.165132 
      162.0000  -0.457679   0.286028  -0.171652 
      162.5000  -0.479056   0.310129  -0.168928 
      163.0000  -0.461841   0.292871  -0.168970 
      163.5000  -0.476763   0.305945  -0.170818 
      164.0000  -0.449149   0.272321  -0.176828 
      164.5000  -0.474812   0.301715  -0.173097 
      165.0000  -0.464962   0.301966  -0.162997 
      165.5000  -0.471355   0.308615  -0.162740 
      166.0000  -0.441114   0.286126  -0.154988 
      166.5000  -0.436391   0.289943  -0.146448 
      167.0000  -0.480551   0.334240  -0.146311 
      167.5000  -0.447217   0.309026  -0.138191 
      168.0000  -0.450839   0.313090  -0.137749 
      168.5000  -0.449620   0.307383  -0.142237 
      169.0000  -0.437357   0.303050  -0.134307 
      169.5000  -0.440393   0.300022  -0.140371 
      170.0000  -0.466685   0.336284  -0.130401 
      170.5000  -0.449691   0.313873  -0.135819 
      171.0000  -0.454776   0.310285  -0.144491 
      171.5000  -0.488158   0.344251  -0.143907 
      172.0000  -0.427631   0.277602  -0.150029 
      172.5000  -0.474530   0.329270  -0.145261 
      173.0000  -0.494706   0.346477  -0.148229 
      173.5000  -0.472674   0.324281  -0.148393 
      174.0000  -0.451604   0.308098  -0.143506 
      174.5000  -0.480403   0.345574  -0.134829 
      175.0000  -0.471373   0.343209  -0.128164 
      175.5000  -0.467770   0.336419  -0.131351 
      176.0000  -0.458180   0.329707  -0.128473 
      176.5000  -0.467822   0.332244  -0.135578 
      177.0000  -0.477621   0.336917  -0.140704 
      177.5000  -0.485302   0.342513  -0.142788 
      178.0000  -0.453862   0.305629  -0.148232 
      178.5000  -0.454679   0.298623  -0.156056 
      179.0000  -0.451468   0.303612  -0.147856 
      179.5000  -0.468793   0.311108  -0.157686 
      180.0000  -0.478223   0.312861  -0.165362 
      180.5000  -0.516102   0.349793  -0.166309 
      181.0000  -0.472957   0.307727  -0.165229 
      181.5000  -0.498799   0.340948  -0.157851 
      182.0000  -0.490778   0.327119  -0.163659 
      182.5000  -0.497163   0.331344  -0.165819 
      183.0000  -0.487418   0.326078  -0.161339 
      183.5000  -0.513105   0.345132  -0.167973 
      184.0000  -0.505478   0.339701  -0.165777 
      184.5000  -0.490837   0.316080  -0.174756 
      185.0000  -0.495997   0.324209  -0.171788 
      185.5000  -0.529149   0.347705  -0.181445 
      186.0000  -0.506791   0.316109  -0.190682 
      186.5000  -0.489285   0.285496  -0.203789 
      187.0000  -0.506334   0.297515  -0.208819 
      187.5000  -0.516426   0.295681  -0.220744 
      188.0000  -0.527400   0.312884  -0.214516 
      188.5000  -0.519493   0.304124  -0.215369 
      189.0000  -0.538133   0.322032  -0.216101 
      189.5000  -0.514828   0.304603  -0.210226 
      190.0000  -0.532592   0.317208  -0.215384 
      190.5000  -0.537577   0.315146  -0.222431 
      191.0000  -0.564167   0.333576  -0.230591 
      191.5000  -0.527489   0.291402  -0.236087 
      192.0000  -0.560210   0.322261  -0.237949 
      192.5000  -0.503275   0.272115  -0.231160 
      193.0000  -0.508511   0.268481  -0.240030 
      193.5000  -0.558294   0.315214  -0.243080 
      194.0000  -0.529611   0.292709  -0.236901 
      194.5000  -0.566740   0.328857  -0.237883 
      195.0000  -0.545623   0.322481  -0.223142 
      195.5000  -0.568736   0.336461  -0.232275 
      196.0000  -0.526992   0.287123  -0.239869 
      196.5000  -0.566172   0.327370  -0.238802 
      197.0000  -0.541243   0.298658  -0.242585 
      197.5000  -0.561611   0.317168  -0.244443 
      198.0000  -0.562329   0.319584  -0.242745 
      198.5000  -0.546210   0.299991  -0.246219 
      199.0000  -0.520411   0.278355  -0.242056 
      199.5000  -0.544630   0.294761  -0.249869 
      200.0000  -0.546562   0.298634  -0.247928 
      200.5000  -0.563151   0.308738  -0.254412 
      201.0000  -0.548187   0.297610  -0.250576 
      201.5000  -0.554537   0.308758  -0.245779 
      202.0000  -0.542586   0.292764  -0.249821 
      202.5000  -0.548291   0.300593  -0.247698 
      203.0000  -0.520067   0.278136  -0.241931 
      203.5000  -0.553871   0.311932  -0.241939 
      204.0000  -0.538397   0.299508  -0.238889 
      204.5000  -0.512153   0.268363  -0.243790 
      205.0000  -0.510666   0.272841  -0.237825 
      205.5000  -0.538337   0.301315  -0.237022 
      206.0000  -0.522427   0.289013  -0.233414 
      206.5000  -0.551795   0.307818  -0.243976 
      207.0000  -0.524111   0.282031  -0.242081 
      207.5000  -0.549093   0.303826  -0.245267 
      208.0000  -0.530016   0.285186  -0.244830 
      208.5000  -0.546043   0.305998  -0.240045 
      209.0000  -0.507984   0.270289  -0.237695 
      209.5000  -0.518427   0.278018  -0.240409 
      210.0000  -0.559276   0.312074  -0.247202 
      210.5000  -0.526892   0.282304  -0.244588 
      211.0000  -0.534962   0.289455  -0.245506 
      211.5000  -0.564628   0.315696  -0.248932 
      212.0000  -0.540056   0.287233  -0.252823 
      212.5000  -0.556747   0.302949  -0.253798 
      213.0000  -0.532062   0.283072  -0.248989 
      213.5000  -0.548062   0.294519  -0.253543 
      214.0000  -0.536371   0.287029  -0.249342 
      214.5000  -0.538863   0.300412  -0.238451 
      215.0000  -0.532884   0.285274  -0.247610 
      215.5000  -0.558319   0.303273  -0.255046 
      216.0000  -0.535449   0.296075  -0.239373 
      216.5000  -0.566094   0.333120  -0.232974 
      217.0000  -0.547004   0.314275  -0.232729 
      217.5000  -0.541431   0.297902  -0.243529 
      218.0000  -0.550691   0.295356  -0.255335 
      218.5000  -0.533308   0.281489  -0.251819 
      219.0000  -0.547673   0.300243  -0.247430 
      219.5000  -0.582059   0.331667  -0.250391 
      220.0000  -0.577943   0.336298  -0.241645 
      220.5000  -0.593686   0.356430  -0.237256 
      221.0000  -0.539574   0.298624  -0.240951 
      221.5000  -0.560878   0.314644  -0.246235 
      222.0000  -0.570214   0.328208  -0.242007 
      222.5000  -0.575761   0.325907  -0.249854 
      223.0000  -0.546159   0.304620  -0.241539 
      223.5000  -0.540469   0.298093  -0.242376 
      224.0000  -0.592462   0.351200  -0.241262 
      224.5000  -0.596772   0.358863  -0.237910 
      225.0000  -0.541888   0.309273  -0.232615 
      225.5000  -0.541406   0.306568  -0.234838 
      226.0000  -0.553562   0.312290  -0.241272 
      226.5000  -0.568038   0.319366  -0.248672 
      227.0000  -0.570793   0.327637  -0.243156 
      227.5000  -0.561206   0.325297  -0.235910 
      228.0000  -0.617514   0.385556  -0.231958 
      228.5000  -0.578890   0.340698  -0.238192 
      229.0000  -0.589259   0.341116  -0.248143 
      229.5000  -0.586872   0.332720  -0.254151 
      230.0000  -0.603114   0.340816  -0.262298 
      230.5000  -0.569054   0.307510  -0.261544 
      231.0000  -0.588572   0.326792  -0.261780 
      231.5000  -0.591209   0.324656  -0.266553 
      232.0000  -0.580429   0.311836  -0.268594 
      232.5000  -0.580819   0.314214  -0.266605 
      233.0000  -0.578169   0.316216  -0.261953 
      233.5000  -0.591900   0.331742  -0.260158 
      234.0000  -0.584347   0.312616  -0.271731 
      234.5000  -0.584319   0.319232  -0.265087 
      235.0000  -0.580698   0.319271  -0.261428 
      235.5000  -0.556256   0.298822  -0.257434 
      236.0000  -0.581947   0.321157  -0.260790 
      236.5000  -0.557771   0.303234  -0.254537 
      237.0000  -0.571853   0.318005  -0.253848 
      237.5000  -0.572143   0.314883  -0.257260 
      238.0000  -0.573947   0.313828  -0.260119 
      238.5000  -0.586393   0.332945  -0.253448 
      239.0000  -0.564715   0.307117  -0.257598 
      239.5000  -0.571397   0.312197  -0.259201 
      240.0000  -0.576499   0.309683  -0.266816 
      240.5000  -0.567208   0.306993  -0.260214 
      241.0000  -0.572704   0.320221  -0.252483 
      241.5000  -0.593170   0.338979  -0.254191 
      242.0000  -0.569462   0.302472  -0.266990 
      242.5000  -0.592801   0.329260  -0.263542 
      243.0000  -0.590445   0.315489  -0.274957 
      243.5000  -0.581013   0.307530  -0.273483 
      244.0000  -0.606216   0.328550  -0.277666 
      244.5000  -0.608336   0.328800  -0.279535 
      245.0000  -0.597497   0.313123  -0.284374 
      245.5000  -0.593640   0.305132  -0.288508 
      246.0000  -0.612976   0.319145  -0.293832 
      246.5000  -0.611082   0.314975  -0.296106 
      247.0000  -0.614633   0.317521  -0.297111 
      247.5000  -0.623649   0.324580  -0.299069 
      248.0000  -0.605951   0.302300  -0.303651 
      248.5000  -0.638611   0.332852  -0.305760 
      249.0000  -0.640467   0.334381  -0.306086 
      249.5000  -0.600997   0.307184  -0.293813 
      250.0000  -0.640513   0.348012  -0.292502 
      250.5000  -0.608468   0.309973  -0.298494 
      251.0000  -0.576111   0.288949  -0.287162 
      251.5000  -0.620936   0.336302  -0.284634 
      252.0000  -0.594413   0.316199  -0.278215 
      252.5000  -0.626634   0.342818  -0.283816 
      253.0000  -0.591284   0.307147  -0.284137 
      253.5000  -0.624708   0.343753  -0.280956 
      254.0000  -0.560921   0.293360  -0.267561 
      254.5000  -0.607465   0.343720  -0.263745 
      255.0000  -0.582600   0.319127  -0.263472 
      255.5000  -0.600709   0.336682  -0.264028 
      256.0000  -0.583710   0.318056  -0.265654 
      256.5000  -0.586276   0.315469  -0.270807 
      257.0000  -0.600499   0.321896  -0.278604 
      257.5000  -0.593999   0.297470  -0.296529 
      258.0000  -0.637407   0.334483  -0.302925 
      258.5000  -0.592798   0.276832  -0.315966 
      259.0000  -0.622442   0.302866  -0.319575 
      259.5000  -0.616855   0.297901  -0.318954 
      260.0000  -0.603987   0.290981  -0.313006 
      260.5000  -0.636358   0.321741  -0.314617 
      261.0000  -0.630233   0.316692  -0.313541 
      261.5000  -0.621780   0.306911  -0.314869 
      262.0000  -0.608702   0.300085  -0.308617 
      262.5000  -0.619395   0.305580  -0.313815 
      263.0000  -0.627911   0.308155  -0.319756 
      263.5000  -0.604858   0.281836  -0.323022 
      264.0000  -0.602318   0.289474  -0.312844 
      264.5000  -0.615247   0.303089  -0.312158 
      265.0000  -0.645201   0.337495  -0.307706 
      265.5000  -0.602457   0.292327  -0.310131 
      266.0000  -0.611338   0.301722  -0.309616 
      266.5000  -0.605293   0.290337  -0.314956 
      267.0000  -0.623435   0.304343  -0.319092 
      267.5000  -0.601137   0.286013  -0.315124 
      268.0000  -0.598577   0.283706  -0.314871 
      268.5000  -0.622567   0.311939  -0.310628 
      269.0000  -0.589237   0.271940  -0.317297 
      269.5000  -0.594727   0.283864  -0.310863 
      270.0000  -0.575558   0.272739  -0.302819 
      270.5000  -0.607135   0.308148  -0.298987 
      271.0000  -0.552586   0.250297  -0.302289 
      271.5000  -0.598668   0.305570  -0.293098 
      272.0000  -0.569549   0.280711  -0.288838 
      272.5000  -0.569093   0.281036  -0.288057 
      273.0000  -0.564322   0.269830  -0.294491 
      273.5000  -0.601485   0.310063  -0.291422 
      274.0000  -0.598718   0.304829  -0.293889 
      274.5000  -0.555295   0.270732  -0.284563 
      275.0000  -0.588345   0.311289  -0.277055 
      275.5000  -0.568712   0.285739  -0.282973 
      276.0000  -0.592134   0.308861  -0.283273 
      276.5000  -0.561224   0.277690  -0.283534 
      277.0000  -0.579008   0.294331  -0.284677 
      277.5000  -0.587766   0.306350  -0.281417 
      278.0000  -0.582792   0.298627  -0.284165 
      278.5000  -0.589355   0.311522  -0.277832 
      279.0000  -0.572809   0.299870  -0.272939 
      279.5000  -0.566890   0.287897  -0.278993 
      280.0000  -0.572642   0.290367  -0.282275 
      280.5000  -0.590675   0.303538  -0.287137 
      281.0000  -0.624662   0.344141  -0.280520 
      281.5000  -0.557773   0.282611  -0.275162 
      282.0000  -0.612877   0.333606  -0.279271 
      282.5000  -0.585126   0.303593  -0.281532 
      283.0000  -0.605464   0.327908  -0.277556 
      283.5000  -0.573538   0.299818  -0.273720 
      284.0000  -0.595258   0.321326  -0.273932 
      284.5000  -0.588208   0.303699  -0.284509 
      285.0000  -0.565005   0.283306  -0.281699 
      285.5000  -0.602078   0.317666  -0.284412 
      286.0000  -0.573717   0.282613  -0.291104 
      286.5000  -0.608146   0.312242  -0.295903 
      287.0000  -0.588863   0.300499  -0.288364 
      287.5000  -0.573663   0.292004  -0.281660 
      288.0000  -0.576518   0.284160  -0.292358 
      288.5000  -0.607948   0.318705  -0.289243 
      289.0000  -0.631899   0.344327  -0.287572 
      289.5000  -0.576076   0.294653  -0.281423 
      290.0000  -0.605847   0.320378  -0.285468 
      290.5000  -0.611592   0.325407  -0.286184 
      291.0000  -0.607408   0.308649  -0.298759 
      291.5000  -0.609098   0.318597  -0.290501 
      292.0000  -0.587462   0.302324  -0.285137 
      292.5000  -0.605824   0.315226  -0.290598 
      293.0000  -0.594149   0.302014  -0.292135 
      293.5000  -0.627511   0.335467  -0.292044 
      294.0000  -0.580399   0.291751  -0.288649 
      294.5000  -0.610240   0.328107  -0.282133 
      295.0000  -0.607507   0.320036  -0.287471 
      295.5000  -0.641089   0.349454  -0.291635 
      296.0000  -0.591930   0.312389  -0.279541 
      296.5000  -0.614261   0.327763  -0.286498 
      297.0000  -0.636138   0.344409  -0.291729 
      297.5000  -0.606573   0.312007  -0.294566 
      298.0000  -0.606160   0.308554  -0.297606 
      298.5000  -0.602484   0.300608  -0.301876 
      299.0000  -0.613497   0.314515  -0.298982 
      299.5000  -0.614724   0.317696  -0.297028 
      300.0000  -0.608180   0.308171  -0.300009 
      300.5000  -0.616365   0.308035  -0.308330 
      301.0000  -0.610717   0.299259  -0.311458 
      301.5000  -0.603501   0.303222  -0.300278 
      302.0000  -0.599237   0.299115  -0.300121 
      302.5000  -0.642663   0.336605  -0.306058 
      303.0000  -0.603977   0.298067  -0.305911 
      303.5000  -0.612142   0.309046  -0.303096 
      304.0000  -0.606354   0.304633  -0.301721 
      304.5000  -0.611339   0.302163  -0.309176 
      305.0000  -0.611374   0.298688  -0.312686 
      305.5000  -0.615496   0.298656  -0.316839 
      306.0000  -0.622402   0.295825  -0.326577 
      306.5000  -0.592409   0.266764  -0.325645 
      307.0000  -0.649041   0.318443  -0.330598 
      307.5000  -0.605847   0.274222  -0.331625 
      308.0000  -0.629598   0.303956  -0.325642 
      308.5000  -0.622298   0.295495  -0.326803 
      309.0000  -0.613245   0.287109  -0.326136 
      309.5000  -0.614536   0.295865  -0.318671 
      310.0000  -0.644448   0.328744  -0.315703 
      310.5000  -0.633129   0.322833  -0.310296 
      311.0000  -0.659265   0.342075  -0.317190 
      311.5000  -0.632312   0.311481  -0.320831 
      312.0000  -0.645950   0.327219  -0.318730 
      312.5000  -0.635837   0.308102  -0.327735 
      313.0000  -0.637821   0.304939  -0.332882 
      313.5000  -0.657605   0.329905  -0.327700 
      314.0000  -0.618964   0.290833  -0.328131 
      314.5000  -0.592662   0.261960  -0.330702 
      315.0000  -0.625269   0.283916  -0.341353 
      315.5000  -0.647126   0.307306  -0.339820 
      316.0000  -0.620497   0.275688  -0.344808 
      316.5000  -0.622143   0.281065  -0.341078 
      317.0000  -0.639587   0.303490  -0.336097 
      317.5000  -0.641273   0.299119  -0.342154 
      318.0000  -0.654486   0.309417  -0.345069 
      318.5000  -0.673700   0.326221  -0.347479 
      319.0000  -0.633214   0.290584  -0.342630 
      319.5000  -0.634125   0.295030  -0.339096 
      320.0000  -0.642222   0.300727  -0.341495 
      320.5000  -0.654740   0.302413  -0.352327 
      321.0000  -0.642121   0.290959  -0.351162 
      321.5000  -0.650837   0.309544  -0.341293 
      322.0000  -0.652576   0.306975  -0.345600 
      322.5000  -0.650524   0.299609  -0.350915 
      323.0000  -0.643015   0.302660  -0.340355 
      323.5000  -0.669434   0.322588  -0.346846 
      324.0000  -0.646777   0.316464  -0.330313 
      324.5000  -0.639801   0.312013  -0.327787 
      325.0000  -0.641896   0.309002  -0.332894 
      325.5000  -0.615501   0.281491  -0.334009 
      326.0000  -0.664608   0.340414  -0.324194 
      326.5000  -0.638338   0.329287  -0.309051 
      327.0000  -0.656478   0.346139  -0.310338 
      327.5000  -0.657519   0.350963  -0.306556 
      328.0000  -0.640718   0.332508  -0.308210 
      328.5000  -0.621377   0.314595  -0.306782 
      329.0000  -0.640349   0.329209  -0.311140 
      329.5000  -0.628484   0.313557  -0.314927 
      330.0000  -0.646224   0.328448  -0.317776 
      330.5000  -0.661472   0.336071  -0.325401 
      331.0000  -0.641363   0.307980  -0.333383 
      331.5000  -0.628765   0.294886  -0.333879 
      332.0000  -0.632492   0.295251  -0.337241 
      332.5000  -0.636144   0.295815  -0.340329 
      333.0000  -0.654879   0.313754  -0.341124 
      333.5000  -0.610706   0.272349  -0.338357 
      334.0000  -0.625609   0.293456  -0.332153 
      334.5000  -0.633804   0.295559  -0.338245 
      335.0000  -0.644823   0.304006  -0.340816 
      335.5000  -0.623546   0.288352  -0.335194 
      336.0000  -0.649753   0.320919  -0.328834 
      336.5000  -0.616557   0.285695  -0.330862 
      337.0000  -0.626215   0.295113  -0.331102 
      337.5000  -0.620212   0.284261  -0.335952 
      338.0000  -0.651788   0.308906  -0.342882 
      338.5000  -0.612285   0.268197  -0.344088 
      339.0000  -0.664618   0.322529  -0.342088 
      339.5000  -0.657864   0.319584  -0.338279 
      340.0000  -0.666476   0.328671  -0.337805 
      340.5000  -0.660592   0.321811  -0.338780 
      341.0000  -0.620806   0.275024  -0.345781 
      341.5000  -0.645013   0.297012  -0.348001 
      342.0000  -0.650733   0.302738  -0.347995 
      342.5000  -0.679062   0.326114  -0.352948 
      343.0000  -0.656006   0.296507  -0.359499 
      343.5000  -0.677603   0.325281  -0.352321 
      344.0000  -0.636002   0.287634  -0.348368 
      344.5000  -0.673056   0.325344  -0.347712 
      345.0000  -0.656436   0.321801  -0.334634 
      345.5000  -0.665856   0.330762  -0.335095 
      346.0000  -0.661810   0.323442  -0.338368 
      346.5000  -0.654177   0.320422  -0.333755 
      347.0000  -0.670369   0.332259  -0.338110 
      347.5000  -0.661847   0.320848  -0.341000 
      348.0000  -0.645401   0.292562  -0.352839 
      348.5000  -0.677796   0.321190  -0.356606 
      349.0000  -0.659475   0.301756  -0.357719 
      349.5000  -0.671338   0.310829  -0.360509 
      350.0000  -0.678763   0.315165  -0.363598 
      350.5000  -0.683376   0.326269  -0.357107 
      351.0000  -0.677299   0.325603  -0.351696 
      351.5000  -0.690229   0.340374  -0.349854 
      352.0000  -0.690473   0.340971  -0.349502 
      352.5000  -0.674341   0.330150  -0.344191 
      353.0000  -0.662403   0.303797  -0.358606 
      353.5000  -0.687989   0.318170  -0.369819 
      354.0000  -0.657910   0.287068  -0.370842 
      354.5000  -0.697809   0.328920  -0.368889 
      355.0000  -0.667894   0.295858  -0.372036 
      355.5000  -0.695035   0.323696  -0.371339 
      356.0000  -0.672531   0.303689  -0.368842 
      356.5000  -0.672040   0.314696  -0.357343 
      357.0000  -0.640611   0.284508  -0.356103 
      357.5000  -0.664974   0.302187  -0.362787 
      358.0000  -0.673983   0.309916  -0.364067 
      358.5000  -0.682856   0.316068  -0.366788 
      359.0000  -0.654074   0.290137  -0.363938 
      359.5000  -0.694128   0.324813  -0.369315 
      360.0000  -0.637966   0.273906  -0.364060 
      360.5000  -0.672378   0.310795  -0.361583 
      361.0000  -0.650863   0.284675  -0.366188 
      361.5000  -0.643960   0.277136  -0.366824 
      362.0000  -0.666993   0.302877  -0.364116 
      362.5000  -0.671191   0.303814  -0.367377 
      363.0000  -0.684160   0.320949  -0.363212 
      363.5000  -0.666709   0.298978  -0.367731 
      364.0000  -0.666141   0.300722  -0.365419 
      364.5000  -0.676489   0.315777  -0.360712 
      365.0000  -0.680719   0.320786  -0.359933 
      365.5000  -0.650153   0.293628  -0.356525 
      366.0000  -0.681454   0.330620  -0.350835 
      366.5000  -0.663748   0.303831  -0.359917 
      367.0000  -0.666368   0.314312  -0.352056 
      367.5000  -0.647711   0.304749  -0.342962 
      368.0000  -0.673895   0.330561  -0.343334 
      368.5000  -0.663265   0.316876  -0.346389 
      369.0000  -0.657022   0.309133  -0.347890 
      369.5000  -0.671761   0.319001  -0.352760 
      370.0000  -0.640694   0.287812  -0.352882 
      370.5000  -0.692239   0.333643  -0.358596 
      371.0000  -0.693193   0.331025  -0.362168 
      371.5000  -0.684274   0.314176  -0.370098 
      372.0000  -0.659348   0.292968  -0.366380 
      372.5000  -0.693609   0.326862  -0.366747 
      373.0000  -0.687754   0.310176  -0.377578 
      373.5000  -0.705848   0.318523  -0.387325 
      374.0000  -0.663168   0.269403  -0.393765 
      374.5000  -0.676708   0.284859  -0.391850 
      375.0000  -0.705052   0.316040  -0.389011 
      375.5000  -0.682755   0.294584  -0.388171 
      376.0000  -0.732966   0.338588  -0.394379 
      376.5000  -0.690177   0.287895  -0.402282 
      377.0000  -0.699040   0.291390  -0.407650 
      377.5000  -0.724182   0.297002  -0.427179 
      378.0000  -0.697476   0.266271  -0.431205 
      378.5000  -0.745469   0.311324  -0.434145 
      379.0000  -0.719141   0.288012  -0.431130 
      379.5000  -0.707038   0.283725  -0.423313 
      380.0000  -0.739975   0.307946  -0.432029 
      380.5000  -0.708575   0.292749  -0.415826 
      381.0000  -0.714945   0.303958  -0.410987 
      381.5000  -0.737918   0.324912  -0.413005 
      382.0000  -0.706571   0.292879  -0.413693 
      382.5000  -0.723557   0.314982  -0.408575 
      383.0000  -0.695090   0.283670  -0.411420 
      383.5000  -0.703025   0.300943  -0.402083 
      384.0000  -0.703684   0.301991  -0.401693 
      384.5000  -0.705828   0.306143  -0.399685 
      385.0000  -0.718022   0.323334  -0.394688 
      385.5000  -0.701009   0.296479  -0.404529 
      386.0000  -0.709286   0.300898  -0.408388 
      386.5000  -0.713405   0.298026  -0.415378 
      387.0000  -0.689765   0.271016  -0.418749 
      387.5000  -0.687416   0.266163  -0.421253 
      388.0000  -0.709268   0.289661  -0.419607 
      388.5000  -0.694172   0.277387  -0.416784 
      389.0000  -0.707803   0.295150  -0.412653 
      389.5000  -0.703176   0.294268  -0.408907 
      390.0000  -0.698581   0.293877  -0.404704 
      390.5000  -0.709808   0.306831  -0.402977 
      391.0000  -0.692691   0.292648  -0.400043 
      391.5000  -0.686407   0.286465  -0.399941 
      392.0000  -0.690721   0.292079  -0.398642 
      392.5000  -0.718101   0.319340  -0.398762 
      393.0000  -0.673751   0.276429  -0.397323 
      393.5000  -0.691557   0.287141  -0.404416 
      394.0000  -0.683739   0.275543  -0.408197 
      394.5000  -0.687720   0.278848  -0.408873 
      395.0000  -0.693205   0.284540  -0.408666 
      395.5000  -0.708321   0.293948  -0.414372 
      396.0000  -0.690258   0.277191  -0.413067 
      396.5000  -0.711097   0.303863  -0.407234 
      397.0000  -0.692331   0.285407  -0.406924 
      397.5000  -0.678234   0.277339  -0.400895 
      398.0000  -0.696949   0.291121  -0.405828 
      398.5000  -0.690086   0.286374  -0.403712 
      399.0000  -0.691596   0.298148  -0.393448 
      399.5000  -0.682725   0.295929  -0.386797 
      400.0000  -0.703609   0.318128  -0.385481 
      400.5000  -0.679476   0.296780  -0.382695 
      401.0000  -0.663693   0.273207  -0.390486 
      401.5000  -0.693153   0.297902  -0.395250 
      402.0000  -0.704393   0.307006  -0.397387 
      402.5000  -0.692591   0.300039  -0.392552 
      403.0000  -0.720773   0.333211  -0.387562 
      403.5000  -0.676358   0.286033  -0.390325 
      404.0000  -0.696589   0.307562  -0.389027 
      404.5000  -0.679392   0.299090  -0.380303 
      405.0000  -0.689544   0.309432  -0.380112 
      405.5000  -0.707090   0.330549  -0.376541 
      406.0000  -0.709246   0.325743  -0.383502 
      406.5000  -0.691572   0.318122  -0.373449 
      407.0000  -0.676812   0.312285  -0.364527 
      407.5000  -0.645911   0.286533  -0.359379 
      408.0000  -0.679967   0.317192  -0.362775 
      408.5000  -0.687301   0.328509  -0.358793 
      409.0000  -0.659244   0.302439  -0.356804 
      409.5000  -0.704589   0.340503  -0.364086 
      410.0000  -0.645167   0.278514  -0.366653 
      410.5000  -0.663541   0.296252  -0.367289 
      411.0000  -0.690438   0.319589  -0.370849 
      411.5000  -0.715189   0.349144  -0.366045 
      412.0000  -0.657297   0.292304  -0.364993 
      412.5000  -0.666730   0.300320  -0.366410 
      413.0000  -0.681625   0.321773  -0.359852 
      413.5000  -0.666883   0.313664  -0.353218 
      414.0000  -0.694271   0.359857  -0.334414 
      414.5000  -0.696393   0.352581  -0.343812 
      415.0000  -0.666237   0.320796  -0.345442 
      415.5000  -0.692245   0.346088  -0.346157 
      416.0000  -0.656171   0.307184  -0.348987 
      416.5000  -0.699885   0.350451  -0.349434 
      417.0000  -0.675444   0.331469  -0.343976 
      417.5000  -0.700228   0.355275  -0.344953 
      418.0000  -0.679200   0.332568  -0.346633 
      418.5000  -0.665534   0.315916  -0.349618 
      419.0000  -0.655636   0.298524  -0.357111 
      419.5000  -0.637662   0.276181  -0.361481 
      420.0000  -0.659745   0.289182  -0.370563 
      420.5000  -0.659011   0.283279  -0.375732 
      421.0000  -0.687074   0.317795  -0.369279 
      421.5000  -0.682356   0.318382  -0.363974 
      422.0000  -0.692209   0.335720  -0.356489 
      422.5000  -0.670071   0.316678  -0.353393 
      423.0000  -0.648468   0.307163  -0.341306 
      423.5000  -0.672481   0.326606  -0.345875 
      424.0000  -0.654461   0.318291  -0.336170 
      424.5000  -0.661767   0.326327  -0.335440 
      425.0000  -0.650056   0.317407  -0.332648 
      425.5000  -0.645683   0.314982  -0.330701 
      426.0000  -0.668762   0.328319  -0.340443 
      426.5000  -0.656906   0.323186  -0.333720 
      427.0000  -0.614069   0.276148  -0.337921 
      427.5000  -0.658600   0.321384  -0.337216 
      428.0000  -0.670423   0.324732  -0.345691 
      428.5000  -0.661264   0.315262  -0.346002 
      429.0000  -0.629452   0.293889  -0.335563 
      429.5000  -0.621365   0.290965  -0.330400 
      430.0000  -0.649981   0.312436  -0.337545 
      430.5000  -0.642128   0.306312  -0.335815 
      431.0000  -0.643871   0.308498  -0.335374 
      431.5000  -0.668176   0.326196  -0.341980 
      432.0000  -0.653036   0.307200  -0.345836 
      432.5000  -0.642659   0.300197  -0.342463 
      433.0000  -0.668712   0.314509  -0.354203 
      433.5000  -0.682594   0.336109  -0.346485 
      434.0000  -0.660852   0.306797  -0.354055 
      434.5000  -0.680869   0.335247  -0.345623 
      435.0000  -0.638042   0.284719  -0.353323 
      435.5000  -0.681049   0.324036  -0.357013 
      436.0000  -0.649491   0.289509  -0.359982 
      436.5000  -0.693326   0.327586  -0.365741 
      437.0000  -0.673592   0.298904  -0.374688 
      437.5000  -0.710901   0.338333  -0.372568 
      438.0000  -0.690993   0.317507  -0.373486 
      438.5000  -0.688801   0.311649  -0.377152 
      439.0000  -0.692181   0.322498  -0.369683 
      439.5000  -0.673191   0.297591  -0.375599 
      440.0000  -0.671519   0.293446  -0.378072 
      440.5000  -0.687448   0.307715  -0.379732 
      441.0000  -0.671172   0.291323  -0.379849 
      441.5000  -0.670382   0.288386  -0.381995 
      442.0000  -0.672878   0.287809  -0.385069 
      442.5000  -0.661770   0.278412  -0.383358 
      443.0000  -0.697840   0.312798  -0.385042 
      443.5000  -0.679987   0.292218  -0.387769 
      444.0000  -0.700974   0.320181  -0.380793 
      444.5000  -0.647106   0.278318  -0.368788 
      445.0000  -0.703033   0.332343  -0.370690 
      445.5000  -0.651115   0.282607  -0.368509 
      446.0000  -0.697583   0.322751  -0.374832 
      446.5000  -0.680627   0.304818  -0.375809 
      447.0000  -0.688112   0.322163  -0.365949 
      447.5000  -0.651515   0.287756  -0.363759 
      448.0000  -0.670094   0.310646  -0.359448 
      448.5000  -0.673795   0.313343  -0.360452 
      449.0000  -0.684198   0.323184  -0.361014 
      449.5000  -0.666377   0.322261  -0.344115 
      450.0000  -0.676705   0.333212  -0.343493 
      450.5000  -0.681159   0.346972  -0.334187 
      451.0000  -0.670274   0.321670  -0.348604 
      451.5000  -0.680679   0.331350  -0.349329 
      452.0000  -0.672523   0.317949  -0.354573 
      452.5000  -0.677072   0.320338  -0.356734 
      453.0000  -0.687779   0.321985  -0.365793 
      453.5000  -0.662984   0.297132  -0.365851 
      454.0000  -0.654745   0.296650  -0.358095 
      454.5000  -0.649483   0.291094  -0.358389 
      455.0000  -0.647109   0.296696  -0.350413 
      455.5000  -0.632611   0.285709  -0.346902 
      456.0000  -0.647141   0.305258  -0.341883 
      456.5000  -0.645283   0.297547  -0.347736 
      457.0000  -0.653006   0.308876  -0.344129 
      457.5000  -0.644564   0.292713  -0.351851 
      458.0000  -0.638972   0.291206  -0.347766 
      458.5000  -0.651816   0.312425  -0.339391 
      459.0000  -0.630728   0.287269  -0.343459 
      459.5000  -0.643959   0.290627  -0.353332 
      460.0000  -0.639454   0.284087  -0.355367 
      460.5000  -0.632982   0.269208  -0.363774 
      461.0000  -0.656893   0.300182  -0.356711 
      461.5000  -0.664910   0.309018  -0.355892 
      462.0000  -0.651320   0.300395  -0.350926 
      462.5000  -0.644155   0.290965  -0.353190 
      463.0000  -0.655726   0.301207  -0.354519 
      463.5000  -0.636518   0.289328  -0.347190 
      464.0000  -0.654801   0.302824  -0.351976 
      464.5000  -0.625329   0.264650  -0.360679 
      465.0000  -0.657633   0.300420  -0.357213 
      465.5000  -0.645085   0.293236  -0.351849 
      466.0000  -0.664384   0.316118  -0.348266 
      466.5000  -0.643940   0.288972  -0.354968 
      467.0000  -0.638342   0.280569  -0.357772 
      467.5000  -0.626792   0.269873  -0.356919 
      468.0000  -0.651038   0.292898  -0.358140 
      468.5000  -0.642001   0.282737  -0.359264 
      469.0000  -0.636960   0.277214  -0.359746 
      469.5000  -0.647841   0.293603  -0.354238 
      470.0000  -0.652939   0.293620  -0.359318 
      470.5000  -0.655405   0.293080  -0.362325 
      471.0000  -0.646060   0.276240  -0.369820 
      471.5000  -0.666064   0.290651  -0.375413 
      472.0000  -0.647092   0.267158  -0.379934 
      472.5000  -0.652047   0.266164  -0.385884 
      473.0000  -0.686668   0.302197  -0.384471 
      473.5000  -0.656672   0.265033  -0.391639 
      474.0000  -0.671512   0.280208  -0.391303 
      474.5000  -0.635705   0.252807  -0.382898 
      475.0000  -0.627848   0.252108  -0.375740 
      475.5000  -0.668506   0.287273  -0.381232 
      476.0000  -0.629566   0.249801  -0.379765 
      476.5000  -0.643736   0.265366  -0.378370 
      477.0000  -0.646773   0.272475  -0.374297 
      477.5000  -0.652369   0.279060  -0.373309 
      478.0000  -0.632074   0.255702  -0.376372 
      478.5000  -0.650842   0.271061  -0.379781 
      479.0000  -0.681649   0.311035  -0.370614 
      479.5000  -0.645549   0.275765  -0.369784 
      480.0000  -0.666351   0.309641  -0.356711 
      480.5000  -0.655737   0.301354  -0.354384 
      481.0000  -0.650988   0.296618  -0.354370 
      481.5000  -0.643300   0.286628  -0.356672 
      482.0000  -0.643741   0.291183  -0.352558 
      482.5000  -0.642039   0.297088  -0.344951 
      483.0000  -0.642026   0.294887  -0.347139 
      483.5000  -0.631572   0.284336  -0.347236 
      484.0000  -0.633703   0.289186  -0.344516 
      484.5000  -0.662801   0.318529  -0.344272 
      485.0000  -0.643848   0.296467  -0.347382 
      485.5000  -0.646566   0.303112  -0.343453 
      486.0000  -0.650544   0.297852  -0.352692 
      486.5000  -0.640814   0.285327  -0.355487 
      487.0000  -0.645872   0.282971  -0.362900 
      487.5000  -0.618605   0.250412  -0.368194 
      488.0000  -0.632262   0.273624  -0.358638 
      488.5000  -0.661968   0.299499  -0.362470 
      489.0000  -0.629847   0.271598  -0.358249 
      489.5000  -0.602507   0.229554  -0.372953 
      490.0000  -0.590059   0.227949  -0.362110 
      490.5000  -0.644901   0.271192  -0.373709 
      491.0000  -0.638542   0.269556  -0.368986 
      491.5000  -0.645991   0.278103  -0.367888 
      492.0000  -0.651131   0.281864  -0.369267 
      492.5000  -0.645248   0.289167  -0.356081 
      493.0000  -0.653126   0.287009  -0.366117 
      493.5000  -0.621962   0.257811  -0.364151 
      494.0000  -0.631751   0.270715  -0.361036 
      494.5000  -0.687044   0.329526  -0.357518 
      495.0000  -0.657288   0.290810  -0.366479 
      495.5000  -0.649233   0.284123  -0.365110 
      496.0000  -0.633597   0.257702  -0.375894 
      496.5000  -0.661908   0.278839  -0.383069 
      497.0000  -0.669618   0.285554  -0.384064 
      497.5000  -0.667507   0.283212  -0.384295 
      498.0000  -0.664595   0.279506  -0.385089 
      498.5000  -0.658972   0.277335  -0.381638 
      499.0000  -0.657090   0.264446  -0.392643 
      499.5000  -0.682670   0.290237  -0.392433 
      500.0000  -0.627565   0.243010  -0.384555 
