        0.0000  -1.016306   0.301302  -0.715005 
        0.5000  -0.813543   2.465579   1.652036 
        1.0000  -0.618448   5.883430   5.264981 
        1.5000  -0.474088   6.160728   5.686640 
        2.0000  -0.418256   2.882854   2.464599 
        2.5000  -0.392494   1.055221   0.662727 
        3.0000  -0.418156   3.556927   3.138771 
        3.5000  -0.398306   5.967767   5.569461 
        4.0000  -0.394925   4.624633   4.229708 
        4.5000  -0.366707   1.442012   1.075304 
        5.0000  -0.385092   1.579239   1.194147 
        5.5000  -0.368728   4.566032   4.197304 
        6.0000  -0.342227   5.392970   5.050743 
        6.5000  -0.258965   2.858192   2.599228 
        7.0000  -0.292584   0.827237   0.534653 
        7.5000  -0.245282   2.361600   2.116318 
        8.0000  -0.268923   4.807636   4.538713 
        8.5000  -0.273601   4.179011   3.905410 
        9.0000  -0.302409   1.533231   1.230823 
        9.5000  -0.251200   0.902141   0.650941 
       10.0000  -0.264808   3.209709   2.944901 
       10.5000  -0.294607   4.435060   4.140453 
       11.0000  -0.256358   2.882027   2.625670 
       11.5000  -0.213697   0.726233   0.512536 
       12.0000  -0.279401   1.522238   1.242837 
       12.5000  -0.269322   3.698275   3.428952 
       13.0000  -0.207125   3.774795   3.567670 
       13.5000  -0.081643   2.536988   2.455345 
       14.0000  -0.067725   2.021688   1.953963 
       14.5000  -0.021315   2.729813   2.708498 
       15.0000   0.024418   3.323065   3.347483 
       15.5000  -0.002673   2.906500   2.903827 
       16.0000   0.040742   1.864604   1.905346 
       16.5000   0.013013   1.813762   1.826776 
       17.0000   0.096812   2.532413   2.629224 
       17.5000   0.090191   2.873966   2.964157 
       18.0000   0.114034   2.154823   2.268857 
       18.5000   0.105211   1.387306   1.492517 
       19.0000   0.113567   1.684893   1.798460 
       19.5000   0.131477   2.401431   2.532908 
       20.0000   0.147645   2.378328   2.525973 
       20.5000   0.154340   1.577473   1.731813 
       21.0000   0.179950   1.083318   1.263268 
       21.5000   0.174146   1.638223   1.812369 
       22.0000   0.202916   2.154966   2.357882 
       22.5000   0.187222   1.889587   2.076810 
       23.0000   0.224566   1.118658   1.343224 
       23.5000   0.241631   0.963270   1.204901 
       24.0000   0.187437   1.639404   1.826841 
       24.5000   0.210991   1.897654   2.108645 
       25.0000   0.229012   1.459140   1.688153 
       25.5000   0.278213   0.802665   1.080878 
       26.0000   0.230354   0.966091   1.196445 
       26.5000   0.238486   1.513632   1.752118 
       27.0000   0.247461   1.600691   1.848152 
       27.5000   0.272921   1.093236   1.366157 
       28.0000   0.265162   0.687125   0.952287 
       28.5000   0.306614   0.946716   1.253329 
       29.0000   0.284150   1.449322   1.733471 
       29.5000   0.312748   1.377019   1.689766 
       30.0000   0.307040   0.894826   1.201866 
       30.5000   0.318468   0.618830   0.937298 
       31.0000   0.318000   0.948820   1.266820 
       31.5000   0.306468   1.322732   1.629200 
       32.0000   0.323675   1.190479   1.514155 
       32.5000   0.343998   0.703046   1.047044 
       33.0000   0.335753   0.560288   0.896040 
       33.5000   0.340877   0.956680   1.297557 
       34.0000   0.332924   1.200456   1.533380 
       34.5000   0.344887   0.993232   1.338119 
       35.0000   0.351367   0.544365   0.895732 
       35.5000   0.305203   0.581776   0.886979 
       36.0000   0.333550   0.951981   1.285532 
       36.5000   0.320772   1.105058   1.425829 
       37.0000   0.311398   0.897146   1.208544 
       37.5000   0.338861   0.515926   0.854787 
       38.0000   0.365573   0.581616   0.947188 
       38.5000   0.339191   0.958389   1.297580 
       39.0000   0.322564   1.047734   1.370298 
       39.5000   0.347221   0.780073   1.127294 
       40.0000   0.356390   0.471923   0.828313 
       40.5000   0.348838   0.624688   0.973526 
       41.0000   0.344656   0.927228   1.271885 
       41.5000   0.361095   0.933385   1.294480 
       42.0000   0.341874   0.699043   1.040917 
       42.5000   0.374726   0.441521   0.816247 
       43.0000   0.374298   0.604313   0.978611 
       43.5000   0.360248   0.925390   1.285638 
       44.0000   0.379720   0.904122   1.283842 
       44.5000   0.363674   0.651902   1.015576 
       45.0000   0.385238   0.436519   0.821758 
       45.5000   0.355278   0.669150   1.024429 
       46.0000   0.369810   0.888476   1.258287 
       46.5000   0.353771   0.857362   1.211133 
       47.0000   0.413650   0.525172   0.938822 
       47.5000   0.369527   0.439171   0.808699 
       48.0000   0.388799   0.625930   1.014729 
       48.5000   0.397978   0.803557   1.201535 
       49.0000   0.354754   0.803600   1.158353 
       49.5000   0.383691   0.511434   0.895125 
       50.0000   0.364557   0.441427   0.805984 
       50.5000   0.393964   0.607505   1.001469 
       51.0000   0.364533   0.792229   1.156762 
       51.5000   0.362810   0.718512   1.081322 
       52.0000   0.351565   0.488605   0.840170 
       52.5000   0.362060   0.402127   0.764187 
       53.0000   0.351770   0.607628   0.959398 
       53.5000   0.348986   0.733395   1.082381 
       54.0000   0.317874   0.710550   1.028424 
       54.5000   0.353702   0.474637   0.828339 
       55.0000   0.347747   0.423823   0.771570 
       55.5000   0.336779   0.607193   0.943972 
       56.0000   0.311943   0.744604   1.056547 
       56.5000   0.320825   0.689687   1.010512 
       57.0000   0.304918   0.491729   0.796647 
       57.5000   0.311344   0.435197   0.746541 
       58.0000   0.319069   0.597000   0.916070 
       58.5000   0.354590   0.649802   1.004392 
       59.0000   0.358753   0.604125   0.962878 
       59.5000   0.379284   0.400490   0.779774 
       60.0000   0.317785   0.408919   0.726704 
       60.5000   0.350532   0.529563   0.880095 
       61.0000   0.343153   0.614134   0.957286 
       61.5000   0.330070   0.589269   0.919339 
       62.0000   0.311433   0.459917   0.771350 
       62.5000   0.346164   0.369872   0.716036 
       63.0000   0.302377   0.540181   0.842557 
       63.5000   0.307006   0.622228   0.929234 
       64.0000   0.262978   0.634361   0.897339 
       64.5000   0.306827   0.449982   0.756810 
       65.0000   0.324665   0.368397   0.693062 
       65.5000   0.264026   0.516271   0.780297 
       66.0000   0.312085   0.569531   0.881616 
       66.5000   0.314506   0.553300   0.867806 
       67.0000   0.325347   0.441546   0.766893 
       67.5000   0.284901   0.401857   0.686758 
       68.0000   0.319674   0.430955   0.750629 
       68.5000   0.284699   0.553677   0.838376 
       69.0000   0.293488   0.535339   0.828828 
       69.5000   0.276896   0.490453   0.767349 
       70.0000   0.253779   0.430152   0.683931 
       70.5000   0.258049   0.441579   0.699628 
       71.0000   0.295635   0.495367   0.791003 
       71.5000   0.267278   0.520398   0.787677 
       72.0000   0.257553   0.495700   0.753253 
       72.5000   0.228216   0.439396   0.667612 
       73.0000   0.269304   0.402739   0.672043 
       73.5000   0.239317   0.493661   0.732979 
       74.0000   0.232539   0.501768   0.734307 
       74.5000   0.225497   0.492352   0.717848 
       75.0000   0.228238   0.432253   0.660491 
       75.5000   0.187300   0.440910   0.628209 
       76.0000   0.227821   0.449048   0.676869 
       76.5000   0.190982   0.509741   0.700723 
       77.0000   0.196325   0.495363   0.691688 
       77.5000   0.192570   0.466139   0.658709 
       78.0000   0.160250   0.435487   0.595737 
       78.5000   0.211996   0.391517   0.603513 
       79.0000   0.196600   0.452744   0.649344 
       79.5000   0.168037   0.488615   0.656652 
       80.0000   0.163603   0.479647   0.643250 
       80.5000   0.161998   0.426683   0.588681 
       81.0000   0.181611   0.405652   0.587263 
       81.5000   0.194191   0.449433   0.643625 
       82.0000   0.156546   0.493046   0.649592 
       82.5000   0.197677   0.436828   0.634505 
       83.0000   0.206145   0.389190   0.595336 
       83.5000   0.182299   0.386389   0.568688 
       84.0000   0.169160   0.418476   0.587636 
       84.5000   0.175292   0.424700   0.599992 
       85.0000   0.177136   0.411508   0.588644 
       85.5000   0.140685   0.432315   0.572999 
       86.0000   0.153662   0.405318   0.558980 
       86.5000   0.127995   0.439097   0.567092 
       87.0000   0.142763   0.452158   0.594921 
       87.5000   0.158437   0.445468   0.603905 
       88.0000   0.143011   0.450753   0.593764 
       88.5000   0.197278   0.386940   0.584218 
       89.0000   0.143451   0.417086   0.560537 
       89.5000   0.121414   0.439717   0.561131 
       90.0000   0.109848   0.461786   0.571633 
       90.5000   0.087192   0.469014   0.556206 
       91.0000   0.066333   0.479631   0.545964 
       91.5000   0.079382   0.437768   0.517150 
       92.0000   0.042096   0.461035   0.503131 
       92.5000   0.068304   0.455031   0.523335 
       93.0000   0.045465   0.484505   0.529971 
       93.5000   0.042013   0.491164   0.533177 
       94.0000   0.024026   0.500064   0.524090 
       94.5000   0.043595   0.456539   0.500134 
       95.0000   0.080346   0.422227   0.502573 
       95.5000   0.028459   0.483089   0.511548 
       96.0000   0.031155   0.482169   0.513325 
       96.5000   0.037791   0.468538   0.506329 
       97.0000  -0.006184   0.508235   0.502051 
       97.5000  -0.010605   0.494715   0.484110 
       98.0000   0.012364   0.474221   0.486585 
       98.5000   0.012544   0.502634   0.515178 
       99.0000   0.012915   0.504171   0.517086 
       99.5000  -0.033316   0.541859   0.508543 
      100.0000  -0.009876   0.497467   0.487591 
      100.5000  -0.017102   0.483060   0.465958 
      101.0000  -0.034069   0.506462   0.472393 
      101.5000  -0.059268   0.540572   0.481303 
      102.0000   0.002152   0.475233   0.477384 
      102.5000  -0.029383   0.486121   0.456738 
      103.0000  -0.070531   0.512107   0.441576 
      103.5000  -0.043133   0.491937   0.448805 
      104.0000  -0.064550   0.500338   0.435788 
      104.5000  -0.043312   0.479489   0.436177 
      105.0000  -0.067784   0.497218   0.429435 
      105.5000  -0.088420   0.499191   0.410772 
      106.0000  -0.042387   0.453762   0.411375 
      106.5000  -0.085535   0.494786   0.409251 
      107.0000  -0.049008   0.465957   0.416948 
      107.5000  -0.081271   0.494217   0.412946 
      108.0000  -0.091734   0.486141   0.394406 
      108.5000  -0.100017   0.480397   0.380380 
      109.0000  -0.114030   0.483320   0.369290 
      109.5000  -0.124900   0.486598   0.361697 
      110.0000  -0.142688   0.501427   0.358739 
      110.5000  -0.187150   0.546340   0.359189 
      111.0000  -0.147612   0.493519   0.345907 
      111.5000  -0.149524   0.485123   0.335599 
      112.0000  -0.179869   0.488655   0.308786 
      112.5000  -0.139597   0.443246   0.303649 
      113.0000  -0.144193   0.444013   0.299821 
      113.5000  -0.132480   0.439286   0.306805 
      114.0000  -0.149593   0.465704   0.316111 
      114.5000  -0.132192   0.448449   0.316257 
      115.0000  -0.107089   0.428395   0.321305 
      115.5000  -0.128295   0.452200   0.323905 
      116.0000  -0.110723   0.434232   0.323508 
      116.5000  -0.138599   0.466232   0.327633 
      117.0000  -0.100757   0.423421   0.322663 
      117.5000  -0.122770   0.440548   0.317778 
      118.0000  -0.123985   0.444776   0.320792 
      118.5000  -0.121795   0.443078   0.321283 
      119.0000  -0.127039   0.445819   0.318780 
      119.5000  -0.141936   0.467615   0.325680 
      120.0000  -0.148089   0.472909   0.324821 
      120.5000  -0.122735   0.434492   0.311757 
      121.0000  -0.116928   0.427442   0.310514 
      121.5000  -0.152634   0.462182   0.309548 
      122.0000  -0.104394   0.405857   0.301463 
      122.5000  -0.127349   0.416118   0.288769 
      123.0000  -0.100759   0.393405   0.292646 
      123.5000  -0.123324   0.427353   0.304029 
      124.0000  -0.128460   0.419852   0.291392 
      124.5000  -0.161583   0.440226   0.278644 
      125.0000  -0.165570   0.428113   0.262543 
      125.5000  -0.150590   0.424792   0.274203 
      126.0000  -0.165537   0.446010   0.280474 
      126.5000  -0.164823   0.437968   0.273145 
      127.0000  -0.161851   0.429194   0.267343 
      127.5000  -0.161919   0.421818   0.259900 
      128.0000  -0.171143   0.429966   0.258823 
      128.5000  -0.183267   0.444010   0.260743 
      129.0000  -0.193809   0.455955   0.262146 
      129.5000  -0.196872   0.461125   0.264253 
      130.0000  -0.211466   0.475295   0.263829 
      130.5000  -0.239629   0.511008   0.271379 
      131.0000  -0.222598   0.481452   0.258854 
      131.5000  -0.238898   0.491554   0.252656 
      132.0000  -0.210915   0.460479   0.249564 
      132.5000  -0.196938   0.446889   0.249950 
      133.0000  -0.215933   0.452974   0.237040 
      133.5000  -0.207282   0.433104   0.225822 
      134.0000  -0.276980   0.503351   0.226371 
      134.5000  -0.210923   0.424457   0.213534 
      135.0000  -0.258850   0.471755   0.212905 
      135.5000  -0.237937   0.459484   0.221547 
      136.0000  -0.223870   0.437190   0.213319 
      136.5000  -0.246721   0.449380   0.202659 
      137.0000  -0.239731   0.438843   0.199112 
      137.5000  -0.234001   0.426349   0.192348 
      138.0000  -0.224731   0.408037   0.183306 
      138.5000  -0.248621   0.437355   0.188734 
      139.0000  -0.270745   0.466269   0.195525 
      139.5000  -0.285469   0.483230   0.197761 
      140.0000  -0.259647   0.445590   0.185944 
      140.5000  -0.277140   0.453067   0.175928 
      141.0000  -0.294044   0.474566   0.180522 
      141.5000  -0.291189   0.466887   0.175699 
      142.0000  -0.271493   0.449718   0.178225 
      142.5000  -0.269894   0.445574   0.175680 
      143.0000  -0.270132   0.447908   0.177776 
      143.5000  -0.320620   0.492209   0.171589 
      144.0000  -0.309788   0.471984   0.162196 
      144.5000  -0.281817   0.440352   0.158535 
      145.0000  -0.321743   0.472114   0.150371 
      145.5000  -0.286767   0.447767   0.160999 
      146.0000  -0.300385   0.459999   0.159614 
      146.5000  -0.304536   0.461468   0.156932 
      147.0000  -0.271704   0.419426   0.147721 
      147.5000  -0.293751   0.434509   0.140758 
      148.0000  -0.244070   0.403156   0.159086 
      148.5000  -0.241708   0.399785   0.158077 
      149.0000  -0.264668   0.422168   0.157500 
      149.5000  -0.270635   0.426819   0.156185 
      150.0000  -0.253306   0.406105   0.152799 
      150.5000  -0.248554   0.400451   0.151897 
      151.0000  -0.247131   0.401436   0.154305 
      151.5000  -0.242473   0.399710   0.157238 
      152.0000  -0.264160   0.421647   0.157487 
      152.5000  -0.272209   0.427323   0.155114 
      153.0000  -0.270390   0.421343   0.150954 
      153.5000  -0.240885   0.378848   0.137963 
      154.0000  -0.257325   0.392597   0.135272 
      154.5000  -0.247422   0.379181   0.131758 
      155.0000  -0.249838   0.372393   0.122556 
      155.5000  -0.251285   0.363135   0.111850 
      156.0000  -0.253276   0.365828   0.112552 
      156.5000  -0.257309   0.358049   0.100741 
      157.0000  -0.233434   0.331401   0.097968 
      157.5000  -0.258791   0.359514   0.100723 
      158.0000  -0.237866   0.340997   0.103131 
      158.5000  -0.252430   0.353258   0.100829 
      159.0000  -0.271781   0.372116   0.100335 
      159.5000  -0.234057   0.335860   0.101803 
      160.0000  -0.262582   0.354041   0.091459 
      160.5000  -0.280199   0.365708   0.085509 
      161.0000  -0.277284   0.362093   0.084809 
      161.5000  -0.241036   0.320594   0.079558 
      162.0000  -0.233314   0.313887   0.080573 
      162.5000  -0.247555   0.331288   0.083733 
      163.0000  -0.241435   0.324058   0.082623 
      163.5000  -0.243882   0.331925   0.088043 
      164.0000  -0.265776   0.356952   0.091176 
      164.5000  -0.269837   0.363568   0.093730 
      165.0000  -0.275527   0.368201   0.092674 
      165.5000  -0.232853   0.325474   0.092621 
      166.0000  -0.268393   0.357981   0.089588 
      166.5000  -0.264191   0.355156   0.090965 
      167.0000  -0.228302   0.317546   0.089244 
      167.5000  -0.237136   0.325163   0.088027 
      168.0000  -0.282741   0.358246   0.075505 
      168.5000  -0.295877   0.368381   0.072504 
      169.0000  -0.287847   0.346728   0.058882 
      169.5000  -0.254432   0.301606   0.047174 
      170.0000  -0.307006   0.350024   0.043017 
      170.5000  -0.265141   0.320920   0.055779 
      171.0000  -0.296428   0.358767   0.062339 
      171.5000  -0.276671   0.335329   0.058659 
      172.0000  -0.278512   0.334098   0.055586 
      172.5000  -0.327245   0.388208   0.060963 
      173.0000  -0.302765   0.368957   0.066192 
      173.5000  -0.296474   0.357653   0.061179 
      174.0000  -0.296462   0.357975   0.061513 
      174.5000  -0.317774   0.368457   0.050683 
      175.0000  -0.295410   0.353979   0.058569 
      175.5000  -0.286687   0.352352   0.065665 
      176.0000  -0.325095   0.387667   0.062572 
      176.5000  -0.322476   0.386130   0.063655 
      177.0000  -0.322108   0.389505   0.067397 
      177.5000  -0.333848   0.402827   0.068979 
      178.0000  -0.370040   0.433856   0.063816 
      178.5000  -0.337915   0.393211   0.055296 
      179.0000  -0.341894   0.388004   0.046110 
      179.5000  -0.357753   0.384165   0.026412 
      180.0000  -0.374958   0.404409   0.029451 
      180.5000  -0.426300   0.467908   0.041608 
      181.0000  -0.379991   0.419684   0.039693 
      181.5000  -0.366054   0.410020   0.043966 
      182.0000  -0.420125   0.456602   0.036477 
      182.5000  -0.389997   0.428138   0.038141 
      183.0000  -0.390564   0.418846   0.028282 
      183.5000  -0.368545   0.398460   0.029915 
      184.0000  -0.380738   0.401559   0.020821 
      184.5000  -0.359059   0.373167   0.014107 
      185.0000  -0.411510   0.411167  -0.000343 
      185.5000  -0.405251   0.398039  -0.007212 
      186.0000  -0.388550   0.395688   0.007138 
      186.5000  -0.415904   0.420685   0.004780 
      187.0000  -0.420780   0.434910   0.014130 
      187.5000  -0.452058   0.452788   0.000730 
      188.0000  -0.398950   0.395783  -0.003167 
      188.5000  -0.417368   0.402854  -0.014514 
      189.0000  -0.411241   0.383253  -0.027989 
      189.5000  -0.403614   0.366265  -0.037349 
      190.0000  -0.406650   0.368526  -0.038124 
      190.5000  -0.377811   0.357067  -0.020744 
      191.0000  -0.420856   0.395083  -0.025773 
      191.5000  -0.417117   0.382732  -0.034385 
      192.0000  -0.421726   0.393408  -0.028318 
      192.5000  -0.423862   0.405940  -0.017923 
      193.0000  -0.411897   0.381923  -0.029975 
      193.5000  -0.411354   0.390411  -0.020943 
      194.0000  -0.400373   0.380557  -0.019816 
      194.5000  -0.418018   0.396368  -0.021650 
      195.0000  -0.412818   0.394655  -0.018163 
      195.5000  -0.454271   0.433012  -0.021259 
      196.0000  -0.412188   0.393466  -0.018722 
      196.5000  -0.403262   0.374936  -0.028326 
      197.0000  -0.445426   0.410542  -0.034884 
      197.5000  -0.415653   0.385693  -0.029959 
      198.0000  -0.419799   0.396100  -0.023699 
      198.5000  -0.391352   0.362817  -0.028535 
      199.0000  -0.418790   0.390619  -0.028171 
      199.5000  -0.415869   0.377693  -0.038175 
      200.0000  -0.440888   0.399875  -0.041013 
      200.5000  -0.427667   0.373446  -0.054221 
      201.0000  -0.425547   0.378367  -0.047180 
      201.5000  -0.445142   0.383074  -0.062067 
      202.0000  -0.412147   0.359704  -0.052443 
      202.5000  -0.436046   0.377086  -0.058960 
      203.0000  -0.458298   0.401492  -0.056807 
      203.5000  -0.447356   0.394551  -0.052805 
      204.0000  -0.441519   0.378118  -0.063401 
      204.5000  -0.431535   0.362467  -0.069068 
      205.0000  -0.428880   0.364104  -0.064775 
      205.5000  -0.452566   0.389176  -0.063390 
      206.0000  -0.413381   0.343721  -0.069660 
      206.5000  -0.432455   0.354086  -0.078369 
      207.0000  -0.419553   0.329827  -0.089726 
      207.5000  -0.437874   0.347349  -0.090525 
      208.0000  -0.446647   0.347676  -0.098971 
      208.5000  -0.432972   0.332362  -0.100609 
      209.0000  -0.440626   0.333702  -0.106924 
      209.5000  -0.425775   0.318206  -0.107569 
      210.0000  -0.474108   0.367925  -0.106183 
      210.5000  -0.451800   0.339721  -0.112079 
      211.0000  -0.484377   0.368006  -0.116371 
      211.5000  -0.502725   0.386841  -0.115884 
      212.0000  -0.466946   0.346579  -0.120368 
      212.5000  -0.482884   0.349101  -0.133783 
      213.0000  -0.506263   0.380678  -0.125584 
      213.5000  -0.491417   0.364010  -0.127407 
      214.0000  -0.459828   0.339483  -0.120344 
      214.5000  -0.495855   0.375970  -0.119885 
      215.0000  -0.500242   0.379961  -0.120282 
      215.5000  -0.510987   0.377898  -0.133088 
      216.0000  -0.499743   0.369769  -0.129974 
      216.5000  -0.477817   0.346927  -0.130890 
      217.0000  -0.492657   0.358552  -0.134105 
      217.5000  -0.505659   0.382749  -0.122910 
      218.0000  -0.503162   0.382189  -0.120973 
      218.5000  -0.499355   0.373631  -0.125724 
      219.0000  -0.478751   0.352357  -0.126394 
      219.5000  -0.512863   0.393794  -0.119068 
      220.0000  -0.543244   0.427833  -0.115410 
      220.5000  -0.496403   0.367176  -0.129227 
      221.0000  -0.493940   0.369754  -0.124186 
      221.5000  -0.493177   0.368195  -0.124981 
      222.0000  -0.501269   0.368282  -0.132987 
      222.5000  -0.518267   0.378905  -0.139362 
      223.0000  -0.510753   0.364035  -0.146717 
      223.5000  -0.520004   0.370660  -0.149344 
      224.0000  -0.552015   0.404541  -0.147473 
      224.5000  -0.518959   0.377356  -0.141604 
      225.0000  -0.507184   0.360968  -0.146216 
      225.5000  -0.575190   0.430735  -0.144456 
      226.0000  -0.573241   0.421329  -0.151911 
      226.5000  -0.531276   0.376168  -0.155108 
      227.0000  -0.611471   0.445733  -0.165738 
      227.5000  -0.532845   0.368489  -0.164356 
      228.0000  -0.591827   0.432864  -0.158963 
      228.5000  -0.529832   0.370767  -0.159065 
      229.0000  -0.518373   0.352232  -0.166141 
      229.5000  -0.548937   0.379508  -0.169429 
      230.0000  -0.560889   0.394402  -0.166487 
      230.5000  -0.540300   0.361988  -0.178311 
      231.0000  -0.598203   0.402846  -0.195357 
      231.5000  -0.566515   0.365660  -0.200855 
      232.0000  -0.584748   0.380513  -0.204235 
      232.5000  -0.571209   0.375491  -0.195718 
      233.0000  -0.601699   0.414567  -0.187132 
      233.5000  -0.593693   0.416052  -0.177641 
      234.0000  -0.522807   0.338671  -0.184136 
      234.5000  -0.536119   0.352403  -0.183716 
      235.0000  -0.556494   0.373935  -0.182560 
      235.5000  -0.566949   0.379085  -0.187863 
      236.0000  -0.534898   0.334826  -0.200071 
      236.5000  -0.549164   0.346019  -0.203145 
      237.0000  -0.565444   0.360024  -0.205420 
      237.5000  -0.533332   0.320566  -0.212766 
      238.0000  -0.531136   0.316881  -0.214255 
      238.5000  -0.544615   0.338578  -0.206036 
      239.0000  -0.551868   0.346913  -0.204955 
      239.5000  -0.544533   0.332345  -0.212188 
      240.0000  -0.586594   0.363241  -0.223353 
      240.5000  -0.602331   0.371714  -0.230617 
      241.0000  -0.588323   0.346169  -0.242154 
      241.5000  -0.588946   0.353424  -0.235522 
      242.0000  -0.572421   0.336238  -0.236183 
      242.5000  -0.559329   0.328359  -0.230970 
      243.0000  -0.590857   0.363240  -0.227617 
      243.5000  -0.574912   0.344105  -0.230807 
      244.0000  -0.601683   0.368005  -0.233678 
      244.5000  -0.555415   0.322858  -0.232557 
      245.0000  -0.558969   0.326438  -0.232531 
      245.5000  -0.608547   0.367632  -0.240915 
      246.0000  -0.590386   0.351038  -0.239348 
      246.5000  -0.610272   0.367750  -0.242522 
      247.0000  -0.598158   0.364299  -0.233859 
      247.5000  -0.602171   0.361815  -0.240357 
      248.0000  -0.597668   0.361012  -0.236656 
      248.5000  -0.569952   0.330588  -0.239364 
      249.0000  -0.595797   0.368140  -0.227657 
      249.5000  -0.586681   0.352184  -0.234496 
      250.0000  -0.590801   0.355505  -0.235296 
      250.5000  -0.576053   0.344438  -0.231616 
      251.0000  -0.551500   0.323416  -0.228084 
      251.5000  -0.546486   0.323050  -0.223436 
      252.0000  -0.596475   0.372096  -0.224380 
      252.5000  -0.581802   0.349604  -0.232198 
      253.0000  -0.585245   0.351257  -0.233989 
      253.5000  -0.582250   0.346276  -0.235973 
      254.0000  -0.591777   0.360114  -0.231663 
      254.5000  -0.600990   0.362791  -0.238199 
      255.0000  -0.570389   0.330332  -0.240057 
      255.5000  -0.564082   0.321309  -0.242773 
      256.0000  -0.608376   0.364314  -0.244062 
      256.5000  -0.582703   0.338402  -0.244302 
      257.0000  -0.593566   0.344935  -0.248632 
      257.5000  -0.603964   0.349225  -0.254739 
      258.0000  -0.563232   0.303017  -0.260215 
      258.5000  -0.580655   0.319899  -0.260756 
      259.0000  -0.570673   0.309499  -0.261175 
      259.5000  -0.577879   0.321650  -0.256229 
      260.0000  -0.585171   0.333644  -0.251527 
      260.5000  -0.576299   0.326680  -0.249619 
      261.0000  -0.550500   0.306489  -0.244011 
      261.5000  -0.586132   0.343739  -0.242394 
      262.0000  -0.522779   0.275645  -0.247135 
      262.5000  -0.539354   0.294659  -0.244695 
      263.0000  -0.552254   0.303068  -0.249186 
      263.5000  -0.555105   0.306067  -0.249037 
      264.0000  -0.545770   0.298377  -0.247392 
      264.5000  -0.526628   0.280808  -0.245820 
      265.0000  -0.554568   0.299095  -0.255473 
      265.5000  -0.530880   0.278331  -0.252550 
      266.0000  -0.556522   0.297030  -0.259493 
      266.5000  -0.533688   0.280854  -0.252834 
      267.0000  -0.592801   0.338213  -0.254588 
      267.5000  -0.539092   0.285102  -0.253989 
      268.0000  -0.552481   0.295224  -0.257257 
      268.5000  -0.571058   0.314836  -0.256223 
      269.0000  -0.548778   0.291973  -0.256804 
      269.5000  -0.570619   0.320547  -0.250072 
      270.0000  -0.577898   0.330230  -0.247667 
      270.5000  -0.558412   0.311551  -0.246861 
      271.0000  -0.558169   0.311180  -0.246989 
      271.5000  -0.547942   0.303655  -0.244287 
      272.0000  -0.551519   0.300650  -0.250868 
      272.5000  -0.522140   0.276537  -0.245603 
      273.0000  -0.551604   0.305004  -0.246599 
      273.5000  -0.580556   0.320613  -0.259942 
      274.0000  -0.564637   0.308945  -0.255692 
      274.5000  -0.579601   0.321343  -0.258258 
      275.0000  -0.549894   0.293509  -0.256385 
      275.5000  -0.584842   0.331492  -0.253350 
      276.0000  -0.549460   0.288551  -0.260909 
      276.5000  -0.549720   0.295584  -0.254135 
      277.0000  -0.593170   0.324671  -0.268499 
      277.5000  -0.563642   0.291018  -0.272624 
      278.0000  -0.580595   0.308338  -0.272258 
      278.5000  -0.588521   0.317243  -0.271278 
      279.0000  -0.577977   0.317467  -0.260510 
      279.5000  -0.579928   0.327473  -0.252455 
      280.0000  -0.564172   0.327161  -0.237011 
      280.5000  -0.564407   0.326328  -0.238079 
      281.0000  -0.564256   0.324945  -0.239310 
      281.5000  -0.577274   0.337320  -0.239953 
      282.0000  -0.588861   0.349853  -0.239008 
      282.5000  -0.563409   0.325933  -0.237475 
      283.0000  -0.581028   0.350228  -0.230800 
      283.5000  -0.580294   0.350753  -0.229540 
      284.0000  -0.568893   0.341873  -0.227020 
      284.5000  -0.562414   0.331370  -0.231044 
      285.0000  -0.566724   0.329588  -0.237135 
      285.5000  -0.567300   0.318586  -0.248714 
      286.0000  -0.548610   0.301460  -0.247149 
      286.5000  -0.558189   0.311369  -0.246820 
      287.0000  -0.544455   0.302300  -0.242155 
      287.5000  -0.574031   0.329382  -0.244649 
      288.0000  -0.563389   0.318308  -0.245080 
      288.5000  -0.572518   0.323801  -0.248717 
      289.0000  -0.559629   0.314691  -0.244938 
      289.5000  -0.580326   0.338655  -0.241672 
      290.0000  -0.581038   0.331567  -0.249471 
      290.5000  -0.566875   0.319519  -0.247356 
      291.0000  -0.560180   0.307878  -0.252301 
      291.5000  -0.586461   0.329989  -0.256472 
      292.0000  -0.543477   0.285815  -0.257663 
      292.5000  -0.562552   0.305998  -0.256554 
      293.0000  -0.552388   0.291669  -0.260719 
      293.5000  -0.571400   0.302499  -0.268901 
      294.0000  -0.565292   0.301752  -0.263540 
      294.5000  -0.568430   0.305548  -0.262882 
      295.0000  -0.539978   0.270099  -0.269879 
      295.5000  -0.576499   0.306616  -0.269884 
      296.0000  -0.569638   0.295459  -0.274179 
      296.5000  -0.593558   0.320192  -0.273366 
      297.0000  -0.566404   0.296123  -0.270281 
      297.5000  -0.597522   0.332080  -0.265442 
      298.0000  -0.602373   0.326705  -0.275669 
      298.5000  -0.567853   0.284979  -0.282874 
      299.0000  -0.614548   0.324034  -0.290514 
      299.5000  -0.578873   0.293526  -0.285347 
      300.0000  -0.624500   0.332574  -0.291926 
      300.5000  -0.604587   0.313583  -0.291003 
      301.0000  -0.600176   0.313074  -0.287101 
      301.5000  -0.590304   0.301537  -0.288766 
      302.0000  -0.571746   0.282915  -0.288831 
      302.5000  -0.624995   0.337629  -0.287366 
      303.0000  -0.595781   0.303292  -0.292489 
      303.5000  -0.590776   0.304212  -0.286564 
      304.0000  -0.595131   0.302345  -0.292786 
      304.5000  -0.602878   0.310365  -0.292513 
      305.0000  -0.592444   0.298201  -0.294243 
      305.5000  -0.614341   0.315997  -0.298343 
      306.0000  -0.632410   0.332030  -0.300381 
      306.5000  -0.569314   0.273353  -0.295962 
      307.0000  -0.620017   0.326841  -0.293176 
      307.5000  -0.605027   0.315315  -0.289712 
      308.0000  -0.611520   0.330357  -0.281163 
      308.5000  -0.610515   0.331422  -0.279093 
      309.0000  -0.589326   0.308995  -0.280331 
      309.5000  -0.613755   0.328411  -0.285344 
      310.0000  -0.582253   0.289794  -0.292459 
      310.5000  -0.605000   0.315248  -0.289752 
      311.0000  -0.586185   0.295218  -0.290967 
      311.5000  -0.630550   0.337035  -0.293515 
      312.0000  -0.629071   0.335096  -0.293975 
      312.5000  -0.598943   0.308107  -0.290836 
      313.0000  -0.619044   0.320944  -0.298101 
      313.5000  -0.601946   0.295454  -0.306492 
      314.0000  -0.615859   0.303328  -0.312532 
      314.5000  -0.635918   0.317876  -0.318042 
      315.0000  -0.617869   0.305713  -0.312155 
      315.5000  -0.622336   0.315889  -0.306447 
      316.0000  -0.618688   0.302614  -0.316075 
      316.5000  -0.621187   0.303500  -0.317688 
      317.0000  -0.627428   0.308598  -0.318830 
      317.5000  -0.645733   0.334220  -0.311513 
      318.0000  -0.640969   0.331181  -0.309789 
      318.5000  -0.651801   0.338746  -0.313055 
      319.0000  -0.623819   0.313081  -0.310737 
      319.5000  -0.640353   0.332100  -0.308254 
      320.0000  -0.631927   0.320969  -0.310958 
      320.5000  -0.651105   0.335816  -0.315289 
      321.0000  -0.675589   0.359538  -0.316051 
      321.5000  -0.619811   0.305322  -0.314489 
      322.0000  -0.626907   0.301013  -0.325894 
      322.5000  -0.637414   0.321269  -0.316145 
      323.0000  -0.617930   0.305690  -0.312239 
      323.5000  -0.644589   0.320021  -0.324568 
      324.0000  -0.634995   0.309989  -0.325006 
      324.5000  -0.656799   0.342524  -0.314274 
      325.0000  -0.668343   0.353888  -0.314455 
      325.5000  -0.644568   0.332559  -0.312009 
      326.0000  -0.638962   0.321956  -0.317006 
      326.5000  -0.637891   0.315068  -0.322823 
      327.0000  -0.634050   0.304321  -0.329730 
      327.5000  -0.618380   0.282549  -0.335831 
      328.0000  -0.617498   0.283738  -0.333760 
      328.5000  -0.627951   0.295459  -0.332492 
      329.0000  -0.648242   0.305636  -0.342606 
      329.5000  -0.673071   0.333595  -0.339475 
      330.0000  -0.665046   0.324623  -0.340423 
      330.5000  -0.641915   0.310865  -0.331051 
      331.0000  -0.668826   0.337095  -0.331731 
      331.5000  -0.639913   0.302146  -0.337767 
      332.0000  -0.637771   0.300062  -0.337708 
      332.5000  -0.679892   0.335667  -0.344225 
      333.0000  -0.667661   0.328179  -0.339482 
      333.5000  -0.680707   0.344987  -0.335720 
      334.0000  -0.673890   0.337831  -0.336059 
      334.5000  -0.643900   0.303150  -0.340750 
      335.0000  -0.682769   0.331152  -0.351616 
      335.5000  -0.662537   0.310109  -0.352428 
      336.0000  -0.703425   0.354055  -0.349371 
      336.5000  -0.698572   0.348761  -0.349811 
      337.0000  -0.700554   0.346021  -0.354533 
      337.5000  -0.692441   0.343180  -0.349261 
      338.0000  -0.656641   0.308034  -0.348607 
      338.5000  -0.691874   0.331313  -0.360561 
      339.0000  -0.677852   0.326644  -0.351208 
      339.5000  -0.673682   0.326467  -0.347215 
      340.0000  -0.678514   0.319451  -0.359063 
      340.5000  -0.681183   0.317529  -0.363654 
      341.0000  -0.694202   0.327568  -0.366634 
      341.5000  -0.682313   0.316671  -0.365641 
      342.0000  -0.682170   0.303702  -0.378468 
      342.5000  -0.697321   0.323096  -0.374224 
      343.0000  -0.684026   0.309757  -0.374269 
      343.5000  -0.667599   0.302764  -0.364835 
      344.0000  -0.663800   0.297542  -0.366258 
      344.5000  -0.664777   0.296599  -0.368178 
      345.0000  -0.682079   0.300000  -0.382079 
      345.5000  -0.667307   0.287182  -0.380124 
      346.0000  -0.680929   0.302856  -0.378073 
      346.5000  -0.680480   0.309497  -0.370983 
      347.0000  -0.645062   0.276737  -0.368325 
      347.5000  -0.713992   0.346326  -0.367667 
      348.0000  -0.673508   0.303173  -0.370336 
      348.5000  -0.690578   0.308813  -0.381765 
      349.0000  -0.705501   0.320554  -0.384947 
      349.5000  -0.695005   0.303437  -0.391568 
      350.0000  -0.697012   0.297204  -0.399808 
      350.5000  -0.702356   0.309748  -0.392607 
      351.0000  -0.693929   0.302593  -0.391336 
      351.5000  -0.696632   0.304370  -0.392262 
      352.0000  -0.707119   0.327896  -0.379223 
      352.5000  -0.677074   0.302710  -0.374364 
      353.0000  -0.686787   0.303103  -0.383683 
      353.5000  -0.690561   0.307834  -0.382728 
      354.0000  -0.731928   0.353032  -0.378896 
      354.5000  -0.692368   0.318397  -0.373971 
      355.0000  -0.680972   0.290723  -0.390250 
      355.5000  -0.690989   0.298625  -0.392365 
      356.0000  -0.706817   0.307748  -0.399069 
      356.5000  -0.696735   0.299135  -0.397600 
      357.0000  -0.664074   0.274981  -0.389093 
      357.5000  -0.682554   0.300095  -0.382459 
      358.0000  -0.707696   0.331197  -0.376499 
      358.5000  -0.682300   0.313742  -0.368557 
      359.0000  -0.690110   0.321622  -0.368488 
      359.5000  -0.685850   0.315043  -0.370807 
      360.0000  -0.660093   0.290079  -0.370015 
      360.5000  -0.693747   0.326899  -0.366848 
      361.0000  -0.691863   0.327151  -0.364711 
      361.5000  -0.677521   0.325466  -0.352055 
      362.0000  -0.669103   0.316264  -0.352839 
      362.5000  -0.677084   0.310889  -0.366195 
      363.0000  -0.680394   0.313348  -0.367046 
      363.5000  -0.670240   0.301964  -0.368275 
      364.0000  -0.678838   0.312295  -0.366543 
      364.5000  -0.659608   0.294477  -0.365131 
      365.0000  -0.726926   0.358827  -0.368100 
      365.5000  -0.726547   0.347383  -0.379164 
      366.0000  -0.684494   0.301759  -0.382735 
      366.5000  -0.661515   0.281371  -0.380144 
      367.0000  -0.672454   0.297842  -0.374611 
      367.5000  -0.703201   0.334496  -0.368705 
      368.0000  -0.714885   0.346731  -0.368155 
      368.5000  -0.691374   0.317405  -0.373969 
      369.0000  -0.679921   0.312673  -0.367249 
      369.5000  -0.651840   0.282159  -0.369682 
      370.0000  -0.725347   0.354954  -0.370393 
      370.5000  -0.695877   0.316216  -0.379662 
      371.0000  -0.733871   0.346679  -0.387192 
      371.5000  -0.678289   0.292199  -0.386090 
      372.0000  -0.706189   0.314879  -0.391309 
      372.5000  -0.681032   0.295065  -0.385967 
      373.0000  -0.703288   0.319870  -0.383419 
      373.5000  -0.723950   0.344606  -0.379344 
      374.0000  -0.702048   0.317167  -0.384881 
      374.5000  -0.713671   0.328176  -0.385495 
      375.0000  -0.712765   0.320704  -0.392061 
      375.5000  -0.711633   0.322764  -0.388869 
      376.0000  -0.707961   0.315165  -0.392796 
      376.5000  -0.703281   0.309253  -0.394028 
      377.0000  -0.729190   0.344764  -0.384426 
      377.5000  -0.710404   0.324462  -0.385943 
      378.0000  -0.731675   0.348896  -0.382779 
      378.5000  -0.725811   0.335153  -0.390658 
      379.0000  -0.749527   0.354706  -0.394821 
      379.5000  -0.731834   0.333044  -0.398790 
      380.0000  -0.751528   0.352190  -0.399338 
      380.5000  -0.711853   0.316370  -0.395483 
      381.0000  -0.761485   0.358834  -0.402651 
      381.5000  -0.724068   0.315845  -0.408223 
      382.0000  -0.776303   0.367195  -0.409109 
      382.5000  -0.725303   0.318694  -0.406609 
      383.0000  -0.778272   0.376592  -0.401680 
      383.5000  -0.754420   0.359911  -0.394510 
      384.0000  -0.730518   0.330895  -0.399623 
      384.5000  -0.728693   0.326453  -0.402240 
      385.0000  -0.714768   0.309410  -0.405358 
      385.5000  -0.715926   0.311030  -0.404896 
      386.0000  -0.747967   0.350352  -0.397615 
      386.5000  -0.747421   0.347137  -0.400284 
      387.0000  -0.706129   0.308665  -0.397464 
      387.5000  -0.713905   0.318133  -0.395772 
      388.0000  -0.717794   0.319771  -0.398022 
      388.5000  -0.716761   0.313522  -0.403239 
      389.0000  -0.760485   0.365097  -0.395388 
      389.5000  -0.715463   0.317772  -0.397691 
      390.0000  -0.709661   0.312901  -0.396760 
      390.5000  -0.742676   0.347073  -0.395603 
      391.0000  -0.722009   0.327701  -0.394308 
      391.5000  -0.734276   0.342370  -0.391906 
      392.0000  -0.787377   0.407512  -0.379865 
      392.5000  -0.725966   0.354918  -0.371049 
      393.0000  -0.739781   0.362389  -0.377392 
      393.5000  -0.738671   0.364322  -0.374349 
      394.0000  -0.730191   0.358963  -0.371228 
      394.5000  -0.714275   0.346017  -0.368258 
      395.0000  -0.706535   0.330282  -0.376253 
      395.5000  -0.711603   0.343483  -0.368119 
      396.0000  -0.710903   0.341593  -0.369310 
      396.5000  -0.723698   0.356185  -0.367513 
      397.0000  -0.708344   0.328733  -0.379612 
      397.5000  -0.736016   0.351238  -0.384778 
      398.0000  -0.705636   0.320503  -0.385132 
      398.5000  -0.690449   0.302635  -0.387814 
      399.0000  -0.703913   0.314441  -0.389472 
      399.5000  -0.717743   0.323305  -0.394438 
      400.0000  -0.735278   0.346204  -0.389074 
      400.5000  -0.726174   0.341822  -0.384351 
      401.0000  -0.728612   0.346964  -0.381648 
      401.5000  -0.713580   0.330726  -0.382854 
      402.0000  -0.716810   0.334040  -0.382770 
      402.5000  -0.716171   0.335464  -0.380707 
      403.0000  -0.708950   0.318608  -0.390342 
      403.5000  -0.735807   0.340035  -0.395772 
      404.0000  -0.741485   0.349230  -0.392255 
      404.5000  -0.696191   0.311407  -0.384784 
      405.0000  -0.700798   0.319591  -0.381208 
      405.5000  -0.701416   0.317305  -0.384111 
      406.0000  -0.732028   0.343362  -0.388666 
      406.5000  -0.697904   0.313603  -0.384302 
      407.0000  -0.712161   0.322858  -0.389302 
      407.5000  -0.709543   0.320476  -0.389067 
      408.0000  -0.759107   0.372516  -0.386591 
      408.5000  -0.732683   0.337556  -0.395127 
      409.0000  -0.735207   0.335035  -0.400172 
      409.5000  -0.768102   0.368150  -0.399952 
      410.0000  -0.733974   0.337301  -0.396672 
      410.5000  -0.717630   0.310335  -0.407295 
      411.0000  -0.740070   0.320871  -0.419199 
      411.5000  -0.706323   0.290084  -0.416239 
      412.0000  -0.745966   0.337861  -0.408105 
      412.5000  -0.772660   0.357335  -0.415325 
      413.0000  -0.713314   0.299731  -0.413582 
      413.5000  -0.727816   0.309981  -0.417835 
      414.0000  -0.745456   0.331644  -0.413812 
      414.5000  -0.739961   0.325483  -0.414478 
      415.0000  -0.714113   0.301395  -0.412718 
      415.5000  -0.761290   0.345129  -0.416160 
      416.0000  -0.725552   0.308396  -0.417156 
      416.5000  -0.744560   0.331333  -0.413227 
      417.0000  -0.732028   0.311071  -0.420957 
      417.5000  -0.741483   0.321797  -0.419686 
      418.0000  -0.738457   0.307063  -0.431395 
      418.5000  -0.742740   0.308169  -0.434571 
      419.0000  -0.734635   0.295753  -0.438882 
      419.5000  -0.731319   0.286674  -0.444646 
      420.0000  -0.768532   0.316507  -0.452025 
      420.5000  -0.711779   0.258925  -0.452854 
      421.0000  -0.741247   0.291849  -0.449398 
      421.5000  -0.737174   0.286375  -0.450799 
      422.0000  -0.747835   0.297590  -0.450245 
      422.5000  -0.740119   0.291575  -0.448544 
      423.0000  -0.740751   0.292308  -0.448443 
      423.5000  -0.733903   0.277307  -0.456596 
      424.0000  -0.767769   0.313138  -0.454631 
      424.5000  -0.774624   0.324734  -0.449890 
      425.0000  -0.753180   0.303081  -0.450100 
      425.5000  -0.754415   0.303202  -0.451213 
      426.0000  -0.739387   0.282857  -0.456530 
      426.5000  -0.775208   0.312103  -0.463104 
      427.0000  -0.787517   0.332711  -0.454807 
      427.5000  -0.799306   0.336384  -0.462922 
      428.0000  -0.790252   0.330068  -0.460184 
      428.5000  -0.759258   0.301642  -0.457616 
      429.0000  -0.750540   0.282711  -0.467829 
      429.5000  -0.757599   0.285272  -0.472328 
      430.0000  -0.756820   0.289730  -0.467091 
      430.5000  -0.807260   0.332903  -0.474358 
      431.0000  -0.749162   0.281427  -0.467734 
      431.5000  -0.745098   0.285800  -0.459297 
      432.0000  -0.777970   0.300756  -0.477214 
      432.5000  -0.794713   0.316495  -0.478217 
      433.0000  -0.746256   0.277373  -0.468883 
      433.5000  -0.737836   0.277924  -0.459912 
      434.0000  -0.752837   0.292090  -0.460748 
      434.5000  -0.764500   0.304507  -0.459993 
      435.0000  -0.778259   0.326632  -0.451627 
      435.5000  -0.716467   0.260418  -0.456049 
      436.0000  -0.732218   0.277034  -0.455184 
      436.5000  -0.757096   0.314845  -0.442252 
      437.0000  -0.726082   0.282770  -0.443311 
      437.5000  -0.727031   0.281688  -0.445343 
      438.0000  -0.708956   0.262046  -0.446911 
      438.5000  -0.760696   0.316705  -0.443990 
      439.0000  -0.736410   0.297282  -0.439128 
      439.5000  -0.725361   0.281417  -0.443944 
      440.0000  -0.737323   0.293136  -0.444187 
      440.5000  -0.730760   0.279558  -0.451201 
      441.0000  -0.736601   0.290726  -0.445874 
      441.5000  -0.741693   0.295225  -0.446468 
      442.0000  -0.756940   0.310139  -0.446801 
      442.5000  -0.739716   0.295443  -0.444272 
      443.0000  -0.746309   0.301482  -0.444828 
      443.5000  -0.747141   0.309978  -0.437162 
      444.0000  -0.778500   0.341331  -0.437169 
      444.5000  -0.764894   0.327515  -0.437378 
      445.0000  -0.753606   0.316899  -0.436707 
      445.5000  -0.730705   0.290868  -0.439837 
      446.0000  -0.729877   0.296201  -0.433676 
      446.5000  -0.762812   0.316011  -0.446800 
      447.0000  -0.730952   0.275640  -0.455312 
      447.5000  -0.740044   0.284321  -0.455723 
      448.0000  -0.763853   0.310501  -0.453352 
      448.5000  -0.740301   0.290373  -0.449928 
      449.0000  -0.751221   0.303091  -0.448130 
      449.5000  -0.758535   0.308474  -0.450061 
      450.0000  -0.758023   0.303365  -0.454658 
      450.5000  -0.761817   0.312719  -0.449098 
      451.0000  -0.735128   0.282962  -0.452166 
      451.5000  -0.775216   0.319993  -0.455223 
      452.0000  -0.761515   0.302128  -0.459387 
      452.5000  -0.731701   0.276604  -0.455097 
      453.0000  -0.773132   0.308161  -0.464971 
      453.5000  -0.772809   0.293940  -0.478870 
      454.0000  -0.753392   0.276830  -0.476561 
      454.5000  -0.771508   0.289116  -0.482391 
      455.0000  -0.745910   0.266050  -0.479860 
      455.5000  -0.791715   0.314929  -0.476785 
      456.0000  -0.738290   0.271202  -0.467088 
      456.5000  -0.767662   0.305596  -0.462066 
      457.0000  -0.760970   0.296225  -0.464745 
      457.5000  -0.792136   0.325196  -0.466940 
      458.0000  -0.774006   0.308974  -0.465032 
      458.5000  -0.776597   0.308661  -0.467935 
      459.0000  -0.761004   0.306957  -0.454046 
      459.5000  -0.753908   0.296421  -0.457487 
      460.0000  -0.787088   0.338063  -0.449025 
      460.5000  -0.762421   0.312851  -0.449570 
      461.0000  -0.772410   0.325093  -0.447317 
      461.5000  -0.744267   0.291207  -0.453060 
      462.0000  -0.779770   0.322247  -0.457523 
      462.5000  -0.742336   0.284637  -0.457699 
      463.0000  -0.774218   0.320637  -0.453581 
      463.5000  -0.770484   0.313169  -0.457315 
      464.0000  -0.717748   0.271021  -0.446727 
      464.5000  -0.730029   0.290081  -0.439948 
      465.0000  -0.751544   0.321071  -0.430474 
      465.5000  -0.743625   0.308410  -0.435215 
      466.0000  -0.765181   0.338073  -0.427108 
      466.5000  -0.739161   0.301365  -0.437795 
      467.0000  -0.771067   0.331001  -0.440066 
      467.5000  -0.727487   0.288784  -0.438702 
      468.0000  -0.777210   0.348579  -0.428632 
      468.5000  -0.760009   0.330528  -0.429481 
      469.0000  -0.774694   0.344534  -0.430159 
      469.5000  -0.778466   0.343375  -0.435092 
      470.0000  -0.780317   0.343442  -0.436875 
      470.5000  -0.731900   0.297956  -0.433944 
      471.0000  -0.741685   0.297912  -0.443773 
      471.5000  -0.781965   0.344689  -0.437275 
      472.0000  -0.767654   0.336528  -0.431126 
      472.5000  -0.749765   0.314447  -0.435317 
      473.0000  -0.762288   0.323668  -0.438620 
      473.5000  -0.751897   0.315679  -0.436218 
      474.0000  -0.780738   0.343852  -0.436886 
      474.5000  -0.721659   0.279616  -0.442043 
      475.0000  -0.770830   0.344032  -0.426798 
      475.5000  -0.777601   0.351476  -0.426125 
      476.0000  -0.775098   0.345488  -0.429610 
      476.5000  -0.756475   0.324399  -0.432076 
      477.0000  -0.744152   0.313835  -0.430317 
      477.5000  -0.760909   0.325590  -0.435319 
      478.0000  -0.748013   0.313154  -0.434859 
      478.5000  -0.736556   0.308249  -0.428307 
      479.0000  -0.809477   0.375691  -0.433786 
      479.5000  -0.763722   0.327972  -0.435750 
      480.0000  -0.761550   0.324414  -0.437136 
      480.5000  -0.777095   0.336045  -0.441049 
      481.0000  -0.752097   0.315622  -0.436475 
      481.5000  -0.785647   0.350421  -0.435225 
      482.0000  -0.736188   0.307559  -0.428629 
      482.5000  -0.762942   0.331571  -0.431371 
      483.0000  -0.754957   0.321633  -0.433324 
      483.5000  -0.752748   0.314677  -0.438071 
      484.0000  -0.763535   0.323950  -0.439585 
      484.5000  -0.748786   0.312653  -0.436133 
      485.0000  -0.759039   0.316590  -0.442448 
      485.5000  -0.739909   0.291992  -0.447917 
      486.0000  -0.782640   0.334734  -0.447906 
      486.5000  -0.782242   0.328046  -0.454196 
      487.0000  -0.779167   0.321269  -0.457898 
      487.5000  -0.808798   0.354746  -0.454052 
      488.0000  -0.758945   0.303138  -0.455807 
      488.5000  -0.801704   0.349116  -0.452588 
      489.0000  -0.804052   0.342786  -0.461265 
      489.5000  -0.807015   0.341129  -0.465886 
      490.0000  -0.795575   0.329205  -0.466370 
      490.5000  -0.802014   0.335049  -0.466965 
      491.0000  -0.767356   0.295104  -0.472252 
      491.5000  -0.813673   0.336868  -0.476805 
      492.0000  -0.792211   0.305967  -0.486245 
      492.5000  -0.789706   0.301015  -0.488691 
      493.0000  -0.783012   0.299506  -0.483507 
      493.5000  -0.792188   0.315767  -0.476421 
      494.0000  -0.793625   0.319799  -0.473827 
      494.5000  -0.803505   0.322933  -0.480573 
      495.0000  -0.801993   0.327639  -0.474355 
      495.5000  -0.754529   0.279036  -0.475493 
      496.0000  -0.768536   0.287676  -0.480860 
      496.5000  -0.785791   0.301457  -0.484333 
      497.0000  -0.780054   0.302379  -0.477674 
      497.5000  -0.797637   0.315441  -0.482196 
      498.0000  -0.793370   0.305041  -0.488330 
      498.5000  -0.774549   0.293263  -0.481286 
      499.0000  -0.810668   0.331075  -0.479593 
      499.5000  -0.785440   0.302400  -0.483040 
      500.0000  -0.782662   0.288256  -0.494405 
