t = 0
b =  30.0 30.0 30.0
E = 0. 0. 0.
8.096987072988407 18.325445385979616 3.095901135337568 -0.12758881859819635 -0.7599643540398354 0.6373188165726257 0.7757896631034763 0.32388559892310026 0.5415242537800312 0.0 0.0 0.0 0.0 0.0 0.0
8.167407206324862 18.56332576521729 3.5724921886662844 0.25900094929403233 -0.946034026482862 0.19477712648412626 0.7757896631034763 0.32388559892310026 0.5415242537800312 0.0 0.0 0.0 0.0 0.0 0.0
8.29686661420237 18.585557658351192 4.093482694105728 0.5471919262845089 -0.7726895554196029 -0.32176365045558575 0.7757896631034763 0.32388559892310026 0.5415242537800312 0.0 0.0 0.0 0.0 0.0 0.0
8.551058438893849 18.431654943014482 4.541127165299514 0.6274955419183647 -0.3057874035719942 -0.7160610369858671 0.7757896631034763 0.32388559892310026 0.5415242537800312 0.0 0.0 0.0 0.0 0.0 0.0
8.948287892109796 18.208047979411926 4.8255455005814785 0.46940311001144275 0.277288495385365 -0.8383148636631136 0.7757896631034763 0.32388559892310026 0.5415242537800312 0.0 0.0 0.0 0.0 0.0 0.0
9.45251779902264 18.047648937057357 4.918869936313821 0.13297658860969028 0.7550178589294092 -0.6420788577576577 0.7757896631034763 0.32388559892310026 0.5415242537800312 0.0 0.0 0.0 0.0 0.0 0.0
9.987059723493179 18.05935623940242 4.865832476217266 -0.2539699620548843 0.9459033146407373 -0.20190635880403868 0.7757896631034763 0.32388559892310026 0.5415242537800312 0.0 0.0 0.0 0.0 0.0 0.0
10.463709187122129 18.286682232082725 4.766770455278338 -0.5444290779834805 0.7774242864599883 0.3149737415535354 0.7757896631034763 0.32388559892310026 0.5415242537800312 0.0 0.0 0.0 0.0 0.0 0.0
10.81625602529426 18.691222115323278 4.739506708637201 -0.6280504848173774 0.31358877401216556 0.7121900514147905 0.7757896631034763 0.32388559892310026 0.5415242537800312 0.0 0.0 0.0 0.0 0.0 0.0
11.025638735690634 19.167244569466984 4.874586706625157 -0.47306501202501156 -0.2693843566075871 0.8388334535608899 0.7757896631034763 0.32388559892310026 0.5415242537800312 0.0 0.0 0.0 0.0 0.0 0.0
11.127186261710895 19.581860851045803 5.200878816746251 -0.138354231939124 -0.7500138662858559 0.6467900021517609 0.7757896631034763 0.32388559892310026 0.5415242537800312 0.0 0.0 0.0 0.0 0.0 0.0
11.19719593620731 19.825511448205543 5.674606728209116 0.24891963401983896 -0.9457005685989901 0.2090202151730146 0.7757896631034763 0.32388559892310026 0.5415242537800312 0.0 0.0 0.0 0.0 0.0 0.0
11.323946849110815 19.85358957099663 6.195980804297498 0.5416247693003188 -0.7820998136310403 -0.30815984618159675 0.7757896631034763 0.32388559892310026 0.5415242537800312 0.0 0.0 0.0 0.0 0.0 0.0
11.574161145218575 19.703388016661716 6.647109833752523 0.628557599240373 -0.3213662634530885 -0.7082648298139442 0.7757896631034763 0.32388559892310026 0.5415242537800312 0.0 0.0 0.0 0.0 0.0 0.0
11.967655165850772 19.479931012460867 6.936789872965875 0.47669088830636697 0.26145970316808875 -0.8392881630435032 0.7757896631034763 0.32388559892310026 0.5415242537800312 0.0 0.0 0.0 0.0 0.0 0.0
12.469810889471505 19.316073755824025 7.035154149005221 0.1437213390581334 0.7449527571825872 -0.651451890983052 0.7757896631034763 0.32388559892310026 0.5415242537800312 0.0 0.0 0.0 0.0 0.0 0.0
13.004727896852739 19.322028503626928 6.985019945997017 -0.24385034979093337 0.9454258037975145 -0.2161181538433517 0.7757896631034763 0.32388559892310026 0.5415242537800312 0.0 0.0 0.0 0.0 0.0 0.0
13.484059209326366 19.543493093153337 6.885621603020054 -0.5387792137939912 0.7867157808732607 0.3013224832442807 0.7757896631034763 0.32388559892310026 0.5415242537800312 0.0 0.0 0.0 0.0 0.0 0.0
13.840575783062942 19.944289569683853 6.85490972957975 -0.6290168465686284 0.3291192796088285 0.7042856711041475 0.7757896631034763 0.32388559892310026 0.5415242537800312 0.0 0.0 0.0 0.0 0.0 0.0
14.053707946832155 20.420108796356956 6.984739797028016 -0.4802804627309958 -0.2535151385599125 0.8396789574830632 0.7757896631034763 0.32388559892310026 0.5415242537800312 0.0 0.0 0.0 0.0 0.0 0.0
14.157360164009793 20.83813923921846 7.305974709255084 -0.1490775012407355 -0.739834917042658 0.656064169230645 0.7757896631034763 0.32388559892310026 0.5415242537800312 0.0 0.0 0.0 0.0 0.0 0.0
14.227030160088873 21.087524289461154 7.776759469501365 0.2387624954137844 -0.9450790411607157 0.22319963427953682 0.7757896631034763 0.32388559892310026 0.5415242537800312 0.0 0.0 0.0 0.0 0.0 0.0
14.3511260745102 21.121478542534305 8.298422593404654 0.5358926281645627 -0.7912718366628744 -0.2944621734332495 0.7757896631034763 0.32388559892310026 0.5415242537800312 0.0 0.0 0.0 0.0 0.0 0.0
14.597378730383523 20.975062355542754 8.752963055608566 0.6294281918286782 -0.3368472320571899 -0.7002528783137447 0.7757896631034763 0.32388559892310026 0.5415242537800312 0.0 0.0 0.0 0.0 0.0 0.0
14.98710956238918 20.751861831404852 9.047880852167374 0.4838334619389044 0.24555126779241046 -0.8400058071190628 0.7757896631034763 0.32388559892310026 0.5415242537800312 0.0 0.0 0.0 0.0 0.0 0.0
23.877004647923986 24.02786603997 22.492888350064625 0.9797840794848534 -0.07409358006647164 -0.18583137243466705 0.18681992028259478 0.6711427124853825 0.7174021026337797 0.0 0.0 0.0 0.0 0.0 0.0
24.086669079432518 24.021497086842558 22.987545165154263 0.7517024695115668 0.37249884150960255 -0.5442315779190103 0.18681992028259478 0.6711427124853825 0.7174021026337797 0.0 0.0 0.0 0.0 0.0 0.0
24.46768411251857 24.100039256357924 23.35814437493299 0.23803652357575789 0.6775727253476657 -0.6958691078851713 0.18681992028259478 0.6711427124853825 0.7174021026337797 0.0 0.0 0.0 0.0 0.0 0.0
24.90295957864354 24.333034149936147 23.57012019967374 -0.3660634774249242 0.7252254024143012 -0.5831343294547032 0.18681992028259478 0.6711427124853825 0.7174021026337797 0.0 0.0 0.0 0.0 0.0 0.0
25.254790863571298 24.73134419681396 23.649170535666943 -0.8310898430969142 0.49735282398162056 -0.24885706977832278 0.18681992028259478 0.6711427124853825 0.7174021026337797 0.0 0.0 0.0 0.0 0.0 0.0
25.417175192614835 25.24302583556761 23.67149389477388 -0.9803712822952029 0.0805275924225412 0.17996515137517013 0.18681992028259478 0.6711427124853825 0.7174021026337797 0.0 0.0 0.0 0.0 0.0 0.0
25.356083857011754 25.773063741547784 23.734840315799396 -0.7571932804157951 -0.36689141784740903 0.5404156026643604 0.18681992028259478 0.6711427124853825 0.7174021026337797 0.0 0.0 0.0 0.0 0.0 0.0
25.122390289312772 26.21946873728539 23.921374490456458 -0.24634489170988594 -0.6749222443797395 0.6955531312343137 0.18681992028259478 0.6711427124853825 0.7174021026337797 0.0 0.0 0.0 0.0 0.0 0.0
24.832542395797265 26.51202518618017 24.26646002326399 0.35809404002355916 -0.7265388261740362 0.5864383962201468 0.18681992028259478 0.6711427124853825 0.7174021026337797 0.0 0.0 0.0 0.0 0.0 0.0
24.624322049972577 26.638967086788004 24.74522420694221 0.8264870589389787 -0.5021311608234191 0.25452590975482514 0.18681992028259478 0.6711427124853825 0.7174021026337797 0.0 0.0 0.0 0.0 0.0 0.0
24.604499455238482 26.65144817348656 25.282007579757718 0.9808838260367441 -0.08695547229067233 -0.17408522527263237 0.18681992028259478 0.6711427124853825 0.7174021026337797 0.0 0.0 0.0 0.0 0.0 0.0
24.808269359513016 26.6441077575404 25.77910821999473 0.7626264281201272 0.3612560539832688 -0.5365584726692633 0.18681992028259478 0.6711427124853825 0.7174021026337797 0.0 0.0 0.0 0.0 0.0 0.0
25.185879982073608 26.71911567046666 26.15390033950394 0.2546344997267475 0.6722203654698364 -0.6951841855195692 0.18681992028259478 0.6711427124853825 0.7174021026337797 0.0 0.0 0.0 0.0 0.0 0.0
25.621534546858996 26.947356236853217 26.37022520204997 -0.35009733237462876 0.727796921189249 -0.5896978034312295 0.18681992028259478 0.6711427124853825 0.7174021026337797 0.0 0.0 0.0 0.0 0.0 0.0
25.97738441371376 27.341498134325025 26.45212843174898 -0.8218213345916302 0.5068712584332414 -0.2601753665978622 0.18681992028259478 0.6711427124853825 0.7174021026337797 0.0 0.0 0.0 0.0 0.0 0.0
26.145900081489717 27.85118135110542 26.47472467844558 -0.9813216716772862 0.0933767301629269 0.16819204190619208 0.18681992028259478 0.6711427124853825 0.7174021026337797 0.0 0.0 0.0 0.0 0.0 0.0
26.090723443329505 28.382149796464553 26.535660306386866 -0.7680014988693293 -0.3555931790719578 0.532660481669102 0.18681992028259478 0.6711427124853825 0.7174021026337797 0.0 0.0 0.0 0.0 0.0 0.0
25.86048083933683 28.83206076546548 26.71801590788481 -0.2629047163405973 -0.6694672943764955 0.6947622988375823 0.18681992028259478 0.6711427124853825 0.7174021026337797 0.0 0.0 0.0 0.0 0.0 0.0
25.570309096982005 29.129366643648467 27.058742597263503 0.34207396345838104 -0.7289995916511324 0.5929123028714732 0.18681992028259478 0.6711427124853825 0.7174021026337797 0.0 0.0 0.0 0.0 0.0 0.0
25.35811312536089 29.260497041976574 27.534623664737765 0.8170930253678418 -0.5115727558343018 0.2658050100794234 0.18681992028259478 0.6711427124853825 0.7174021026337797 0.0 0.0 0.0 0.0 0.0 0.0
25.332173534582246 29.27501441451559 28.0710949926232 0.9816847858731889 -0.09979087703565667 -0.16228605006457816 0.18681992028259478 0.6711427124853825 0.7174021026337797 0.0 0.0 0.0 0.0 0.0 0.0
25.53000902163215 29.266784453494406 28.57057321029007 0.773318083330954 0.34990322436332577 -0.5287219265109823 0.18681992028259478 0.6711427124853825 0.7174021026337797 0.0 0.0 0.0 0.0 0.0 0.0
25.904122390109833 29.33831494347656 28.949529248172507 0.2711549117424207 0.6666632407567403 -0.6942875033166571 0.18681992028259478 0.6711427124853825 0.7174021026337797 0.0 0.0 0.0 0.0 0.0 0.0
26.340045529251103 29.561811340165804 29.170222427828126 -0.33402454428542294 0.7301467459716754 -0.5960816497442996 0.18681992028259478 0.6711427124853825 0.7174021026337797 0.0 0.0 0.0 0.0 0.0 0.0
26.699827763012415 29.95174471057339 29.255038776668794 -0.8123024913466674 0.5162352949893714 -0.2714144114803605 0.18681992028259478 0.6711427124853825 0.7174021026337797 0.0 0.0 0.0 0.0 0.0 0.0
26.874445618312116 30.45935393271717 29.277986201872444 -0.9819731409719001 0.10619742444674432 0.15636769951193658 0.18681992028259478 0.6711427124853825 0.7174021026337797 0.0 0.0 0.0 0.0 0.0 0.0
26.825222665229447 30.991170861105093 29.33657764909996 -0.7785757766265102 -0.34418662316945275 0.5247431071311294 0.18681992028259478 0.6711427124853825 0.7174021026337797 0.0 0.0 0.0 0.0 0.0 0.0
