t = 100000
b = 30 30 30
E = -0.488653286259935 -0.652680921565015 0.16402763530508
2.0156166827777 7.05471490370577 12.2379128124696 0.806339001982742 -0.438087422325138 0.397362208165404 -0.0160712304300106 0.655363145176122 0.755142858408758 -0.592250044939605 -0.483632342986005 0.182997208793363 0.166148008041334 0.0829306017270795 0.447083860386632
1.93334245677873 7.13269371664534 12.706220541541 0.803152604579937 0.426349653221811 -0.416139136840449 -0.0520939760627469 0.746066527036394 0.663830405976567 0.34560445155877 -0.28177610367266 -0.32452354827399 0.377102515754988 0.248712895560786 0.143338493265587
2.15956730983077 7.42368574533365 13.0437167340248 -0.0648471710219728 0.587918364143617 -0.806316780409065 -0.107430290141407 0.799208291623243 0.591375284577263 0.623035389142794 0.415949816144151 0.319051161144812 0.134939703612006 -0.127325053207759 0.707589378472693
2.83120636170829 7.19758645471012 13.0665341959737 -0.039072839929843 0.973389836249665 0.225799263095063 0.56516887113517 -0.164826247176399 0.808341715947502 -0.168892677255124 0.110112084613574 -0.0835416105617588 -0.567854850108765 -0.232736334780371 0.00193734199219177
3.24464882332199 7.16342097006337 13.4705211667109 -0.806994574348337 0.442345868843693 0.391266841483582 0.351153433622605 -0.173266952014497 0.920146556428913 0.492851651372854 -0.223453301643595 0.257292276303144 0.059819142003694 0.311924343553633 0.147760494226044
3.44431703272691 7.3756657332386 13.8037108757156 -0.542004886331175 -0.769306656784019 0.338227489807256 0.612632739386917 -0.0862085517788257 0.785652037550751 0.14590838661354 -0.765609790104209 0.472458843292995 -0.143994968594926 0.158652369481859 -0.130331798571391
2.85989552638978 8.18439936850909 13.1671628751276 -0.711397190049354 0.300204639902409 -0.635445609167295 -0.686876364957346 -0.105676446396561 0.719050248578419 0.265553472169182 -0.352901991216445 -0.71628770506142 0.573279086677772 0.344519880785382 0.242069083365661
2.57759746618522 8.43509118252151 13.5059024842468 -0.561748675529406 -0.603690130450913 -0.565682382185541 -0.617783959151798 -0.148685004291241 0.77216298730723 0.068647949352908 0.206423770793025 0.230157470076023 -0.0203959140157925 0.114935584023846 -0.529129532872491
2.11333043807476 8.52934713538909 13.6750668684226 0.0910988582945108 -0.992413294724307 -0.0825627873752421 -0.584353671477277 -0.120405441588891 0.80251678634222 -0.585553284149908 -0.164655516994127 0.32636709640189 -0.663776652732851 0.0325684243491204 0.246046391908404
1.70719094327021 8.28248210369297 13.8564057080614 0.81532026456309 -0.509475676684422 0.275113151330076 -0.44775222205451 -0.253518584216933 0.857464943777754 0.141189972939541 -0.116305969424782 0.149010003809842 -0.205446925469962 0.155067107037119 -0.179204104180731
1.50162463309791 7.84872127285545 14.1027421882366 0.856225095315085 0.301064800806366 0.41980767110635 -0.295058226246633 -0.382046178223153 0.875774662236152 -0.384833645356949 -0.0935815115898201 0.408135177602614 0.0155300573659529 -0.601899498369926 0.296641493379331
1.57167580373706 7.57437357395237 14.4944910215744 0.0763887053082127 0.922287732574838 0.378879850347903 -0.502644501011489 -0.292552456860748 0.813487221379536 0.519050493041976 -0.155154810823976 -0.0720662262180599 -0.183936500301502 0.37071676023815 0.425533491289139
1.59168606293016 7.47549478617587 14.9625901432877 -0.632261160817471 0.764720820229618 -0.124289103133289 -0.624118243938004 -0.407681260635389 0.666537565617973 -0.1082679479616 -0.259535006232757 -0.150993752681109 0.246274981910734 0.446163400263658 0.187735257005886
1.34466615286747 7.59980423855583 15.3451531924469 -0.775928617363705 0.142936004367608 -0.614413509012361 -0.599584270339691 -0.469803340234981 0.647906920883632 -0.374597478926174 0.313218268768155 0.419754352503711 0.0955031697643327 -0.415578674412886 0.350491243031078
0.881290496117366 7.68349263093148 15.643668474476 0.0078420174333008 -0.790313340233883 -0.612652521345804 -0.617210505561628 -0.485864963511893 0.618858844314092 -0.737422025655712 -0.116345828967974 -0.697861541123158 0.243642869138441 -0.601898849090001 0.419155234626315
0.418729641313993 7.51197919949614 15.5693832631474 0.481940046571795 -0.874706500020488 0.0512072231365494 -0.754721788298762 -0.384722441402038 0.531397749279442 -0.115679290075496 -0.270062365815067 -0.0987222214099856 0.0350341135156474 0.319941632882705 0.523573196883139
-0.0338811860553404 7.19551163533612 15.5798887934561 0.681103075346364 -0.325749962080121 0.655732772624504 -0.727280916996655 -0.404498832106003 0.554475490764731 -0.492019004001971 0.039916987909637 0.0441202707769215 -0.229988133506694 -0.246985139249532 0.0686297822487721
-0.102881321271182 6.73376950669723 15.6179214722083 0.0231351442365316 0.496043680014951 0.867989254557613 -0.743876877245081 -0.571513109056725 0.346438833110634 0.0317968238330287 -0.501535162463053 0.382397692402514 -0.607793905895459 -0.182720791939607 -0.580499906056318
-0.653870792118289 5.97167941994796 15.4707756478221 0.1525455889108 -0.72871668121138 -0.667608908589088 0.714289653865273 -0.385561890694144 0.58406522212009 0.322930208113211 0.000925539148024299 -0.535311764271513 0.112977319171643 0.110325063327781 0.169550423243824
-0.660981313261328 5.57560959557678 15.8480641742228 0.641757990800086 0.0129865746646864 -0.766797169242436 0.762302873152377 -0.120199947828028 0.635960826985152 0.113251739657415 0.452257897017544 0.27122373772628 -0.0618515499513789 -0.00446093124984367 -0.212895716204037
-0.289274552995669 5.32761884611516 15.9876163818212 0.55338018427135 0.716381070079727 -0.424933412196383 0.754909784660814 -0.215787183497871 0.619311730371333 -0.459055778543757 0.45920014383104 0.311949924420271 0.339430375225313 0.251798311616243 0.0457055090432305
0.166442159142455 5.14535326122531 16.1229692564427 0.0872562022688577 0.981785147274381 0.16877236204536 0.708110441983789 -0.180291300998961 0.682696536601787 0.123951709464408 -0.499507706280881 -0.266418986279546 0.463122473565417 0.716938425840031 -0.697540136340589
0.618403368999199 5.16339697499981 16.2658688510395 -0.52344408129236 0.568448827457321 0.634722090164323 0.707503587129612 -0.125142306919058 0.695541520112634 0.364948281112472 -0.202719695893531 -0.0012125055403112 0.338140426753063 -0.372640219846103 0.109829336732983
0.848915564654688 4.28740340167114 15.3944638048855 0.791445578392982 -0.591765213723656 -0.153061013889948 0.129591033701994 -0.0822671063339468 0.988148853447992 -0.0951071585761372 -0.573799654408175 -0.0465690690232379 0.250450444079744 0.239870413946679 -0.340683371928464
0.903556697930449 5.37158223194269 15.2290624384781 -0.388142301505772 0.82782610085963 0.405029978179399 -0.884451251264596 -0.211075436576198 -0.416164651532889 0.00540359915250462 0.824855242665933 -0.435685299547797 0.0596083629922057 0.680895575167904 -0.375608894929443
0.530147480289873 5.70817932817344 14.2730075406349 -0.527245958385683 0.274420018614519 0.804179849228116 -0.116162141957639 -0.960806520799542 0.251708071181575 -0.0903294440606385 -0.283190299756555 -0.488959918728819 -0.306975000658838 0.015716408840012 -0.228149723175849
-0.419926376504254 5.83427008490989 13.825051334813 -0.776790991210906 0.579559905412454 -0.246385864815474 -0.58033637244094 -0.506842661550531 0.637432445515762 -0.278352956428959 0.038597254190068 -0.413565191172502 -0.107016559170447 -0.300225959241301 -0.366698340297917
0.145734262692301 4.88967984594439 13.4007328934564 -0.15757345712321 -0.261969074085676 -0.952125357037699 0.688733538270141 -0.720114361601422 0.0841502507040223 0.195560850363053 -0.164496672536987 0.316383304064132 -0.232110909556708 -0.120634153721078 0.11476566720523
0.209807283770687 4.35129376732754 13.2551531258236 0.28690722181457 0.396047204005488 -0.87225610991267 0.446951863411089 -0.860698734908013 -0.243785796098102 -0.0143110003213903 0.277067489428553 0.191082506850417 -0.00922020883738797 -0.294134655710443 -0.128258271928886
-0.256605405829308 3.9296008858962 14.3386364612965 -0.956987268028636 0.282902521259917 -0.0643541085897255 -0.0824826979701104 -0.0526314475007987 0.995201698899679 -0.0476092604747426 -0.1223898014135 0.706390873170866 -0.164874209866894 -0.16388329583759 0.000456732310265832
-0.375012863503475 4.278185707356 14.7004953257824 -0.629558972432947 -0.770614647190594 0.0990371776303867 0.0387558404066158 0.0961626503440606 0.994610792383344 -0.520140960914803 -0.775772166295964 0.573550136215044 -0.437669316836046 0.777640377194936 -0.191721332592668
-0.584305473662475 4.4668973570019 15.2133374441046 -0.159573701112022 -0.986827578206475 0.0265975548931251 -0.0766070210702542 0.03924019948605 0.99628885140086 0.426283334715634 0.519509656162258 -0.30685549351669 0.598735593683937 0.0163352787465685 0.0242875195529947
-1.0387030517028 4.47813305370502 14.5023904959556 0.367556080421782 -0.541046238406469 -0.756420095345315 0.929948598942416 0.205161454688774 0.305129935083457 -0.183430306629327 -0.320197924111293 -0.195395205144177 0.0959121863932049 -0.0353023399807047 0.343545413124772
-1.62684930002557 5.25770865586717 15.2045799449224 -0.367731114377249 -0.202676227119653 0.907577022152669 0.804341451475679 -0.559121599092982 0.20104156883747 0.191632940323408 -0.0677133022839562 0.261057769399032 -0.0720102499760716 -0.144258882817653 -0.416584281950808
-2.27632550981015 5.95240912766042 15.122097003675 -0.372417741624029 0.903331600878108 0.212830630042159 0.558357289374961 0.401268345891523 -0.726099675800343 0.515934681163304 0.253421677269793 0.0807161913646222 0.510825987396789 0.174094477489363 -0.0578619250936577
-2.26392396297644 6.21705774230897 14.7396698173961 0.260023202330104 0.755010718115417 0.601952294067805 0.412510340654571 0.476789309448837 -0.776213265022539 -0.221950875807853 0.0446877714747693 -0.312159083918531 -0.00319354579517473 -0.150932585777494 -0.33318810765391
-2.26811418619627 6.63531719402254 14.5177927426144 0.913800627574715 0.137455398942182 0.382196776161801 0.320675310573279 0.333344616745963 -0.886593828636104 0.0130374255821485 -0.209454639518169 0.225954607570443 0.165385081464366 0.606590632517745 -0.471962873307841
-3.11570743368321 6.21887994703717 13.5752833194261 0.0459431795563404 0.466721514988353 -0.88321012401094 -0.763494999997189 -0.55374144479504 -0.332333666429006 -0.450042084807597 -0.47218343726592 0.0112493379498121 -0.0249657988421644 0.122899223580309 -0.0687571629764355
-3.5931450777836 6.22705478598164 13.390189382501 0.608888792787353 -0.378439863823496 -0.697163949456703 -0.738694204309394 -0.590815879191785 -0.324449241569117 0.462491350397397 0.187951280538464 0.231387695350514 0.319474153439722 -0.487193918794339 -0.183487643796031
-4.07816477208568 6.06199085086361 13.1359522488816 0.816912022188218 -0.200415799977785 -0.540821749930535 -0.563430176079105 -0.477748807769728 -0.674019580835053 -0.136461995395234 -0.043739407297993 -0.0416976750721567 -0.0484424273018286 0.0893836845844883 0.255289016204365
-4.21587385551948 5.99940601578153 12.6666437024085 0.720760224512864 -0.693179753856652 0.00251684736969974 -0.551432278882259 -0.575565333808937 -0.60385993950392 -0.0769991522375368 0.216982879118388 0.454173175483147 0.552615586334638 -0.290810308030096 0.209278808475384
-4.34648792291716 5.73509461211799 12.1685726219869 -0.105613233154638 -0.659722528775717 0.744051018009936 -0.580156417065471 -0.566816770901734 -0.584924943930759 -0.38264695847913 -0.0759467007051416 0.470054774822435 -0.444190974638108 0.576791963449973 0.0737690247780799
-4.18768363277365 5.4347683848627 11.9080380872934 -0.915483097096694 -0.0991823722141742 0.389940324407875 -0.324774619644738 -0.389930679278501 -0.861670117301865 0.0300896295878695 0.215755053464852 -0.21538396339335 0.408353050430102 -0.13373411048978 0.216908679710688
-3.15661236472103 4.72535405864246 11.9294861002435 0.531608991468433 -0.73376076028929 -0.423068369311712 0.768628206788388 0.208099403579847 0.60490097931403 -0.49490391148799 -0.377423213690451 -0.686202308196275 0.418469838491523 -0.271172477458231 0.0570767082035801
-2.91557610525123 4.38915369974526 12.2453070985385 0.688608585025628 0.187497405391118 -0.700473298307865 0.681069943268841 0.164369137659831 0.713530953212441 0.0647999980683019 -0.261881151156957 0.000496585995324489 0.387044972679591 -0.266275251823239 -0.00421390768558886
-2.95833202191282 3.8463272917936 12.8162812771124 -0.920153074247008 -0.37519996248298 0.111996202009612 -0.15613294510658 0.0892758996865621 -0.983693150653217 0.53422304744649 1.09129740169314 0.0613486975409414 0.430728448792139 -0.0520552596310215 0.370600654444349
-3.12883725822536 3.7882748565837 12.2879445779449 -0.847246108487341 -0.0791344982211408 0.525272983553987 -0.530606236637147 0.0793141310868315 -0.843899407590644 -0.215466809723208 -0.185237552395009 -0.4086382711485 -0.295697336530555 -0.0496340291902313 -0.23064692227353
-2.55721403461143 3.12520385977098 12.8121565858546 -0.365996811182903 -0.300576341402016 0.880738373786049 0.912092063525139 -0.303747969343752 0.275363636053687 0.134407729903867 -0.030683481012354 -0.349276728609124 0.132790115202934 -0.218167894118998 -0.0187827927884293
-2.14872518531721 3.09628536416078 13.132537111005 -0.532556373473405 -0.845801665083587 0.0316709597395285 0.816963724263749 -0.503896773822253 0.280460632696088 0.69889070734392 0.0286544809932972 -0.35791336819107 -0.832242055782115 -0.492080851510233 -0.204800007549763
-1.32380845989569 3.65755485093979 13.7244227109489 0.869981046385295 0.356913147935328 -0.340214475758501 0.458399766280163 -0.331223065395746 0.824718631250928 0.118080846840811 0.342448299393778 -0.163758505185801 -0.0699030295259138 -0.295533364528587 0.647024232453309
-1.13632531695243 3.50951031465174 13.5688550579436 0.197131958533682 0.186632009471118 0.962448635863578 0.631916502530471 0.726379182617313 -0.270286184565874 0.0295055468213449 0.165120198143313 -0.106074449803914 -0.270115478803803 -0.0386223455171257 0.528340328015396
-1.02801274449339 4.03004629285546 13.5155202882216 0.658430733339687 -0.14352857407413 0.738829104732914 0.404501891148079 0.895306809098027 -0.186557819874899 0.724495397440271 -0.0715205759760395 0.292220481545216 -0.556906431832557 -0.426715714504806 0.244371975255315
