#id1 id2 FENE BEXC STCK NEXC HB CRSTCK CXSTCK total, t = 100000
0 1 0.135762 0 -1.08064 0 0 0 0 -0.944876
1 2 0.0224206 0 -1.34744 0 0 0 0 -1.32502
2 3 0.191209 0 -0 0 0 0 0 0.191209
3 4 0.0657722 0 -0.748363 0 0 0 0 -0.682591
4 5 0.0197215 0 -0.798727 0 0 0 0 -0.779006
5 6 0.0692802 0 0 0 0 0 0 0.0692802
6 7 0.0034461 0 -1.3219 0 0 0 0 -1.31846
7 8 0.00364122 0 -1.43035 0 0 0 0 -1.42671
8 9 0.0857906 0 -1.17547 0 0 0 0 -1.08968
9 10 0.0582544 0 -1.25902 0 0 0 0 -1.20077
10 11 0.00266509 0 -1.18332 0 0 0 0 -1.18065
11 12 0.00446141 0 -1.32711 0 0 0 0 -1.32264
12 13 0.0239368 0 -1.20761 0 0 0 0 -1.18368
13 14 0.559632 0 -1.3353 0 0 0 0 -0.775664
14 15 0.000293837 0 -1.24072 0 0 0 0 -1.24043
15 16 0.022811 0 -1.23962 0 0 0 0 -1.21681
16 17 0.0652035 0 -1.12441 0 0 0 0 -1.0592
17 18 0.053721 0 0 0 0 0 0 0.053721
18 19 0.111195 0 -0.862135 0 0 0 0 -0.75094
19 20 0.122024 0 -1.33417 0 0 0 0 -1.21215
20 21 0.0274865 0 -1.26178 0 0 0 0 -1.23429
21 22 0.0157001 0 -1.3505 0 0 0 0 -1.3348
22 23 1.79577e-07 0 0 0 0 0 0 1.79577e-07
23 24 0.111085 0 0 0 0 0 0 0.111085
25 26 0.167646 0 0 0 0 0 0 0.167646
26 27 0.0439608 0 0 0 0 0 0 0.0439608
27 28 0.0979201 0 -0.911144 0 0 0 0 -0.813224
28 29 0.161259 0 0 0 0 0 0 0.161259
29 30 0.212866 0 -1.34121 0 0 0 0 -1.12834
30 31 0.0112638 0 -1.01179 0 0 0 0 -1.00053
31 32 0.0264433 0 0 0 0 0 0 0.0264433
32 33 0.0306007 0 0 0 0 0 0 0.0306007
33 34 0.0150336 0 0 0 0 0 0 0.0150336
34 35 0.107805 0 -1.30031 0 0 0 0 -1.1925
35 36 0.00902947 0 -1.21265 0 0 0 0 -1.20362
36 37 0.208667 0 0 0 0 0 0 0.208667
37 38 0.0882669 0 -1.39388 0 0 0 0 -1.30561
38 39 0.0600653 0 -0.659752 0 0 0 0 -0.599687
39 40 0.0341371 0 -1.35401 0 0 0 0 -1.31988
40 41 0.227285 0 -0.811678 0 0 0 0 -0.584393
41 42 0.0142878 0 -0.797909 0 0 0 0 -0.783621
42 43 0.00846505 0 0 0 0 0 0 0.00846505
43 44 0.140206 0 -1.16987 0 0 0 0 -1.02967
44 45 0.0142594 0 0 0 0 0 0 0.0142594
45 46 0.00142264 0 -1.05463 0 0 0 0 -1.05321
46 47 0.0194809 0 0 0 0 0 0 0.0194809
47 48 0.115126 0 -1.19444 0 0 0 0 -1.07932
48 49 0.0231634 0 0 0 0 0 0 0.0231634
49 50 0.0761571 0 -0 0 0 0 0 0.0761571
50 51 0.154089 0 -0.941967 0 0 0 0 -0.787878
#Total energy per particle is  -0.652681 and should be -0.65268110

