        0.0000  -1.016306   0.327280  -0.689026 
        0.5000  -0.787958   1.299898   0.511940 
        1.0000  -0.433611   3.067521   2.633911 
        1.5000  -0.276336   3.736750   3.460414 
        2.0000  -0.114875   3.256110   3.141235 
        2.5000  -0.051868   2.380011   2.328143 
        3.0000  -0.008575   2.235062   2.226487 
        3.5000   0.098516   2.698234   2.796751 
        4.0000   0.151550   2.857028   3.008578 
        4.5000   0.184279   2.313538   2.497817 
        5.0000   0.214982   1.747222   1.962204 
        5.5000   0.223891   2.011334   2.235225 
        6.0000   0.247859   2.441835   2.689694 
        6.5000   0.273075   2.331824   2.604899 
        7.0000   0.260436   1.781937   2.042372 
        7.5000   0.321318   1.448367   1.769685 
        8.0000   0.317079   1.904191   2.221270 
        8.5000   0.363448   2.206701   2.570149 
        9.0000   0.368212   1.954501   2.322713 
        9.5000   0.369228   1.415182   1.784410 
       10.0000   0.413504   1.279538   1.693041 
       10.5000   0.401848   1.774103   2.175951 
       11.0000   0.395870   1.974995   2.370865 
       11.5000   0.424693   1.623609   2.048302 
       12.0000   0.458757   1.099998   1.558755 
       12.5000   0.464768   1.158561   1.623329 
       13.0000   0.487816   1.607214   2.095030 
       13.5000   0.523264   1.659122   2.182385 
       14.0000   0.553775   1.249779   1.803553 
       14.5000   0.566438   0.875135   1.441574 
       15.0000   0.556368   1.070507   1.626876 
       15.5000   0.617843   1.417491   2.035334 
       16.0000   0.577384   1.448969   2.026353 
       16.5000   0.625049   1.008015   1.633064 
       17.0000   0.627089   0.724437   1.351526 
       17.5000   0.627188   1.015518   1.642705 
       18.0000   0.636960   1.325243   1.962203 
       18.5000   0.621998   1.268175   1.890173 
       19.0000   0.623034   0.892515   1.515549 
       19.5000   0.584314   0.742404   1.326718 
       20.0000   0.586189   1.025461   1.611650 
       20.5000   0.596901   1.258498   1.855399 
       21.0000   0.593250   1.164009   1.757259 
       21.5000   0.611685   0.775540   1.387225 
       22.0000   0.537684   0.767376   1.305060 
       22.5000   0.542888   1.041558   1.584446 
       23.0000   0.565511   1.161251   1.726762 
       23.5000   0.595025   1.011879   1.606904 
       24.0000   0.602186   0.700508   1.302693 
       24.5000   0.550082   0.731468   1.281550 
       25.0000   0.535698   1.021285   1.556984 
       25.5000   0.497230   1.168044   1.665275 
       26.0000   0.523008   1.002549   1.525558 
       26.5000   0.547093   0.704469   1.251562 
       27.0000   0.504040   0.770917   1.274957 
       27.5000   0.517074   1.029530   1.546604 
       28.0000   0.561463   1.037158   1.598621 
       28.5000   0.595805   0.847290   1.443095 
       29.0000   0.575524   0.614297   1.189821 
       29.5000   0.584063   0.657501   1.241563 
       30.0000   0.548297   0.931299   1.479595 
       30.5000   0.564364   0.967802   1.532166 
       31.0000   0.567759   0.831885   1.399644 
       31.5000   0.604362   0.565016   1.169378 
       32.0000   0.548540   0.680755   1.229295 
       32.5000   0.532703   0.919652   1.452356 
       33.0000   0.545508   0.939401   1.484909 
       33.5000   0.564051   0.751241   1.315292 
       34.0000   0.562857   0.563560   1.126417 
       34.5000   0.550647   0.638033   1.188680 
       35.0000   0.607061   0.775305   1.382365 
       35.5000   0.599259   0.815577   1.414836 
       36.0000   0.595700   0.686108   1.281808 
       36.5000   0.578465   0.528941   1.107406 
       37.0000   0.562179   0.594690   1.156869 
       37.5000   0.550940   0.792051   1.342991 
       38.0000   0.547220   0.823199   1.370419 
       38.5000   0.548171   0.685980   1.234151 
       39.0000   0.511745   0.554748   1.066493 
       39.5000   0.501528   0.614872   1.116400 
       40.0000   0.488288   0.777302   1.265590 
       40.5000   0.488000   0.789921   1.277921 
       41.0000   0.497306   0.666870   1.164176 
       41.5000   0.478230   0.537401   1.015631 
       42.0000   0.438762   0.609534   1.048296 
       42.5000   0.469192   0.694731   1.163923 
       43.0000   0.441470   0.741947   1.183417 
       43.5000   0.427182   0.666370   1.093552 
       44.0000   0.421192   0.531734   0.952925 
       44.5000   0.407736   0.586953   0.994689 
       45.0000   0.376472   0.749512   1.125984 
       45.5000   0.413563   0.733077   1.146640 
       46.0000   0.381337   0.702138   1.083475 
       46.5000   0.406322   0.553526   0.959848 
       47.0000   0.354967   0.618180   0.973147 
       47.5000   0.333927   0.760529   1.094456 
       48.0000   0.319890   0.784747   1.104637 
       48.5000   0.314697   0.722456   1.037153 
       49.0000   0.348406   0.578427   0.926833 
       49.5000   0.354170   0.554043   0.908213 
       50.0000   0.317218   0.670130   0.987348 
       50.5000   0.351182   0.657637   1.008819 
       51.0000   0.305783   0.664933   0.970716 
       51.5000   0.296618   0.574256   0.870874 
       52.0000   0.275050   0.560601   0.835651 
       52.5000   0.269308   0.654648   0.923956 
       53.0000   0.243691   0.720311   0.964002 
       53.5000   0.263248   0.683921   0.947169 
       54.0000   0.238454   0.624355   0.862810 
       54.5000   0.223386   0.604033   0.827419 
       55.0000   0.211508   0.685963   0.897471 
       55.5000   0.213109   0.728884   0.941992 
       56.0000   0.221230   0.722885   0.944114 
       56.5000   0.241132   0.639258   0.880390 
       57.0000   0.201966   0.611358   0.813324 
       57.5000   0.224843   0.611213   0.836056 
       58.0000   0.197334   0.702885   0.900218 
       58.5000   0.234419   0.663546   0.897965 
       59.0000   0.217281   0.630933   0.848215 
       59.5000   0.210808   0.561564   0.772373 
       60.0000   0.202718   0.579978   0.782696 
       60.5000   0.220137   0.617931   0.838069 
       61.0000   0.181783   0.661757   0.843541 
       61.5000   0.185939   0.644350   0.830289 
       62.0000   0.166249   0.618624   0.784873 
       62.5000   0.179066   0.607094   0.786159 
       63.0000   0.180584   0.645360   0.825944 
       63.5000   0.173747   0.655577   0.829324 
       64.0000   0.142315   0.649857   0.792172 
       64.5000   0.172846   0.531387   0.704233 
       65.0000   0.098689   0.590875   0.689564 
       65.5000   0.089134   0.640475   0.729608 
       66.0000   0.112373   0.645840   0.758213 
       66.5000   0.107514   0.633182   0.740697 
       67.0000   0.112899   0.568060   0.680959 
       67.5000   0.076285   0.569384   0.645669 
       68.0000   0.111620   0.571298   0.682918 
       68.5000   0.091955   0.636914   0.728870 
       69.0000   0.126222   0.607440   0.733662 
       69.5000   0.059539   0.607026   0.666565 
       70.0000   0.106035   0.511648   0.617683 
       70.5000   0.064280   0.583140   0.647420 
       71.0000   0.101011   0.574664   0.675674 
       71.5000   0.075070   0.596604   0.671674 
       72.0000   0.030928   0.596552   0.627480 
       72.5000   0.058127   0.503390   0.561517 
       73.0000   0.077452   0.485753   0.563206 
       73.5000   0.064464   0.540527   0.604991 
       74.0000   0.066667   0.549936   0.616604 
       74.5000   0.074065   0.510042   0.584106 
       75.0000   0.048425   0.495231   0.543655 
       75.5000   0.065005   0.504469   0.569474 
       76.0000   0.051234   0.542555   0.593789 
       76.5000   0.063965   0.515973   0.579938 
       77.0000   0.090497   0.475002   0.565499 
       77.5000   0.075682   0.456771   0.532453 
       78.0000   0.076809   0.443710   0.520519 
       78.5000   0.040931   0.493139   0.534070 
       79.0000   0.054801   0.489763   0.544564 
       79.5000   0.065048   0.478427   0.543475 
       80.0000   0.049951   0.479592   0.529543 
       80.5000   0.039382   0.446228   0.485610 
       81.0000   0.047908   0.434964   0.482872 
       81.5000   0.086560   0.414349   0.500909 
       82.0000   0.059653   0.465484   0.525137 
       82.5000   0.044633   0.479852   0.524485 
       83.0000   0.077719   0.445273   0.522993 
       83.5000   0.044116   0.470666   0.514782 
       84.0000   0.059947   0.441959   0.501905 
       84.5000   0.050560   0.451635   0.502194 
       85.0000   0.075062   0.422557   0.497619 
       85.5000   0.049930   0.442455   0.492385 
       86.0000   0.007788   0.474275   0.482063 
       86.5000   0.013364   0.461679   0.475042 
       87.0000   0.032643   0.431606   0.464250 
       87.5000   0.015798   0.440294   0.456092 
       88.0000   0.005867   0.444379   0.450245 
       88.5000   0.002906   0.443293   0.446200 
       89.0000  -0.010967   0.450158   0.439191 
       89.5000   0.019914   0.411760   0.431674 
       90.0000  -0.032543   0.452600   0.420057 
       90.5000  -0.027202   0.442817   0.415615 
       91.0000  -0.058135   0.473462   0.415327 
       91.5000  -0.080148   0.491588   0.411440 
       92.0000  -0.082246   0.489133   0.406887 
       92.5000  -0.098499   0.492548   0.394048 
       93.0000  -0.110734   0.487696   0.376962 
       93.5000  -0.100065   0.470608   0.370544 
       94.0000  -0.097733   0.461763   0.364031 
       94.5000  -0.096741   0.474963   0.378223 
       95.0000  -0.104807   0.477155   0.372348 
       95.5000  -0.090593   0.462123   0.371530 
       96.0000  -0.126764   0.495905   0.369141 
       96.5000  -0.113312   0.459808   0.346496 
       97.0000  -0.118733   0.464573   0.345840 
       97.5000  -0.117794   0.471285   0.353491 
       98.0000  -0.110771   0.454080   0.343309 
       98.5000  -0.143334   0.473695   0.330361 
       99.0000  -0.189691   0.510107   0.320416 
       99.5000  -0.162400   0.469949   0.307549 
      100.0000  -0.153213   0.436481   0.283268 
      100.5000  -0.167857   0.452196   0.284339 
      101.0000  -0.169566   0.455593   0.286027 
      101.5000  -0.162461   0.450903   0.288442 
      102.0000  -0.138458   0.418994   0.280536 
      102.5000  -0.111567   0.385168   0.273601 
      103.0000  -0.138924   0.398549   0.259625 
      103.5000  -0.161041   0.425598   0.264558 
      104.0000  -0.193388   0.442923   0.249534 
      104.5000  -0.159578   0.408279   0.248702 
      105.0000  -0.146991   0.397614   0.250624 
      105.5000  -0.172870   0.426708   0.253838 
      106.0000  -0.164443   0.421279   0.256836 
      106.5000  -0.164058   0.425187   0.261128 
      107.0000  -0.152435   0.425458   0.273022 
      107.5000  -0.179438   0.449479   0.270041 
      108.0000  -0.194187   0.457048   0.262861 
      108.5000  -0.171868   0.431147   0.259279 
      109.0000  -0.178941   0.423166   0.244225 
      109.5000  -0.170541   0.409035   0.238494 
      110.0000  -0.193400   0.435228   0.241828 
      110.5000  -0.185594   0.430862   0.245268 
      111.0000  -0.187265   0.430184   0.242919 
      111.5000  -0.212408   0.442960   0.230552 
      112.0000  -0.201994   0.429407   0.227413 
      112.5000  -0.229412   0.432764   0.203352 
      113.0000  -0.255116   0.454645   0.199528 
      113.5000  -0.229941   0.422365   0.192424 
      114.0000  -0.296132   0.481248   0.185116 
      114.5000  -0.257472   0.446767   0.189294 
      115.0000  -0.270360   0.453816   0.183456 
      115.5000  -0.271948   0.455076   0.183128 
      116.0000  -0.283659   0.459971   0.176312 
      116.5000  -0.235282   0.397196   0.161913 
      117.0000  -0.270482   0.424548   0.154066 
      117.5000  -0.283098   0.435459   0.152361 
      118.0000  -0.256075   0.406577   0.150501 
      118.5000  -0.268319   0.419262   0.150944 
      119.0000  -0.274924   0.426700   0.151776 
      119.5000  -0.260112   0.418460   0.158348 
      120.0000  -0.286358   0.438642   0.152284 
      120.5000  -0.270977   0.428397   0.157420 
      121.0000  -0.287571   0.438873   0.151302 
      121.5000  -0.254918   0.417371   0.162453 
      122.0000  -0.250032   0.417436   0.167404 
      122.5000  -0.284848   0.446262   0.161413 
      123.0000  -0.318389   0.463708   0.145320 
      123.5000  -0.340672   0.473837   0.133165 
      124.0000  -0.303508   0.434300   0.130792 
      124.5000  -0.273394   0.412782   0.139388 
      125.0000  -0.310608   0.456238   0.145631 
      125.5000  -0.310913   0.450625   0.139712 
      126.0000  -0.377536   0.520186   0.142649 
      126.5000  -0.360092   0.494465   0.134373 
      127.0000  -0.318381   0.460664   0.142283 
      127.5000  -0.312096   0.467254   0.155158 
      128.0000  -0.288844   0.427924   0.139080 
      128.5000  -0.321356   0.463993   0.142637 
      129.0000  -0.266088   0.402978   0.136889 
      129.5000  -0.303712   0.439187   0.135474 
      130.0000  -0.281410   0.418113   0.136702 
      130.5000  -0.249207   0.389762   0.140555 
      131.0000  -0.274634   0.424149   0.149515 
      131.5000  -0.299643   0.437011   0.137369 
      132.0000  -0.285257   0.417825   0.132568 
      132.5000  -0.276783   0.404130   0.127347 
      133.0000  -0.314048   0.451971   0.137923 
      133.5000  -0.337728   0.474814   0.137086 
      134.0000  -0.317363   0.450193   0.132830 
      134.5000  -0.305138   0.439715   0.134577 
      135.0000  -0.299689   0.443080   0.143391 
      135.5000  -0.312809   0.454246   0.141437 
      136.0000  -0.294876   0.425330   0.130454 
      136.5000  -0.322106   0.430632   0.108526 
      137.0000  -0.340484   0.446184   0.105700 
      137.5000  -0.304823   0.422923   0.118100 
      138.0000  -0.329051   0.443785   0.114734 
      138.5000  -0.313152   0.427967   0.114815 
      139.0000  -0.328812   0.421117   0.092305 
      139.5000  -0.286482   0.375388   0.088906 
      140.0000  -0.347212   0.426410   0.079198 
      140.5000  -0.314144   0.404872   0.090729 
      141.0000  -0.354770   0.442491   0.087721 
      141.5000  -0.367105   0.467466   0.100361 
      142.0000  -0.333802   0.439708   0.105906 
      142.5000  -0.323045   0.424695   0.101650 
      143.0000  -0.355586   0.449200   0.093614 
      143.5000  -0.362074   0.464836   0.102761 
      144.0000  -0.328341   0.432007   0.103666 
      144.5000  -0.330661   0.428923   0.098261 
      145.0000  -0.343384   0.433318   0.089934 
      145.5000  -0.336993   0.413520   0.076527 
      146.0000  -0.347204   0.419881   0.072677 
      146.5000  -0.315663   0.385391   0.069727 
      147.0000  -0.297929   0.378514   0.080585 
      147.5000  -0.300486   0.378230   0.077744 
      148.0000  -0.385411   0.458782   0.073371 
      148.5000  -0.335556   0.406325   0.070769 
      149.0000  -0.351596   0.414936   0.063339 
      149.5000  -0.344707   0.397766   0.053059 
      150.0000  -0.364417   0.408147   0.043730 
      150.5000  -0.373278   0.411970   0.038692 
      151.0000  -0.394899   0.440199   0.045300 
      151.5000  -0.385703   0.415524   0.029821 
      152.0000  -0.380483   0.406491   0.026008 
      152.5000  -0.390218   0.408930   0.018712 
      153.0000  -0.403022   0.420062   0.017039 
      153.5000  -0.385722   0.411079   0.025357 
      154.0000  -0.384045   0.392919   0.008874 
      154.5000  -0.380775   0.387746   0.006971 
      155.0000  -0.396695   0.403233   0.006538 
      155.5000  -0.395026   0.397295   0.002270 
      156.0000  -0.424294   0.430421   0.006127 
      156.5000  -0.390092   0.397768   0.007676 
      157.0000  -0.401511   0.404190   0.002680 
      157.5000  -0.406460   0.400814  -0.005647 
      158.0000  -0.418674   0.394601  -0.024073 
      158.5000  -0.409625   0.382458  -0.027167 
      159.0000  -0.434020   0.401653  -0.032367 
      159.5000  -0.396002   0.360701  -0.035301 
      160.0000  -0.428450   0.390518  -0.037932 
      160.5000  -0.413105   0.371399  -0.041706 
      161.0000  -0.415337   0.367834  -0.047503 
      161.5000  -0.427942   0.385023  -0.042920 
      162.0000  -0.451280   0.404834  -0.046446 
      162.5000  -0.414079   0.361304  -0.052776 
      163.0000  -0.428617   0.363191  -0.065426 
      163.5000  -0.424754   0.355596  -0.069158 
      164.0000  -0.452064   0.382887  -0.069177 
      164.5000  -0.446740   0.369009  -0.077731 
      165.0000  -0.427465   0.357343  -0.070122 
      165.5000  -0.450320   0.377293  -0.073027 
      166.0000  -0.406757   0.340465  -0.066292 
      166.5000  -0.450961   0.381327  -0.069634 
      167.0000  -0.453427   0.372496  -0.080931 
      167.5000  -0.457189   0.372126  -0.085063 
      168.0000  -0.455080   0.385761  -0.069318 
      168.5000  -0.426244   0.354710  -0.071534 
      169.0000  -0.451681   0.380191  -0.071490 
      169.5000  -0.448420   0.377404  -0.071016 
      170.0000  -0.478648   0.409464  -0.069184 
      170.5000  -0.429823   0.366325  -0.063498 
      171.0000  -0.419299   0.356375  -0.062924 
      171.5000  -0.458178   0.384202  -0.073976 
      172.0000  -0.459859   0.381603  -0.078256 
      172.5000  -0.450159   0.378462  -0.071697 
      173.0000  -0.406258   0.333572  -0.072685 
      173.5000  -0.439928   0.367420  -0.072508 
      174.0000  -0.440038   0.378148  -0.061890 
      174.5000  -0.432397   0.367839  -0.064558 
      175.0000  -0.426431   0.362768  -0.063663 
      175.5000  -0.432375   0.361561  -0.070813 
      176.0000  -0.409508   0.333629  -0.075878 
      176.5000  -0.408009   0.329960  -0.078049 
      177.0000  -0.430099   0.363770  -0.066328 
      177.5000  -0.430778   0.366319  -0.064459 
      178.0000  -0.377119   0.313786  -0.063334 
      178.5000  -0.420125   0.355503  -0.064622 
      179.0000  -0.426326   0.357778  -0.068548 
      179.5000  -0.403713   0.334401  -0.069312 
      180.0000  -0.391244   0.313058  -0.078186 
      180.5000  -0.400126   0.336119  -0.064008 
      181.0000  -0.416392   0.343932  -0.072460 
      181.5000  -0.452667   0.370269  -0.082398 
      182.0000  -0.443375   0.352242  -0.091133 
      182.5000  -0.406538   0.311771  -0.094767 
      183.0000  -0.443841   0.351164  -0.092677 
      183.5000  -0.414735   0.326278  -0.088457 
      184.0000  -0.435545   0.334206  -0.101339 
      184.5000  -0.462068   0.356453  -0.105616 
      185.0000  -0.432326   0.328156  -0.104170 
      185.5000  -0.455858   0.352672  -0.103185 
      186.0000  -0.445717   0.337378  -0.108339 
      186.5000  -0.432602   0.324909  -0.107692 
      187.0000  -0.448222   0.337593  -0.110629 
      187.5000  -0.432044   0.320913  -0.111131 
      188.0000  -0.441450   0.341061  -0.100389 
      188.5000  -0.438579   0.344991  -0.093588 
      189.0000  -0.464519   0.361525  -0.102994 
      189.5000  -0.423065   0.318442  -0.104623 
      190.0000  -0.434971   0.329866  -0.105105 
      190.5000  -0.417878   0.316179  -0.101699 
      191.0000  -0.442416   0.345847  -0.096569 
      191.5000  -0.413159   0.315623  -0.097536 
      192.0000  -0.462272   0.367464  -0.094808 
      192.5000  -0.453251   0.355644  -0.097607 
      193.0000  -0.502045   0.407521  -0.094525 
      193.5000  -0.461692   0.385980  -0.075712 
      194.0000  -0.440375   0.369002  -0.071373 
      194.5000  -0.449400   0.391446  -0.057954 
      195.0000  -0.444946   0.381629  -0.063317 
      195.5000  -0.426167   0.364909  -0.061258 
      196.0000  -0.456242   0.380029  -0.076213 
      196.5000  -0.449670   0.367751  -0.081918 
      197.0000  -0.426008   0.335912  -0.090096 
      197.5000  -0.450830   0.356623  -0.094207 
      198.0000  -0.432546   0.329764  -0.102782 
      198.5000  -0.492042   0.382576  -0.109466 
      199.0000  -0.463642   0.350410  -0.113233 
      199.5000  -0.459937   0.340882  -0.119056 
      200.0000  -0.454144   0.338451  -0.115694 
      200.5000  -0.486639   0.360736  -0.125903 
      201.0000  -0.442972   0.307762  -0.135210 
      201.5000  -0.459254   0.325764  -0.133489 
      202.0000  -0.449890   0.313818  -0.136072 
      202.5000  -0.460819   0.323846  -0.136973 
      203.0000  -0.446175   0.310651  -0.135525 
      203.5000  -0.448927   0.324197  -0.124730 
      204.0000  -0.446732   0.318056  -0.128676 
      204.5000  -0.452890   0.323118  -0.129773 
      205.0000  -0.463216   0.334127  -0.129089 
      205.5000  -0.469782   0.341388  -0.128394 
      206.0000  -0.450490   0.315276  -0.135214 
      206.5000  -0.463746   0.331027  -0.132719 
      207.0000  -0.455311   0.329808  -0.125503 
      207.5000  -0.482842   0.363983  -0.118859 
      208.0000  -0.441029   0.319745  -0.121283 
      208.5000  -0.448162   0.323800  -0.124362 
      209.0000  -0.459415   0.333300  -0.126114 
      209.5000  -0.457431   0.345736  -0.111695 
      210.0000  -0.451046   0.339785  -0.111261 
      210.5000  -0.450886   0.326943  -0.123943 
      211.0000  -0.441467   0.322173  -0.119294 
      211.5000  -0.432796   0.309745  -0.123052 
      212.0000  -0.438204   0.304283  -0.133921 
      212.5000  -0.454757   0.311783  -0.142974 
      213.0000  -0.438801   0.299129  -0.139672 
      213.5000  -0.399143   0.252292  -0.146851 
      214.0000  -0.474831   0.326656  -0.148175 
      214.5000  -0.445817   0.286436  -0.159381 
      215.0000  -0.453216   0.289221  -0.163995 
      215.5000  -0.454437   0.296869  -0.157568 
      216.0000  -0.463047   0.298119  -0.164928 
      216.5000  -0.445992   0.279843  -0.166149 
      217.0000  -0.460312   0.291753  -0.168559 
      217.5000  -0.473039   0.300979  -0.172060 
      218.0000  -0.451435   0.274072  -0.177363 
      218.5000  -0.476229   0.288529  -0.187700 
      219.0000  -0.485462   0.299450  -0.186012 
      219.5000  -0.466005   0.280396  -0.185609 
      220.0000  -0.459184   0.275819  -0.183366 
      220.5000  -0.455864   0.272218  -0.183646 
      221.0000  -0.466715   0.285204  -0.181511 
      221.5000  -0.485794   0.298083  -0.187711 
      222.0000  -0.475070   0.285862  -0.189208 
      222.5000  -0.500121   0.304352  -0.195769 
      223.0000  -0.476123   0.277587  -0.198536 
      223.5000  -0.492024   0.287767  -0.204257 
      224.0000  -0.462937   0.252947  -0.209990 
      224.5000  -0.466135   0.252867  -0.213268 
      225.0000  -0.467705   0.256001  -0.211704 
      225.5000  -0.472113   0.272743  -0.199370 
      226.0000  -0.498916   0.308880  -0.190037 
      226.5000  -0.452332   0.265207  -0.187125 
      227.0000  -0.465474   0.282095  -0.183379 
      227.5000  -0.454949   0.280611  -0.174338 
      228.0000  -0.491499   0.325877  -0.165622 
      228.5000  -0.460108   0.303087  -0.157021 
      229.0000  -0.447971   0.290126  -0.157845 
      229.5000  -0.431121   0.281198  -0.149923 
      230.0000  -0.469914   0.319206  -0.150708 
      230.5000  -0.440306   0.282124  -0.158181 
      231.0000  -0.468900   0.308930  -0.159970 
      231.5000  -0.452247   0.295475  -0.156772 
      232.0000  -0.455932   0.295610  -0.160322 
      232.5000  -0.456845   0.299612  -0.157233 
      233.0000  -0.474540   0.318223  -0.156317 
      233.5000  -0.454602   0.294525  -0.160077 
      234.0000  -0.452811   0.302941  -0.149870 
      234.5000  -0.464929   0.314823  -0.150106 
      235.0000  -0.424765   0.275387  -0.149378 
      235.5000  -0.458589   0.309512  -0.149077 
      236.0000  -0.471501   0.320387  -0.151114 
      236.5000  -0.458031   0.304669  -0.153362 
      237.0000  -0.418114   0.265977  -0.152136 
      237.5000  -0.471951   0.315942  -0.156009 
      238.0000  -0.462343   0.307702  -0.154641 
      238.5000  -0.439022   0.292359  -0.146663 
      239.0000  -0.427171   0.281960  -0.145211 
      239.5000  -0.412212   0.263106  -0.149106 
      240.0000  -0.437799   0.297874  -0.139924 
      240.5000  -0.445214   0.305289  -0.139924 
      241.0000  -0.450330   0.309540  -0.140790 
      241.5000  -0.435699   0.290442  -0.145257 
      242.0000  -0.440045   0.290629  -0.149416 
      242.5000  -0.434507   0.288364  -0.146143 
      243.0000  -0.453609   0.313060  -0.140549 
      243.5000  -0.453399   0.316847  -0.136552 
      244.0000  -0.452224   0.321358  -0.130866 
      244.5000  -0.466939   0.336048  -0.130892 
      245.0000  -0.461883   0.324081  -0.137802 
      245.5000  -0.445597   0.312634  -0.132963 
      246.0000  -0.449295   0.323889  -0.125405 
      246.5000  -0.454145   0.330816  -0.123330 
      247.0000  -0.433636   0.313235  -0.120401 
      247.5000  -0.459190   0.344269  -0.114921 
      248.0000  -0.472495   0.351518  -0.120976 
      248.5000  -0.454837   0.338693  -0.116144 
      249.0000  -0.455442   0.338931  -0.116511 
      249.5000  -0.434650   0.322021  -0.112629 
      250.0000  -0.464690   0.347806  -0.116884 
      250.5000  -0.470465   0.350637  -0.119828 
      251.0000  -0.450590   0.333615  -0.116975 
      251.5000  -0.478580   0.373795  -0.104784 
      252.0000  -0.469963   0.360325  -0.109639 
      252.5000  -0.446342   0.326713  -0.119629 
      253.0000  -0.492155   0.365391  -0.126764 
      253.5000  -0.456911   0.329380  -0.127532 
      254.0000  -0.451974   0.315342  -0.136632 
      254.5000  -0.470062   0.326743  -0.143320 
      255.0000  -0.453363   0.313719  -0.139644 
      255.5000  -0.431152   0.293426  -0.137726 
      256.0000  -0.443579   0.307790  -0.135790 
      256.5000  -0.431728   0.296297  -0.135430 
      257.0000  -0.458432   0.324374  -0.134058 
      257.5000  -0.425125   0.289986  -0.135139 
      258.0000  -0.434542   0.295913  -0.138629 
      258.5000  -0.446099   0.319110  -0.126989 
      259.0000  -0.463821   0.332427  -0.131394 
      259.5000  -0.480190   0.343767  -0.136423 
      260.0000  -0.484139   0.348742  -0.135397 
      260.5000  -0.466278   0.332599  -0.133679 
      261.0000  -0.461110   0.320036  -0.141073 
      261.5000  -0.473757   0.329844  -0.143913 
      262.0000  -0.477465   0.331933  -0.145532 
      262.5000  -0.467750   0.320610  -0.147140 
      263.0000  -0.484585   0.338963  -0.145622 
      263.5000  -0.490642   0.339997  -0.150645 
      264.0000  -0.481464   0.342003  -0.139460 
      264.5000  -0.491968   0.347923  -0.144044 
      265.0000  -0.481793   0.345388  -0.136406 
      265.5000  -0.473670   0.347288  -0.126381 
      266.0000  -0.478224   0.361398  -0.116827 
      266.5000  -0.489975   0.370183  -0.119792 
      267.0000  -0.473411   0.355507  -0.117903 
      267.5000  -0.458512   0.332396  -0.126116 
      268.0000  -0.440357   0.307519  -0.132838 
      268.5000  -0.495284   0.360775  -0.134509 
      269.0000  -0.451730   0.319615  -0.132115 
      269.5000  -0.470300   0.328856  -0.141444 
      270.0000  -0.480262   0.348104  -0.132158 
      270.5000  -0.492412   0.354136  -0.138276 
      271.0000  -0.490754   0.348898  -0.141856 
      271.5000  -0.497935   0.352886  -0.145049 
      272.0000  -0.483077   0.329301  -0.153776 
      272.5000  -0.462639   0.304971  -0.157668 
      273.0000  -0.483943   0.325780  -0.158163 
      273.5000  -0.489623   0.333303  -0.156319 
      274.0000  -0.496776   0.345421  -0.151355 
      274.5000  -0.458128   0.316764  -0.141364 
      275.0000  -0.479394   0.333582  -0.145812 
      275.5000  -0.484821   0.340996  -0.143825 
      276.0000  -0.488468   0.340321  -0.148147 
      276.5000  -0.479724   0.331594  -0.148130 
      277.0000  -0.456912   0.305176  -0.151736 
      277.5000  -0.464420   0.321084  -0.143336 
      278.0000  -0.467119   0.324691  -0.142428 
      278.5000  -0.437147   0.295355  -0.141791 
      279.0000  -0.424759   0.280537  -0.144222 
      279.5000  -0.448771   0.303912  -0.144859 
      280.0000  -0.458544   0.309455  -0.149089 
      280.5000  -0.470273   0.319271  -0.151002 
      281.0000  -0.444030   0.298173  -0.145857 
      281.5000  -0.485260   0.345902  -0.139358 
      282.0000  -0.452504   0.305369  -0.147135 
      282.5000  -0.490885   0.342125  -0.148760 
      283.0000  -0.446696   0.295950  -0.150747 
      283.5000  -0.478889   0.325633  -0.153256 
      284.0000  -0.463328   0.307462  -0.155866 
      284.5000  -0.477114   0.328938  -0.148176 
      285.0000  -0.466816   0.322989  -0.143828 
      285.5000  -0.504537   0.368934  -0.135603 
      286.0000  -0.449577   0.314995  -0.134582 
      286.5000  -0.445944   0.316564  -0.129380 
      287.0000  -0.472045   0.345334  -0.126711 
      287.5000  -0.473342   0.333485  -0.139857 
      288.0000  -0.514209   0.372086  -0.142124 
      288.5000  -0.495693   0.362168  -0.133525 
      289.0000  -0.445934   0.319832  -0.126102 
      289.5000  -0.458413   0.340795  -0.117618 
      290.0000  -0.470071   0.341367  -0.128704 
      290.5000  -0.491478   0.367138  -0.124340 
      291.0000  -0.491879   0.379472  -0.112407 
      291.5000  -0.477829   0.364845  -0.112984 
      292.0000  -0.458309   0.334696  -0.123613 
      292.5000  -0.486157   0.357111  -0.129046 
      293.0000  -0.461635   0.333636  -0.128000 
      293.5000  -0.458408   0.333927  -0.124481 
      294.0000  -0.500251   0.377832  -0.122419 
      294.5000  -0.447708   0.330736  -0.116972 
      295.0000  -0.461410   0.341322  -0.120087 
      295.5000  -0.479557   0.359023  -0.120534 
      296.0000  -0.471351   0.347832  -0.123519 
      296.5000  -0.459899   0.336963  -0.122936 
      297.0000  -0.510622   0.378925  -0.131696 
      297.5000  -0.501929   0.370706  -0.131223 
      298.0000  -0.537240   0.412243  -0.124998 
      298.5000  -0.524147   0.389866  -0.134281 
      299.0000  -0.490011   0.348973  -0.141038 
      299.5000  -0.457465   0.307645  -0.149820 
      300.0000  -0.487905   0.336080  -0.151825 
      300.5000  -0.507774   0.345898  -0.161876 
      301.0000  -0.520506   0.361170  -0.159336 
      301.5000  -0.508788   0.344502  -0.164287 
      302.0000  -0.520277   0.354239  -0.166037 
      302.5000  -0.499894   0.324144  -0.175750 
      303.0000  -0.520739   0.351988  -0.168751 
      303.5000  -0.497113   0.329944  -0.167169 
      304.0000  -0.503084   0.334395  -0.168690 
      304.5000  -0.524837   0.352501  -0.172335 
      305.0000  -0.521797   0.363134  -0.158663 
      305.5000  -0.530956   0.374080  -0.156875 
      306.0000  -0.482785   0.321897  -0.160888 
      306.5000  -0.525953   0.363392  -0.162561 
      307.0000  -0.530186   0.362465  -0.167722 
      307.5000  -0.509433   0.333499  -0.175934 
      308.0000  -0.552793   0.379871  -0.172922 
      308.5000  -0.516750   0.335824  -0.180925 
      309.0000  -0.527810   0.341820  -0.185990 
      309.5000  -0.550153   0.353432  -0.196722 
      310.0000  -0.541076   0.336447  -0.204629 
      310.5000  -0.526550   0.309797  -0.216752 
      311.0000  -0.531981   0.308945  -0.223036 
      311.5000  -0.532084   0.309744  -0.222340 
      312.0000  -0.531688   0.316200  -0.215488 
      312.5000  -0.527751   0.322015  -0.205736 
      313.0000  -0.490125   0.284340  -0.205786 
      313.5000  -0.543387   0.328188  -0.215199 
      314.0000  -0.527664   0.318116  -0.209547 
      314.5000  -0.528179   0.316718  -0.211461 
      315.0000  -0.523991   0.312069  -0.211922 
      315.5000  -0.511030   0.299815  -0.211215 
      316.0000  -0.537105   0.328598  -0.208507 
      316.5000  -0.498097   0.286130  -0.211967 
      317.0000  -0.502464   0.295578  -0.206886 
      317.5000  -0.539659   0.332038  -0.207622 
      318.0000  -0.520521   0.309028  -0.211493 
      318.5000  -0.551243   0.327270  -0.223973 
      319.0000  -0.528686   0.307345  -0.221341 
      319.5000  -0.571867   0.342280  -0.229587 
      320.0000  -0.524790   0.292249  -0.232541 
      320.5000  -0.544502   0.312381  -0.232121 
      321.0000  -0.519527   0.289447  -0.230081 
      321.5000  -0.547038   0.324589  -0.222449 
      322.0000  -0.515175   0.283516  -0.231658 
      322.5000  -0.534744   0.308639  -0.226104 
      323.0000  -0.535071   0.306743  -0.228327 
      323.5000  -0.572389   0.338968  -0.233421 
      324.0000  -0.516322   0.279350  -0.236972 
      324.5000  -0.537817   0.293459  -0.244357 
      325.0000  -0.530858   0.283855  -0.247003 
      325.5000  -0.544493   0.299443  -0.245050 
      326.0000  -0.566857   0.319465  -0.247392 
      326.5000  -0.516636   0.272855  -0.243781 
      327.0000  -0.558624   0.319026  -0.239598 
      327.5000  -0.566841   0.328547  -0.238295 
      328.0000  -0.551207   0.305578  -0.245629 
      328.5000  -0.522549   0.283294  -0.239256 
      329.0000  -0.546960   0.309590  -0.237370 
      329.5000  -0.506556   0.273400  -0.233156 
      330.0000  -0.544091   0.315771  -0.228320 
      330.5000  -0.513637   0.293342  -0.220295 
      331.0000  -0.542800   0.325417  -0.217384 
      331.5000  -0.561637   0.351399  -0.210238 
      332.0000  -0.528398   0.314789  -0.213609 
      332.5000  -0.545950   0.340464  -0.205487 
      333.0000  -0.530256   0.326211  -0.204045 
      333.5000  -0.516470   0.309321  -0.207149 
      334.0000  -0.518208   0.311728  -0.206480 
      334.5000  -0.531261   0.317297  -0.213964 
      335.0000  -0.563603   0.347586  -0.216017 
      335.5000  -0.550532   0.333379  -0.217154 
      336.0000  -0.550994   0.330917  -0.220077 
      336.5000  -0.535443   0.315550  -0.219892 
      337.0000  -0.564678   0.342775  -0.221903 
      337.5000  -0.530304   0.307452  -0.222852 
      338.0000  -0.525491   0.297172  -0.228319 
      338.5000  -0.512536   0.278897  -0.233639 
      339.0000  -0.508696   0.281980  -0.226716 
      339.5000  -0.553136   0.321230  -0.231906 
      340.0000  -0.538182   0.301538  -0.236644 
      340.5000  -0.525593   0.286557  -0.239036 
      341.0000  -0.543567   0.311155  -0.232412 
      341.5000  -0.532939   0.308960  -0.223979 
      342.0000  -0.553587   0.322593  -0.230994 
      342.5000  -0.556606   0.327312  -0.229294 
      343.0000  -0.581904   0.350940  -0.230964 
      343.5000  -0.555339   0.319582  -0.235757 
      344.0000  -0.553846   0.320561  -0.233285 
      344.5000  -0.585032   0.352800  -0.232232 
      345.0000  -0.556655   0.320351  -0.236304 
      345.5000  -0.558338   0.331052  -0.227287 
      346.0000  -0.545610   0.305764  -0.239846 
      346.5000  -0.546911   0.320203  -0.226708 
      347.0000  -0.556939   0.326734  -0.230205 
      347.5000  -0.556781   0.326213  -0.230568 
      348.0000  -0.581756   0.347362  -0.234394 
      348.5000  -0.541340   0.306021  -0.235319 
      349.0000  -0.558399   0.322683  -0.235716 
      349.5000  -0.577903   0.346027  -0.231876 
      350.0000  -0.581977   0.348469  -0.233508 
      350.5000  -0.587784   0.352673  -0.235111 
      351.0000  -0.559245   0.317527  -0.241718 
      351.5000  -0.599220   0.350946  -0.248273 
      352.0000  -0.582187   0.328364  -0.253823 
      352.5000  -0.596608   0.346415  -0.250193 
      353.0000  -0.598014   0.347956  -0.250058 
      353.5000  -0.596455   0.333809  -0.262646 
      354.0000  -0.596938   0.341718  -0.255220 
      354.5000  -0.602117   0.345048  -0.257068 
      355.0000  -0.642817   0.382859  -0.259958 
      355.5000  -0.598145   0.336484  -0.261661 
      356.0000  -0.592712   0.332902  -0.259810 
      356.5000  -0.605227   0.338894  -0.266333 
      357.0000  -0.616403   0.357301  -0.259102 
      357.5000  -0.594595   0.337931  -0.256664 
      358.0000  -0.619538   0.364485  -0.255053 
      358.5000  -0.628774   0.364749  -0.264025 
      359.0000  -0.600144   0.333944  -0.266200 
      359.5000  -0.632627   0.369711  -0.262916 
      360.0000  -0.654468   0.384536  -0.269931 
      360.5000  -0.616878   0.337168  -0.279710 
      361.0000  -0.628659   0.349781  -0.278877 
      361.5000  -0.670666   0.388540  -0.282126 
      362.0000  -0.633970   0.348372  -0.285597 
      362.5000  -0.637526   0.362480  -0.275046 
      363.0000  -0.681354   0.401506  -0.279848 
      363.5000  -0.593076   0.315414  -0.277662 
      364.0000  -0.619539   0.332895  -0.286644 
      364.5000  -0.605500   0.316061  -0.289439 
      365.0000  -0.653817   0.382321  -0.271496 
      365.5000  -0.648789   0.371114  -0.277675 
      366.0000  -0.626338   0.347788  -0.278550 
      366.5000  -0.637187   0.358698  -0.278489 
      367.0000  -0.608726   0.340565  -0.268161 
      367.5000  -0.593795   0.321735  -0.272060 
      368.0000  -0.637208   0.360612  -0.276595 
      368.5000  -0.601824   0.306565  -0.295258 
      369.0000  -0.656071   0.366731  -0.289340 
      369.5000  -0.637126   0.347917  -0.289209 
      370.0000  -0.667883   0.375939  -0.291943 
      370.5000  -0.650623   0.361194  -0.289429 
      371.0000  -0.601146   0.312333  -0.288813 
      371.5000  -0.604475   0.323740  -0.280736 
      372.0000  -0.655455   0.372425  -0.283030 
      372.5000  -0.617725   0.345467  -0.272258 
      373.0000  -0.566085   0.287867  -0.278218 
      373.5000  -0.612864   0.325816  -0.287048 
      374.0000  -0.618484   0.327314  -0.291170 
      374.5000  -0.614652   0.306403  -0.308248 
      375.0000  -0.600789   0.297718  -0.303071 
      375.5000  -0.632865   0.338478  -0.294387 
      376.0000  -0.596410   0.299801  -0.296609 
      376.5000  -0.626744   0.324720  -0.302023 
      377.0000  -0.603012   0.293912  -0.309100 
      377.5000  -0.636244   0.317134  -0.319110 
      378.0000  -0.613503   0.297666  -0.315836 
      378.5000  -0.623608   0.311783  -0.311825 
      379.0000  -0.599564   0.289164  -0.310400 
      379.5000  -0.622024   0.313650  -0.308373 
      380.0000  -0.603716   0.296815  -0.306901 
      380.5000  -0.652855   0.344066  -0.308789 
      381.0000  -0.612771   0.307440  -0.305331 
      381.5000  -0.633198   0.337269  -0.295929 
      382.0000  -0.596464   0.304290  -0.292175 
      382.5000  -0.629137   0.349829  -0.279308 
      383.0000  -0.609983   0.329575  -0.280409 
      383.5000  -0.645332   0.360000  -0.285332 
      384.0000  -0.624374   0.347941  -0.276434 
      384.5000  -0.626964   0.349133  -0.277831 
      385.0000  -0.614173   0.331998  -0.282175 
      385.5000  -0.632866   0.344378  -0.288488 
      386.0000  -0.621727   0.335383  -0.286344 
      386.5000  -0.635831   0.352759  -0.283073 
      387.0000  -0.654970   0.370957  -0.284013 
      387.5000  -0.634439   0.352862  -0.281577 
      388.0000  -0.629021   0.338602  -0.290420 
      388.5000  -0.648043   0.361009  -0.287035 
      389.0000  -0.617342   0.337466  -0.279876 
      389.5000  -0.609722   0.325643  -0.284079 
      390.0000  -0.655179   0.378785  -0.276394 
      390.5000  -0.622321   0.348823  -0.273499 
      391.0000  -0.633909   0.349085  -0.284823 
      391.5000  -0.645428   0.350074  -0.295354 
      392.0000  -0.648634   0.357686  -0.290948 
      392.5000  -0.640709   0.354466  -0.286243 
      393.0000  -0.622078   0.338340  -0.283739 
      393.5000  -0.636920   0.360222  -0.276698 
      394.0000  -0.664152   0.387488  -0.276665 
      394.5000  -0.609712   0.328682  -0.281029 
      395.0000  -0.630133   0.343703  -0.286430 
      395.5000  -0.647888   0.358313  -0.289575 
      396.0000  -0.631450   0.342215  -0.289235 
      396.5000  -0.631352   0.338578  -0.292774 
      397.0000  -0.643098   0.348792  -0.294306 
      397.5000  -0.645185   0.355876  -0.289309 
      398.0000  -0.631858   0.338924  -0.292934 
      398.5000  -0.627081   0.321696  -0.305384 
      399.0000  -0.625785   0.311549  -0.314236 
      399.5000  -0.638480   0.316933  -0.321547 
      400.0000  -0.660807   0.343530  -0.317277 
      400.5000  -0.623923   0.304799  -0.319124 
      401.0000  -0.621613   0.306978  -0.314635 
      401.5000  -0.624973   0.314137  -0.310836 
      402.0000  -0.647385   0.349159  -0.298226 
      402.5000  -0.620329   0.311470  -0.308858 
      403.0000  -0.629762   0.323716  -0.306047 
      403.5000  -0.648095   0.332287  -0.315807 
      404.0000  -0.627949   0.314650  -0.313298 
      404.5000  -0.646873   0.341475  -0.305398 
      405.0000  -0.609248   0.300602  -0.308645 
      405.5000  -0.644886   0.337518  -0.307368 
      406.0000  -0.665045   0.362325  -0.302720 
      406.5000  -0.629711   0.325025  -0.304686 
      407.0000  -0.650262   0.345236  -0.305025 
      407.5000  -0.629674   0.317521  -0.312153 
      408.0000  -0.642943   0.335336  -0.307607 
      408.5000  -0.601919   0.306639  -0.295280 
      409.0000  -0.617105   0.315166  -0.301939 
      409.5000  -0.639118   0.327810  -0.311309 
      410.0000  -0.608977   0.311554  -0.297423 
      410.5000  -0.603223   0.299725  -0.303498 
      411.0000  -0.686344   0.381964  -0.304380 
      411.5000  -0.661335   0.363968  -0.297367 
      412.0000  -0.625149   0.334276  -0.290873 
      412.5000  -0.666271   0.368348  -0.297923 
      413.0000  -0.631871   0.339223  -0.292647 
      413.5000  -0.636314   0.353045  -0.283269 
      414.0000  -0.624580   0.348323  -0.276257 
      414.5000  -0.635330   0.362265  -0.273066 
      415.0000  -0.623867   0.359567  -0.264301 
      415.5000  -0.604212   0.336775  -0.267437 
      416.0000  -0.634856   0.363054  -0.271802 
      416.5000  -0.598058   0.319502  -0.278555 
      417.0000  -0.622308   0.350249  -0.272059 
      417.5000  -0.655210   0.379659  -0.275551 
      418.0000  -0.669516   0.395258  -0.274258 
      418.5000  -0.633722   0.371972  -0.261751 
      419.0000  -0.588694   0.329632  -0.259062 
      419.5000  -0.621203   0.352528  -0.268675 
      420.0000  -0.659362   0.389605  -0.269757 
      420.5000  -0.623192   0.352758  -0.270434 
      421.0000  -0.664610   0.387378  -0.277233 
      421.5000  -0.625238   0.346855  -0.278383 
      422.0000  -0.663014   0.379711  -0.283303 
      422.5000  -0.667396   0.378463  -0.288933 
      423.0000  -0.608725   0.326611  -0.282114 
      423.5000  -0.664417   0.377656  -0.286761 
      424.0000  -0.650061   0.348068  -0.301993 
      424.5000  -0.660513   0.343917  -0.316596 
      425.0000  -0.685645   0.373789  -0.311856 
      425.5000  -0.652341   0.329327  -0.323013 
      426.0000  -0.678814   0.349671  -0.329143 
      426.5000  -0.630006   0.309057  -0.320949 
      427.0000  -0.638136   0.317062  -0.321075 
      427.5000  -0.651461   0.331447  -0.320014 
      428.0000  -0.675601   0.354729  -0.320872 
      428.5000  -0.654705   0.337750  -0.316955 
      429.0000  -0.679538   0.360676  -0.318861 
      429.5000  -0.656823   0.322018  -0.334805 
      430.0000  -0.626362   0.288686  -0.337677 
      430.5000  -0.668024   0.337956  -0.330068 
      431.0000  -0.656172   0.320296  -0.335876 
      431.5000  -0.684318   0.348987  -0.335330 
      432.0000  -0.712996   0.378953  -0.334042 
      432.5000  -0.675049   0.326580  -0.348468 
      433.0000  -0.672947   0.323748  -0.349198 
      433.5000  -0.708781   0.363359  -0.345422 
      434.0000  -0.697699   0.357652  -0.340047 
      434.5000  -0.672636   0.330343  -0.342293 
      435.0000  -0.688520   0.350085  -0.338436 
      435.5000  -0.686472   0.338818  -0.347653 
      436.0000  -0.654042   0.309518  -0.344524 
      436.5000  -0.695011   0.340980  -0.354031 
      437.0000  -0.680218   0.319500  -0.360718 
      437.5000  -0.705598   0.338625  -0.366973 
      438.0000  -0.671067   0.305282  -0.365785 
      438.5000  -0.683889   0.322077  -0.361811 
      439.0000  -0.686678   0.316584  -0.370095 
      439.5000  -0.644914   0.273209  -0.371705 
      440.0000  -0.722996   0.353815  -0.369181 
      440.5000  -0.647584   0.281246  -0.366338 
      441.0000  -0.689300   0.325636  -0.363665 
      441.5000  -0.676547   0.312645  -0.363902 
      442.0000  -0.656227   0.301223  -0.355004 
      442.5000  -0.685555   0.328698  -0.356858 
      443.0000  -0.683806   0.329380  -0.354426 
      443.5000  -0.696679   0.336903  -0.359776 
      444.0000  -0.677159   0.318733  -0.358426 
      444.5000  -0.672099   0.318787  -0.353312 
      445.0000  -0.660865   0.301860  -0.359005 
      445.5000  -0.674212   0.323520  -0.350692 
      446.0000  -0.665442   0.314588  -0.350854 
      446.5000  -0.683342   0.327639  -0.355703 
      447.0000  -0.674885   0.321452  -0.353433 
      447.5000  -0.657761   0.312854  -0.344907 
      448.0000  -0.668860   0.318081  -0.350779 
      448.5000  -0.658403   0.313092  -0.345311 
      449.0000  -0.664709   0.326658  -0.338051 
      449.5000  -0.665267   0.325452  -0.339815 
      450.0000  -0.674107   0.330070  -0.344037 
      450.5000  -0.663094   0.324456  -0.338638 
      451.0000  -0.670831   0.327511  -0.343320 
      451.5000  -0.671794   0.324590  -0.347204 
      452.0000  -0.696562   0.356143  -0.340419 
      452.5000  -0.660998   0.319952  -0.341046 
      453.0000  -0.640093   0.312797  -0.327296 
      453.5000  -0.644070   0.316407  -0.327662 
      454.0000  -0.652288   0.325098  -0.327190 
      454.5000  -0.660395   0.327447  -0.332947 
      455.0000  -0.630689   0.299054  -0.331635 
      455.5000  -0.652154   0.330552  -0.321602 
      456.0000  -0.640003   0.322617  -0.317385 
      456.5000  -0.636398   0.330808  -0.305591 
      457.0000  -0.622653   0.318991  -0.303662 
      457.5000  -0.607255   0.304309  -0.302946 
      458.0000  -0.643294   0.334572  -0.308722 
      458.5000  -0.608038   0.295954  -0.312084 
      459.0000  -0.654329   0.338565  -0.315764 
      459.5000  -0.631090   0.317683  -0.313408 
      460.0000  -0.639413   0.326224  -0.313188 
      460.5000  -0.649472   0.338503  -0.310969 
      461.0000  -0.636198   0.321289  -0.314909 
      461.5000  -0.600542   0.287480  -0.313062 
      462.0000  -0.644946   0.326268  -0.318678 
      462.5000  -0.622615   0.294502  -0.328113 
      463.0000  -0.654615   0.326832  -0.327783 
      463.5000  -0.635614   0.308671  -0.326942 
      464.0000  -0.595177   0.271486  -0.323691 
      464.5000  -0.605752   0.288716  -0.317036 
      465.0000  -0.644890   0.331629  -0.313261 
      465.5000  -0.604545   0.297221  -0.307324 
      466.0000  -0.605924   0.289455  -0.316469 
      466.5000  -0.597088   0.288017  -0.309071 
      467.0000  -0.606414   0.302837  -0.303577 
      467.5000  -0.597157   0.291859  -0.305298 
      468.0000  -0.594979   0.293563  -0.301416 
      468.5000  -0.615764   0.321691  -0.294073 
      469.0000  -0.601090   0.307840  -0.293250 
      469.5000  -0.586899   0.286068  -0.300830 
      470.0000  -0.646587   0.345192  -0.301395 
      470.5000  -0.608023   0.305784  -0.302240 
      471.0000  -0.614100   0.310345  -0.303755 
      471.5000  -0.623446   0.320639  -0.302806 
      472.0000  -0.638870   0.333931  -0.304939 
      472.5000  -0.607887   0.299549  -0.308338 
      473.0000  -0.644271   0.322805  -0.321466 
      473.5000  -0.645812   0.328346  -0.317466 
      474.0000  -0.630085   0.315018  -0.315067 
      474.5000  -0.625813   0.316784  -0.309029 
      475.0000  -0.648304   0.335632  -0.312673 
      475.5000  -0.628356   0.321565  -0.306791 
      476.0000  -0.646863   0.322725  -0.324138 
      476.5000  -0.639561   0.314470  -0.325092 
      477.0000  -0.657051   0.334515  -0.322536 
      477.5000  -0.636456   0.318028  -0.318428 
      478.0000  -0.650468   0.345958  -0.304511 
      478.5000  -0.641018   0.341818  -0.299200 
      479.0000  -0.654756   0.359495  -0.295261 
      479.5000  -0.611179   0.319336  -0.291843 
      480.0000  -0.652025   0.361251  -0.290774 
      480.5000  -0.622391   0.326419  -0.295972 
      481.0000  -0.615165   0.313693  -0.301472 
      481.5000  -0.613852   0.329401  -0.284451 
      482.0000  -0.656025   0.380113  -0.275912 
      482.5000  -0.604479   0.327538  -0.276941 
      483.0000  -0.619619   0.347964  -0.271654 
      483.5000  -0.627594   0.354793  -0.272801 
      484.0000  -0.597180   0.319008  -0.278172 
      484.5000  -0.662780   0.368660  -0.294120 
      485.0000  -0.671722   0.374033  -0.297689 
      485.5000  -0.610793   0.314519  -0.296274 
      486.0000  -0.662497   0.354159  -0.308338 
      486.5000  -0.599863   0.301639  -0.298224 
      487.0000  -0.585353   0.282285  -0.303068 
      487.5000  -0.662349   0.355267  -0.307082 
      488.0000  -0.580551   0.276354  -0.304197 
      488.5000  -0.643833   0.331109  -0.312724 
      489.0000  -0.594736   0.275096  -0.319641 
      489.5000  -0.642388   0.328280  -0.314109 
      490.0000  -0.641298   0.318972  -0.322327 
      490.5000  -0.615187   0.284906  -0.330281 
      491.0000  -0.643899   0.307938  -0.335960 
      491.5000  -0.622454   0.295900  -0.326554 
      492.0000  -0.641630   0.314237  -0.327394 
      492.5000  -0.629237   0.299542  -0.329695 
      493.0000  -0.663476   0.338132  -0.325344 
      493.5000  -0.672203   0.352730  -0.319473 
      494.0000  -0.643900   0.330733  -0.313167 
      494.5000  -0.667049   0.355748  -0.311301 
      495.0000  -0.637128   0.322267  -0.314861 
      495.5000  -0.651367   0.333412  -0.317955 
      496.0000  -0.626288   0.322830  -0.303458 
      496.5000  -0.639643   0.337971  -0.301671 
      497.0000  -0.645497   0.345355  -0.300142 
      497.5000  -0.642037   0.335925  -0.306112 
      498.0000  -0.629531   0.328104  -0.301428 
      498.5000  -0.641556   0.348956  -0.292600 
      499.0000  -0.646817   0.347707  -0.299109 
      499.5000  -0.674040   0.370124  -0.303916 
      500.0000  -0.652681   0.353444  -0.299237 
