t = 0
b =  30.0 30.0 30.0
E = 0. 0. 0.
7.032542798571001 1.5741042983967954 24.39406763419796 -0.4772618021901358 0.197263780326357 0.8563341480646317 0.6664100421027344 0.7164560678355612 0.20636947120695395 0.0 0.0 0.0 0.0 0.0 0.0
7.036358475015783 2.111262242211818 24.405551802781073 -0.050718128435650434 -0.2325861884069726 0.9712524576083714 0.6664100421027344 0.7164560678355612 0.20636947120695395 0.0 0.0 0.0 0.0 0.0 0.0
7.02861295248781 2.595402157061137 24.638432999636514 0.39509421027342606 -0.5740727755307952 0.7171757200315604 0.6664100421027344 0.7164560678355612 0.20636947120695395 0.0 0.0 0.0 0.0 0.0 0.0
7.110929167623322 2.948682164664985 25.034794424439117 0.690803652876695 -0.6974595172455005 0.1906319358761488 0.6664100421027344 0.7164560678355612 0.20636947120695395 0.0 0.0 0.0 0.0 0.0 0.0
7.350714097168244 3.142976253367126 25.47461040502293 0.7240652381309463 -0.5558697274573611 -0.4083361079146136 0.6664100421027344 0.7164560678355612 0.20636947120695395 0.0 0.0 0.0 0.0 0.0 0.0
7.755549720527862 3.210559820204896 25.821346156959294 0.48224233369404024 -0.20309573456193625 -0.8521704372929592 0.6664100421027344 0.7164560678355612 0.20636947120695395 0.0 0.0 0.0 0.0 0.0 0.0
8.270312499026813 3.231847707958856 25.973829630901147 0.057207504024912315 0.22683772347317144 -0.9722509700137862 0.6664100421027344 0.7164560678355612 0.20636947120695395 0.0 0.0 0.0 0.0 0.0 0.0
8.798115729868279 3.304843261915985 25.904688465636436 -0.3895614128817413 0.5705917378363314 -0.7229571040570085 0.6664100421027344 0.7164560678355612 0.20636947120695395 0.0 0.0 0.0 0.0 0.0 0.0
9.237118424385786 3.5079052204666 25.670749205754053 -0.6883294359151279 0.6975684112103474 -0.19899974707077622 0.6664100421027344 0.7164560678355612 0.20636947120695395 0.0 0.0 0.0 0.0 0.0 0.0
9.519216402328121 3.8699779203016353 25.39144794726535 -0.725589597989898 0.5595271824436633 0.4005609409259884 0.6664100421027344 0.7164560678355612 0.20636947120695395 0.0 0.0 0.0 0.0 0.0 0.0
9.635916208577951 4.359594858980252 25.203454567864394 -0.48718614057715726 0.20891222227101097 0.8479418304431745 0.6664100421027344 0.7164560678355612 0.20636947120695395 0.0 0.0 0.0 0.0 0.0 0.0
9.641561918753883 4.896833345298977 25.20874955539349 -0.06369252304125544 -0.22107198396849037 0.9731754417436118 0.6664100421027344 0.7164560678355612 0.20636947120695395 0.0 0.0 0.0 0.0 0.0 0.0
9.632688916298475 5.383678465916046 25.435879915489046 0.38399894888021674 -0.5670672473718963 0.7286834320999404 0.6664100421027344 0.7164560678355612 0.20636947120695395 0.0 0.0 0.0 0.0 0.0 0.0
9.711348486322855 5.741260589651894 25.829113686859845 0.6858028000020395 -0.6976241826399354 0.20735240366420515 0.6664100421027344 0.7164560678355612 0.20636947120695395 0.0 0.0 0.0 0.0 0.0 0.0
9.946336826186515 5.939819259004193 26.26961344517025 0.7270587013917277 -0.5631420272687255 -0.39275526967087704 0.6664100421027344 0.7164560678355612 0.20636947120695395 0.0 0.0 0.0 0.0 0.0 0.0
10.347058219909355 6.010009685521297 26.620584627401115 0.49209284634945083 -0.21471280050552385 -0.8436486495400615 0.6664100421027344 0.7164560678355612 0.20636947120695395 0.0 0.0 0.0 0.0 0.0 0.0
10.859952193441277 6.031256322407218 26.779246073423884 0.07017269162537265 0.21528940897631443 -0.9740258023957465 0.6664100421027344 0.7164560678355612 0.20636947120695395 0.0 0.0 0.0 0.0 0.0 0.0
11.38884203423719 6.1015781868433825 26.715878307142773 -0.3784072418720231 0.563499572541083 -0.7343542680783051 0.6664100421027344 0.7164560678355612 0.20636947120695395 0.0 0.0 0.0 0.0 0.0 0.0
11.831473932341773 6.300349796570825 26.485114462346726 -0.6832239375505381 0.6976268272870527 -0.21568926956929763 0.6664100421027344 0.7164560678355612 0.20636947120695395 0.0 0.0 0.0 0.0 0.0 0.0
12.118364912384038 6.658145463529211 26.205184241765682 -0.7284724364585249 0.5667139866481173 0.38491968858136627 0.6664100421027344 0.7164560678355612 0.20636947120695395 0.0 0.0 0.0 0.0 0.0 0.0
12.239200577614165 7.145123601575717 26.012996476308277 -0.49696207734628073 0.2204970275289829 0.8392912215259672 0.6664100421027344 0.7164560678355612 0.20636947120695395 0.0 0.0 0.0 0.0 0.0 0.0
12.246753721676274 7.682364043985403 26.012125171206055 -0.07664751628733874 -0.20949043886211904 0.9748019872119347 0.6664100421027344 0.7164560678355612 0.20636947120695395 0.0 0.0 0.0 0.0 0.0 0.0
12.236835061988966 8.171851134264843 26.23346000976098 0.3727867176872971 -0.5598889850361443 0.7399691801359876 0.6664100421027344 0.7164560678355612 0.20636947120695395 0.0 0.0 0.0 0.0 0.0 0.0
12.311893146328229 8.533711512788363 26.623470846211063 0.6805930449509826 -0.6975763449503012 0.22400970990143743 0.6664100421027344 0.7164560678355612 0.20636947120695395 0.0 0.0 0.0 0.0 0.0 0.0
12.54209243667896 8.73655934153119 27.06454470308166 0.7298306955288895 -0.5702427885633047 -0.37705479436729306 0.6664100421027344 0.7164560678355612 0.20636947120695395 0.0 0.0 0.0 0.0 0.0 0.0
2.6713324377985503 1.3895067030865738 4.389634948423425 0.14269591519855043 0.9707670220657639 -0.19300068563405867 0.43429199066008195 0.11381174690924244 0.8935532178409801 0.0 0.0 0.0 0.0 0.0 0.0
3.1697780430831406 1.4701603819089408 4.573297859168237 -0.4059286165425987 0.9102768763996765 0.08135088545221805 0.43429199066008195 0.11381174690924244 0.8935532178409801 0.0 0.0 0.0 0.0 0.0 0.0
3.575692207454283 1.7583117033485172 4.775504706811591 -0.8003340800946687 0.503957326371574 0.32479589504092415 0.43429199066008195 0.11381174690924244 0.8935532178409801 0.0 0.0 0.0 0.0 0.0 0.0
3.799170193085298 2.161340113191534 5.051748788949242 -0.8906792457465262 -0.09382403766226204 0.4448455138058034 0.43429199066008195 0.11381174690924244 0.8935532178409801 0.0 0.0 0.0 0.0 0.0 0.0
3.81961781662313 2.54298133069726 5.429395419956009 -0.642640474576412 -0.6559600811339477 0.3958908844554877 0.43429199066008195 0.11381174690924244 0.8935532178409801 0.0 0.0 0.0 0.0 0.0 0.0
3.693575523760558 2.7750964270686893 5.89728539053113 -0.15045184273895712 -0.9688859227151387 0.19653068915791727 0.43429199066008195 0.11381174690924244 0.8935532178409801 0.0 0.0 0.0 0.0 0.0 0.0
3.5332377286116663 2.7863539468711642 6.409974537883644 0.39889595957569646 -0.9137158033480717 -0.07749480076864348 0.43429199066008195 0.11381174690924244 0.8935532178409801 0.0 0.0 0.0 0.0 0.0 0.0
3.463828279999334 2.589329920550337 6.90499874296257 0.7966965176627513 -0.5114097737755019 -0.3220787202392215 0.43429199066008195 0.11381174690924244 0.8935532178409801 0.0 0.0 0.0 0.0 0.0 0.0
3.5760258276563177 2.275730020205853 7.326605093628743 0.8918187486342796 0.08518937916982974 -0.44429954902187974 0.43429199066008195 0.11381174690924244 0.8935532178409801 0.0 0.0 0.0 0.0 0.0 0.0
3.891513487125602 1.981549041523619 7.646933348115473 0.6481241265853064 0.6494236626780774 -0.39772355083880007 0.43429199066008195 0.11381174690924244 0.8935532178409801 0.0 0.0 0.0 0.0 0.0 0.0
4.354741061643261 1.835404207182998 7.87660050667411 0.15819631278904098 0.9669310389503042 -0.20004572610889743 0.43429199066008195 0.11381174690924244 0.8935532178409801 0.0 0.0 0.0 0.0 0.0 0.0
4.854029490638837 1.909671333595627 8.060667235671774 -0.39183292513708423 0.9170851473004471 0.0736328145559566 0.43429199066008195 0.11381174690924244 0.8935532178409801 0.0 0.0 0.0 0.0 0.0 0.0
5.263999592020373 2.192988048191518 8.261518567064332 -0.7929982837064778 0.5188232753451532 0.31933701789599367 0.43429199066008195 0.11381174690924244 0.8935532178409801 0.0 0.0 0.0 0.0 0.0 0.0
5.493205709679291 2.5945705447271346 8.535162781734234 -0.8928903360715079 -0.07654823317634953 0.44371974910712175 0.43429199066008195 0.11381174690924244 0.8935532178409801 0.0 0.0 0.0 0.0 0.0 0.0
5.518877447135875 2.978703869101609 8.909952927174766 -0.6535584214326469 -0.642837788095948 0.39952592903386613 0.43429199066008195 0.11381174690924244 0.8935532178409801 0.0 0.0 0.0 0.0 0.0 0.0
5.395570521862641 3.2163022994526917 9.37581502070967 -0.16592873557742452 -0.9649025196432279 0.20354552880332535 0.43429199066008195 0.11381174690924244 0.8935532178409801 0.0 0.0 0.0 0.0 0.0 0.0
5.234440136093579 3.2339511700903993 9.88807532393986 0.38474005110417947 -0.9203846516682164 -0.06976522091936077 0.43429199066008195 0.11381174690924244 0.8935532178409801 0.0 0.0 0.0 0.0 0.0 0.0
5.161011257079577 3.0417983304203933 10.384432642866317 0.7892396598606822 -0.5261972665136813 -0.3165709968024901 0.43429199066008195 0.11381174690924244 0.8935532178409801 0.0 0.0 0.0 0.0 0.0 0.0
5.26748958336428 2.7296988072917725 10.808627593110726 0.8938939264526786 0.06790125773854423 -0.44310615821553917 0.43429199066008195 0.11381174690924244 0.8935532178409801 0.0 0.0 0.0 0.0 0.0 0.0
5.577731058310283 2.4330773780011694 11.131816480647547 0.6589429452758407 0.6362029589274074 -0.4012978817826095 0.43429199066008195 0.11381174690924244 0.8935532178409801 0.0 0.0 0.0 0.0 0.0 0.0
6.038178598365583 2.2814784332162237 11.363529503405166 0.17364852225017427 0.9628005192735086 -0.20702983071767717 0.43429199066008195 0.11381174690924244 0.8935532178409801 0.0 0.0 0.0 0.0 0.0 0.0
6.538209324531668 2.3493498970942355 11.548050069736489 -0.37761787762680177 0.9236140651813468 0.06589231439108406 0.43429199066008195 0.11381174690924244 0.8935532178409801 0.0 0.0 0.0 0.0 0.0 0.0
6.9521620436109615 2.6277592161918935 11.747590791206564 -0.7854209323591229 0.5335311857231084 0.31378086760192475 0.43429199066008195 0.11381174690924244 0.8935532178409801 0.0 0.0 0.0 0.0 0.0 0.0
7.187078036445688 3.0277869858627167 12.018657871319625 -0.8948294433504993 -0.05924911135707191 0.4424588230744523 0.43429199066008195 0.11381174690924244 0.8935532178409801 0.0 0.0 0.0 0.0 0.0 0.0
7.2180176295128184 3.414308918735419 12.390583454074497 -0.664277288062551 -0.6295196804403849 0.40303927414396623 0.43429199066008195 0.11381174690924244 0.8935532178409801 0.0 0.0 0.0 0.0 0.0 0.0
7.0975351938645765 3.657331820643871 12.854381852052134 -0.18135508491564745 -0.9606251979166133 0.21049836650887016 0.43429199066008195 0.11381174690924244 0.8935532178409801 0.0 0.0 0.0 0.0 0.0 0.0
6.935712860903467 3.681380178461116 13.366163359298808 0.37046694708603545 -0.9267731419074968 -0.062014389907955186 0.43429199066008195 0.11381174690924244 0.8935532178409801 0.0 0.0 0.0 0.0 0.0 0.0
