t = 0
b =  30.0 30.0 30.0
E = 0. 0. 0.
15.474084114318815 13.492352465682982 9.27121516743221 -0.5589928543483628 0.8100056070349073 -0.17725096716091987 0.8099805727908705 0.5791585450445945 0.09223259403920982 0.0 0.0 0.0 0.0 0.0 0.0
15.788474511735513 13.778035211115913 8.942233178423034 -0.5568096156244344 0.7100918447961895 0.4309670798357039 0.8099805727908705 0.5791585450445945 0.09223259403920982 0.0 0.0 0.0 0.0 0.0 0.0
15.975940139750584 14.225583414913206 8.711490148822804 -0.3430850945644574 0.3404023186168664 0.8754535278174156 0.8099805727908705 0.5791585450445945 0.09223259403920982 0.0 0.0 0.0 0.0 0.0 0.0
16.085199509664495 14.750726337949988 8.68030677843474 0.0009831899974459546 -0.15861173962827158 0.9873405437788534 0.8099805727908705 0.5791585450445945 0.09223259403920982 0.0 0.0 0.0 0.0 0.0 0.0
16.194682997769263 15.23971370994778 8.87418771606778 0.34467794424125925 -0.5973665461417597 0.7241203797051178 0.8099805727908705 0.5791585450445945 0.09223259403920982 0.0 0.0 0.0 0.0 0.0 0.0
16.38273583410913 15.592531358956395 9.233131917039081 0.5574237847599024 -0.8091718143399491 0.18579477673427924 0.8099805727908705 0.5791585450445945 0.09223259403920982 0.0 0.0 0.0 0.0 0.0 0.0
16.697853439724387 15.760898267425588 9.634428043213001 0.5583950098195718 -0.7135591816391074 -0.42311736824092594 0.8099805727908705 0.5791585450445945 0.09223259403920982 0.0 0.0 0.0 0.0 0.0 0.0
17.140257205397937 15.766609337987976 9.939274551982997 0.34722263478208204 -0.34685348576025554 -0.8712801508762542 0.8099805727908705 0.5791585450445945 0.09223259403920982 0.0 0.0 0.0 0.0 0.0 0.0
17.661810381595437 15.693255145557554 10.04551272294588 0.004134575538006613 0.15162764843994725 -0.9884290371663973 0.8099805727908705 0.5791585450445945 0.09223259403920982 0.0 0.0 0.0 0.0 0.0 0.0
18.18430603441692 15.654464480359987 9.92643846378572 -0.34052427807937424 0.592502903918722 -0.7300572065848002 0.8099805727908705 0.5791585450445945 0.09223259403920982 0.0 0.0 0.0 0.0 0.0 0.0
18.6291791673356 15.750734870753824 9.640947641413272 -0.5558122651920803 0.8082764000784913 -0.19432443731605664 0.8099805727908705 0.5791585450445945 0.09223259403920982 0.0 0.0 0.0 0.0 0.0 0.0
18.947354876915085 16.03125189197801 9.311160557440202 -0.5599378800727989 0.7169721781876852 0.4152354346203906 0.8099805727908705 0.5791585450445945 0.09223259403920982 0.0 0.0 0.0 0.0 0.0 0.0
19.137892729113506 16.475202743779636 9.07602640385425 -0.3513337326517427 0.35327823866780483 0.867040422578305 0.8099805727908705 0.5791585450445945 0.09223259403920982 0.0 0.0 0.0 0.0 0.0 0.0
19.248344045899234 16.999683381201507 9.03853414187649 -0.009252026209526143 -0.14463201021914518 0.9894422578559022 0.8099805727908705 0.5791585450445945 0.09223259403920982 0.0 0.0 0.0 0.0 0.0 0.0
19.35668636301938 17.491195147343067 9.226585273709828 0.3363446796753184 -0.5875941403055839 0.7359384367816696 0.8099805727908705 0.5791585450445945 0.09223259403920982 0.0 0.0 0.0 0.0 0.0 0.0
19.54169846045462 17.8487648107133 9.582393595363882 0.5541584183683472 -0.8073194324397996 0.20283929933957467 0.8099805727908705 0.5791585450445945 0.09223259403920982 0.0 0.0 0.0 0.0 0.0 0.0
19.85303098679354 18.02230598405653 9.98443914168474 0.5614381088885689 -0.7203305745290249 -0.40732187921385965 0.8099805727908705 0.5791585450445945 0.09223259403920982 0.0 0.0 0.0 0.0 0.0 0.0
20.29234334771929 18.031647780270642 10.293635652822399 0.3554180750974162 -0.35967608806970874 -0.8627346657952932 0.8099805727908705 0.5791585450445945 0.09223259403920982 0.0 0.0 0.0 0.0 0.0 0.0
20.812673270046737 17.959001400892035 10.406171769746035 0.014368772303427202 0.1376253577107978 -0.9903801286866901 0.8099805727908705 0.5791585450445945 0.09223259403920982 0.0 0.0 0.0 0.0 0.0 0.0
21.336278554472866 17.917726726133996 10.292950705173185 -0.3321394673216958 0.5826406291236969 -0.7417636224172769 0.8099805727908705 0.5791585450445945 0.09223259403920982 0.0 0.0 0.0 0.0 0.0 0.0
21.78417263687223 18.009265001117516 10.010644599530691 -0.552462370235546 0.806300984300662 -0.21133871436512403 0.8099805727908705 0.5791585450445945 0.09223259403920982 0.0 0.0 0.0 0.0 0.0 0.0
22.106132904593153 18.28459961084267 9.680163827298884 -0.5628955820186532 0.7236341149082395 0.3993773046692157 0.8099805727908705 0.5791585450445945 0.09223259403920982 0.0 0.0 0.0 0.0 0.0 0.0
22.299781106681387 18.724886639830334 9.440721124232851 -0.3594753510806161 0.36604654674496184 0.8583632084272678 0.8099805727908705 0.5791585450445945 0.09223259403920982 0.0 0.0 0.0 0.0 0.0 0.0
22.411486891179884 19.248613990666186 9.396942341536251 -0.01948442415968854 -0.1306082244986243 0.9912425782362655 0.8099805727908705 0.5791585450445945 0.09223259403920982 0.0 0.0 0.0 0.0 0.0 0.0
22.518751200578105 19.74256919261798 9.579117335738099 0.3279089612617042 -0.5776427476021188 0.7475323198811819 0.8099805727908705 0.5791585450445945 0.09223259403920982 0.0 0.0 0.0 0.0 0.0 0.0
2.2072665996625713 21.290340925569478 24.719460374104084 -0.5517360237890429 0.04568359685383953 0.8327666954387362 0.6314680682754433 0.6751550707528134 0.3813314951393914 0.0 0.0 0.0 0.0 0.0 0.0
2.1988227093816777 21.817731553688912 24.821797699685085 -0.1274582112964538 -0.39471683662467727 0.9099192399647984 0.6314680682754433 0.6751550707528134 0.3813314951393914 0.0 0.0 0.0 0.0 0.0 0.0
2.161324715825279 22.255146466479967 25.131551144646714 0.3452431066553101 -0.6851577445558972 0.6413782521898181 0.6314680682754433 0.6751550707528134 0.3813314951393914 0.0 0.0 0.0 0.0 0.0 0.0
2.2025248992940485 22.53637964984099 25.587506782376003 0.6867807962317942 -0.7152957701037241 0.12916694313539712 0.6314680682754433 0.6751550707528134 0.3813314951393914 0.0 0.0 0.0 0.0 0.0 0.0
2.4002767868734436 22.65456113990005 26.072906028857254 0.7673989789572349 -0.4736809734816222 -0.43211704717228644 0.6314680682754433 0.6751550707528134 0.3813314951393914 0.0 0.0 0.0 0.0 0.0 0.0
2.7729572958523843 22.664767037149584 26.459804180838997 0.5564694593501005 -0.05210685551030561 -0.8292325466474617 0.6314680682754433 0.6751550707528134 0.3813314951393914 0.0 0.0 0.0 0.0 0.0 0.0
3.2724850355995163 22.663095175046 26.657678747720613 0.13412788846264623 0.38926352804954195 -0.9113087376224235 0.6314680682754433 0.6751550707528134 0.3813314951393914 0.0 0.0 0.0 0.0 0.0 0.0
3.802587231742049 22.750155946409503 26.64782045918683 -0.33917110975047515 0.6827461891642437 -0.6471635029050492 0.6314680682754433 0.6751550707528134 0.3813314951393914 0.0 0.0 0.0 0.0 0.0 0.0
4.2553753627449264 22.992848733075636 26.49044122980281 -0.6836133327308382 0.7168421581078973 -0.137150033437284 0.6314680682754433 0.6751550707528134 0.3813314951393914 0.0 0.0 0.0 0.0 0.0 0.0
4.552333813041886 23.398945712237932 26.30179864598133 -0.768339421201337 0.4785978062246078 0.4249690267595824 0.6314680682754433 0.6751550707528134 0.3813314951393914 0.0 0.0 0.0 0.0 0.0 0.0
4.674149268100166 23.91413907638823 26.210027765181362 -0.5611605176073707 0.05852614602798356 0.8256352485872549 0.6314680682754433 0.6751550707528134 0.3813314951393914 0.0 0.0 0.0 0.0 0.0 0.0
4.6680481655129045 24.442673477367137 26.306460465275514 -0.1407873512708363 -0.38378057554965184 0.9126288355914026 0.6314680682754433 0.6751550707528134 0.3813314951393914 0.0 0.0 0.0 0.0 0.0 0.0
4.629854581773575 24.883725084073827 26.61092693715863 0.3330732836524771 -0.6802826400069271 0.6528994696139379 0.6314680682754433 0.6751550707528134 0.3813314951393914 0.0 0.0 0.0 0.0 0.0 0.0
4.667585063522995 25.169706241585814 27.06422186368376 0.6803938094278771 -0.7183339558063644 0.14512267923312605 0.6314680682754433 0.6751550707528134 0.3813314951393914 0.0 0.0 0.0 0.0 0.0 0.0
4.86041133554012 25.29194315126933 27.550597509506368 0.7692213514237664 -0.48347819189168373 -0.41778864331015686 0.6314680682754433 0.6751550707528134 0.3813314951393914 0.0 0.0 0.0 0.0 0.0 0.0
5.228581638817878 25.303971191898473 27.941738220940685 0.5658088413186027 -0.0649409795530495 -0.821975075206292 0.6314680682754433 0.6751550707528134 0.3813314951393914 0.0 0.0 0.0 0.0 0.0 0.0
5.725728085277412 25.30119593419513 28.14550968811825 0.14743609257714552 0.3782683966730654 -0.9138794333411658 0.6314680682754433 0.6751550707528134 0.3813314951393914 0.0 0.0 0.0 0.0 0.0 0.0
6.256482593678989 25.38464696941564 28.14096230971044 -0.32695009273438436 0.6777672846927513 -0.658585715500413 0.6314680682754433 0.6751550707528134 0.3813314951393914 0.0 0.0 0.0 0.0 0.0 0.0
6.7127088181542645 25.622595078507846 27.986290296731877 -0.6771224715020772 0.7197710495929527 -0.1530842733750799 0.6314680682754433 0.6751550707528134 0.3813314951393914 0.0 0.0 0.0 0.0 0.0 0.0
7.014584953944952 26.02461502100239 27.796722718820664 -0.7700447024621244 0.4883217588225843 0.41057644363800805 0.6314680682754433 0.6751550707528134 0.3813314951393914 0.0 0.0 0.0 0.0 0.0 0.0
7.1409293755799075 26.53794792378561 27.70074605415554 -0.5704140764959512 0.07135086757109224 0.8182523052409457 0.6314680682754433 0.6751550707528134 0.3813314951393914 0.0 0.0 0.0 0.0 0.0 0.0
7.1372478905295065 27.067545259076716 27.791290028216434 -0.1540736060541839 -0.3727274111935477 0.9150604356338516 0.6314680682754433 0.6751550707528134 0.3813314951393914 0.0 0.0 0.0 0.0 0.0 0.0
7.098445322131121 27.512179369258373 28.090422057372486 0.32080200330089026 -0.6752003147757646 0.6642218075348341 0.6314680682754433 0.6751550707528134 0.3813314951393914 0.0 0.0 0.0 0.0 0.0 0.0
7.1327695804792235 27.80290154644168 28.540963468455868 0.6737995680784854 -0.7211533300274087 0.16103420955692582 0.6314680682754433 0.6751550707528134 0.3813314951393914 0.0 0.0 0.0 0.0 0.0 0.0
7.32068647157195 27.929236799354122 29.028212632674702 0.7708094116150398 -0.4931281381609368 -0.40333297698006554 0.6314680682754433 0.6751550707528134 0.3813314951393914 0.0 0.0 0.0 0.0 0.0 0.0
7.684309392295877 27.94316347765648 29.42352203210004 0.5749758724329259 -0.07775532194432422 -0.8144672221945632 0.6314680682754433 0.6751550707528134 0.3813314951393914 0.0 0.0 0.0 0.0 0.0 0.0
8.178998081232534 27.939365827875054 29.63317360259888 0.16069938622960012 0.3671580410785939 -0.9161717525315638 0.6314680682754433 0.6751550707528134 0.3813314951393914 0.0 0.0 0.0 0.0 0.0 0.0
