t = 100000
b = 30 30 30
E = -0.449579549197673 -0.62719379777597 0.177614248578297
31.4524973960451 0.627948544268821 43.709187804071 0.533166556929715 -0.0852852938565909 -0.841700512446791 -0.756052460067239 -0.49447517167191 -0.428810989481378 0.237168058253111 -0.501092865635169 -0.128293046430851 -1.18001700547168 -0.180071439657317 -0.272502364993963
30.9109756602256 0.966847303499531 44.6159597190862 -0.905757661406284 0.199279543955462 -0.374019517419614 -0.358964372857433 -0.829879805935032 0.427134510539417 -0.44505503773002 0.383541855507016 0.00384095080686682 -0.199808950853334 0.00080118497529725 0.22064548231499
30.4989364360096 0.870507926010859 44.8929121628125 -0.372003842947613 -0.264445315859313 -0.889764968313754 -0.525026255474151 -0.730546541046263 0.436633743499007 -0.0881988867965065 -0.0893812871786633 0.0388475888843904 -0.0525072932175268 0.0759857465053012 -0.0960616696131821
31.2210738820372 0.35982805766035 44.7855560696186 0.846751248807235 0.103649999203985 -0.521793959429438 0.531094446638012 -0.221554925146553 0.817833740130885 0.0190116590550551 0.197341513148308 -0.248085585939472 -0.480796444822702 0.201160928505802 0.554219264432017
31.5976403729929 -0.0110001304298907 44.9396992676473 0.550690017455026 0.810591443428139 -0.199203197322584 0.570526351236479 -0.191320494330608 0.798683971608747 0.215557679990896 0.299779789384624 -0.121968174854836 0.486122600510407 0.101093077762521 0.0124342359699999
32.0546842250336 -0.117112821648336 45.101559406618 -0.234556968719374 0.91605431099487 0.325311174884813 0.559358389094873 -0.146510918005572 0.815875390883387 -0.257344581298983 0.323617290788881 -0.0212785322913081 -0.234996912789064 -0.610238024996139 -0.307739362774833
32.4592793404758 0.135265923158964 45.2518034651238 -0.651335678381533 0.251149295661598 0.716020769134721 0.753695944904549 0.104980973219119 0.648784478721997 -0.207369754137232 0.019035659288754 -0.591744286886361 0.0718882843324561 -0.536875851908427 -0.348636745915194
32.6619374179002 0.52856099457138 45.5789777091125 -0.359472209926021 -0.716210940722848 0.598181795362358 0.744670910138898 0.166138451327735 0.646423349015485 -0.533978680934383 0.179156875855032 -0.554616551722653 0.278752457654185 -0.512956022234585 -0.00935281826264905
32.713133399996 0.619590581098205 46.0283132073324 0.258697627037313 -0.964880244274896 0.0456236631184136 0.663900698044551 0.211911612797855 0.717167524333517 0.223685904573197 -0.152557725084845 0.375338201229577 -0.074384002939637 0.396103533467262 0.238741249970123
32.1520091774801 1.87968903671036 46.6382063741139 -0.596818185802676 0.711627949339074 0.370666456250806 -0.611100535640603 -0.10377050061746 -0.784721451117982 -0.349122654214516 0.375154739480636 0.0572742562202925 0.459870479214722 -0.363953383814319 -0.493681514207749
31.6947689880748 1.75834779061283 46.4926166351987 0.290569532107797 0.923446604307694 -0.250630301082876 -0.446109621752734 -0.100980847457649 -0.889263171086756 -0.21223059306241 0.350026256256378 -0.341392717884423 0.486987756956136 -0.572640520501921 -0.259476380213577
31.2419176734486 2.08367527618414 47.4227446871333 -0.459224554325557 0.625957758722721 0.630309076286114 -0.870006829354245 -0.173589453332716 -0.46147014777095 0.375223636797244 -0.251438407878077 -0.0501048014887364 -0.190553007230261 -0.256838901427887 0.492332994638842
30.6245329286819 2.08043527141685 47.2031403114378 -0.254626261656802 0.634585571419942 0.729703000748458 -0.897536901785013 0.125817211813261 -0.422607904179223 0.0444482865380926 0.106918076031879 0.200711364668442 -0.21067491642108 -0.0738318724623344 0.09958089162704
30.0255298438756 2.15119923582197 47.1495724694677 0.143474089897723 0.689741269739279 0.70969856773103 -0.854945438607184 0.447590306025096 -0.262166244229287 -0.182227566555017 -0.0299682540649557 -0.0454465966051277 0.296507526205982 -0.121024270534466 0.440971271587438
30.1995933446889 2.3782290119092 46.9707506195896 0.609715713618671 -0.519081149232728 0.599000359605608 -0.0413257239869791 0.733875268146791 0.678025943487506 0.0181807170766135 0.366078088430569 -0.409951320117907 0.262393593556368 0.439222273464 0.284053743034987
30.3306055513072 2.10888343596271 45.9002408300564 -0.0993676600461924 -0.0900975496692174 -0.990963378395776 0.989128605949598 0.0995479516982953 -0.108234498402408 -0.199866887430624 -0.73175344586057 -0.315237630560867 -0.0523296192161486 0.345440575621913 -0.53759883820233
30.6573414777761 1.8555812845637 45.7441583110556 -0.0344232050799829 0.876305452105555 -0.480524289552144 0.995588272942016 -0.0119251984608547 -0.0930680470055927 -0.463255377557254 0.0118295077291705 -0.320086156004134 0.264933273817171 0.194733864045266 -0.394578403361567
31.1803355746824 1.94257529245307 45.4842923169374 -0.27661327562736 0.932103226099884 0.233812911711471 0.878591015311353 0.343865738600526 -0.331412239309576 0.329335924739774 -0.711569677359134 -0.486658844455124 0.430960780024652 0.0542282587815233 -0.530018216294375
31.1809427952286 1.81938267534909 44.8136505475417 0.661083920876964 -0.746785708821705 -0.0726570768849343 -0.221258620251995 -0.101500407006298 -0.969918660418475 0.0575872370901909 0.198114145510842 0.238015173770937 -0.00915778982876117 -0.500608300653929 -0.144977111403254
31.3983771429575 1.86487686959335 44.3916178856507 -0.275830398045273 -0.961170759929986 -0.00826096659676532 -0.203344716062443 0.0667500574010339 -0.976829203858745 -0.388289538489258 -0.191187524789504 0.0637534509670925 -0.170679362191943 0.235088398211374 -0.33830086484319
32.3268566014124 2.06587650461543 44.221660325928 0.610673172091625 0.661520103390891 -0.435280713082105 -0.277868193986054 0.693733298773027 0.664472156909341 -0.0938341803150804 -0.131841340878735 0.818122460482412 0.0408913508834224 -0.315360868798592 -0.11629011289914
32.3514301597065 1.78064318999392 43.6957623456629 0.947828542189505 0.305298255389087 0.0917273147030298 0.160199302546507 -0.207404100148601 -0.965049016614261 -0.234384509400898 0.102262914302209 -0.34066023367785 0.149077946371429 0.221753144429001 -0.326347580991571
32.2236619001947 2.18152812294789 43.3711285823375 0.709033199504419 -0.666818402910784 -0.229401380699129 -0.0799582679021357 0.247190469774139 -0.965662170113436 -0.141207057523754 0.282640872795957 0.308805101122298 0.106123799984944 0.0591363004918019 0.0637007282865651
32.4005940487087 2.47021598771245 42.9658624107677 -0.00880577867411684 -0.93386616006864 -0.357514082841955 -0.0690028045704003 0.357243171222916 -0.931458983895607 -0.098482874398464 -0.1461474137913 -0.452165266861844 0.306878285003213 0.340626394287054 0.276083155915729
32.5581897146651 2.74804496390358 42.507134551863 -0.509511498307309 -0.855403980837479 -0.0931770187295368 -0.177888129498005 0.210662176746996 -0.961237325257957 0.225023901593641 0.26161440641894 -0.243560382519878 0.528304262314887 0.231911017342326 0.0424903730100852
32.4888148135426 2.54445234541096 42.0340926234685 -0.977381797791828 -0.211257795075808 0.00973980982486817 -0.0173544499747219 0.0342202084513616 -0.99926358876062 -0.644070638386298 0.0520685986036057 0.675067152983911 -0.141014327279485 0.253843762223276 0.33655673991444
32.3842651325037 2.33372449003986 41.5995693997219 -0.850188499240957 0.466707136440644 0.243646919213259 -0.188771050326788 0.161784681291484 -0.968602648904878 0.343213475582084 0.106494601695067 -0.122296048435297 0.378315007271615 0.112004748396278 0.70559204150319
