t = 100000
b = 30 30 30
E = -0.393336445391766 -0.557836337989859 0.164499892598093
35.3415616147291 12.0907760807791 27.2245770401581 -0.693373463598253 0.480250069351775 0.537208505285009 -0.224694655960521 0.564251399864124 -0.794438503580276 -0.324505638313107 -0.0487400891554896 -0.114268833389533 0.581946796316522 -0.0975529482131997 -0.1102610379038
34.7540159102544 12.2638365489342 26.4766213282126 -0.774675016979595 0.628265385862821 -0.0718406717051424 0.21191325304135 0.364962794369887 0.906584139410073 0.278890805072173 0.337783284099151 -0.273244669125809 0.229404774377644 0.142059076532518 0.163776207883955
35.4765285188416 12.0781929714531 25.9119884814063 0.943949710105111 -0.179852206344343 0.276788821918471 0.0708735200913245 -0.708541282200663 -0.702101187010845 -0.545787286888587 -0.0902059774665486 0.222066995049757 0.247611016053248 -0.169213122781559 0.871411976477243
35.7287563195059 11.8529127522302 25.5364302474167 0.617143018490436 -0.293278883587401 0.73015199113045 0.0913113856777019 -0.894978903134047 -0.436663361055499 0.0588595588292169 -0.285910843376415 0.0299922976893692 -0.120151880154312 0.43570435183847 -0.122349602263293
36.0278951936119 11.4564932938279 25.2910862879895 -0.0787297913362831 -0.262178967934974 0.961802348682665 0.205560135588326 -0.948332868748408 -0.241680895294946 0.230735102621876 0.0544023771334214 0.356445002066823 -0.146717274423438 0.665482423644835 -0.17586583977866
35.7374054918795 10.8734467409024 24.5713495774943 -0.874909263533796 -0.182726657719856 0.448491508526325 0.306351845885699 0.508422812843229 0.804769944249348 0.51535072425045 -0.118370969914701 -0.00675444663389167 0.411294737434367 -0.520579984471929 0.0470507528833631
35.9024413244874 11.2563117941212 23.835311653087 -0.418334650851063 -0.839170439912858 -0.347546992141268 -0.892883243540897 0.309757853256286 0.32681719266968 0.164715146631545 -0.0031143706186409 -0.16772386160809 -0.153819021202989 -0.508038748275671 -0.134228788464268
35.3526775615983 12.1403894534923 24.0901235625342 -0.363586958677508 0.73178710877793 -0.576447768699921 -0.704034631199608 0.189363632935366 0.68445348403077 0.952971645135768 0.0654098446316516 -0.37041127160173 -0.622222477421638 0.0720240025598483 0.0344926873423559
35.0288523050593 12.4440403524746 24.301174241175 -0.482477023181517 -0.163071919892398 -0.860594807127856 -0.875891084458144 0.0836134441766773 0.475208929906541 -0.0642086157245633 0.908776262688676 0.0569478715302448 -0.021456836916284 0.110871799843376 0.0276747692805754
34.6140159870637 12.6466197267173 24.3428370963578 -0.247060760104151 -0.935560866150718 -0.252362245926951 -0.748690979771816 0.0189671353939626 0.662647707221577 0.0311789294992086 0.079286409375458 0.22353878515607 0.174191027142482 0.0133064506680302 -0.278053407005938
34.1351767248188 13.1678749207972 24.7656614841144 0.573331096759115 0.547706354878071 0.609351348253543 -0.753678538473634 0.0608654195602877 0.654418790776673 0.216011360866071 0.661464008893195 0.274094908388149 0.00283238204638464 -0.309718552783169 -0.15353512532371
33.4912635984775 13.208990451531 25.0825686678599 0.736372470561755 0.182392322919349 0.651527832255552 -0.670787882166034 0.0711177879790658 0.738231514416143 0.0325160421216511 0.091141274221766 0.280917419529803 -0.174116810937556 -0.269490641888834 -0.20927496043758
33.292328323012 13.1606438494718 25.5633500518028 0.735442350670432 0.675344209389403 0.055087530019094 -0.409416384641712 0.378122494195734 0.830302060108373 0.286981544855994 0.236648139566053 -0.31393308535938 -0.0876343456722713 -0.56402621376793 -0.284242338662913
33.3490617470999 13.1872653803769 26.1165296478129 0.0203905554777735 0.971964879022901 -0.234240014740578 -0.578259500395896 0.202590389088528 0.790299328888326 0.307219150497335 -0.271864747288554 0.101304994006983 0.0168982634024227 -0.317984941614873 0.0986855222822613
33.2636312239347 13.514654719312 26.5581944820319 -0.326811278572709 0.583308510505203 -0.743603041381601 -0.725478692061162 0.349422872697261 0.592945387042956 -0.408575504558069 0.0772539347215159 0.169524243092857 -0.156357038198872 0.313509763085877 -0.493859490355309
32.8285723483963 12.455422820436 27.5146184894642 -0.366860705076155 -0.769401457580455 0.522909604325128 0.899507773299706 -0.150015242567764 0.41034263382663 -0.190730253802401 0.107698776080351 0.194261140970526 -0.0347323317326465 0.160623124495204 -0.061325204425683
33.0347995003648 12.4041855701012 27.9441879664944 0.129339372679733 -0.928308685325273 -0.348588741745857 0.815828138984551 -0.100202621588991 0.569546993858255 -0.809817300204777 0.163518276867025 0.490119423748568 0.104748647723759 -0.118435140654582 0.480116950122759
33.2854638525729 12.1219698326144 28.3327897705605 0.656573350667849 -0.263688469738012 -0.706668055941172 0.753452633442715 0.185895494708742 0.630675759314784 0.438582535005202 0.254574480275486 -0.0217802888182868 0.234043336286881 0.146958177692636 0.00285337092571073
33.776790854379 12.0130539032948 28.5137813233276 0.281591643262785 0.518580292165281 -0.80732927896208 0.847178420921376 0.260702147843456 0.462950362103615 0.718698964944741 0.164747652081921 -0.265952070453537 0.369180379306846 -0.661199126008524 0.0516342914705598
34.2327131336172 11.9037919124811 28.4375792656919 -0.169725111429697 0.983831335593353 -0.0571763925896341 0.791836318373521 0.170682329868956 0.586398072587026 0.215658482619713 -0.0606515345193692 0.0436887261608748 0.275057240490324 0.716830162763583 -0.118559755841492
34.6762930897189 11.9688479886213 28.3905951336315 -0.715058182824772 0.403905416297942 0.570571717978552 0.443191974804404 -0.369277668001962 0.816832151771308 0.188028281161203 0.331974250124998 -0.442282154866979 -0.216896644059213 0.0662147777323118 -0.432845962770032
34.8511329351791 12.0840829227105 28.8794535259759 -0.864778195921888 -0.483972063600074 0.133901417770536 0.379674856508053 -0.455662133789974 0.805120418117987 -0.0962124649711802 -0.675634249875164 0.0052313966510356 0.674944971164968 -0.257971740868638 -0.42699481439929
35.4862341174341 12.9576513582365 29.5733011179398 0.835269334717893 0.511271694198452 0.202302488062799 -0.478211045055621 0.857083226219117 -0.191630903127503 -0.444427290071438 -0.118283247169847 -0.345164171333909 -0.343030220976298 -0.343613494538848 -0.188191039001257
35.092569909721 13.2675091875922 28.8771681855141 0.701820304587473 -0.149709107798086 -0.696444816121252 -0.631085319316716 -0.584156097799179 -0.510385040840346 0.839904536223061 -0.00632156028549241 -0.54835685568046 -0.414530474752557 -0.0812166834518539 -0.618195735920429
34.7809270941515 13.2737890298173 28.3965540334412 0.588146539947597 -0.806903337539235 -0.0546856041681235 -0.764526792988961 -0.532656614951825 -0.363009092286993 -0.252110761302366 0.18568315494787 0.137045776032709 0.0850162734609414 0.568963344174996 -0.0880609945191081
34.7055241385155 13.0549396832459 27.975826246574 -0.219500371624165 -0.644600362290165 0.732331767792354 -0.769207069041953 -0.347386556967193 -0.536323543769274 0.0266364126391784 0.505341919692505 -0.17956355063831 0.376985782096321 -0.190103388260834 -0.27225399994606
35.1665459337137 13.0495140407375 26.8583442463026 0.98155661901716 -0.10283595839451 -0.161156047153304 -0.0757188465241933 -0.983180691686367 0.166199193945956 -0.520665633750056 -0.0463969078844056 -0.0935331979902596 0.25680970415267 -0.55153207590817 -0.415868551812985
