#id1 id2 FENE BEXC STCK NEXC HB CRSTCK CXSTCK total, t = 100000
0 1 0.0128214 0 -0.808143 0 0 0 0 -0.795321
1 2 0.00298798 0 -1.25232 0 0 0 0 -1.24933
2 3 0.00836396 0 -1.29093 0 0 0 0 -1.28257
3 4 0.0205264 0 0 0 0 0 0 0.0205264
4 5 3.6634e-08 0 0 0 0 0 0 3.6634e-08
5 6 0.00637905 0 -0 0 0 0 0 0.00637905
6 7 0.00306313 0 -0.920271 0 0 0 0 -0.917208
7 8 0.00403532 0 -0.562647 0 0 0 0 -0.558612
3 9 0 0 0 0 0 -0.156686 -0 -0.156686
8 9 0.0572059 0 -1.16504 0 0 0 0 -1.10783
3 10 0 0 0 0 -0.787536 -1.89375e-37 -0 -0.787536
2 10 0 0 0 0 0 -0.159196 0 -0.159196
9 10 3.38814e-09 0 -1.23181 0 0 0 0 -1.23181
3 11 0 0 0 0 0 -0.182779 0 -0.182779
2 11 0 0 0 0 -0.633729 0 -0 -0.633729
1 11 0 0 0 0 -0 -0.156707 0 -0.156707
10 11 0.00129627 0 -1.06067 0 0 0 0 -1.05937
2 12 0 0 0 0 0 -0.19285 0 -0.19285
1 12 0 0 0 0 0 -0.000354285 -0 -0.000354285
0 12 0 0 0 0 0 -9.0676e-06 -0 -9.0676e-06
11 12 0.00383018 0 -1.3017 0 0 0 0 -1.29787
1 13 0 0 0 0 0 -0.0380878 0 -0.0380878
0 13 0 0 0 0 0 -0.0115642 -0 -0.0115642
12 13 1.02377e-05 0 -1.22583 0 0 0 0 -1.22582
0 14 0 0 0 0 -0 -6.20929e-06 0 -6.20929e-06
13 14 0.114244 0 -1.28371 0 0 0 0 -1.16947
14 15 0.000764203 0 0 0 0 0 0 0.000764203
15 16 0.0633254 0 0 0 0 0 0 0.0633254
16 17 0.0429629 0 -0 0 0 0 0 0.0429629
17 18 0.03177 0 -0.805025 0 0 0 0 -0.773255
18 19 0.0190957 0 -1.32787 0 0 0 0 -1.30877
19 20 0.00742173 0 -1.24081 0 0 0 0 -1.23339
20 21 0.0892612 0 0 0 0 0 0 0.0892612
21 22 0.0107553 0 0 0 0 0 0 0.0107553
22 23 0.0130435 0 0 0 0 0 0 0.0130435
23 24 0.0346935 0 0 0 0 0 0 0.0346935
24 25 0.00523653 0 -0.994477 0 0 0 0 -0.989241
25 26 9.64565e-06 0 0 0 0 0 0 9.64565e-06
27 28 4.06147e-05 0 -1.20892 0 0 0 0 -1.20888
28 29 0.0838362 0 0 0 0 0 0 0.0838362
29 30 0.204419 0 -1.10081 0 0 0 0 -0.896389
30 31 5.62706e-05 0 -1.2827 0 0 0 0 -1.28264
31 32 0.108313 0 -0.968963 0 0 0 0 -0.86065
32 33 0.086544 0 -1.20042 0 0 0 0 -1.11387
33 34 0.0459185 0 -1.04661 0 0 0 0 -1.00069
34 35 0.0631703 0 -1.29554 0 0 0 0 -1.23237
35 36 0.00510687 0 -1.24969 0 0 0 0 -1.24458
36 37 0.0338427 0 -0 0 0 0 0 0.0338427
37 38 0.103659 0 -0.875459 0 0 0 0 -0.7718
38 39 0.0298925 0 -0 0 0 0 0 0.0298925
39 40 0.0199535 0 -1.32077 0 0 0 0 -1.30082
40 41 0.0399219 0 -1.36914 0 0 0 0 -1.32922
41 42 0.114091 0.00190532 -0.957688 0 0 0 0 -0.841692
42 43 0.0264795 0 -1.33838 0 0 0 0 -1.3119
43 44 0.00697629 0 -1.17264 0 0 0 0 -1.16566
44 45 0.194673 0 -1.42487 0 0 0 0 -1.2302
45 46 0.0411114 0 -0.873181 0 0 0 0 -0.832069
46 47 0.155428 0 -0.867539 0 0 0 0 -0.712111
47 48 0.00969199 0 -0.657119 0 0 0 0 -0.647427
48 49 0.186028 0 -1.22394 0 0 0 0 -1.03791
49 50 0.00102715 0 -1.38463 0 0 0 0 -1.3836
50 51 0.0226899 0 0 0 0 0 0 0.0226899
51 52 0.00072807 0 -1.10661 0 0 0 0 -1.10588
52 53 0.00054157 0 -0.780845 0 0 0 0 -0.780304
#Total energy per particle is  -0.76589 and should be -0.7658910

