        0.0000  -1.017812   0.276082  -0.741730 
        0.5000  -0.864780   1.901127   1.036347 
        1.0000  -0.690916   4.916261   4.225345 
        1.5000  -0.571607   5.128768   4.557161 
        2.0000  -0.409559   2.667871   2.258312 
        2.5000  -0.283590   3.057384   2.773793 
        3.0000  -0.270611   4.429267   4.158656 
        3.5000  -0.277850   4.376439   4.098589 
        4.0000  -0.227492   2.859783   2.632291 
        4.5000  -0.205632   2.110537   1.904905 
        5.0000  -0.181979   3.148431   2.966452 
        5.5000  -0.169805   4.037368   3.867562 
        6.0000  -0.123893   3.342382   3.218489 
        6.5000  -0.139743   2.036378   1.896635 
        7.0000  -0.118991   2.048309   1.929319 
        7.5000  -0.111579   3.199314   3.087734 
        8.0000  -0.103762   3.514515   3.410753 
        8.5000  -0.049370   2.472727   2.423357 
        9.0000  -0.017121   1.492260   1.475139 
        9.5000  -0.040747   2.087328   2.046581 
       10.0000  -0.003565   3.070782   3.067216 
       10.5000  -0.004419   2.895572   2.891152 
       11.0000  -0.021017   1.798384   1.777367 
       11.5000  -0.019113   1.377202   1.358089 
       12.0000   0.055489   2.182011   2.237500 
       12.5000   0.024160   2.855434   2.879595 
       13.0000   0.048708   2.282173   2.330881 
       13.5000   0.019972   1.313478   1.333450 
       14.0000   0.035313   1.383855   1.419168 
       14.5000  -0.010426   2.335714   2.325289 
       15.0000   0.012072   2.547848   2.559920 
       15.5000   0.043628   1.733534   1.777162 
       16.0000   0.039636   1.045621   1.085257 
       16.5000   0.023384   1.496697   1.520082 
       17.0000   0.041863   2.246855   2.288717 
       17.5000   0.046303   2.134314   2.180617 
       18.0000   0.071377   1.274210   1.345587 
       18.5000   0.030974   0.985684   1.016658 
       19.0000   0.043343   1.632032   1.675375 
       19.5000   0.101538   2.079427   2.180965 
       20.0000   0.082623   1.753978   1.836601 
       20.5000   0.087908   0.997867   1.085775 
       21.0000   0.097821   1.001250   1.099072 
       21.5000   0.084384   1.692354   1.776738 
       22.0000   0.130914   1.904599   2.035513 
       22.5000   0.092513   1.629816   1.722329 
       23.0000   0.143648   1.103162   1.246810 
       23.5000   0.104125   1.245352   1.349476 
       24.0000   0.135128   1.668857   1.803985 
       24.5000   0.145064   1.718557   1.863621 
       25.0000   0.111701   1.352082   1.463782 
       25.5000   0.164044   0.969235   1.133278 
       26.0000   0.179060   1.151584   1.330643 
       26.5000   0.178088   1.516226   1.694313 
       27.0000   0.189835   1.432994   1.622829 
       27.5000   0.241497   1.007064   1.248561 
       28.0000   0.198894   0.827660   1.026554 
       28.5000   0.196667   1.101295   1.297962 
       29.0000   0.210210   1.379958   1.590169 
       29.5000   0.206895   1.280053   1.486948 
       30.0000   0.238839   0.875215   1.114055 
       30.5000   0.247532   0.750491   0.998022 
       31.0000   0.169617   1.131287   1.300905 
       31.5000   0.247450   1.265863   1.513313 
       32.0000   0.211205   1.158194   1.369399 
       32.5000   0.208808   0.809397   1.018205 
       33.0000   0.228487   0.748719   0.977206 
       33.5000   0.206166   1.054621   1.260786 
       34.0000   0.225794   1.160179   1.385973 
       34.5000   0.207430   1.017024   1.224455 
       35.0000   0.251541   0.692088   0.943629 
       35.5000   0.272676   0.700791   0.973467 
       36.0000   0.228211   0.992158   1.220369 
       36.5000   0.260058   1.022773   1.282831 
       37.0000   0.267633   0.832785   1.100418 
       37.5000   0.277485   0.600986   0.878471 
       38.0000   0.289124   0.652204   0.941328 
       38.5000   0.258981   0.912399   1.171380 
       39.0000   0.282642   0.938519   1.221162 
       39.5000   0.242162   0.793929   1.036091 
       40.0000   0.283482   0.547246   0.830728 
       40.5000   0.286648   0.630298   0.916945 
       41.0000   0.276148   0.861478   1.137626 
       41.5000   0.226923   0.907054   1.133977 
       42.0000   0.263462   0.708321   0.971784 
       42.5000   0.229863   0.559030   0.788894 
       43.0000   0.265457   0.624793   0.890249 
       43.5000   0.280679   0.784454   1.065134 
       44.0000   0.276806   0.794730   1.071536 
       44.5000   0.275375   0.633027   0.908402 
       45.0000   0.282485   0.488841   0.771326 
       45.5000   0.258598   0.617475   0.876073 
       46.0000   0.275647   0.750211   1.025857 
       46.5000   0.261669   0.756472   1.018140 
       47.0000   0.291251   0.586235   0.877486 
       47.5000   0.277248   0.465476   0.742724 
       48.0000   0.285567   0.539800   0.825367 
       48.5000   0.277885   0.705496   0.983381 
       49.0000   0.288398   0.707661   0.996059 
       49.5000   0.305747   0.556509   0.862256 
       50.0000   0.289802   0.443911   0.733713 
       50.5000   0.317943   0.489545   0.807487 
       51.0000   0.273006   0.669767   0.942773 
       51.5000   0.275077   0.686356   0.961433 
       52.0000   0.289369   0.570256   0.859625 
       52.5000   0.251645   0.479808   0.731453 
       53.0000   0.281616   0.491990   0.773606 
       53.5000   0.276697   0.623446   0.900143 
       54.0000   0.280731   0.635723   0.916454 
       54.5000   0.269930   0.577642   0.847572 
       55.0000   0.284100   0.444217   0.728317 
       55.5000   0.265629   0.504222   0.769851 
       56.0000   0.285327   0.605140   0.890467 
       56.5000   0.261126   0.652642   0.913769 
       57.0000   0.283724   0.569215   0.852940 
       57.5000   0.276755   0.447718   0.724473 
       58.0000   0.267611   0.466842   0.734452 
       58.5000   0.259376   0.588320   0.847696 
       59.0000   0.270599   0.608513   0.879113 
       59.5000   0.261836   0.571716   0.833551 
       60.0000   0.255553   0.466558   0.722111 
       60.5000   0.248654   0.447186   0.695840 
       61.0000   0.276123   0.511269   0.787391 
       61.5000   0.247343   0.588482   0.835825 
       62.0000   0.268901   0.540165   0.809066 
       62.5000   0.265436   0.487362   0.752798 
       63.0000   0.257148   0.508860   0.766008 
       63.5000   0.282936   0.515003   0.797939 
       64.0000   0.248353   0.541512   0.789865 
       64.5000   0.221027   0.543056   0.764084 
       65.0000   0.294697   0.405326   0.700023 
       65.5000   0.245384   0.452180   0.697563 
       66.0000   0.263614   0.477650   0.741264 
       66.5000   0.245158   0.515480   0.760639 
       67.0000   0.222251   0.537300   0.759551 
       67.5000   0.239206   0.494712   0.733918 
       68.0000   0.208869   0.504316   0.713185 
       68.5000   0.189383   0.529322   0.718704 
       69.0000   0.196961   0.536954   0.733916 
       69.5000   0.175402   0.550750   0.726152 
       70.0000   0.218904   0.499710   0.718614 
       70.5000   0.157108   0.540422   0.697530 
       71.0000   0.173048   0.511333   0.684381 
       71.5000   0.190363   0.503752   0.694115 
       72.0000   0.172397   0.531567   0.703964 
       72.5000   0.210008   0.483413   0.693421 
       73.0000   0.170895   0.486748   0.657643 
       73.5000   0.185645   0.440731   0.626375 
       74.0000   0.162254   0.495303   0.657557 
       74.5000   0.138247   0.546488   0.684736 
       75.0000   0.178599   0.497254   0.675853 
       75.5000   0.157306   0.511629   0.668935 
       76.0000   0.170896   0.467444   0.638340 
       76.5000   0.207400   0.410947   0.618347 
       77.0000   0.141508   0.493492   0.635000 
       77.5000   0.184598   0.458004   0.642602 
       78.0000   0.136644   0.501307   0.637952 
       78.5000   0.147298   0.490145   0.637443 
       79.0000   0.158036   0.454667   0.612703 
       79.5000   0.177847   0.418299   0.596146 
       80.0000   0.160421   0.447227   0.607647 
       80.5000   0.133275   0.485864   0.619140 
       81.0000   0.119953   0.481906   0.601859 
       81.5000   0.172478   0.422792   0.595270 
       82.0000   0.175268   0.405389   0.580656 
       82.5000   0.148792   0.426247   0.575039 
       83.0000   0.178539   0.404336   0.582875 
       83.5000   0.148369   0.452123   0.600492 
       84.0000   0.169088   0.423492   0.592580 
       84.5000   0.141361   0.440516   0.581877 
       85.0000   0.123966   0.446791   0.570757 
       85.5000   0.135345   0.432873   0.568219 
       86.0000   0.117592   0.461549   0.579141 
       86.5000   0.097233   0.469761   0.566994 
       87.0000   0.134494   0.440228   0.574722 
       87.5000   0.119824   0.459108   0.578932 
       88.0000   0.129459   0.433373   0.562832 
       88.5000   0.127122   0.427933   0.555056 
       89.0000   0.126392   0.431127   0.557519 
       89.5000   0.101219   0.451209   0.552428 
       90.0000   0.121819   0.425304   0.547122 
       90.5000   0.128052   0.411886   0.539938 
       91.0000   0.131858   0.383485   0.515343 
       91.5000   0.090879   0.410036   0.500915 
       92.0000   0.107180   0.410238   0.517418 
       92.5000   0.090750   0.443378   0.534129 
       93.0000   0.118720   0.407846   0.526567 
       93.5000   0.108735   0.408617   0.517353 
       94.0000   0.130331   0.376082   0.506412 
       94.5000   0.090905   0.402324   0.493229 
       95.0000   0.093002   0.394322   0.487325 
       95.5000   0.092908   0.389662   0.482570 
       96.0000   0.098932   0.391015   0.489947 
       96.5000   0.081054   0.400127   0.481181 
       97.0000   0.075082   0.389636   0.464718 
       97.5000   0.075745   0.384170   0.459916 
       98.0000   0.071615   0.390649   0.462264 
       98.5000   0.057178   0.405137   0.462315 
       99.0000   0.101682   0.355205   0.456887 
       99.5000   0.086571   0.365852   0.452423 
      100.0000   0.062271   0.383049   0.445321 
      100.5000   0.059973   0.378798   0.438771 
      101.0000   0.053640   0.378838   0.432478 
      101.5000   0.042156   0.390315   0.432471 
      102.0000   0.038415   0.395657   0.434072 
      102.5000   0.057216   0.367511   0.424727 
      103.0000   0.047609   0.372697   0.420306 
      103.5000   0.036302   0.383983   0.420285 
      104.0000   0.036267   0.391918   0.428185 
      104.5000   0.033510   0.402005   0.435515 
      105.0000   0.026078   0.398772   0.424850 
      105.5000   0.004209   0.413743   0.417952 
      106.0000   0.041247   0.368479   0.409726 
      106.5000   0.000811   0.401016   0.401828 
      107.0000   0.009257   0.379703   0.388960 
      107.5000  -0.029460   0.421148   0.391688 
      108.0000  -0.008326   0.386800   0.378473 
      108.5000  -0.018855   0.382739   0.363884 
      109.0000   0.000754   0.358780   0.359535 
      109.5000  -0.030160   0.406413   0.376253 
      110.0000  -0.032845   0.400918   0.368073 
      110.5000  -0.049549   0.414080   0.364532 
      111.0000  -0.024044   0.384210   0.360166 
      111.5000  -0.015629   0.376180   0.360551 
      112.0000  -0.032294   0.381816   0.349522 
      112.5000  -0.023733   0.371206   0.347473 
      113.0000  -0.024245   0.364511   0.340266 
      113.5000  -0.022687   0.339773   0.317086 
      114.0000  -0.031584   0.341117   0.309533 
      114.5000  -0.063351   0.364666   0.301315 
      115.0000  -0.050189   0.350000   0.299811 
      115.5000  -0.067522   0.363312   0.295790 
      116.0000  -0.073374   0.364467   0.291093 
      116.5000  -0.068188   0.360102   0.291914 
      117.0000  -0.075179   0.369210   0.294031 
      117.5000  -0.069679   0.365927   0.296248 
      118.0000  -0.052517   0.341246   0.288729 
      118.5000  -0.068767   0.367858   0.299092 
      119.0000  -0.083958   0.381655   0.297698 
      119.5000  -0.082201   0.374830   0.292629 
      120.0000  -0.102498   0.399128   0.296630 
      120.5000  -0.107932   0.390842   0.282910 
      121.0000  -0.083708   0.371841   0.288132 
      121.5000  -0.118721   0.406718   0.287997 
      122.0000  -0.090270   0.373574   0.283304 
      122.5000  -0.113032   0.389547   0.276515 
      123.0000  -0.107315   0.396726   0.289411 
      123.5000  -0.125846   0.414739   0.288893 
      124.0000  -0.150742   0.436176   0.285434 
      124.5000  -0.154706   0.429677   0.274972 
      125.0000  -0.114857   0.379885   0.265028 
      125.5000  -0.134781   0.412281   0.277500 
      126.0000  -0.123878   0.398523   0.274645 
      126.5000  -0.135215   0.409629   0.274413 
      127.0000  -0.107811   0.366509   0.258698 
      127.5000  -0.172370   0.430027   0.257657 
      128.0000  -0.143174   0.394733   0.251559 
      128.5000  -0.111374   0.361095   0.249721 
      129.0000  -0.156103   0.394920   0.238817 
      129.5000  -0.159953   0.393291   0.233337 
      130.0000  -0.183571   0.411445   0.227874 
      130.5000  -0.166544   0.387452   0.220909 
      131.0000  -0.179552   0.400137   0.220586 
      131.5000  -0.154246   0.368220   0.213974 
      132.0000  -0.180285   0.379875   0.199590 
      132.5000  -0.162607   0.357152   0.194545 
      133.0000  -0.161511   0.346522   0.185010 
      133.5000  -0.174976   0.353254   0.178279 
      134.0000  -0.187179   0.357854   0.170675 
      134.5000  -0.177436   0.346562   0.169126 
      135.0000  -0.203997   0.369620   0.165623 
      135.5000  -0.178335   0.341420   0.163085 
      136.0000  -0.189356   0.349740   0.160385 
      136.5000  -0.206405   0.368877   0.162472 
      137.0000  -0.213544   0.367941   0.154398 
      137.5000  -0.224398   0.378425   0.154027 
      138.0000  -0.205226   0.359345   0.154119 
      138.5000  -0.238989   0.398668   0.159680 
      139.0000  -0.211953   0.367750   0.155797 
      139.5000  -0.223905   0.387824   0.163919 
      140.0000  -0.178765   0.342331   0.163566 
      140.5000  -0.214382   0.363999   0.149617 
      141.0000  -0.203610   0.347542   0.143931 
      141.5000  -0.221621   0.363591   0.141970 
      142.0000  -0.219628   0.366484   0.146856 
      142.5000  -0.198925   0.339116   0.140191 
      143.0000  -0.219296   0.357253   0.137957 
      143.5000  -0.231983   0.373296   0.141313 
      144.0000  -0.231295   0.371132   0.139837 
      144.5000  -0.207340   0.352054   0.144713 
      145.0000  -0.209192   0.349659   0.140467 
      145.5000  -0.253076   0.393213   0.140137 
      146.0000  -0.243889   0.368431   0.124542 
      146.5000  -0.224678   0.346422   0.121744 
      147.0000  -0.224329   0.351818   0.127489 
      147.5000  -0.248654   0.382206   0.133552 
      148.0000  -0.260258   0.389691   0.129433 
      148.5000  -0.222012   0.338840   0.116828 
      149.0000  -0.241249   0.354879   0.113630 
      149.5000  -0.244759   0.353789   0.109030 
      150.0000  -0.231895   0.347639   0.115744 
      150.5000  -0.208927   0.317815   0.108889 
      151.0000  -0.240176   0.349902   0.109726 
      151.5000  -0.247300   0.359010   0.111711 
      152.0000  -0.239424   0.344045   0.104621 
      152.5000  -0.235237   0.335895   0.100658 
      153.0000  -0.237245   0.332426   0.095181 
      153.5000  -0.243725   0.341856   0.098131 
      154.0000  -0.277462   0.368894   0.091433 
      154.5000  -0.250323   0.332312   0.081989 
      155.0000  -0.270747   0.349377   0.078631 
      155.5000  -0.279410   0.351917   0.072507 
      156.0000  -0.263844   0.327245   0.063401 
      156.5000  -0.277433   0.329196   0.051762 
      157.0000  -0.279020   0.324887   0.045867 
      157.5000  -0.294114   0.326448   0.032334 
      158.0000  -0.295108   0.335044   0.039936 
      158.5000  -0.325267   0.363578   0.038310 
      159.0000  -0.321570   0.355020   0.033450 
      159.5000  -0.361804   0.394589   0.032785 
      160.0000  -0.323068   0.345193   0.022124 
      160.5000  -0.331411   0.362365   0.030954 
      161.0000  -0.336211   0.367583   0.031372 
      161.5000  -0.332975   0.362802   0.029827 
      162.0000  -0.340048   0.372739   0.032691 
      162.5000  -0.330896   0.367665   0.036769 
      163.0000  -0.341292   0.375163   0.033871 
      163.5000  -0.297432   0.328081   0.030649 
      164.0000  -0.291958   0.309726   0.017768 
      164.5000  -0.318220   0.335703   0.017483 
      165.0000  -0.303915   0.308045   0.004130 
      165.5000  -0.323446   0.330678   0.007232 
      166.0000  -0.339326   0.339582   0.000256 
      166.5000  -0.347104   0.347658   0.000554 
      167.0000  -0.372855   0.364094  -0.008761 
      167.5000  -0.342946   0.316488  -0.026458 
      168.0000  -0.355228   0.331766  -0.023462 
      168.5000  -0.325773   0.306669  -0.019104 
      169.0000  -0.366673   0.349337  -0.017335 
      169.5000  -0.335401   0.319098  -0.016303 
      170.0000  -0.399215   0.377594  -0.021622 
      170.5000  -0.368181   0.344791  -0.023390 
      171.0000  -0.371505   0.349537  -0.021968 
      171.5000  -0.389674   0.367553  -0.022121 
      172.0000  -0.357905   0.329113  -0.028791 
      172.5000  -0.380474   0.344801  -0.035673 
      173.0000  -0.380964   0.334747  -0.046217 
      173.5000  -0.407103   0.362041  -0.045063 
      174.0000  -0.400309   0.361894  -0.038415 
      174.5000  -0.388177   0.355716  -0.032461 
      175.0000  -0.368318   0.340205  -0.028114 
      175.5000  -0.394757   0.369631  -0.025126 
      176.0000  -0.425662   0.390098  -0.035565 
      176.5000  -0.390469   0.353918  -0.036551 
      177.0000  -0.372910   0.331550  -0.041360 
      177.5000  -0.431770   0.393456  -0.038314 
      178.0000  -0.421911   0.375972  -0.045939 
      178.5000  -0.420687   0.372036  -0.048652 
      179.0000  -0.401876   0.355144  -0.046732 
      179.5000  -0.439193   0.388922  -0.050271 
      180.0000  -0.392126   0.341662  -0.050464 
      180.5000  -0.383353   0.336853  -0.046500 
      181.0000  -0.394509   0.353027  -0.041481 
      181.5000  -0.362524   0.326820  -0.035704 
      182.0000  -0.404226   0.355990  -0.048236 
      182.5000  -0.380229   0.339534  -0.040695 
      183.0000  -0.373679   0.334569  -0.039110 
      183.5000  -0.403327   0.366760  -0.036566 
      184.0000  -0.375766   0.344166  -0.031601 
      184.5000  -0.415775   0.383716  -0.032060 
      185.0000  -0.386842   0.346530  -0.040312 
      185.5000  -0.437721   0.384821  -0.052899 
      186.0000  -0.406325   0.348661  -0.057663 
      186.5000  -0.427769   0.371275  -0.056494 
      187.0000  -0.454794   0.391121  -0.063673 
      187.5000  -0.447459   0.380458  -0.067001 
      188.0000  -0.469588   0.388715  -0.080874 
      188.5000  -0.432007   0.349121  -0.082885 
      189.0000  -0.432796   0.353002  -0.079793 
      189.5000  -0.478697   0.390301  -0.088397 
      190.0000  -0.469236   0.386039  -0.083198 
      190.5000  -0.457682   0.371166  -0.086516 
      191.0000  -0.470570   0.375594  -0.094976 
      191.5000  -0.464510   0.369930  -0.094579 
      192.0000  -0.481810   0.376440  -0.105369 
      192.5000  -0.471199   0.372964  -0.098235 
      193.0000  -0.428693   0.340596  -0.088096 
      193.5000  -0.451360   0.359252  -0.092108 
      194.0000  -0.449985   0.362973  -0.087012 
      194.5000  -0.434871   0.353662  -0.081208 
      195.0000  -0.460524   0.363372  -0.097151 
      195.5000  -0.435383   0.335092  -0.100291 
      196.0000  -0.413015   0.300670  -0.112346 
      196.5000  -0.473445   0.367123  -0.106322 
      197.0000  -0.421114   0.330493  -0.090621 
      197.5000  -0.476252   0.390490  -0.085762 
      198.0000  -0.450855   0.363530  -0.087326 
      198.5000  -0.458890   0.369536  -0.089355 
      199.0000  -0.460977   0.377667  -0.083309 
      199.5000  -0.460825   0.370101  -0.090724 
      200.0000  -0.456480   0.359595  -0.096885 
      200.5000  -0.441627   0.354571  -0.087056 
      201.0000  -0.467736   0.379815  -0.087920 
      201.5000  -0.417483   0.331310  -0.086173 
      202.0000  -0.475857   0.384634  -0.091223 
      202.5000  -0.419896   0.328042  -0.091853 
      203.0000  -0.413808   0.308580  -0.105228 
      203.5000  -0.441071   0.325674  -0.115397 
      204.0000  -0.451292   0.336052  -0.115240 
      204.5000  -0.436585   0.335388  -0.101196 
      205.0000  -0.419583   0.313012  -0.106571 
      205.5000  -0.396330   0.278792  -0.117538 
      206.0000  -0.421244   0.296493  -0.124750 
      206.5000  -0.429336   0.288267  -0.141068 
      207.0000  -0.463949   0.327526  -0.136422 
      207.5000  -0.444784   0.302642  -0.142142 
      208.0000  -0.455646   0.316828  -0.138818 
      208.5000  -0.476624   0.343176  -0.133448 
      209.0000  -0.427146   0.293902  -0.133244 
      209.5000  -0.457260   0.307744  -0.149515 
      210.0000  -0.450107   0.297439  -0.152668 
      210.5000  -0.454978   0.315588  -0.139390 
      211.0000  -0.485396   0.361190  -0.124206 
      211.5000  -0.456776   0.338581  -0.118195 
      212.0000  -0.441765   0.322299  -0.119465 
      212.5000  -0.469643   0.347539  -0.122104 
      213.0000  -0.441349   0.326430  -0.114919 
      213.5000  -0.423144   0.291631  -0.131513 
      214.0000  -0.467349   0.328568  -0.138781 
      214.5000  -0.464068   0.325440  -0.138628 
      215.0000  -0.468298   0.337742  -0.130556 
      215.5000  -0.449535   0.313407  -0.136128 
      216.0000  -0.469757   0.337417  -0.132340 
      216.5000  -0.467365   0.332516  -0.134849 
      217.0000  -0.490807   0.347611  -0.143196 
      217.5000  -0.470080   0.323711  -0.146368 
      218.0000  -0.527635   0.387575  -0.140060 
      218.5000  -0.460263   0.329010  -0.131253 
      219.0000  -0.488316   0.359791  -0.128526 
      219.5000  -0.499570   0.368607  -0.130963 
      220.0000  -0.534430   0.395500  -0.138929 
      220.5000  -0.498501   0.366144  -0.132358 
      221.0000  -0.518579   0.365117  -0.153461 
      221.5000  -0.502810   0.344238  -0.158572 
      222.0000  -0.479494   0.318277  -0.161217 
      222.5000  -0.500452   0.334775  -0.165677 
      223.0000  -0.500217   0.320201  -0.180016 
      223.5000  -0.498628   0.321088  -0.177541 
      224.0000  -0.501390   0.323967  -0.177423 
      224.5000  -0.492918   0.321226  -0.171692 
      225.0000  -0.520306   0.341685  -0.178621 
      225.5000  -0.515183   0.344907  -0.170277 
      226.0000  -0.491815   0.327096  -0.164719 
      226.5000  -0.473411   0.308324  -0.165087 
      227.0000  -0.493386   0.339746  -0.153640 
      227.5000  -0.470753   0.310249  -0.160504 
      228.0000  -0.474119   0.319798  -0.154321 
      228.5000  -0.450062   0.290856  -0.159206 
      229.0000  -0.466599   0.310051  -0.156548 
      229.5000  -0.489263   0.326424  -0.162838 
      230.0000  -0.473870   0.314578  -0.159292 
      230.5000  -0.479978   0.318265  -0.161713 
      231.0000  -0.486153   0.319208  -0.166946 
      231.5000  -0.470795   0.303812  -0.166983 
      232.0000  -0.506322   0.334588  -0.171734 
      232.5000  -0.493741   0.317136  -0.176605 
      233.0000  -0.508638   0.327833  -0.180805 
      233.5000  -0.501147   0.321727  -0.179420 
      234.0000  -0.494370   0.325409  -0.168961 
      234.5000  -0.515705   0.349537  -0.166168 
      235.0000  -0.473951   0.309152  -0.164799 
      235.5000  -0.492533   0.309078  -0.183455 
      236.0000  -0.502249   0.318165  -0.184085 
      236.5000  -0.490367   0.326120  -0.164247 
      237.0000  -0.491683   0.312779  -0.178904 
      237.5000  -0.497726   0.322567  -0.175159 
      238.0000  -0.491149   0.314267  -0.176882 
      238.5000  -0.468607   0.289177  -0.179430 
      239.0000  -0.486755   0.294158  -0.192596 
      239.5000  -0.491111   0.305216  -0.185895 
      240.0000  -0.478282   0.284923  -0.193359 
      240.5000  -0.496132   0.304468  -0.191664 
      241.0000  -0.504471   0.305724  -0.198747 
      241.5000  -0.507566   0.300342  -0.207224 
      242.0000  -0.530001   0.321202  -0.208799 
      242.5000  -0.527635   0.318583  -0.209052 
      243.0000  -0.513379   0.318744  -0.194635 
      243.5000  -0.515953   0.328419  -0.187535 
      244.0000  -0.491174   0.299846  -0.191328 
      244.5000  -0.509328   0.317602  -0.191726 
      245.0000  -0.522926   0.328256  -0.194670 
      245.5000  -0.482855   0.293639  -0.189216 
      246.0000  -0.522673   0.326672  -0.196001 
      246.5000  -0.517042   0.314749  -0.202294 
      247.0000  -0.529794   0.324626  -0.205169 
      247.5000  -0.539934   0.319111  -0.220823 
      248.0000  -0.520708   0.287883  -0.232825 
      248.5000  -0.523528   0.293367  -0.230161 
      249.0000  -0.523125   0.300660  -0.222465 
      249.5000  -0.534682   0.315104  -0.219577 
      250.0000  -0.516226   0.307078  -0.209147 
      250.5000  -0.491035   0.278798  -0.212237 
      251.0000  -0.501796   0.294951  -0.206844 
      251.5000  -0.484331   0.278402  -0.205929 
      252.0000  -0.497564   0.299351  -0.198214 
      252.5000  -0.479664   0.277990  -0.201675 
      253.0000  -0.496320   0.300302  -0.196018 
      253.5000  -0.472129   0.275075  -0.197055 
      254.0000  -0.489665   0.284201  -0.205464 
      254.5000  -0.470384   0.275017  -0.195367 
      255.0000  -0.473964   0.278309  -0.195655 
      255.5000  -0.501874   0.296940  -0.204934 
      256.0000  -0.510667   0.319056  -0.191610 
      256.5000  -0.500126   0.311655  -0.188470 
      257.0000  -0.489953   0.297482  -0.192471 
      257.5000  -0.490261   0.294927  -0.195334 
      258.0000  -0.483022   0.291818  -0.191203 
      258.5000  -0.509572   0.321029  -0.188543 
      259.0000  -0.486985   0.289961  -0.197025 
      259.5000  -0.489329   0.292613  -0.196716 
      260.0000  -0.482675   0.288484  -0.194191 
      260.5000  -0.501593   0.313346  -0.188248 
      261.0000  -0.511738   0.323561  -0.188177 
      261.5000  -0.499570   0.307816  -0.191754 
      262.0000  -0.490602   0.295161  -0.195441 
      262.5000  -0.492085   0.295441  -0.196644 
      263.0000  -0.473652   0.281979  -0.191673 
      263.5000  -0.492763   0.297316  -0.195448 
      264.0000  -0.509144   0.307904  -0.201240 
      264.5000  -0.503504   0.309532  -0.193972 
      265.0000  -0.522185   0.335660  -0.186525 
      265.5000  -0.491197   0.300339  -0.190858 
      266.0000  -0.510761   0.317024  -0.193738 
      266.5000  -0.476133   0.287680  -0.188453 
      267.0000  -0.508371   0.319795  -0.188576 
      267.5000  -0.478070   0.289372  -0.188698 
      268.0000  -0.467282   0.275115  -0.192168 
      268.5000  -0.504270   0.309443  -0.194827 
      269.0000  -0.496016   0.301732  -0.194284 
      269.5000  -0.490134   0.291958  -0.198176 
      270.0000  -0.519252   0.319344  -0.199909 
      270.5000  -0.475048   0.285046  -0.190002 
      271.0000  -0.513597   0.318718  -0.194879 
      271.5000  -0.483475   0.279383  -0.204092 
      272.0000  -0.507127   0.301918  -0.205210 
      272.5000  -0.496269   0.298733  -0.197536 
      273.0000  -0.502293   0.303391  -0.198903 
      273.5000  -0.520925   0.320553  -0.200372 
      274.0000  -0.491122   0.294963  -0.196159 
      274.5000  -0.491073   0.294761  -0.196312 
      275.0000  -0.516120   0.320648  -0.195472 
      275.5000  -0.490210   0.283102  -0.207108 
      276.0000  -0.510064   0.303223  -0.206841 
      276.5000  -0.515592   0.297457  -0.218135 
      277.0000  -0.546154   0.326928  -0.219225 
      277.5000  -0.502650   0.286227  -0.216424 
      278.0000  -0.509202   0.293015  -0.216187 
      278.5000  -0.522873   0.312066  -0.210808 
      279.0000  -0.519657   0.314575  -0.205083 
      279.5000  -0.515991   0.308385  -0.207606 
      280.0000  -0.514056   0.301883  -0.212173 
      280.5000  -0.546788   0.325482  -0.221306 
      281.0000  -0.519817   0.300753  -0.219064 
      281.5000  -0.537312   0.317926  -0.219386 
      282.0000  -0.546513   0.323596  -0.222917 
      282.5000  -0.511523   0.279287  -0.232237 
      283.0000  -0.537603   0.304199  -0.233404 
      283.5000  -0.536405   0.304659  -0.231746 
      284.0000  -0.564881   0.334411  -0.230470 
      284.5000  -0.541504   0.309045  -0.232459 
      285.0000  -0.536988   0.312175  -0.224813 
      285.5000  -0.536355   0.308013  -0.228343 
      286.0000  -0.532435   0.313850  -0.218585 
      286.5000  -0.542192   0.321025  -0.221166 
      287.0000  -0.509511   0.278709  -0.230801 
      287.5000  -0.567884   0.339423  -0.228461 
      288.0000  -0.530399   0.300580  -0.229819 
      288.5000  -0.567577   0.331215  -0.236362 
      289.0000  -0.537028   0.290772  -0.246256 
      289.5000  -0.555004   0.308034  -0.246970 
      290.0000  -0.539427   0.293793  -0.245634 
      290.5000  -0.537365   0.287440  -0.249924 
      291.0000  -0.564505   0.314300  -0.250205 
      291.5000  -0.573566   0.325242  -0.248324 
      292.0000  -0.546333   0.295820  -0.250513 
      292.5000  -0.540177   0.290974  -0.249204 
      293.0000  -0.534876   0.282939  -0.251937 
      293.5000  -0.571865   0.317179  -0.254686 
      294.0000  -0.561518   0.305492  -0.256026 
      294.5000  -0.546617   0.292503  -0.254115 
      295.0000  -0.579030   0.326306  -0.252724 
      295.5000  -0.560110   0.300344  -0.259766 
      296.0000  -0.557369   0.298642  -0.258727 
      296.5000  -0.576485   0.313744  -0.262741 
      297.0000  -0.587104   0.329524  -0.257580 
      297.5000  -0.569655   0.304759  -0.264896 
      298.0000  -0.570450   0.310361  -0.260090 
      298.5000  -0.559575   0.299807  -0.259768 
      299.0000  -0.582473   0.327811  -0.254662 
      299.5000  -0.581478   0.323307  -0.258171 
      300.0000  -0.595021   0.336220  -0.258801 
      300.5000  -0.554282   0.297270  -0.257012 
      301.0000  -0.604108   0.349395  -0.254713 
      301.5000  -0.568504   0.302090  -0.266414 
      302.0000  -0.604591   0.333778  -0.270813 
      302.5000  -0.597264   0.329078  -0.268186 
      303.0000  -0.608516   0.340742  -0.267774 
      303.5000  -0.610154   0.341309  -0.268845 
      304.0000  -0.593745   0.314459  -0.279286 
      304.5000  -0.596420   0.326216  -0.270203 
      305.0000  -0.607911   0.329639  -0.278271 
      305.5000  -0.592554   0.310079  -0.282474 
      306.0000  -0.602360   0.317985  -0.284375 
      306.5000  -0.593893   0.302947  -0.290946 
      307.0000  -0.625164   0.328227  -0.296937 
      307.5000  -0.598540   0.297804  -0.300737 
      308.0000  -0.603160   0.307143  -0.296017 
      308.5000  -0.597541   0.297885  -0.299656 
      309.0000  -0.603993   0.300470  -0.303523 
      309.5000  -0.601684   0.297602  -0.304082 
      310.0000  -0.622080   0.325688  -0.296391 
      310.5000  -0.634575   0.342846  -0.291729 
      311.0000  -0.626402   0.331079  -0.295323 
      311.5000  -0.592505   0.295419  -0.297086 
      312.0000  -0.628146   0.336298  -0.291848 
      312.5000  -0.606789   0.313924  -0.292864 
      313.0000  -0.599959   0.300317  -0.299642 
      313.5000  -0.614178   0.308954  -0.305224 
      314.0000  -0.633824   0.335213  -0.298611 
      314.5000  -0.623842   0.321284  -0.302558 
      315.0000  -0.627888   0.322407  -0.305480 
      315.5000  -0.596961   0.280850  -0.316112 
      316.0000  -0.641379   0.320324  -0.321055 
      316.5000  -0.632766   0.307258  -0.325508 
      317.0000  -0.620869   0.304075  -0.316794 
      317.5000  -0.630086   0.326582  -0.303504 
      318.0000  -0.606820   0.309266  -0.297554 
      318.5000  -0.632475   0.331315  -0.301160 
      319.0000  -0.629077   0.319920  -0.309157 
      319.5000  -0.630767   0.320698  -0.310069 
      320.0000  -0.604485   0.299920  -0.304565 
      320.5000  -0.621628   0.313702  -0.307926 
      321.0000  -0.622048   0.304521  -0.317526 
      321.5000  -0.614748   0.300227  -0.314521 
      322.0000  -0.615151   0.299259  -0.315893 
      322.5000  -0.636972   0.332207  -0.304765 
      323.0000  -0.610019   0.310336  -0.299683 
      323.5000  -0.583029   0.285624  -0.297404 
      324.0000  -0.637644   0.330218  -0.307427 
      324.5000  -0.602755   0.293516  -0.309239 
      325.0000  -0.590727   0.270945  -0.319782 
      325.5000  -0.615793   0.296345  -0.319448 
      326.0000  -0.614518   0.284256  -0.330261 
      326.5000  -0.578058   0.259319  -0.318739 
      327.0000  -0.629046   0.311222  -0.317824 
      327.5000  -0.605381   0.291853  -0.313528 
      328.0000  -0.623072   0.308212  -0.314860 
      328.5000  -0.636450   0.322214  -0.314235 
      329.0000  -0.605399   0.291104  -0.314295 
      329.5000  -0.616099   0.311069  -0.305029 
      330.0000  -0.621935   0.317038  -0.304897 
      330.5000  -0.620951   0.317885  -0.303066 
      331.0000  -0.627679   0.316628  -0.311051 
      331.5000  -0.613885   0.298008  -0.315877 
      332.0000  -0.629696   0.318378  -0.311318 
      332.5000  -0.600854   0.287532  -0.313321 
      333.0000  -0.601158   0.288080  -0.313079 
      333.5000  -0.652077   0.342258  -0.309818 
      334.0000  -0.581263   0.277351  -0.303911 
      334.5000  -0.599897   0.296678  -0.303219 
      335.0000  -0.561380   0.254661  -0.306719 
      335.5000  -0.612097   0.311647  -0.300450 
      336.0000  -0.602787   0.312174  -0.290613 
      336.5000  -0.606189   0.313289  -0.292900 
      337.0000  -0.610439   0.321167  -0.289272 
      337.5000  -0.618434   0.319792  -0.298642 
      338.0000  -0.598127   0.301150  -0.296978 
      338.5000  -0.636098   0.344699  -0.291399 
      339.0000  -0.572300   0.277917  -0.294383 
      339.5000  -0.604538   0.302776  -0.301762 
      340.0000  -0.623315   0.322284  -0.301031 
      340.5000  -0.629759   0.332390  -0.297369 
      341.0000  -0.628342   0.327648  -0.300694 
      341.5000  -0.627173   0.322175  -0.304999 
      342.0000  -0.635477   0.318477  -0.317000 
      342.5000  -0.630844   0.311712  -0.319132 
      343.0000  -0.639374   0.316805  -0.322568 
      343.5000  -0.631403   0.307638  -0.323765 
      344.0000  -0.639888   0.316719  -0.323169 
      344.5000  -0.639411   0.310255  -0.329156 
      345.0000  -0.624056   0.293570  -0.330486 
      345.5000  -0.643308   0.304643  -0.338665 
      346.0000  -0.644393   0.303946  -0.340446 
      346.5000  -0.638220   0.301506  -0.336714 
      347.0000  -0.624329   0.286725  -0.337604 
      347.5000  -0.648416   0.320804  -0.327612 
      348.0000  -0.639389   0.317086  -0.322303 
      348.5000  -0.609320   0.296609  -0.312711 
      349.0000  -0.612277   0.295795  -0.316482 
      349.5000  -0.599679   0.278218  -0.321461 
      350.0000  -0.682516   0.355946  -0.326570 
      350.5000  -0.670417   0.337156  -0.333261 
      351.0000  -0.650228   0.313847  -0.336381 
      351.5000  -0.649637   0.303369  -0.346268 
      352.0000  -0.641652   0.299797  -0.341855 
      352.5000  -0.672945   0.326044  -0.346902 
      353.0000  -0.682681   0.337468  -0.345213 
      353.5000  -0.649477   0.301314  -0.348163 
      354.0000  -0.636801   0.298400  -0.338401 
      354.5000  -0.650402   0.319786  -0.330615 
      355.0000  -0.657485   0.331972  -0.325513 
      355.5000  -0.626332   0.312497  -0.313835 
      356.0000  -0.675802   0.360102  -0.315700 
      356.5000  -0.664878   0.343573  -0.321305 
      357.0000  -0.630483   0.312918  -0.317565 
      357.5000  -0.641206   0.318703  -0.322503 
      358.0000  -0.662709   0.330339  -0.332370 
      358.5000  -0.652569   0.319528  -0.333041 
      359.0000  -0.663419   0.338683  -0.324736 
      359.5000  -0.647774   0.320893  -0.326881 
      360.0000  -0.655551   0.332184  -0.323366 
      360.5000  -0.614039   0.289248  -0.324791 
      361.0000  -0.690454   0.353591  -0.336863 
      361.5000  -0.652028   0.313759  -0.338269 
      362.0000  -0.646315   0.310362  -0.335954 
      362.5000  -0.658026   0.314953  -0.343073 
      363.0000  -0.641545   0.294294  -0.347250 
      363.5000  -0.650980   0.304823  -0.346156 
      364.0000  -0.629848   0.297356  -0.332492 
      364.5000  -0.664267   0.329666  -0.334601 
      365.0000  -0.671139   0.334018  -0.337121 
      365.5000  -0.646507   0.310589  -0.335918 
      366.0000  -0.676309   0.348421  -0.327887 
      366.5000  -0.618234   0.300679  -0.317555 
      367.0000  -0.639397   0.316580  -0.322817 
      367.5000  -0.603848   0.275360  -0.328487 
      368.0000  -0.651764   0.319571  -0.332193 
      368.5000  -0.613421   0.293037  -0.320384 
      369.0000  -0.668487   0.340677  -0.327810 
      369.5000  -0.651476   0.325871  -0.325605 
      370.0000  -0.642142   0.317713  -0.324429 
      370.5000  -0.665880   0.333326  -0.332554 
      371.0000  -0.651372   0.321488  -0.329884 
      371.5000  -0.637342   0.303106  -0.334237 
      372.0000  -0.642751   0.307919  -0.334832 
      372.5000  -0.659606   0.313733  -0.345873 
      373.0000  -0.669418   0.323260  -0.346158 
      373.5000  -0.639054   0.287658  -0.351396 
      374.0000  -0.687206   0.335098  -0.352108 
      374.5000  -0.639898   0.290652  -0.349246 
      375.0000  -0.668943   0.325060  -0.343883 
      375.5000  -0.662496   0.311437  -0.351059 
      376.0000  -0.658218   0.305839  -0.352379 
      376.5000  -0.679623   0.330714  -0.348909 
      377.0000  -0.657996   0.314905  -0.343092 
      377.5000  -0.681098   0.335866  -0.345231 
      378.0000  -0.676873   0.332879  -0.343994 
      378.5000  -0.652158   0.303369  -0.348788 
      379.0000  -0.661271   0.312258  -0.349012 
      379.5000  -0.664850   0.319021  -0.345829 
      380.0000  -0.680192   0.336068  -0.344125 
      380.5000  -0.681898   0.338255  -0.343643 
      381.0000  -0.673339   0.319643  -0.353696 
      381.5000  -0.650777   0.292555  -0.358222 
      382.0000  -0.665707   0.301790  -0.363917 
      382.5000  -0.652007   0.294828  -0.357180 
      383.0000  -0.679079   0.326024  -0.353056 
      383.5000  -0.665411   0.305654  -0.359757 
      384.0000  -0.692536   0.332580  -0.359956 
      384.5000  -0.666113   0.308361  -0.357752 
      385.0000  -0.675216   0.313222  -0.361994 
      385.5000  -0.654492   0.291794  -0.362697 
      386.0000  -0.641047   0.285473  -0.355574 
      386.5000  -0.651595   0.303208  -0.348387 
      387.0000  -0.662931   0.321896  -0.341035 
      387.5000  -0.677332   0.337672  -0.339661 
      388.0000  -0.663579   0.332853  -0.330727 
      388.5000  -0.678899   0.350666  -0.328233 
      389.0000  -0.658208   0.322899  -0.335309 
      389.5000  -0.640134   0.309077  -0.331057 
      390.0000  -0.635450   0.298055  -0.337395 
      390.5000  -0.635477   0.307060  -0.328416 
      391.0000  -0.651220   0.325825  -0.325395 
      391.5000  -0.645456   0.325414  -0.320042 
      392.0000  -0.640870   0.320068  -0.320801 
      392.5000  -0.619592   0.294666  -0.324926 
      393.0000  -0.672120   0.351679  -0.320441 
      393.5000  -0.655658   0.336203  -0.319455 
      394.0000  -0.628572   0.312201  -0.316371 
      394.5000  -0.647769   0.332562  -0.315207 
      395.0000  -0.644831   0.311843  -0.332988 
      395.5000  -0.652109   0.322450  -0.329660 
      396.0000  -0.672687   0.347557  -0.325130 
      396.5000  -0.637567   0.301323  -0.336244 
      397.0000  -0.698257   0.363707  -0.334550 
      397.5000  -0.661479   0.330918  -0.330561 
      398.0000  -0.661775   0.344628  -0.317147 
      398.5000  -0.651730   0.337979  -0.313752 
      399.0000  -0.667386   0.348892  -0.318494 
      399.5000  -0.665980   0.344477  -0.321502 
      400.0000  -0.646474   0.327054  -0.319419 
      400.5000  -0.676607   0.352961  -0.323646 
      401.0000  -0.674377   0.344065  -0.330312 
      401.5000  -0.662332   0.327397  -0.334935 
      402.0000  -0.686046   0.349642  -0.336404 
      402.5000  -0.661937   0.322000  -0.339937 
      403.0000  -0.706635   0.364578  -0.342057 
      403.5000  -0.632749   0.294643  -0.338107 
      404.0000  -0.654081   0.322613  -0.331467 
      404.5000  -0.660818   0.335668  -0.325150 
      405.0000  -0.645290   0.313809  -0.331480 
      405.5000  -0.645379   0.314170  -0.331209 
      406.0000  -0.670463   0.343872  -0.326591 
      406.5000  -0.665088   0.332986  -0.332103 
      407.0000  -0.698197   0.366744  -0.331453 
      407.5000  -0.672015   0.336924  -0.335090 
      408.0000  -0.658456   0.314045  -0.344412 
      408.5000  -0.692167   0.352708  -0.339459 
      409.0000  -0.658955   0.326684  -0.332271 
      409.5000  -0.673842   0.345509  -0.328333 
      410.0000  -0.674484   0.339853  -0.334631 
      410.5000  -0.683922   0.335468  -0.348454 
      411.0000  -0.665258   0.315300  -0.349958 
      411.5000  -0.718810   0.368882  -0.349927 
      412.0000  -0.698951   0.348430  -0.350520 
      412.5000  -0.680593   0.331766  -0.348826 
      413.0000  -0.685356   0.336651  -0.348705 
      413.5000  -0.679120   0.332218  -0.346902 
      414.0000  -0.678250   0.329880  -0.348370 
      414.5000  -0.690246   0.338818  -0.351428 
      415.0000  -0.710373   0.357575  -0.352798 
      415.5000  -0.665674   0.310895  -0.354779 
      416.0000  -0.670065   0.314589  -0.355477 
      416.5000  -0.684832   0.335581  -0.349250 
      417.0000  -0.651110   0.297497  -0.353613 
      417.5000  -0.697822   0.346119  -0.351703 
      418.0000  -0.670777   0.319793  -0.350983 
      418.5000  -0.687896   0.337639  -0.350258 
      419.0000  -0.706376   0.350863  -0.355513 
      419.5000  -0.674185   0.313627  -0.360557 
      420.0000  -0.697244   0.328759  -0.368485 
      420.5000  -0.708541   0.344496  -0.364045 
      421.0000  -0.709390   0.346628  -0.362762 
      421.5000  -0.716568   0.352532  -0.364036 
      422.0000  -0.700918   0.338452  -0.362466 
      422.5000  -0.712440   0.350334  -0.362106 
      423.0000  -0.726901   0.363038  -0.363863 
      423.5000  -0.718865   0.358608  -0.360258 
      424.0000  -0.719158   0.353177  -0.365981 
      424.5000  -0.735818   0.363792  -0.372027 
      425.0000  -0.724851   0.359111  -0.365741 
      425.5000  -0.725257   0.354488  -0.370768 
      426.0000  -0.678506   0.307186  -0.371320 
      426.5000  -0.698852   0.317697  -0.381155 
      427.0000  -0.696787   0.316972  -0.379815 
      427.5000  -0.700288   0.319104  -0.381184 
      428.0000  -0.739453   0.362110  -0.377344 
      428.5000  -0.684486   0.308275  -0.376210 
      429.0000  -0.722774   0.328131  -0.394643 
      429.5000  -0.728410   0.338329  -0.390081 
      430.0000  -0.724141   0.331507  -0.392634 
      430.5000  -0.723001   0.331292  -0.391709 
      431.0000  -0.725580   0.345312  -0.380268 
      431.5000  -0.733418   0.360181  -0.373237 
      432.0000  -0.699677   0.325743  -0.373934 
      432.5000  -0.715229   0.348365  -0.366864 
      433.0000  -0.698519   0.334039  -0.364480 
      433.5000  -0.688541   0.318199  -0.370343 
      434.0000  -0.709561   0.336763  -0.372798 
      434.5000  -0.694296   0.326531  -0.367765 
      435.0000  -0.680309   0.313583  -0.366725 
      435.5000  -0.728306   0.361726  -0.366580 
      436.0000  -0.690021   0.333225  -0.356796 
      436.5000  -0.675288   0.318691  -0.356597 
      437.0000  -0.671828   0.318342  -0.353486 
      437.5000  -0.674286   0.317355  -0.356931 
      438.0000  -0.654660   0.291219  -0.363441 
      438.5000  -0.640066   0.271989  -0.368077 
      439.0000  -0.665849   0.293219  -0.372630 
      439.5000  -0.709482   0.340429  -0.369053 
      440.0000  -0.697868   0.330931  -0.366937 
      440.5000  -0.660777   0.296764  -0.364013 
      441.0000  -0.684811   0.327137  -0.357674 
      441.5000  -0.702432   0.346742  -0.355689 
      442.0000  -0.697868   0.339737  -0.358130 
      442.5000  -0.704697   0.344861  -0.359836 
      443.0000  -0.719399   0.357312  -0.362087 
      443.5000  -0.717717   0.348350  -0.369368 
      444.0000  -0.723900   0.356028  -0.367872 
      444.5000  -0.696712   0.316038  -0.380673 
      445.0000  -0.715061   0.333511  -0.381550 
      445.5000  -0.677240   0.290842  -0.386398 
      446.0000  -0.701525   0.316529  -0.384996 
      446.5000  -0.694634   0.306691  -0.387943 
      447.0000  -0.691510   0.298511  -0.393000 
      447.5000  -0.717732   0.337942  -0.379790 
      448.0000  -0.700053   0.315502  -0.384551 
      448.5000  -0.729874   0.342713  -0.387162 
      449.0000  -0.683892   0.297670  -0.386221 
      449.5000  -0.701945   0.311433  -0.390512 
      450.0000  -0.692543   0.304205  -0.388338 
      450.5000  -0.698054   0.312963  -0.385091 
      451.0000  -0.714806   0.332216  -0.382590 
      451.5000  -0.675841   0.300834  -0.375007 
      452.0000  -0.688857   0.318899  -0.369958 
      452.5000  -0.718719   0.351585  -0.367134 
      453.0000  -0.731723   0.361689  -0.370034 
      453.5000  -0.714177   0.344228  -0.369949 
      454.0000  -0.722941   0.359769  -0.363171 
      454.5000  -0.681641   0.319590  -0.362052 
      455.0000  -0.703319   0.335256  -0.368064 
      455.5000  -0.693383   0.322221  -0.371163 
      456.0000  -0.696390   0.331191  -0.365199 
      456.5000  -0.728296   0.359021  -0.369276 
      457.0000  -0.683445   0.305175  -0.378270 
      457.5000  -0.691485   0.332116  -0.359369 
      458.0000  -0.700833   0.350260  -0.350573 
      458.5000  -0.702431   0.349794  -0.352637 
      459.0000  -0.696944   0.337047  -0.359897 
      459.5000  -0.675655   0.310125  -0.365530 
      460.0000  -0.696758   0.329830  -0.366928 
      460.5000  -0.711269   0.343872  -0.367398 
      461.0000  -0.698288   0.328174  -0.370114 
      461.5000  -0.696854   0.326282  -0.370572 
      462.0000  -0.697418   0.326442  -0.370976 
      462.5000  -0.726214   0.343336  -0.382878 
      463.0000  -0.679391   0.303032  -0.376360 
      463.5000  -0.693207   0.315238  -0.377969 
      464.0000  -0.697498   0.314519  -0.382978 
      464.5000  -0.725822   0.336990  -0.388831 
      465.0000  -0.703109   0.324217  -0.378892 
      465.5000  -0.733890   0.351586  -0.382304 
      466.0000  -0.717218   0.323696  -0.393522 
      466.5000  -0.740166   0.345877  -0.394288 
      467.0000  -0.734903   0.334827  -0.400075 
      467.5000  -0.726105   0.323663  -0.402442 
      468.0000  -0.731897   0.339031  -0.392866 
      468.5000  -0.720996   0.338450  -0.382546 
      469.0000  -0.713723   0.332015  -0.381709 
      469.5000  -0.759849   0.368669  -0.391180 
      470.0000  -0.745823   0.340989  -0.404834 
      470.5000  -0.781232   0.382124  -0.399108 
      471.0000  -0.753083   0.353201  -0.399881 
      471.5000  -0.765913   0.372213  -0.393700 
      472.0000  -0.732537   0.338707  -0.393830 
      472.5000  -0.768371   0.374936  -0.393434 
      473.0000  -0.708637   0.311747  -0.396890 
      473.5000  -0.729451   0.325684  -0.403767 
      474.0000  -0.735967   0.318870  -0.417097 
      474.5000  -0.744131   0.327489  -0.416642 
      475.0000  -0.784016   0.364392  -0.419624 
      475.5000  -0.778756   0.356011  -0.422745 
      476.0000  -0.781523   0.358079  -0.423444 
      476.5000  -0.767267   0.352591  -0.414676 
      477.0000  -0.740716   0.321419  -0.419298 
      477.5000  -0.769125   0.342913  -0.426212 
      478.0000  -0.734602   0.309185  -0.425417 
      478.5000  -0.761108   0.346876  -0.414232 
      479.0000  -0.733108   0.315313  -0.417795 
      479.5000  -0.774722   0.355251  -0.419471 
      480.0000  -0.756125   0.334128  -0.421997 
      480.5000  -0.765677   0.338276  -0.427401 
      481.0000  -0.745571   0.314692  -0.430879 
      481.5000  -0.744457   0.314932  -0.429525 
      482.0000  -0.729847   0.296488  -0.433359 
      482.5000  -0.726636   0.304424  -0.422212 
      483.0000  -0.765570   0.332701  -0.432869 
      483.5000  -0.753561   0.322378  -0.431183 
      484.0000  -0.762294   0.322575  -0.439719 
      484.5000  -0.780239   0.341194  -0.439045 
      485.0000  -0.776789   0.335141  -0.441648 
      485.5000  -0.766412   0.316658  -0.449754 
      486.0000  -0.774044   0.329504  -0.444540 
      486.5000  -0.759020   0.309544  -0.449476 
      487.0000  -0.758642   0.313960  -0.444682 
      487.5000  -0.757009   0.301474  -0.455536 
      488.0000  -0.802810   0.345293  -0.457517 
      488.5000  -0.751159   0.283712  -0.467447 
      489.0000  -0.776743   0.307787  -0.468956 
      489.5000  -0.786191   0.311529  -0.474662 
      490.0000  -0.775523   0.308847  -0.466676 
      490.5000  -0.768895   0.310853  -0.458042 
      491.0000  -0.776323   0.322256  -0.454067 
      491.5000  -0.797180   0.338167  -0.459013 
      492.0000  -0.777280   0.311623  -0.465658 
      492.5000  -0.794722   0.328855  -0.465866 
      493.0000  -0.764467   0.291884  -0.472583 
      493.5000  -0.793827   0.314514  -0.479312 
      494.0000  -0.788626   0.315247  -0.473379 
      494.5000  -0.777513   0.304177  -0.473337 
      495.0000  -0.779187   0.304539  -0.474648 
      495.5000  -0.773813   0.297936  -0.475877 
      496.0000  -0.782455   0.305136  -0.477319 
      496.5000  -0.780626   0.306518  -0.474108 
      497.0000  -0.783077   0.307455  -0.475622 
      497.5000  -0.785941   0.301718  -0.484223 
      498.0000  -0.775704   0.295342  -0.480362 
      498.5000  -0.786325   0.298539  -0.487786 
      499.0000  -0.764148   0.278246  -0.485902 
      499.5000  -0.773769   0.289252  -0.484518 
      500.0000  -0.765890   0.292768  -0.473121 
