t = 100000
b = 30 30 30
E = -0.29230583985621 -0.452005520291021 0.159699680434811
8.71634544874062 27.7374142765323 16.4152218142805 0.98454349125554 -0.170789841553213 -0.0387922863915006 0.175030065524159 0.951640886919937 0.252475652932323 0.151881504542559 -0.0179243512355208 0.408246723431898 0.182947079729754 -0.133024278634555 -0.158200137101404
8.10517662344935 26.8641460857735 16.3568746733147 0.332492087616862 -0.891433678527564 -0.307887771241363 -0.800858321940104 -0.439283371775387 0.407008596710723 0.238564770143179 -0.755185315989375 -0.494756400086318 -0.141839203068656 0.128789399061884 -0.0804396163345134
7.48593696075328 27.5294946096254 16.6146706005934 0.696157565281513 0.624654927547817 0.353794704110184 -0.244355467841367 -0.257214532935481 0.934949713406143 -0.191239941514752 -0.0399570038969716 0.0918410201543345 0.467825629255993 -0.310305069340711 -0.320859128655356
7.25852685817419 28.0091074124135 16.6068048986796 0.867796227170575 0.203603245503829 0.453293905057035 0.49012848184414 -0.200400809312901 -0.848300373641404 -0.340139799574595 0.063032712464845 -0.301922220437013 0.0370905667698608 0.237855751152535 -0.319428792243045
6.56097158260658 27.7424372010967 17.1423444078807 0.64268371263679 0.0461322982141758 0.764741345986124 -0.76526536311341 -0.00879677107933809 0.643654733043011 0.0941045729500722 0.49062621641725 -0.250612628780534 0.0796659873479744 0.0177390451180093 0.219199554764278
6.20769802226455 27.5975541741553 17.51284904186 0.656976750860812 0.650061242243334 0.38184003879459 -0.711755008477419 0.367815481237076 0.598428349952679 -0.157079416266184 -0.282354395089186 -0.0446666228762764 -0.41528786421222 -0.0144446616845252 0.191769722601536
5.07918310767304 27.7560032256746 17.4453321128982 -0.337728516095185 0.29882411715409 0.892548875353469 0.816997626492729 0.563945795005851 0.120332644712002 0.342345426336826 -0.48415812616285 -0.0875332326254591 0.321573039260955 0.473235450744496 0.173762283727485
5.17595735342737 26.9322920582021 17.8320852826447 0.391086065870081 -0.884343796160094 0.254926500358844 0.780801086871406 0.465442213040115 0.41678898308894 -0.185026814931716 -0.188480723314142 -0.117689970356293 -0.0464290326261096 0.0394503939317783 -0.0379877794713625
4.7798604107259 26.7072764962689 18.2012701476519 -0.591802897248532 -0.578451297038951 -0.561394110771038 -0.797270595358525 0.317341727484294 0.513472258524308 0.218241187404301 0.719833517950572 0.399712949358448 -0.00900879854335896 -0.0502943591784502 -0.284685218384722
5.25342239745818 27.0266232694276 19.3233726987568 0.737431919250927 -0.278180197111609 0.6154752693408 -0.230456018572216 0.752931655979522 0.616428211987687 -0.146649246760969 0.174357120086533 -0.113425718706749 -0.320200266610316 0.135410594755981 0.0645464809193156
5.07672221362375 26.9616012871298 19.8026845006179 0.829376723740052 0.521294756981201 0.200962466757528 -0.49913564145348 0.529775060586528 0.685712699208869 0.426789341837522 -0.687090378367801 -0.261332172669167 0.203196059422574 -0.227527900887251 -0.320935373553222
5.04932338785878 27.1176891283787 20.2628043736293 0.33571402522961 0.867851820384028 -0.366236513298183 -0.237764521458502 0.454283068987507 0.858542262208424 -0.21496810162621 -0.59462098944611 0.328277089166411 -0.0944274413159298 -0.0951802961624917 0.00130959008262654
5.23609513829939 27.3982157700484 20.7393134250336 -0.363986224714375 0.726866100424321 -0.58239120442528 -0.0817438164582757 0.597940338865339 0.797361360287329 0.592392811613992 0.17934981579715 0.12755753275185 -0.104026852430051 0.238700806585435 -0.167859808615584
5.32777478603926 27.8323542439861 20.8189354897707 -0.997007572532436 0.0366073773186081 0.0680862888507238 0.0726804643165965 0.743920451786468 0.664304009523675 0.355568331133588 -0.214094563004852 0.0193390206523084 0.275724747869629 0.335240077628571 0.295742910595635
5.21397664694762 28.3328043566807 20.9764577176727 -0.563682925216878 -0.618177088924253 0.547830695214838 0.1305175887882 0.588247882530509 0.798078572285791 -0.0385927486166096 0.683642981211626 0.338394907230745 0.241236594981919 -0.0566595834604325 -0.162354113746724
4.8751529482582 28.6167139022935 21.2409437685392 0.305983682400351 -0.75776044240398 0.576344502723353 -0.0521232617776443 0.591138685695942 0.804883926922956 -0.229157578734334 0.174241565141993 0.254882162337856 -0.199700895509944 -0.479217472742597 0.0797031735098204
4.63296065786906 28.5871923087811 21.6634435394536 0.941144528347682 -0.0397054589706569 0.335664126177349 -0.193565077485732 0.750797364833506 0.631534443161452 0.305379972274678 0.20004955128647 -0.789810884324199 0.112087371096979 0.039992510412512 -0.479675693923001
3.50403544800968 28.8239410498054 21.9834478589164 -0.420543690599747 0.903110238927956 -0.0868025161635167 -0.778991751199593 -0.408471631297987 -0.475733782571379 0.11930304690764 -0.255319832015132 -0.403594563017168 0.540224584134589 -0.276769214523732 0.0882309783265402
3.73527371447569 28.0450540528857 22.3361402335712 0.465117478880188 0.817286295011627 0.340159878714 -0.00137005314309944 -0.383588305693698 0.923503147165672 -0.155155096511471 0.282802404559807 0.525930046341398 0.0292914749738106 -0.543193723207672 -0.0810273030399968
3.63486078679803 27.6193977978965 21.7242470815464 -0.809090534035642 -0.513691762006742 0.285470013447816 -0.454480205754357 0.238960747583323 -0.858105682067066 -0.110485905724764 -0.0445244828564977 0.00772504553373525 0.0826031565614564 0.227931435575623 0.446866877625032
3.44091007246865 27.3882553835983 21.2868909400018 -0.778402201308268 0.0664211205268159 0.624242073137635 -0.612019173502664 0.141028651885216 -0.77816667895035 -0.106007076382435 0.604439782937856 0.503414501199698 0.113766342978538 -0.317673162525383 -0.107907321327974
3.02125956331917 27.3254553755221 20.993793378695 -0.242187651979854 0.687181649957544 0.684928026532078 -0.524520576806661 0.501156294647478 -0.688273518207468 -0.0731421486275486 -0.0929774915425523 0.191145345214988 0.269796031290629 0.543935277053197 0.336727026278919
3.53062687620264 26.7951100389024 20.1361706454988 0.234743038816551 -0.970771469935005 0.049982199717933 0.965819691361155 0.238743910217819 0.100963023274312 0.143737452722547 -0.0883171946631757 -0.237842949187707 0.620859764922987 0.115391520055812 -0.335836921806489
2.6846153303689 27.2042220856176 19.5884057829985 -0.922274009376021 -0.384544065391274 -0.039197555151324 -0.285687465826032 0.746442435404966 -0.601004382576435 -0.662107795402221 0.0356720655046686 -0.131102565442636 -0.188673931649681 0.118717641915331 0.510309348848655
2.51839075133786 27.3154696857716 19.185088335902 -0.832296673691183 0.108379035576359 0.543632328582513 -0.236784670121671 0.817220050855753 -0.525437144837046 0.109298029132536 -0.988555934862915 0.290004970099209 -0.0568335106234947 -0.409778328520537 -0.455572530799003
3.69462655865065 27.6512335915369 18.5220840077205 0.847120441525747 -0.0521036391514289 -0.528840316218295 0.520988703510336 -0.114604718275137 0.845834774571559 -0.49160275441153 0.168628073453366 -0.244560424208158 -0.271319330368449 -0.481409256368044 0.192666649573626
3.9109974191142 27.2043130931214 18.6494844894896 0.612249514039959 0.790307535264114 -0.0237576457536058 0.463921835637497 -0.334743023653612 0.820197259035263 0.0629805736032537 -0.168313885849125 0.239458749224766 0.719031490998639 0.00662488847721081 0.27892876596881
5.30029087459672 25.8867952822469 18.2987495408671 -0.580904138236687 -0.167342918406606 0.796584366844985 -0.698215343854073 0.605466832677951 -0.381975334200607 -0.337005773587765 0.218932772037943 0.0173919011559525 0.563113181710477 0.122587711443707 0.643459096928118
4.83591012854013 25.8970838555518 18.0853913782971 0.14023253425874 0.567246150530238 0.811521085798668 -0.633216903855949 0.681472248392971 -0.366922002194811 0.217894462653696 -0.285233188610499 0.0399957756336338 -0.259419980691536 -0.0516393391686696 -0.315855591309994
5.23000453833064 25.2262335888019 18.0250814263513 0.918830910283258 0.360777581580268 -0.159966125631817 0.342241893164532 -0.930259229094241 -0.132242296016622 -0.0974315114388753 -0.163309197465635 -0.0479403760316028 0.338661235833759 -0.37510899615943 -0.980703333622094
4.93544221646119 23.9918678525478 18.0285982629715 0.103035154528023 -0.98786431194715 0.116222672695454 0.961531396990583 0.128831784489485 0.242610110755187 -0.0147945043160406 0.00663135937720409 0.261723664270659 -0.306966515036121 0.643794111845395 -0.0464982716890546
5.34105653344626 23.8410429920817 18.4022218528594 -0.0196123529581302 -0.913482211935401 -0.406405525549667 0.999007624528301 -0.00164683900645603 -0.0445085740017178 0.0266463949799162 0.105468612447998 0.115098043154528 0.210014167346704 -0.581759471084615 -0.127440217767939
5.84811807231126 23.6750600382685 18.3574149107833 -0.375514450194862 -0.888480639650039 -0.263800919141587 0.922986601065019 -0.384343613153622 -0.019381728905531 0.0593179542278856 -0.247920806745991 0.1799350717084 0.193169333739084 0.0230788298339904 -0.286693739002687
6.33890966407014 23.3829192584132 18.4404302629511 -0.537955106714642 -0.704709176785659 -0.462589559793162 0.768730358572919 -0.635296307526882 0.0738381895144782 0.34891824245149 0.328848504390256 -0.161735269888944 0.955583872306314 -0.502603820779267 0.207536804728313
6.225847753819 23.5873171281899 19.3686611748016 0.561403769880883 0.48757488131277 0.668652667458363 -0.691396347708521 0.720362296861775 0.0552183680594337 0.00981267968649219 0.599685608024769 0.0950410599372538 -0.420307778085084 0.0177645968435438 -0.249337029721857
5.83732314439782 23.8715322807277 19.6338582573488 0.847833187785081 0.504301739456816 -0.163885769010051 -0.51244101007171 0.858677916007604 -0.00873594575635154 -0.135310410434542 -0.196578357123571 -0.124590086921056 -0.0254431016445631 -0.264404625792382 0.0609609024050644
5.85816054041868 24.2812206230975 19.9220328331935 0.285562695748331 0.234949975912599 -0.929113739480633 -0.686478625616155 0.726639521843691 -0.0272396429185745 -0.415008619657962 0.162422102438713 0.161984760136983 -0.718073551607299 0.419204631744828 0.78069630519784
5.77629710303995 24.7827536222425 19.9093771071993 -0.301703913604676 -0.300258263939736 -0.904886532003831 -0.680152856008222 0.732886522683269 -0.0164114220288807 -0.137171115369542 -0.0758067879899939 0.357567858402472 -0.420508420066325 0.203097224478837 -0.27528228873302
5.62125242571378 25.1813266968592 19.7303814767009 -0.676480950483548 -0.71830794558758 -0.162502442864184 -0.723171681136431 0.689629088687433 -0.037871770187385 -0.00439062480224486 -0.59827489370053 -0.271944709667537 0.512477161059113 0.0996323358045785 -0.0143364451958527
5.289759523411 25.40282901138 19.522027129921 -0.526816902007217 -0.671103113760857 0.521617086384288 -0.698297832571603 0.691607493867691 0.184550895062138 -0.417705602472085 0.285785463103349 -0.155206129866923 0.676785302750828 0.114759897036626 -0.314050020933943
6.3124554795089 25.5936573901513 18.9401490515848 0.820633832374554 0.338059772527938 0.460733782458254 0.489391103528031 -0.832035213232727 -0.261177381234248 -0.545267174764518 0.620366697173594 0.120056340277837 -0.244892212753559 0.170158063197031 -0.332573461231521
6.77401519606023 25.438153918975 18.6888103577234 0.367057164849974 -0.196784188750648 0.909145153954472 0.578476219091262 -0.717094465703483 -0.388768153688499 -0.260124558405637 -0.528114693534113 -0.376238186596068 -0.30385090988709 -0.071820772714195 -0.438751848753767
7.11935318714651 25.0636862914209 18.5846092819201 0.15261439466339 -0.131945656402612 0.979438157306171 0.78512889979178 -0.585724744638712 -0.201243750808439 -0.123548244438195 0.15553217090005 -0.212535641998509 -0.053855928103054 0.0797868496285358 0.386291562159673
7.8785048565765 25.4635054110669 18.7165047216925 0.610208419836103 -0.391461660691175 0.688769418742767 -0.756571756759694 -0.0300089240464712 0.653221649619548 0.427171054357191 -0.134350264314338 -0.0738549350086205 -0.294262278077301 -0.0146354857149361 -0.633877903105325
7.99778312423422 25.8080880825186 17.5568068317358 -0.114827659855999 0.527136228483668 -0.841986843809897 -0.961553770361695 0.153865681486238 0.227463355360724 -0.130174645949623 0.208372369554481 -0.0284624515496084 -0.114518166149094 -0.126000494917212 -0.018602590290531
8.33201846260281 26.3709640231177 17.7046894130403 -0.573820356761133 0.790880383598989 -0.212692957911884 -0.281962663710015 -0.434606366764485 -0.855344536658535 0.406021056931679 0.115187560644188 0.208807650105942 0.262247398545673 -0.261119068181453 -0.313022751501099
9.41523244532871 25.5829125137445 17.8268961161958 0.440448909031245 -0.568003956520578 0.695252577851135 -0.851116241175061 -0.510593112742122 0.122048120994345 0.162433239214112 0.0976605274364283 -0.366288042742813 -0.41664910402779 -0.24922419351838 0.217025814237329
9.01577189822206 26.2268201029894 16.8594202097728 -0.98548177156799 -0.0419462411261023 -0.164517883699704 -0.0753342261999644 -0.76035451860279 0.645124516221613 0.299954951576169 -0.0113066485560098 -0.0582929572732956 -0.0143046602905592 -0.35351482694004 -0.294587379389995
9.14745217327714 25.2310520778996 17.1397208370006 -0.57193665326271 -0.64413727587408 0.507912852288664 0.251013132855413 -0.726908813613815 -0.63921498249162 0.238405315465518 -0.196412031021236 0.200229072332718 0.369902186793549 -0.01230223964187 -0.348033685691035
8.98842268000987 25.297076546647 16.4857333015153 -0.559609036524216 0.566789914476617 0.60463770748421 0.475922775446849 0.817060812629259 -0.325436532986309 0.0392420092813906 0.0580775228758834 0.211295198136125 0.468762457810191 -0.920047933623824 -0.313932326329883
8.91754761084617 25.73563015619 16.3280557750363 0.194077176650224 0.18621922873123 0.963149197172178 0.539016923231488 0.800082088000196 -0.263304549013915 0.495822969207543 -0.112282827996005 -0.37857233520076 -0.00401901718226864 0.133767816289512 0.187131346294086
9.07893173911323 25.1938802843102 15.2925931362949 -0.742244197555908 -0.437719831871087 -0.507419763078854 -0.448151419638695 -0.238735808415258 0.86149022834629 0.244206499803482 -0.104943290379478 -0.0152953023384096 0.143499544727677 -0.0925832567715077 -0.0798761764387187
9.80967396681526 26.0198572525232 15.4299654396966 -0.657721519777943 0.4901004699203 -0.572017346635178 -0.710706649850836 -0.152136331741333 0.686840972722515 0.0276735509412096 0.62556817599951 -0.0737572862951553 0.296487801696099 -0.145843766335243 -0.115857725065612
9.68426285643511 26.4853432261092 16.4157697595124 0.171849284097814 0.709755202200376 0.683165563719242 0.330187465679229 0.6118699004547 -0.718742853522784 0.344569966597448 0.347032674842262 -0.0897657605993166 0.00673103739511979 0.335227776833542 0.272021943155095
