        0.0000  -1.017812   0.320679  -0.697132 
        0.5000  -0.647416   2.960615   2.313198 
        1.0000  -0.077812   5.974172   5.896360 
        1.5000   0.172564  10.563303  10.735867 
        2.0000   0.350371  10.340886  10.691257 
        2.5000   0.477313   5.753709   6.231022 
        3.0000   0.580944   3.786677   4.367621 
        3.5000   0.623134   7.190703   7.813836 
        4.0000   0.599850   9.869786  10.469637 
        4.5000   0.705209   7.363961   8.069170 
        5.0000   0.767475   3.379683   4.147157 
        5.5000   0.795904   4.121374   4.917278 
        6.0000   0.807417   7.855876   8.663293 
        6.5000   0.841356   8.245418   9.086774 
        7.0000   0.819481   4.725114   5.544595 
        7.5000   0.816594   2.651948   3.468542 
        8.0000   0.783946   5.200546   5.984492 
        8.5000   0.788363   7.848777   8.637140 
        9.0000   0.831848   6.354820   7.186668 
        9.5000   0.894556   2.876004   3.770560 
       10.0000   0.882300   2.873929   3.756229 
       10.5000   0.942011   5.925870   6.867881 
       11.0000   0.916616   7.005646   7.922263 
       11.5000   0.976612   4.222797   5.199409 
       12.0000   0.931790   2.030361   2.962150 
       12.5000   0.947267   3.695988   4.643255 
       13.0000   0.925989   6.217856   7.143845 
       13.5000   0.923601   5.552942   6.476543 
       14.0000   0.891748   2.727384   3.619131 
       14.5000   0.905547   2.085287   2.990835 
       15.0000   0.917688   4.489167   5.406855 
       15.5000   0.880271   5.773443   6.653715 
       16.0000   0.912471   3.933664   4.846135 
       16.5000   0.921681   1.719338   2.641019 
       17.0000   0.928321   2.575410   3.503731 
       17.5000   0.910873   4.891560   5.802432 
       18.0000   0.905783   4.865561   5.771344 
       18.5000   0.938169   2.582529   3.520698 
       19.0000   0.976333   1.476840   2.453173 
       19.5000   0.989906   3.207037   4.196944 
       20.0000   0.985234   4.765265   5.750499 
       20.5000   0.978910   3.730673   4.709583 
       21.0000   0.974327   1.622239   2.596566 
       21.5000   0.939634   1.814192   2.753826 
       22.0000   0.941986   3.814096   4.756082 
       22.5000   0.967658   4.278919   5.246577 
       23.0000   0.986490   2.546611   3.533100 
       23.5000   0.991344   1.175585   2.166930 
       24.0000   0.996997   2.347300   3.344297 
       24.5000   0.998571   3.897636   4.896208 
       25.0000   0.981688   3.406537   4.388225 
       25.5000   0.954758   1.606190   2.560948 
       26.0000   0.964722   1.282504   2.247226 
       26.5000   0.958455   2.857912   3.816367 
       27.0000   0.941018   3.655519   4.596536 
       27.5000   0.953723   2.519066   3.472789 
       28.0000   0.894661   1.158841   2.053501 
       28.5000   0.935209   1.643620   2.578829 
       29.0000   0.937916   3.198264   4.136180 
       29.5000   0.907648   3.340708   4.248356 
       30.0000   0.906182   1.831119   2.737302 
       30.5000   0.983292   0.878036   1.861328 
       31.0000   0.939984   2.001795   2.941779 
       31.5000   0.920690   3.168139   4.088828 
       32.0000   0.972240   2.599237   3.571477 
       32.5000   0.957085   1.177369   2.134454 
       33.0000   0.973436   1.020089   1.993525 
       33.5000   0.944851   2.361313   3.306164 
       34.0000   0.946159   2.892949   3.839108 
       34.5000   0.934120   1.970712   2.904832 
       35.0000   0.939690   0.837432   1.777122 
       35.5000   0.905713   1.374568   2.280281 
       36.0000   0.929340   2.545865   3.475205 
       36.5000   0.927552   2.529740   3.457292 
       37.0000   0.892657   1.407045   2.299701 
       37.5000   0.937784   0.755754   1.693538 
       38.0000   0.925570   1.639227   2.564797 
       38.5000   0.902355   2.478075   3.380430 
       39.0000   0.923879   2.071418   2.995297 
       39.5000   0.897992   0.983462   1.881454 
       40.0000   0.885185   0.884003   1.769188 
       40.5000   0.906811   1.858965   2.765776 
       41.0000   0.907429   2.274445   3.181875 
       41.5000   0.913217   1.597058   2.510274 
       42.0000   0.851097   0.788670   1.639768 
       42.5000   0.886312   1.054607   1.940919 
       43.0000   0.901724   1.918828   2.820552 
       43.5000   0.904906   2.039219   2.944125 
       44.0000   0.882518   1.230812   2.113330 
       44.5000   0.878847   0.641555   1.520401 
       45.0000   0.869666   1.268721   2.138387 
       45.5000   0.873830   1.968273   2.842103 
       46.0000   0.887037   1.746845   2.633882 
       46.5000   0.910183   0.867751   1.777935 
       47.0000   0.904925   0.679217   1.584142 
       47.5000   0.912702   1.406871   2.319573 
       48.0000   0.872423   1.847680   2.720103 
       48.5000   0.882819   1.396185   2.279005 
       49.0000   0.891034   0.683900   1.574934 
       49.5000   0.873309   0.815649   1.688958 
       50.0000   0.873954   1.509667   2.383621 
       50.5000   0.851098   1.698273   2.549371 
       51.0000   0.847333   1.143714   1.991046 
       51.5000   0.869127   0.595574   1.464700 
       52.0000   0.865829   0.929155   1.794984 
       52.5000   0.865299   1.524018   2.389317 
       53.0000   0.872683   1.476278   2.348961 
       53.5000   0.873866   0.867751   1.741617 
       54.0000   0.869615   0.563587   1.433203 
       54.5000   0.864945   1.013792   1.878737 
       55.0000   0.865671   1.427654   2.293326 
       55.5000   0.888292   1.286258   2.174550 
       56.0000   0.890220   0.706406   1.596626 
       56.5000   0.838467   0.651809   1.490276 
       57.0000   0.834435   1.171372   2.005807 
       57.5000   0.811338   1.432850   2.244188 
       58.0000   0.846201   1.117922   1.964122 
       58.5000   0.807896   0.668750   1.476646 
       59.0000   0.825307   0.709261   1.534569 
       59.5000   0.806746   1.194158   2.000905 
       60.0000   0.815453   1.283403   2.098857 
       60.5000   0.821423   0.928423   1.749846 
       61.0000   0.815493   0.563330   1.378824 
       61.5000   0.825309   0.722852   1.548161 
       62.0000   0.797634   1.144300   1.941934 
       62.5000   0.739920   1.203482   1.943402 
       63.0000   0.763823   0.838617   1.602441 
       63.5000   0.804329   0.536852   1.341181 
       64.0000   0.772204   0.805869   1.578073 
       64.5000   0.719588   1.173157   1.892745 
       65.0000   0.720724   1.103759   1.824483 
       65.5000   0.711940   0.775811   1.487751 
       66.0000   0.709682   0.614369   1.324050 
       66.5000   0.721883   0.856454   1.578337 
       67.0000   0.725632   1.086979   1.812611 
       67.5000   0.705506   1.021145   1.726651 
       68.0000   0.723064   0.670200   1.393264 
       68.5000   0.718836   0.587251   1.306087 
       69.0000   0.686141   0.890712   1.576853 
       69.5000   0.641472   1.098328   1.739799 
       70.0000   0.674508   0.957532   1.632039 
       70.5000   0.718560   0.612361   1.330921 
       71.0000   0.706886   0.602948   1.309834 
       71.5000   0.733708   0.845221   1.578929 
       72.0000   0.692955   0.986447   1.679401 
       72.5000   0.721565   0.819779   1.541344 
       73.0000   0.695813   0.589945   1.285757 
       73.5000   0.716047   0.573299   1.289346 
       74.0000   0.719170   0.816296   1.535466 
       74.5000   0.717997   0.893106   1.611103 
       75.0000   0.685716   0.779795   1.465511 
       75.5000   0.691190   0.552553   1.243743 
       76.0000   0.741725   0.532246   1.273971 
       76.5000   0.718295   0.770809   1.489103 
       77.0000   0.690148   0.847167   1.537314 
       77.5000   0.669579   0.711963   1.381542 
       78.0000   0.686530   0.498337   1.184868 
       78.5000   0.666633   0.556551   1.223184 
       79.0000   0.665942   0.766559   1.432501 
       79.5000   0.686770   0.779748   1.466518 
       80.0000   0.660136   0.682756   1.342891 
       80.5000   0.680958   0.482511   1.163469 
       81.0000   0.682943   0.523414   1.206357 
       81.5000   0.660232   0.730106   1.390339 
       82.0000   0.687043   0.726279   1.413322 
       82.5000   0.667086   0.622881   1.289968 
       83.0000   0.641811   0.486247   1.128059 
       83.5000   0.660145   0.500082   1.160227 
       84.0000   0.638698   0.689994   1.328692 
       84.5000   0.666638   0.704163   1.370801 
       85.0000   0.623003   0.663151   1.286154 
       85.5000   0.632867   0.485812   1.118680 
       86.0000   0.663563   0.478188   1.141751 
       86.5000   0.601821   0.669306   1.271127 
       87.0000   0.618912   0.672361   1.291273 
       87.5000   0.611479   0.593968   1.205447 
       88.0000   0.592678   0.467158   1.059836 
       88.5000   0.606868   0.475834   1.082702 
       89.0000   0.535567   0.683536   1.219103 
       89.5000   0.530763   0.730132   1.260895 
       90.0000   0.582373   0.626906   1.209278 
       90.5000   0.569176   0.509785   1.078961 
       91.0000   0.562884   0.487676   1.050560 
       91.5000   0.580662   0.573222   1.153884 
       92.0000   0.575799   0.625919   1.201718 
       92.5000   0.565253   0.600592   1.165845 
       93.0000   0.555037   0.504440   1.059477 
       93.5000   0.575694   0.449547   1.025240 
       94.0000   0.531476   0.590240   1.121716 
       94.5000   0.550124   0.636305   1.186429 
       95.0000   0.577204   0.589937   1.167141 
       95.5000   0.545510   0.516542   1.062051 
       96.0000   0.565480   0.450561   1.016040 
       96.5000   0.569731   0.537255   1.106986 
       97.0000   0.552598   0.606261   1.158860 
       97.5000   0.524673   0.615464   1.140138 
       98.0000   0.556409   0.477832   1.034242 
       98.5000   0.537941   0.434981   0.972922 
       99.0000   0.530087   0.500250   1.030336 
       99.5000   0.532298   0.561250   1.093548 
      100.0000   0.547316   0.538184   1.085500 
      100.5000   0.532055   0.477878   1.009933 
      101.0000   0.532331   0.407773   0.940104 
      101.5000   0.519014   0.462434   0.981448 
      102.0000   0.503158   0.549807   1.052965 
      102.5000   0.522979   0.529159   1.052138 
      103.0000   0.517299   0.486110   1.003408 
      103.5000   0.483899   0.453619   0.937518 
      104.0000   0.496591   0.447035   0.943626 
      104.5000   0.488690   0.503246   0.991935 
      105.0000   0.507119   0.510168   1.017288 
      105.5000   0.492210   0.496105   0.988315 
      106.0000   0.496940   0.424713   0.921653 
      106.5000   0.485227   0.428546   0.913773 
      107.0000   0.488482   0.476189   0.964671 
      107.5000   0.457144   0.523420   0.980564 
      108.0000   0.477776   0.485711   0.963487 
      108.5000   0.460062   0.441267   0.901329 
      109.0000   0.467445   0.408481   0.875926 
      109.5000   0.467578   0.443703   0.911281 
      110.0000   0.470201   0.475683   0.945884 
      110.5000   0.459783   0.475101   0.934884 
      111.0000   0.431149   0.451826   0.882975 
      111.5000   0.459771   0.383773   0.843544 
      112.0000   0.440680   0.422808   0.863488 
      112.5000   0.423345   0.471150   0.894495 
      113.0000   0.428657   0.465489   0.894146 
      113.5000   0.425190   0.444733   0.869923 
      114.0000   0.435821   0.383471   0.819293 
      114.5000   0.426554   0.401715   0.828269 
      115.0000   0.418078   0.439536   0.857614 
      115.5000   0.441106   0.431375   0.872481 
      116.0000   0.436009   0.425070   0.861079 
      116.5000   0.392897   0.428582   0.821478 
      117.0000   0.415186   0.388419   0.803605 
      117.5000   0.385571   0.430504   0.816075 
      118.0000   0.395802   0.447038   0.842839 
      118.5000   0.394784   0.450377   0.845161 
      119.0000   0.412973   0.413935   0.826908 
      119.5000   0.400004   0.404008   0.804012 
      120.0000   0.397938   0.415350   0.813288 
      120.5000   0.400948   0.436625   0.837573 
      121.0000   0.381288   0.457414   0.838701 
      121.5000   0.385339   0.442036   0.827375 
      122.0000   0.403140   0.398198   0.801338 
      122.5000   0.396344   0.394388   0.790731 
      123.0000   0.382897   0.424869   0.807765 
      123.5000   0.392493   0.420798   0.813291 
      124.0000   0.409273   0.406506   0.815780 
      124.5000   0.390789   0.410596   0.801386 
      125.0000   0.400730   0.371965   0.772695 
      125.5000   0.380922   0.386861   0.767783 
      126.0000   0.375924   0.416369   0.792293 
      126.5000   0.393257   0.400445   0.793702 
      127.0000   0.378966   0.413374   0.792340 
      127.5000   0.367906   0.399889   0.767795 
      128.0000   0.343213   0.402071   0.745284 
      128.5000   0.394604   0.370840   0.765444 
      129.0000   0.372194   0.416996   0.789190 
      129.5000   0.377806   0.407566   0.785372 
      130.0000   0.367163   0.413186   0.780349 
      130.5000   0.382582   0.370919   0.753501 
      131.0000   0.362443   0.386707   0.749150 
      131.5000   0.376499   0.385003   0.761501 
      132.0000   0.375909   0.393837   0.769746 
      132.5000   0.362747   0.402764   0.765511 
      133.0000   0.349255   0.401871   0.751126 
      133.5000   0.334055   0.412676   0.746731 
      134.0000   0.378751   0.394788   0.773538 
      134.5000   0.363857   0.424850   0.788707 
      135.0000   0.359111   0.434812   0.793923 
      135.5000   0.318931   0.464603   0.783534 
      136.0000   0.347256   0.418679   0.765935 
      136.5000   0.327729   0.415972   0.743701 
      137.0000   0.337891   0.409122   0.747012 
      137.5000   0.321930   0.432457   0.754387 
      138.0000   0.317892   0.433862   0.751755 
      138.5000   0.311347   0.440592   0.751939 
      139.0000   0.308564   0.418248   0.726812 
      139.5000   0.345014   0.381102   0.726115 
      140.0000   0.292210   0.436677   0.728887 
      140.5000   0.314071   0.422624   0.736695 
      141.0000   0.303901   0.429341   0.733241 
      141.5000   0.274564   0.443797   0.718361 
      142.0000   0.300021   0.398502   0.698523 
      142.5000   0.299439   0.390061   0.689499 
      143.0000   0.271488   0.425112   0.696600 
      143.5000   0.270849   0.427417   0.698265 
      144.0000   0.305187   0.405157   0.710344 
      144.5000   0.281525   0.425263   0.706788 
      145.0000   0.260124   0.439779   0.699903 
      145.5000   0.296671   0.398659   0.695330 
      146.0000   0.296103   0.408048   0.704150 
      146.5000   0.316442   0.391722   0.708165 
      147.0000   0.280080   0.438214   0.718294 
      147.5000   0.294194   0.419415   0.713608 
      148.0000   0.322207   0.379726   0.701933 
      148.5000   0.270148   0.427346   0.697494 
      149.0000   0.305030   0.405396   0.710426 
      149.5000   0.271966   0.447341   0.719307 
      150.0000   0.272055   0.452023   0.724077 
      150.5000   0.307758   0.408182   0.715940 
      151.0000   0.322174   0.389856   0.712030 
      151.5000   0.291434   0.411582   0.703016 
      152.0000   0.316882   0.384415   0.701298 
      152.5000   0.294158   0.411190   0.705348 
      153.0000   0.307808   0.402587   0.710395 
      153.5000   0.277964   0.437850   0.715814 
      154.0000   0.271848   0.428865   0.700713 
      154.5000   0.277208   0.406628   0.683836 
      155.0000   0.259076   0.428823   0.687898 
      155.5000   0.249910   0.438881   0.688791 
      156.0000   0.238846   0.443571   0.682417 
      156.5000   0.275078   0.402630   0.677708 
      157.0000   0.231848   0.432761   0.664610 
      157.5000   0.218957   0.434427   0.653384 
      158.0000   0.217081   0.439369   0.656450 
      158.5000   0.231751   0.426560   0.658311 
      159.0000   0.218301   0.438312   0.656613 
      159.5000   0.229701   0.429002   0.658702 
      160.0000   0.210601   0.443194   0.653795 
      160.5000   0.216377   0.437998   0.654375 
      161.0000   0.200440   0.451114   0.651553 
      161.5000   0.203251   0.441987   0.645238 
      162.0000   0.230450   0.412278   0.642728 
      162.5000   0.216137   0.430308   0.646445 
      163.0000   0.201714   0.435952   0.637667 
      163.5000   0.186229   0.429716   0.615945 
      164.0000   0.177780   0.423938   0.601718 
      164.5000   0.191909   0.400424   0.592333 
      165.0000   0.162320   0.434402   0.596722 
      165.5000   0.180631   0.415876   0.596507 
      166.0000   0.200465   0.394254   0.594719 
      166.5000   0.194097   0.385905   0.580002 
      167.0000   0.196537   0.367470   0.564007 
      167.5000   0.161776   0.392867   0.554644 
      168.0000   0.173504   0.379692   0.553196 
      168.5000   0.176867   0.388755   0.565623 
      169.0000   0.167867   0.393613   0.561480 
      169.5000   0.170958   0.393915   0.564873 
      170.0000   0.175721   0.387614   0.563335 
      170.5000   0.162474   0.400886   0.563359 
      171.0000   0.158296   0.408027   0.566323 
      171.5000   0.154138   0.410668   0.564805 
      172.0000   0.157853   0.411126   0.568980 
      172.5000   0.156684   0.395872   0.552556 
      173.0000   0.153084   0.391672   0.544756 
      173.5000   0.169859   0.362620   0.532480 
      174.0000   0.126069   0.405497   0.531566 
      174.5000   0.151198   0.388676   0.539874 
      175.0000   0.145897   0.388655   0.534552 
      175.5000   0.134302   0.397865   0.532167 
      176.0000   0.134767   0.400216   0.534983 
      176.5000   0.139818   0.383339   0.523157 
      177.0000   0.158649   0.358221   0.516871 
      177.5000   0.134008   0.384883   0.518891 
      178.0000   0.170609   0.367245   0.537854 
      178.5000   0.129972   0.410511   0.540483 
      179.0000   0.130131   0.410272   0.540403 
      179.5000   0.119602   0.410957   0.530560 
      180.0000   0.113788   0.403491   0.517279 
      180.5000   0.111418   0.398210   0.509628 
      181.0000   0.122571   0.396197   0.518768 
      181.5000   0.118299   0.406119   0.524419 
      182.0000   0.100048   0.418682   0.518730 
      182.5000   0.117405   0.402054   0.519460 
      183.0000   0.093146   0.413839   0.506984 
      183.5000   0.107797   0.396127   0.503924 
      184.0000   0.109635   0.391618   0.501253 
      184.5000   0.130370   0.374073   0.504444 
      185.0000   0.102222   0.391148   0.493370 
      185.5000   0.122448   0.356109   0.478557 
      186.0000   0.113324   0.362095   0.475419 
      186.5000   0.089996   0.380218   0.470214 
      187.0000   0.085936   0.375106   0.461042 
      187.5000   0.096740   0.355694   0.452434 
      188.0000   0.102272   0.357567   0.459840 
      188.5000   0.085284   0.374485   0.459769 
      189.0000   0.083118   0.374424   0.457542 
      189.5000   0.077188   0.380060   0.457249 
      190.0000   0.079777   0.377992   0.457769 
      190.5000   0.088552   0.364009   0.452561 
      191.0000   0.090188   0.371504   0.461691 
      191.5000   0.068063   0.390279   0.458341 
      192.0000   0.067022   0.395918   0.462940 
      192.5000   0.096500   0.357786   0.454286 
      193.0000   0.056416   0.391740   0.448156 
      193.5000   0.080444   0.357025   0.437468 
      194.0000   0.055105   0.381466   0.436571 
      194.5000   0.060861   0.375455   0.436316 
      195.0000   0.076592   0.363518   0.440111 
      195.5000   0.076940   0.365230   0.442169 
      196.0000   0.063490   0.371600   0.435090 
      196.5000   0.086700   0.353635   0.440335 
      197.0000   0.052640   0.377158   0.429798 
      197.5000   0.047081   0.384857   0.431938 
      198.0000   0.046143   0.379570   0.425713 
      198.5000   0.021842   0.385563   0.407404 
      199.0000   0.002739   0.389372   0.392111 
      199.5000   0.022827   0.363847   0.386674 
      200.0000   0.018044   0.374289   0.392333 
      200.5000  -0.005684   0.398581   0.392897 
      201.0000   0.006867   0.385009   0.391876 
      201.5000  -0.001062   0.392610   0.391548 
      202.0000  -0.023319   0.402377   0.379058 
      202.5000  -0.019330   0.394944   0.375614 
      203.0000  -0.018595   0.387939   0.369344 
      203.5000  -0.022557   0.383697   0.361140 
      204.0000  -0.025927   0.379306   0.353380 
      204.5000  -0.028166   0.375290   0.347124 
      205.0000  -0.036728   0.379863   0.343135 
      205.5000  -0.024592   0.365760   0.341168 
      206.0000  -0.065178   0.402488   0.337310 
      206.5000  -0.048115   0.389014   0.340899 
      207.0000  -0.038999   0.370883   0.331884 
      207.5000  -0.034975   0.359366   0.324390 
      208.0000  -0.033132   0.350962   0.317830 
      208.5000  -0.033355   0.359639   0.326283 
      209.0000  -0.033842   0.359761   0.325918 
      209.5000  -0.045296   0.375953   0.330658 
      210.0000  -0.024090   0.344892   0.320802 
      210.5000  -0.035998   0.351218   0.315220 
      211.0000  -0.046190   0.362421   0.316232 
      211.5000  -0.028766   0.332622   0.303856 
      212.0000  -0.048559   0.343680   0.295121 
      212.5000  -0.057289   0.360816   0.303527 
      213.0000  -0.046504   0.344347   0.297843 
      213.5000  -0.042464   0.352399   0.309935 
      214.0000  -0.057235   0.364145   0.306909 
      214.5000  -0.090774   0.393981   0.303207 
      215.0000  -0.074115   0.377227   0.303112 
      215.5000  -0.054503   0.358582   0.304079 
      216.0000  -0.047279   0.351012   0.303733 
      216.5000  -0.054499   0.360664   0.306164 
      217.0000  -0.076595   0.377229   0.300634 
      217.5000  -0.049198   0.353166   0.303967 
      218.0000  -0.089510   0.380910   0.291400 
      218.5000  -0.084574   0.383529   0.298955 
      219.0000  -0.068316   0.358567   0.290250 
      219.5000  -0.100923   0.380365   0.279442 
      220.0000  -0.098014   0.382441   0.284427 
      220.5000  -0.115064   0.406628   0.291565 
      221.0000  -0.107095   0.405271   0.298176 
      221.5000  -0.097026   0.397462   0.300436 
      222.0000  -0.107538   0.407549   0.300011 
      222.5000  -0.092643   0.380381   0.287738 
      223.0000  -0.120167   0.394116   0.273949 
      223.5000  -0.124270   0.400489   0.276220 
      224.0000  -0.137878   0.407588   0.269710 
      224.5000  -0.136042   0.395368   0.259326 
      225.0000  -0.140826   0.387860   0.247034 
      225.5000  -0.158697   0.388592   0.229895 
      226.0000  -0.110825   0.339563   0.228738 
      226.5000  -0.117428   0.360002   0.242573 
      227.0000  -0.136269   0.390547   0.254279 
      227.5000  -0.144337   0.405491   0.261154 
      228.0000  -0.135389   0.387975   0.252586 
      228.5000  -0.147460   0.398053   0.250592 
      229.0000  -0.143767   0.389228   0.245461 
      229.5000  -0.164104   0.401939   0.237834 
      230.0000  -0.152948   0.386771   0.233822 
      230.5000  -0.178546   0.403329   0.224783 
      231.0000  -0.147159   0.374580   0.227420 
      231.5000  -0.167022   0.379701   0.212679 
      232.0000  -0.156326   0.363541   0.207215 
      232.5000  -0.145791   0.345303   0.199512 
      233.0000  -0.156021   0.364136   0.208115 
      233.5000  -0.133589   0.352259   0.218670 
      234.0000  -0.156628   0.377247   0.220620 
      234.5000  -0.155791   0.375432   0.219641 
      235.0000  -0.167855   0.376173   0.208319 
      235.5000  -0.137525   0.346397   0.208872 
      236.0000  -0.138380   0.337594   0.199214 
      236.5000  -0.193919   0.392341   0.198422 
      237.0000  -0.159327   0.365247   0.205920 
      237.5000  -0.165300   0.366425   0.201125 
      238.0000  -0.155349   0.356690   0.201341 
      238.5000  -0.161332   0.362983   0.201651 
      239.0000  -0.189225   0.388661   0.199436 
      239.5000  -0.151222   0.350416   0.199194 
      240.0000  -0.185620   0.382174   0.196554 
      240.5000  -0.216496   0.412419   0.195923 
      241.0000  -0.158104   0.347539   0.189435 
      241.5000  -0.195804   0.383989   0.188185 
      242.0000  -0.172999   0.344032   0.171033 
      242.5000  -0.202901   0.365708   0.162807 
      243.0000  -0.212348   0.377449   0.165101 
      243.5000  -0.231962   0.389942   0.157980 
      244.0000  -0.217773   0.376585   0.158812 
      244.5000  -0.223048   0.368603   0.145555 
      245.0000  -0.217328   0.363824   0.146496 
      245.5000  -0.188805   0.335867   0.147062 
      246.0000  -0.184970   0.327947   0.142976 
      246.5000  -0.230217   0.366168   0.135951 
      247.0000  -0.223977   0.360175   0.136198 
      247.5000  -0.238331   0.375903   0.137571 
      248.0000  -0.230046   0.365354   0.135307 
      248.5000  -0.233939   0.369010   0.135070 
      249.0000  -0.227672   0.365197   0.137525 
      249.5000  -0.251959   0.388556   0.136597 
      250.0000  -0.246706   0.375159   0.128453 
      250.5000  -0.220939   0.348774   0.127836 
      251.0000  -0.236107   0.367797   0.131689 
      251.5000  -0.235436   0.358628   0.123191 
      252.0000  -0.210888   0.325421   0.114533 
      252.5000  -0.265688   0.378898   0.113210 
      253.0000  -0.264973   0.366423   0.101451 
      253.5000  -0.215247   0.321453   0.106206 
      254.0000  -0.265408   0.375445   0.110037 
      254.5000  -0.245947   0.351415   0.105468 
      255.0000  -0.233672   0.334745   0.101073 
      255.5000  -0.252570   0.339181   0.086611 
      256.0000  -0.251373   0.334969   0.083596 
      256.5000  -0.241983   0.326044   0.084061 
      257.0000  -0.254127   0.344291   0.090164 
      257.5000  -0.261660   0.351280   0.089620 
      258.0000  -0.245228   0.339376   0.094148 
      258.5000  -0.273206   0.371505   0.098298 
      259.0000  -0.243140   0.335500   0.092360 
      259.5000  -0.249822   0.333368   0.083546 
      260.0000  -0.265063   0.350004   0.084941 
      260.5000  -0.228869   0.316795   0.087927 
      261.0000  -0.258681   0.338822   0.080141 
      261.5000  -0.255756   0.338533   0.082777 
      262.0000  -0.226440   0.310527   0.084087 
      262.5000  -0.277941   0.369833   0.091891 
      263.0000  -0.227649   0.320304   0.092656 
      263.5000  -0.236608   0.330223   0.093615 
      264.0000  -0.261782   0.361620   0.099838 
      264.5000  -0.297490   0.391616   0.094125 
      265.0000  -0.261339   0.351795   0.090456 
      265.5000  -0.280766   0.371603   0.090836 
      266.0000  -0.259476   0.353405   0.093929 
      266.5000  -0.279423   0.369463   0.090040 
      267.0000  -0.243684   0.334787   0.091102 
      267.5000  -0.264826   0.359227   0.094401 
      268.0000  -0.278099   0.362358   0.084259 
      268.5000  -0.273110   0.352607   0.079497 
      269.0000  -0.277788   0.364532   0.086743 
      269.5000  -0.297848   0.377912   0.080065 
      270.0000  -0.267510   0.346555   0.079045 
      270.5000  -0.274221   0.339012   0.064791 
      271.0000  -0.309195   0.373771   0.064576 
      271.5000  -0.284636   0.349553   0.064917 
      272.0000  -0.300886   0.362076   0.061190 
      272.5000  -0.317508   0.381332   0.063824 
      273.0000  -0.320097   0.381455   0.061357 
      273.5000  -0.287517   0.346656   0.059139 
      274.0000  -0.309061   0.362910   0.053849 
      274.5000  -0.314923   0.362171   0.047248 
      275.0000  -0.302998   0.339811   0.036813 
      275.5000  -0.331305   0.368448   0.037143 
      276.0000  -0.312314   0.352073   0.039759 
      276.5000  -0.294692   0.343429   0.048737 
      277.0000  -0.325900   0.365602   0.039703 
      277.5000  -0.294962   0.326834   0.031872 
      278.0000  -0.329723   0.356495   0.026772 
      278.5000  -0.319050   0.338024   0.018975 
      279.0000  -0.330985   0.348301   0.017316 
      279.5000  -0.345655   0.357705   0.012051 
      280.0000  -0.334824   0.337860   0.003036 
      280.5000  -0.305309   0.313377   0.008068 
      281.0000  -0.333188   0.337446   0.004258 
      281.5000  -0.316466   0.323673   0.007207 
      282.0000  -0.292917   0.306636   0.013719 
      282.5000  -0.325907   0.332528   0.006621 
      283.0000  -0.319720   0.329831   0.010111 
      283.5000  -0.327626   0.327809   0.000184 
      284.0000  -0.360130   0.352118  -0.008012 
      284.5000  -0.336114   0.322075  -0.014039 
      285.0000  -0.297053   0.280277  -0.016776 
      285.5000  -0.349509   0.345612  -0.003898 
      286.0000  -0.330214   0.326507  -0.003707 
      286.5000  -0.323032   0.323001  -0.000032 
      287.0000  -0.353888   0.354436   0.000548 
      287.5000  -0.282493   0.284037   0.001544 
      288.0000  -0.351197   0.355021   0.003824 
      288.5000  -0.332297   0.334877   0.002580 
      289.0000  -0.339298   0.348323   0.009025 
      289.5000  -0.339220   0.351643   0.012423 
      290.0000  -0.315257   0.340549   0.025292 
      290.5000  -0.314521   0.351653   0.037132 
      291.0000  -0.339585   0.384937   0.045352 
      291.5000  -0.304160   0.349697   0.045537 
      292.0000  -0.317637   0.357819   0.040182 
      292.5000  -0.294980   0.331756   0.036776 
      293.0000  -0.315063   0.350191   0.035128 
      293.5000  -0.342553   0.377086   0.034532 
      294.0000  -0.308949   0.337729   0.028779 
      294.5000  -0.306005   0.333489   0.027483 
      295.0000  -0.335903   0.355930   0.020027 
      295.5000  -0.334221   0.365381   0.031160 
      296.0000  -0.320725   0.350712   0.029986 
      296.5000  -0.312896   0.341546   0.028651 
      297.0000  -0.313460   0.339867   0.026408 
      297.5000  -0.342783   0.353605   0.010822 
      298.0000  -0.295776   0.301559   0.005783 
      298.5000  -0.299742   0.315165   0.015423 
      299.0000  -0.290298   0.305250   0.014952 
      299.5000  -0.317963   0.327756   0.009793 
      300.0000  -0.335601   0.343685   0.008084 
      300.5000  -0.358734   0.368263   0.009529 
      301.0000  -0.297146   0.308173   0.011027 
      301.5000  -0.335208   0.337627   0.002419 
      302.0000  -0.344897   0.339524  -0.005373 
      302.5000  -0.333330   0.326394  -0.006936 
      303.0000  -0.330886   0.319588  -0.011298 
      303.5000  -0.342643   0.332275  -0.010368 
      304.0000  -0.329948   0.312696  -0.017252 
      304.5000  -0.359557   0.337288  -0.022270 
      305.0000  -0.335958   0.310229  -0.025729 
      305.5000  -0.343977   0.321900  -0.022077 
      306.0000  -0.342583   0.308821  -0.033762 
      306.5000  -0.329522   0.295783  -0.033739 
      307.0000  -0.322448   0.279765  -0.042683 
      307.5000  -0.368584   0.325400  -0.043183 
      308.0000  -0.332952   0.298704  -0.034248 
      308.5000  -0.331452   0.297726  -0.033726 
      309.0000  -0.355518   0.321195  -0.034324 
      309.5000  -0.346414   0.317199  -0.029214 
      310.0000  -0.335011   0.297520  -0.037490 
      310.5000  -0.404624   0.367348  -0.037276 
      311.0000  -0.374970   0.327119  -0.047851 
      311.5000  -0.371522   0.325008  -0.046513 
      312.0000  -0.376129   0.322361  -0.053768 
      312.5000  -0.353102   0.291311  -0.061790 
      313.0000  -0.362408   0.316292  -0.046116 
      313.5000  -0.352330   0.303067  -0.049262 
      314.0000  -0.347406   0.295483  -0.051924 
      314.5000  -0.347807   0.297010  -0.050797 
      315.0000  -0.354221   0.297484  -0.056736 
      315.5000  -0.348591   0.292473  -0.056118 
      316.0000  -0.365852   0.314638  -0.051214 
      316.5000  -0.365478   0.320247  -0.045231 
      317.0000  -0.386802   0.349077  -0.037725 
      317.5000  -0.351209   0.306940  -0.044270 
      318.0000  -0.347077   0.304021  -0.043056 
      318.5000  -0.342622   0.287588  -0.055034 
      319.0000  -0.334795   0.285416  -0.049379 
      319.5000  -0.307809   0.259396  -0.048412 
      320.0000  -0.356963   0.311289  -0.045674 
      320.5000  -0.360413   0.302002  -0.058412 
      321.0000  -0.369610   0.301337  -0.068274 
      321.5000  -0.357878   0.288144  -0.069734 
      322.0000  -0.356133   0.289315  -0.066818 
      322.5000  -0.339456   0.273180  -0.066276 
      323.0000  -0.343729   0.278566  -0.065164 
      323.5000  -0.301428   0.237132  -0.064295 
      324.0000  -0.334940   0.276669  -0.058271 
      324.5000  -0.338010   0.275007  -0.063003 
      325.0000  -0.340993   0.277232  -0.063760 
      325.5000  -0.329301   0.263221  -0.066080 
      326.0000  -0.333685   0.277061  -0.056624 
      326.5000  -0.376394   0.323646  -0.052748 
      327.0000  -0.338003   0.288018  -0.049985 
      327.5000  -0.371670   0.316661  -0.055009 
      328.0000  -0.358064   0.302677  -0.055387 
      328.5000  -0.366719   0.309312  -0.057407 
      329.0000  -0.349297   0.286919  -0.062378 
      329.5000  -0.340576   0.275206  -0.065370 
      330.0000  -0.372191   0.296219  -0.075972 
      330.5000  -0.356352   0.277191  -0.079160 
      331.0000  -0.349611   0.280470  -0.069141 
      331.5000  -0.368190   0.312012  -0.056178 
      332.0000  -0.365782   0.306126  -0.059657 
      332.5000  -0.367232   0.317136  -0.050097 
      333.0000  -0.356549   0.303285  -0.053263 
      333.5000  -0.348515   0.285115  -0.063400 
      334.0000  -0.337663   0.272757  -0.064906 
      334.5000  -0.355703   0.291241  -0.064463 
      335.0000  -0.368314   0.300140  -0.068174 
      335.5000  -0.340615   0.280828  -0.059787 
      336.0000  -0.383547   0.315292  -0.068255 
      336.5000  -0.353604   0.283466  -0.070138 
      337.0000  -0.355783   0.286680  -0.069102 
      337.5000  -0.367903   0.303751  -0.064151 
      338.0000  -0.332475   0.265667  -0.066808 
      338.5000  -0.370424   0.308689  -0.061735 
      339.0000  -0.325471   0.250524  -0.074947 
      339.5000  -0.347180   0.284186  -0.062994 
      340.0000  -0.352308   0.301489  -0.050819 
      340.5000  -0.325540   0.270330  -0.055211 
      341.0000  -0.341168   0.292452  -0.048715 
      341.5000  -0.330399   0.272627  -0.057771 
      342.0000  -0.333089   0.280582  -0.052507 
      342.5000  -0.324588   0.278567  -0.046021 
      343.0000  -0.304437   0.249866  -0.054571 
      343.5000  -0.330445   0.281686  -0.048759 
      344.0000  -0.316808   0.270074  -0.046734 
      344.5000  -0.328990   0.279268  -0.049722 
      345.0000  -0.330645   0.281826  -0.048819 
      345.5000  -0.327300   0.280966  -0.046334 
      346.0000  -0.326121   0.284157  -0.041964 
      346.5000  -0.294304   0.254179  -0.040125 
      347.0000  -0.307030   0.268603  -0.038427 
      347.5000  -0.284966   0.245697  -0.039269 
      348.0000  -0.320045   0.278418  -0.041626 
      348.5000  -0.350074   0.309513  -0.040561 
      349.0000  -0.332686   0.290169  -0.042517 
      349.5000  -0.331213   0.291014  -0.040199 
      350.0000  -0.304877   0.260476  -0.044402 
      350.5000  -0.331701   0.287881  -0.043819 
      351.0000  -0.325311   0.291644  -0.033666 
      351.5000  -0.320967   0.279206  -0.041762 
      352.0000  -0.330318   0.295424  -0.034894 
      352.5000  -0.330944   0.296562  -0.034382 
      353.0000  -0.344371   0.318923  -0.025448 
      353.5000  -0.337877   0.316967  -0.020910 
      354.0000  -0.339827   0.322387  -0.017440 
      354.5000  -0.319792   0.304682  -0.015110 
      355.0000  -0.322126   0.308589  -0.013537 
      355.5000  -0.318390   0.301178  -0.017211 
      356.0000  -0.326419   0.302098  -0.024321 
      356.5000  -0.302244   0.274709  -0.027535 
      357.0000  -0.333333   0.298699  -0.034635 
      357.5000  -0.313620   0.287227  -0.026393 
      358.0000  -0.316765   0.295946  -0.020820 
      358.5000  -0.301340   0.279987  -0.021353 
      359.0000  -0.295667   0.275295  -0.020372 
      359.5000  -0.343582   0.323217  -0.020365 
      360.0000  -0.318088   0.298541  -0.019547 
      360.5000  -0.349573   0.331941  -0.017632 
      361.0000  -0.321218   0.309142  -0.012076 
      361.5000  -0.330481   0.308231  -0.022251 
      362.0000  -0.354118   0.330460  -0.023657 
      362.5000  -0.316991   0.300373  -0.016618 
      363.0000  -0.328744   0.316779  -0.011965 
      363.5000  -0.325922   0.301620  -0.024302 
      364.0000  -0.342762   0.331410  -0.011353 
      364.5000  -0.301894   0.296444  -0.005450 
      365.0000  -0.325821   0.315981  -0.009840 
      365.5000  -0.339916   0.332537  -0.007379 
      366.0000  -0.323326   0.325209   0.001883 
      366.5000  -0.325569   0.327002   0.001434 
      367.0000  -0.297561   0.295398  -0.002162 
      367.5000  -0.327584   0.315860  -0.011724 
      368.0000  -0.315021   0.302183  -0.012838 
      368.5000  -0.310932   0.290221  -0.020712 
      369.0000  -0.335670   0.321659  -0.014011 
      369.5000  -0.307939   0.306674  -0.001265 
      370.0000  -0.320497   0.323462   0.002965 
      370.5000  -0.307064   0.310585   0.003520 
      371.0000  -0.348577   0.345561  -0.003016 
      371.5000  -0.339211   0.327357  -0.011854 
      372.0000  -0.341088   0.334247  -0.006841 
      372.5000  -0.337055   0.327666  -0.009389 
      373.0000  -0.318062   0.314803  -0.003259 
      373.5000  -0.339109   0.332581  -0.006528 
      374.0000  -0.340924   0.329534  -0.011391 
      374.5000  -0.333047   0.342632   0.009585 
      375.0000  -0.313493   0.328140   0.014646 
      375.5000  -0.310736   0.321970   0.011234 
      376.0000  -0.311170   0.318046   0.006876 
      376.5000  -0.315210   0.326888   0.011678 
      377.0000  -0.324080   0.342156   0.018076 
      377.5000  -0.320610   0.341071   0.020460 
      378.0000  -0.346740   0.364279   0.017539 
      378.5000  -0.304453   0.329764   0.025311 
      379.0000  -0.316903   0.335088   0.018185 
      379.5000  -0.308391   0.322280   0.013889 
      380.0000  -0.325519   0.334239   0.008720 
      380.5000  -0.328734   0.338433   0.009699 
      381.0000  -0.314221   0.319360   0.005139 
      381.5000  -0.318016   0.319655   0.001640 
      382.0000  -0.344305   0.343096  -0.001209 
      382.5000  -0.319313   0.321049   0.001736 
      383.0000  -0.338513   0.344293   0.005780 
      383.5000  -0.331419   0.338335   0.006917 
      384.0000  -0.330407   0.330483   0.000076 
      384.5000  -0.325668   0.328619   0.002950 
      385.0000  -0.332164   0.340732   0.008568 
      385.5000  -0.313132   0.319665   0.006533 
      386.0000  -0.294400   0.295659   0.001259 
      386.5000  -0.305839   0.312603   0.006764 
      387.0000  -0.299751   0.310258   0.010507 
      387.5000  -0.330217   0.333318   0.003101 
      388.0000  -0.320316   0.326146   0.005830 
      388.5000  -0.296784   0.297737   0.000953 
      389.0000  -0.323600   0.322112  -0.001488 
      389.5000  -0.334638   0.324944  -0.009694 
      390.0000  -0.326731   0.321817  -0.004914 
      390.5000  -0.312379   0.305335  -0.007044 
      391.0000  -0.327990   0.315877  -0.012113 
      391.5000  -0.296138   0.286075  -0.010063 
      392.0000  -0.297199   0.288551  -0.008648 
      392.5000  -0.344875   0.332062  -0.012813 
      393.0000  -0.346500   0.328647  -0.017853 
      393.5000  -0.321580   0.302225  -0.019356 
      394.0000  -0.347262   0.324617  -0.022646 
      394.5000  -0.351392   0.329815  -0.021577 
      395.0000  -0.304426   0.275109  -0.029317 
      395.5000  -0.328866   0.296464  -0.032402 
      396.0000  -0.359927   0.324866  -0.035061 
      396.5000  -0.330065   0.295637  -0.034428 
      397.0000  -0.344436   0.312813  -0.031623 
      397.5000  -0.351047   0.323012  -0.028036 
      398.0000  -0.313802   0.285574  -0.028229 
      398.5000  -0.328711   0.295068  -0.033642 
      399.0000  -0.327480   0.294869  -0.032611 
      399.5000  -0.345411   0.308809  -0.036602 
      400.0000  -0.329971   0.290628  -0.039343 
      400.5000  -0.315899   0.288158  -0.027741 
      401.0000  -0.354223   0.323998  -0.030225 
      401.5000  -0.368217   0.340629  -0.027588 
      402.0000  -0.335399   0.311606  -0.023792 
      402.5000  -0.353464   0.333839  -0.019625 
      403.0000  -0.336756   0.315774  -0.020983 
      403.5000  -0.346945   0.319134  -0.027810 
      404.0000  -0.343797   0.314495  -0.029302 
      404.5000  -0.331072   0.311144  -0.019927 
      405.0000  -0.347810   0.331400  -0.016410 
      405.5000  -0.347555   0.331703  -0.015851 
      406.0000  -0.343763   0.327874  -0.015889 
      406.5000  -0.368517   0.356482  -0.012035 
      407.0000  -0.354979   0.338401  -0.016578 
      407.5000  -0.356132   0.324176  -0.031956 
      408.0000  -0.344390   0.308888  -0.035502 
      408.5000  -0.350276   0.303509  -0.046767 
      409.0000  -0.359466   0.303657  -0.055809 
      409.5000  -0.365621   0.306586  -0.059035 
      410.0000  -0.359344   0.307799  -0.051545 
      410.5000  -0.343167   0.295364  -0.047803 
      411.0000  -0.327011   0.286057  -0.040954 
      411.5000  -0.340979   0.313807  -0.027172 
      412.0000  -0.320017   0.287438  -0.032579 
      412.5000  -0.328391   0.304576  -0.023816 
      413.0000  -0.350238   0.325319  -0.024919 
      413.5000  -0.358825   0.337499  -0.021325 
      414.0000  -0.365235   0.343660  -0.021575 
      414.5000  -0.341397   0.315609  -0.025787 
      415.0000  -0.351795   0.327507  -0.024288 
      415.5000  -0.360686   0.341176  -0.019511 
      416.0000  -0.338848   0.323232  -0.015616 
      416.5000  -0.389573   0.373760  -0.015813 
      417.0000  -0.366018   0.350870  -0.015148 
      417.5000  -0.400005   0.379195  -0.020810 
      418.0000  -0.372632   0.359121  -0.013511 
      418.5000  -0.363006   0.351560  -0.011446 
      419.0000  -0.346268   0.343075  -0.003192 
      419.5000  -0.387012   0.373648  -0.013363 
      420.0000  -0.397057   0.371809  -0.025248 
      420.5000  -0.373357   0.340880  -0.032478 
      421.0000  -0.365203   0.326630  -0.038573 
      421.5000  -0.362288   0.317058  -0.045230 
      422.0000  -0.368787   0.322191  -0.046596 
      422.5000  -0.378400   0.330146  -0.048254 
      423.0000  -0.374238   0.335889  -0.038349 
      423.5000  -0.364561   0.326329  -0.038232 
      424.0000  -0.371455   0.332146  -0.039309 
      424.5000  -0.369448   0.336084  -0.033365 
      425.0000  -0.391608   0.351194  -0.040414 
      425.5000  -0.390152   0.337298  -0.052854 
      426.0000  -0.372116   0.321731  -0.050384 
      426.5000  -0.354194   0.299849  -0.054346 
      427.0000  -0.372357   0.324585  -0.047772 
      427.5000  -0.365351   0.312683  -0.052669 
      428.0000  -0.347721   0.293333  -0.054389 
      428.5000  -0.346020   0.289843  -0.056177 
      429.0000  -0.372080   0.303257  -0.068823 
      429.5000  -0.357910   0.295599  -0.062312 
      430.0000  -0.347182   0.279815  -0.067367 
      430.5000  -0.371693   0.303645  -0.068048 
      431.0000  -0.362899   0.294951  -0.067948 
      431.5000  -0.383998   0.311706  -0.072292 
      432.0000  -0.364248   0.289162  -0.075087 
      432.5000  -0.345887   0.274310  -0.071578 
      433.0000  -0.358765   0.285526  -0.073239 
      433.5000  -0.357387   0.293969  -0.063419 
      434.0000  -0.353586   0.287706  -0.065879 
      434.5000  -0.335972   0.269605  -0.066367 
      435.0000  -0.353145   0.283484  -0.069661 
      435.5000  -0.364366   0.292166  -0.072200 
      436.0000  -0.344297   0.265052  -0.079244 
      436.5000  -0.379108   0.290286  -0.088822 
      437.0000  -0.372794   0.284373  -0.088421 
      437.5000  -0.381301   0.291444  -0.089858 
      438.0000  -0.371917   0.283332  -0.088586 
      438.5000  -0.365614   0.276047  -0.089566 
      439.0000  -0.406856   0.324868  -0.081988 
      439.5000  -0.417391   0.338739  -0.078652 
      440.0000  -0.413640   0.330995  -0.082645 
      440.5000  -0.382895   0.301300  -0.081595 
      441.0000  -0.371614   0.289239  -0.082375 
      441.5000  -0.396983   0.315315  -0.081668 
      442.0000  -0.376351   0.292474  -0.083877 
      442.5000  -0.410797   0.329219  -0.081578 
      443.0000  -0.406827   0.320640  -0.086187 
      443.5000  -0.417842   0.317896  -0.099946 
      444.0000  -0.425736   0.324465  -0.101272 
      444.5000  -0.394729   0.294024  -0.100705 
      445.0000  -0.380044   0.275737  -0.104307 
      445.5000  -0.413094   0.307813  -0.105281 
      446.0000  -0.423972   0.314780  -0.109192 
      446.5000  -0.384785   0.279224  -0.105561 
      447.0000  -0.427855   0.324261  -0.103594 
      447.5000  -0.423603   0.319096  -0.104507 
      448.0000  -0.418203   0.305610  -0.112593 
      448.5000  -0.397355   0.283595  -0.113760 
      449.0000  -0.405069   0.297173  -0.107896 
      449.5000  -0.414275   0.303856  -0.110420 
      450.0000  -0.416013   0.302630  -0.113383 
      450.5000  -0.413244   0.296263  -0.116981 
      451.0000  -0.424685   0.305628  -0.119057 
      451.5000  -0.406967   0.288565  -0.118402 
      452.0000  -0.433828   0.322379  -0.111449 
      452.5000  -0.403864   0.299655  -0.104209 
      453.0000  -0.396813   0.300044  -0.096769 
      453.5000  -0.423899   0.330607  -0.093292 
      454.0000  -0.384821   0.296855  -0.087966 
      454.5000  -0.402927   0.315774  -0.087153 
      455.0000  -0.419366   0.327416  -0.091950 
      455.5000  -0.377072   0.287260  -0.089812 
      456.0000  -0.422226   0.332740  -0.089486 
      456.5000  -0.408497   0.318892  -0.089606 
      457.0000  -0.422178   0.335872  -0.086306 
      457.5000  -0.413991   0.325557  -0.088434 
      458.0000  -0.394740   0.314841  -0.079899 
      458.5000  -0.402641   0.318950  -0.083691 
      459.0000  -0.409138   0.320803  -0.088336 
      459.5000  -0.428161   0.334800  -0.093361 
      460.0000  -0.413982   0.321800  -0.092182 
      460.5000  -0.416671   0.325829  -0.090842 
      461.0000  -0.428250   0.338478  -0.089772 
      461.5000  -0.429632   0.332696  -0.096936 
      462.0000  -0.434995   0.328778  -0.106218 
      462.5000  -0.424230   0.326126  -0.098104 
      463.0000  -0.427897   0.329278  -0.098619 
      463.5000  -0.414797   0.310663  -0.104135 
      464.0000  -0.411616   0.306874  -0.104743 
      464.5000  -0.392802   0.292129  -0.100673 
      465.0000  -0.435783   0.329440  -0.106344 
      465.5000  -0.400443   0.291848  -0.108594 
      466.0000  -0.429958   0.327666  -0.102292 
      466.5000  -0.429381   0.332616  -0.096764 
      467.0000  -0.392927   0.305763  -0.087164 
      467.5000  -0.420942   0.329970  -0.090972 
      468.0000  -0.394100   0.315114  -0.078986 
      468.5000  -0.398331   0.321524  -0.076807 
      469.0000  -0.406352   0.318695  -0.087657 
      469.5000  -0.412799   0.327076  -0.085723 
      470.0000  -0.389002   0.307705  -0.081297 
      470.5000  -0.404338   0.317560  -0.086778 
      471.0000  -0.378863   0.300500  -0.078364 
      471.5000  -0.405925   0.329235  -0.076691 
      472.0000  -0.394656   0.315522  -0.079134 
      472.5000  -0.422854   0.350052  -0.072802 
      473.0000  -0.376410   0.301983  -0.074428 
      473.5000  -0.378868   0.298453  -0.080415 
      474.0000  -0.404954   0.320952  -0.084002 
      474.5000  -0.413479   0.317849  -0.095629 
      475.0000  -0.407333   0.307198  -0.100134 
      475.5000  -0.419113   0.322821  -0.096292 
      476.0000  -0.422276   0.318446  -0.103830 
      476.5000  -0.394177   0.296502  -0.097676 
      477.0000  -0.409420   0.302848  -0.106571 
      477.5000  -0.417822   0.311540  -0.106283 
      478.0000  -0.414263   0.307185  -0.107078 
      478.5000  -0.402248   0.297419  -0.104829 
      479.0000  -0.434728   0.322388  -0.112340 
      479.5000  -0.428265   0.320072  -0.108193 
      480.0000  -0.435319   0.314855  -0.120464 
      480.5000  -0.409284   0.290955  -0.118329 
      481.0000  -0.436037   0.316985  -0.119051 
      481.5000  -0.440340   0.312673  -0.127667 
      482.0000  -0.408874   0.284838  -0.124036 
      482.5000  -0.419557   0.296609  -0.122948 
      483.0000  -0.402293   0.275486  -0.126807 
      483.5000  -0.405975   0.279688  -0.126287 
      484.0000  -0.411017   0.278568  -0.132449 
      484.5000  -0.421358   0.288104  -0.133253 
      485.0000  -0.409940   0.276956  -0.132985 
      485.5000  -0.415621   0.297299  -0.118322 
      486.0000  -0.416663   0.293390  -0.123272 
      486.5000  -0.400336   0.288535  -0.111801 
      487.0000  -0.421298   0.310012  -0.111285 
      487.5000  -0.385940   0.263517  -0.122423 
      488.0000  -0.391296   0.266765  -0.124530 
      488.5000  -0.389712   0.263302  -0.126410 
      489.0000  -0.400914   0.276521  -0.124393 
      489.5000  -0.416850   0.293986  -0.122865 
      490.0000  -0.402173   0.280578  -0.121595 
      490.5000  -0.401218   0.279005  -0.122212 
      491.0000  -0.409559   0.296305  -0.113254 
      491.5000  -0.382972   0.278009  -0.104963 
      492.0000  -0.413374   0.315277  -0.098097 
      492.5000  -0.409268   0.310439  -0.098830 
      493.0000  -0.408486   0.326665  -0.081822 
      493.5000  -0.426357   0.347263  -0.079094 
      494.0000  -0.423634   0.342625  -0.081009 
      494.5000  -0.412629   0.323420  -0.089208 
      495.0000  -0.400428   0.307363  -0.093065 
      495.5000  -0.414021   0.315803  -0.098217 
      496.0000  -0.426625   0.324151  -0.102474 
      496.5000  -0.415639   0.308016  -0.107622 
      497.0000  -0.435552   0.320100  -0.115452 
      497.5000  -0.443221   0.316089  -0.127132 
      498.0000  -0.431247   0.299453  -0.131794 
      498.5000  -0.437630   0.300129  -0.137501 
      499.0000  -0.428871   0.287675  -0.141196 
      499.5000  -0.429591   0.285963  -0.143628 
      500.0000  -0.452006   0.300877  -0.151128 
