#id1 id2 FENE BEXC STCK NEXC HB CRSTCK CXSTCK total, t = 100000
0 1 0.078817 0 0 0 0 0 0 0.078817
1 2 0.00337091 0 0 0 0 0 0 0.00337091
2 3 0.0239327 0 -0 0 0 0 0 0.0239327
3 4 0.0012151 0 0 0 0 0 0 0.0012151
4 5 0.00136472 0 -1.04689 0 0 0 0 -1.04552
5 6 0.115019 0 0 0 0 0 0 0.115019
6 7 0.000287118 0 0 0 0 0 0 0.000287118
7 8 0.0101477 0 -0 0 0 0 0 0.0101477
8 9 0.0789437 0 0 0 0 0 0 0.0789437
9 10 0.0130032 0 -1.02727 0 0 0 0 -1.01427
10 11 0.0322676 0 -1.05066 0 0 0 0 -1.01839
11 12 0.0453106 0 -1.15633 0 0 0 0 -1.11101
12 13 0.0542268 0 -0.986197 0 0 0 0 -0.93197
13 14 0.0653235 0 -1.30705 0 0 0 0 -1.24173
14 15 0.0484294 0 -1.21315 0 0 0 0 -1.16472
15 16 0.0167068 0 -1.17369 0 0 0 0 -1.15699
16 17 0.00791943 0 0 0 0 0 0 0.00791943
17 18 0.00907952 0 0 0 0 0 0 0.00907952
18 19 0.0113358 0 0 0 0 0 0 0.0113358
19 20 0.00250868 0 -1.11203 0 0 0 0 -1.10952
20 21 0.00767799 0 -1.08249 0 0 0 0 -1.07481
21 22 0.0536408 0 0 0 0 0 0 0.0536408
22 23 0.137133 0 0 0 0 0 0 0.137133
23 24 0.105745 0 -1.33815 0 0 0 0 -1.23241
24 25 0.0757063 0 0 0 0 0 0 0.0757063
25 26 0.151972 0 -1.10952 0 0 0 0 -0.95755
27 28 0.111853 0 -1.33799 0 0 0 0 -1.22613
28 29 0.0911335 0 0 0 0 0 0 0.0911335
29 30 0.0386713 0 0 0 0 0 0 0.0386713
30 31 0.00110801 0 -0.640464 0 0 0 0 -0.639356
31 32 0.0865636 0 -0.941203 0 0 0 0 -0.854639
32 33 0.076088 0 -0.966398 0 0 0 0 -0.89031
33 34 0.0109395 0 0 0 0 0 0 0.0109395
34 35 0.0995285 0 -1.25452 0 0 0 0 -1.155
35 36 0.0888497 0 -1.16096 0 0 0 0 -1.07211
36 37 0.00665487 0 -1.41755 0 0 0 0 -1.41089
37 38 0.00275996 0 -1.30848 0 0 0 0 -1.30572
38 39 0.172069 0 -1.25369 0 0 0 0 -1.08162
39 40 0.00394606 0 0 0 0 0 0 0.00394606
40 41 0.00896371 0 -1.12855 0 0 0 0 -1.11959
41 42 0.393787 0 -1.02246 0 0 0 0 -0.628668
42 43 0.0441313 0 0 0 0 0 0 0.0441313
43 44 0.0783409 0 0 0 0 0 0 0.0783409
44 45 0.0474884 0 -0 0 0 0 0 0.0474884
45 46 0.000787401 0 0 0 0 0 0 0.000787401
46 47 0.0108178 0 0 0 0 0 0 0.0108178
46 48 0 0 0 0.0856273 0 0 0 0.0856273
47 48 0.000166946 0 0 0 0 0 0 0.000166946
48 49 0.0895048 0 -0 0 0 0 0 0.0895048
49 50 0.0010174 0 -1.23543 0 0 0 0 -1.23441
50 51 0.000281613 0 0 0 0 0 0 0.000281613
51 52 0.158025 0 0 0 0 0 0 0.158025
52 53 0.0026194 0 0 0 0 0 0 0.0026194
#Total energy per particle is  -0.452006 and should be -0.45200610

