t = 0
b =  30.0 30.0 30.0
E = 0. 0. 0.
18.455964363315708 28.7584608290559 7.116363925621205 0.40413969142255246 0.7785261441108838 -0.48017512716999744 0.04055533639193236 0.5091880167764528 0.8596992661747479 0.0 0.0 0.0 0.0 0.0 0.0
18.8393286078262 28.91656760984414 7.458005849304524 -0.20845577659012024 0.8457858014920401 -0.4911135990793546 0.04055533639193236 0.5091880167764528 0.8596992661747479 0.0 0.0 0.0 0.0 0.0 0.0
19.175175351503906 29.267471290695177 7.687698412624791 -0.7418554098814791 0.5917172921018651 -0.3154698037169613 0.04055533639193236 0.5091880167764528 0.8596992661747479 0.0 0.0 0.0 0.0 0.0 0.0
19.341916131156616 29.753256946899246 7.845479624261506 -0.9934117697978431 0.11284549045663814 -0.019973755548646666 0.04055533639193236 0.5091880167764528 0.8596992661747479 0.0 0.0 0.0 0.0 0.0 0.0
19.282208666626158 30.264765736203593 7.9987078176924316 -0.8675543894089335 -0.4088981996890538 0.2831106562959831 0.04055533639193236 0.5091880167764528 0.8596992661747479 0.0 0.0 0.0 0.0 0.0 0.0
19.024742151732298 30.683066168022822 8.216471094134118 -0.41209859174768376 -0.7752946273595457 0.47863659645601475 0.04055533639193236 0.5091880167764528 0.8596992661747479 0.0 0.0 0.0 0.0 0.0 0.0
18.67333774988285 30.924638165140763 8.543339597798273 0.19992035083954113 -0.8471436638612232 0.49232049124526217 0.04055533639193236 0.5091880167764528 0.8596992661747479 0.0 0.0 0.0 0.0 0.0 0.0
18.367505198297785 30.973103737426122 8.982432572932673 0.7359862096528056 -0.5971486589752689 0.3189636002507699 0.04055533639193236 0.5091880167764528 0.8596992661747479 0.0 0.0 0.0 0.0 0.0 0.0
18.22944072636091 30.88544925410876 9.49423331078044 0.9924386023857431 -0.12028689475144487 0.024427104733999394 0.04055533639193236 0.5091880167764528 0.8596992661747479 0.0 0.0 0.0 0.0 0.0 0.0
18.317602665064992 30.770375369347974 10.011602207920921 0.8718469773837553 0.4022738718780862 -0.2793896562706296 0.04055533639193236 0.5091880167764528 0.8596992661747479 0.0 0.0 0.0 0.0 0.0 0.0
18.604502149696405 30.746999826339366 10.465284224123506 0.42002610916954886 0.7720040689206586 -0.4770616157120951 0.04055533639193236 0.5091880167764528 0.8596992661747479 0.0 0.0 0.0 0.0 0.0 0.0
18.987146599129158 30.89960263513236 10.810220030013753 -0.1913697003802224 0.8484370129605531 -0.4934898912996653 0.04055533639193236 0.5091880167764528 0.8596992661747479 0.0 0.0 0.0 0.0 0.0 0.0
19.326168319338784 31.24560668772582 11.04266479965456 -0.7300609612247804 0.6025345506663364 -0.3224331064715018 0.04055533639193236 0.5091880167764528 0.8596992661747479 0.0 0.0 0.0 0.0 0.0 0.0
19.498772620465818 31.728958510102455 11.201610932529814 -0.991389856931689 0.12771913873350643 -0.028878593700753463 0.04055533639193236 0.5091880167764528 0.8596992661747479 0.0 0.0 0.0 0.0 0.0 0.0
19.445389572511147 32.241423914172074 11.353974189062317 -0.8760731708357563 -0.39561890935430877 0.2756473796412498 0.04055533639193236 0.5091880167764528 0.8596992661747479 0.0 0.0 0.0 0.0 0.0 0.0
19.192305617698786 32.66370797540621 11.5691712744573 -0.42792163997700333 -0.7686547193829882 0.4754503048791196 0.04055533639193236 0.5091880167764528 0.8596992661747479 0.0 0.0 0.0 0.0 0.0 0.0
18.84167691158909 32.91077716917124 11.892747271809542 0.182804476377302 -0.8496657502964887 0.4946217101882219 0.04055533639193236 0.5091880167764528 0.8596992661747479 0.0 0.0 0.0 0.0 0.0 0.0
18.532718491621555 32.96416502842141 12.329072303562485 0.7240801158280121 -0.6078745570185633 0.3258780581628251 0.04055533639193236 0.5091880167764528 0.8596992661747479 0.0 0.0 0.0 0.0 0.0 0.0
18.388814156840226 32.87898786327241 12.83968124892741 0.9902656133017076 -0.13514165640866868 0.03332788345078891 0.04055533639193236 0.5091880167764528 0.8596992661747479 0.0 0.0 0.0 0.0 0.0 0.0
18.470640899769773 32.7630051532928 13.35788728637361 0.8802326479239428 0.38893381891888296 -0.2718841113966983 0.04055533639193236 0.5091880167764528 0.8596992661747479 0.0 0.0 0.0 0.0 0.0 0.0
18.753116702490146 32.735679919573585 13.814117332072083 0.4357845828948075 0.7652468338124687 -0.4738027866646469 0.04055533639193236 0.5091880167764528 0.8596992661747479 0.0 0.0 0.0 0.0 0.0 0.0
19.134929614593368 32.88279272570044 14.162344017642123 -0.17422533110574906 0.8508297822959243 -0.4957158617185419 0.04055533639193236 0.5091880167764528 0.8596992661747479 0.0 0.0 0.0 0.0 0.0 0.0
19.47702785698903 33.223852207473044 14.397572256935701 -0.7180441289270333 0.6131682713697912 -0.3292981929783312 0.04055533639193236 0.5091880167764528 0.8596992661747479 0.0 0.0 0.0 0.0 0.0 0.0
19.65544791760248 33.70468341599777 14.557736962778487 -0.9890659571113043 0.1425538825234732 -0.037774635153465574 0.04055533639193236 0.5091880167764528 0.8596992661747479 0.0 0.0 0.0 0.0 0.0 0.0
19.608410362171405 34.21800978652918 14.70929093934946 -0.8843250918880312 -0.3822191096673282 0.26810013812442174 0.04055533639193236 0.5091880167764528 0.8596992661747479 0.0 0.0 0.0 0.0 0.0 0.0
4.180349350103388 28.91948852289109 13.338299793972803 0.3385746651934363 -0.6869108965613143 0.6430556867600844 0.6340138431441494 0.6715261357333114 0.38350892522687413 0.0 0.0 0.0 0.0 0.0 0.0
4.221442886315686 29.200691370546455 13.794283765040253 0.6819438476662829 -0.719355736056853 0.1322116244216388 0.6340138431441494 0.6715261357333114 0.38350892522687413 0.0 0.0 0.0 0.0 0.0 0.0
4.417985544060907 29.317917055533098 14.280405380054663 0.7662311609175914 -0.4785053044378582 -0.42886184449506876 0.6340138431441494 0.6715261357333114 0.38350892522687413 0.0 0.0 0.0 0.0 0.0 0.0
4.789190619046791 29.32606744131694 14.668767924122264 0.5594144454344618 -0.05586270748086247 -0.8270035285004295 0.6340138431441494 0.6715261357333114 0.38350892522687413 0.0 0.0 0.0 0.0 0.0 0.0
5.287914234471461 29.3214839211728 14.86861498784649 0.14006682922002206 0.3880030660227752 -0.9109527452668302 0.6340138431441494 0.6715261357333114 0.38350892522687413 0.0 0.0 0.0 0.0 0.0 0.0
5.818566088024044 29.40534571213708 14.860810344623973 -0.33249451720760603 0.6844599876790369 -0.6488157837886595 0.6340138431441494 0.6715261357333114 0.38350892522687413 0.0 0.0 0.0 0.0 0.0 0.0
6.273425805917198 29.645230178829365 14.705108123071811 -0.6787356375361864 0.7208791164552976 -0.14018285842775113 0.6340138431441494 0.6715261357333114 0.38350892522687413 0.0 0.0 0.0 0.0 0.0 0.0
6.573567713877532 30.04943906280013 14.517451214530187 -0.7671137413100652 0.4834242164340936 0.42170787858226677 0.6340138431441494 0.6715261357333114 0.38350892522687413 0.0 0.0 0.0 0.0 0.0 0.0
6.6988460203689675 30.563844512118006 14.425922630180445 -0.5640525093024479 0.06230837416769586 0.8233847419391429 0.6340138431441494 0.6715261357333114 0.38350892522687413 0.0 0.0 0.0 0.0 0.0 0.0
6.695548539616972 31.09245315728795 14.52208462366357 -0.14669829855577998 -0.3824794611854719 0.9122439755745766 0.6340138431441494 0.6715261357333114 0.38350892522687413 0.0 0.0 0.0 0.0 0.0 0.0
6.65881117709332 31.533875597245927 14.826192660082716 0.3263890484769854 -0.6819569545187034 0.6545264709833065 0.6340138431441494 0.6715261357333114 0.38350892522687413 0.0 0.0 0.0 0.0 0.0 0.0
6.696474208439841 31.819845927963563 15.279500026157212 0.6754757390594592 -0.7223475991180274 0.1481434169664541 0.6340138431441494 0.6715261357333114 0.38350892522687413 0.0 0.0 0.0 0.0 0.0 0.0
6.888111955758841 31.941157100733545 15.76657668879055 0.7679379030211361 -0.48830631380459494 -0.41452179798180233 0.6340138431441494 0.6715261357333114 0.38350892522687413 0.0 0.0 0.0 0.0 0.0 0.0
7.25480117223471 31.951158833907186 16.159163094530992 0.5686476183880321 -0.06874929583060016 -0.819703251441894 0.6340138431441494 0.6715261357333114 0.38350892522687413 0.0 0.0 0.0 0.0 0.0 0.0
7.751113631214652 31.945489162933047 16.364898118313253 0.1533185962481371 0.3769267290563694 -0.9134657349716869 0.6340138431441494 0.6715261357333114 0.38350892522687413 0.0 0.0 0.0 0.0 0.0 0.0
8.282375069033534 32.02573995170732 16.362408599066477 -0.3202587239566569 0.6794019876959791 -0.660187313453086 0.6340138431441494 0.6715261357333114 0.38350892522687413 0.0 0.0 0.0 0.0 0.0 0.0
8.740633520649542 32.26086044495432 16.209429360945247 -0.6721644004899925 0.7237610722144016 -0.1560926938103947 0.6340138431441494 0.6715261357333114 0.38350892522687413 0.0 0.0 0.0 0.0 0.0 0.0
9.045672076024173 32.66096229738575 16.020868788358474 -0.7687035832877002 0.4931512247587449 0.40730414994153497 0.6340138431441494 0.6715261357333114 0.38350892522687413 0.0 0.0 0.0 0.0 0.0 0.0
9.17548462540108 33.173477987017975 15.925153209566716 -0.5731994227558681 0.07518498196845277 0.8159593373684375 0.6340138431441494 0.6715261357333114 0.38350892522687413 0.0 0.0 0.0 0.0 0.0 0.0
9.174636348325041 33.7031320956556 16.01543558740229 -0.15992721813579336 -0.3713452924975187 0.9146179304164527 0.6340138431441494 0.6715261357333114 0.38350892522687413 0.0 0.0 0.0 0.0 0.0 0.0
9.137332656842831 34.14813803318402 16.314205151254793 0.31410401049456654 -0.6767952817814807 0.665797880102927 0.6340138431441494 0.6715261357333114 0.38350892522687413 0.0 0.0 0.0 0.0 0.0 0.0
9.171628984436154 34.438868464934956 16.764743362826113 0.6688018739990376 -0.7251194281029723 0.16403008359136406 0.6340138431441494 0.6715261357333114 0.38350892522687413 0.0 0.0 0.0 0.0 0.0 0.0
9.358378720251439 34.56430790023391 17.252672237113302 0.7694107238002393 -0.4979585803378174 -0.4000554841133077 0.6340138431441494 0.6715261357333114 0.38350892522687413 0.0 0.0 0.0 0.0 0.0 0.0
9.720515654766531 34.57623766147657 17.649408451209098 0.5777075757684287 -0.08161494247883855 -0.8121532848323256 0.6340138431441494 0.6715261357333114 0.38350892522687413 0.0 0.0 0.0 0.0 0.0 0.0
10.214341049355633 34.56956329401316 17.861014298472924 0.16652366094660453 0.3657355765569219 -0.9157004741647301 0.6340138431441494 0.6715261357333114 0.38350892522687413 0.0 0.0 0.0 0.0 0.0 0.0
10.746125517697186 34.64625836273378 17.863886193838347 -0.30792537679597454 0.6741370352859545 -0.6713577436664568 0.6340138431441494 0.6715261357333114 0.38350892522687413 0.0 0.0 0.0 0.0 0.0 0.0
11.207718386709212 34.87662298985959 17.713722070410697 -0.6653884156560066 0.7264225633396781 -0.17195498184639985 0.6340138431441494 0.6715261357333114 0.38350892522687413 0.0 0.0 0.0 0.0 0.0 0.0
