        0.0000  -1.016306   0.297532  -0.718775 
        0.5000  -0.935940   0.816481  -0.119460 
        1.0000  -0.827435   1.692773   0.865338 
        1.5000  -0.747216   1.730852   0.983636 
        2.0000  -0.731167   1.171723   0.440556 
        2.5000  -0.678413   0.872402   0.193988 
        3.0000  -0.693617   1.419771   0.726155 
        3.5000  -0.648665   1.761574   1.112909 
        4.0000  -0.620432   1.547198   0.926766 
        4.5000  -0.597357   1.111045   0.513688 
        5.0000  -0.610026   1.126279   0.516253 
        5.5000  -0.589655   1.486868   0.897213 
        6.0000  -0.604504   1.628282   1.023778 
        6.5000  -0.529571   1.291432   0.761861 
        7.0000  -0.564564   1.034114   0.469550 
        7.5000  -0.511860   1.080521   0.568661 
        8.0000  -0.530746   1.409956   0.879210 
        8.5000  -0.530310   1.426951   0.896641 
        9.0000  -0.575529   1.208626   0.633097 
        9.5000  -0.574625   0.959960   0.385334 
       10.0000  -0.565566   1.105977   0.540411 
       10.5000  -0.548428   1.370436   0.822008 
       11.0000  -0.550963   1.325139   0.774176 
       11.5000  -0.548288   0.921739   0.373451 
       12.0000  -0.517243   0.782636   0.265393 
       12.5000  -0.532005   1.135200   0.603195 
       13.0000  -0.569678   1.376723   0.807045 
       13.5000  -0.529529   1.186165   0.656636 
       14.0000  -0.538915   0.763989   0.225074 
       14.5000  -0.551696   0.849995   0.298299 
       15.0000  -0.561236   1.294273   0.733036 
       15.5000  -0.611562   1.352990   0.741428 
       16.0000  -0.590818   1.010394   0.419577 
       16.5000  -0.577894   0.829310   0.251416 
       17.0000  -0.532834   1.035211   0.502377 
       17.5000  -0.543629   1.279236   0.735607 
       18.0000  -0.568822   1.225571   0.656749 
       18.5000  -0.562361   0.932645   0.370284 
       19.0000  -0.535815   0.799728   0.263913 
       19.5000  -0.586492   1.083236   0.496744 
       20.0000  -0.580724   1.259863   0.679139 
       20.5000  -0.604748   1.198038   0.593290 
       21.0000  -0.593484   0.890639   0.297155 
       21.5000  -0.571562   0.788418   0.216856 
       22.0000  -0.604297   1.083891   0.479594 
       22.5000  -0.562829   1.181907   0.619077 
       23.0000  -0.556398   1.049536   0.493138 
       23.5000  -0.571095   0.810256   0.239162 
       24.0000  -0.583308   0.797180   0.213872 
       24.5000  -0.548217   0.985878   0.437661 
       25.0000  -0.570561   1.085251   0.514690 
       25.5000  -0.602681   0.993302   0.390621 
       26.0000  -0.593817   0.746759   0.152942 
       26.5000  -0.597809   0.767807   0.169998 
       27.0000  -0.599342   0.964832   0.365489 
       27.5000  -0.549578   0.960098   0.410520 
       28.0000  -0.543668   0.869239   0.325571 
       28.5000  -0.543502   0.712056   0.168554 
       29.0000  -0.528258   0.707481   0.179223 
       29.5000  -0.560263   0.899514   0.339252 
       30.0000  -0.564988   0.939890   0.374902 
       30.5000  -0.580523   0.854764   0.274241 
       31.0000  -0.539181   0.658789   0.119608 
       31.5000  -0.545799   0.690524   0.144725 
       32.0000  -0.537306   0.830277   0.292971 
       32.5000  -0.552813   0.890775   0.337961 
       33.0000  -0.512575   0.788739   0.276164 
       33.5000  -0.537073   0.689732   0.152658 
       34.0000  -0.509849   0.664804   0.154956 
       34.5000  -0.539593   0.827201   0.287609 
       35.0000  -0.525391   0.835490   0.310099 
       35.5000  -0.574760   0.810111   0.235351 
       36.0000  -0.570716   0.677328   0.106612 
       36.5000  -0.546065   0.656168   0.110102 
       37.0000  -0.569555   0.795296   0.225741 
       37.5000  -0.569444   0.829774   0.260329 
       38.0000  -0.572561   0.756049   0.183488 
       38.5000  -0.534314   0.635650   0.101337 
       39.0000  -0.507738   0.626334   0.118596 
       39.5000  -0.542294   0.740099   0.197806 
       40.0000  -0.497164   0.697755   0.200591 
       40.5000  -0.546203   0.686881   0.140678 
       41.0000  -0.573531   0.619220   0.045688 
       41.5000  -0.531095   0.594386   0.063292 
       42.0000  -0.541448   0.685531   0.144083 
       42.5000  -0.539270   0.695277   0.156007 
       43.0000  -0.523180   0.624329   0.101149 
       43.5000  -0.580967   0.612466   0.031499 
       44.0000  -0.548413   0.578699   0.030286 
       44.5000  -0.610586   0.691114   0.080528 
       45.0000  -0.547215   0.641770   0.094556 
       45.5000  -0.563643   0.624115   0.060472 
       46.0000  -0.542749   0.532408  -0.010341 
       46.5000  -0.545415   0.516183  -0.029232 
       47.0000  -0.553639   0.560210   0.006571 
       47.5000  -0.583735   0.616190   0.032455 
       48.0000  -0.595618   0.618130   0.022512 
       48.5000  -0.559526   0.529304  -0.030223 
       49.0000  -0.531781   0.467447  -0.064334 
       49.5000  -0.572938   0.534126  -0.038812 
       50.0000  -0.555369   0.545229  -0.010140 
       50.5000  -0.549985   0.545421  -0.004564 
       51.0000  -0.540156   0.511904  -0.028252 
       51.5000  -0.523254   0.455069  -0.068185 
       52.0000  -0.567070   0.490297  -0.076772 
       52.5000  -0.587881   0.538339  -0.049543 
       53.0000  -0.572499   0.538605  -0.033894 
       53.5000  -0.531934   0.489634  -0.042300 
       54.0000  -0.552146   0.476772  -0.075374 
       54.5000  -0.552920   0.463283  -0.089636 
       55.0000  -0.555844   0.479061  -0.076783 
       55.5000  -0.559130   0.491529  -0.067601 
       56.0000  -0.561685   0.487180  -0.074505 
       56.5000  -0.586846   0.478212  -0.108635 
       57.0000  -0.604010   0.475311  -0.128699 
       57.5000  -0.573643   0.456531  -0.117112 
       58.0000  -0.550839   0.454836  -0.096003 
       58.5000  -0.565420   0.475408  -0.090012 
       59.0000  -0.555184   0.449809  -0.105375 
       59.5000  -0.572228   0.440488  -0.131740 
       60.0000  -0.567406   0.429210  -0.138196 
       60.5000  -0.606365   0.485803  -0.120562 
       61.0000  -0.614529   0.503602  -0.110926 
       61.5000  -0.621823   0.496362  -0.125461 
       62.0000  -0.579575   0.429383  -0.150191 
       62.5000  -0.552081   0.412500  -0.139581 
       63.0000  -0.572611   0.454154  -0.118457 
       63.5000  -0.584430   0.464507  -0.119923 
       64.0000  -0.552099   0.424696  -0.127403 
       64.5000  -0.561603   0.427045  -0.134558 
       65.0000  -0.569280   0.426485  -0.142795 
       65.5000  -0.552916   0.409614  -0.143302 
       66.0000  -0.574803   0.440832  -0.133970 
       66.5000  -0.565565   0.427004  -0.138561 
       67.0000  -0.560544   0.425858  -0.134686 
       67.5000  -0.542145   0.408331  -0.133814 
       68.0000  -0.578749   0.444393  -0.134357 
       68.5000  -0.557128   0.419073  -0.138055 
       69.0000  -0.576773   0.432201  -0.144573 
       69.5000  -0.605252   0.452331  -0.152921 
       70.0000  -0.554886   0.382056  -0.172831 
       70.5000  -0.585945   0.409397  -0.176548 
       71.0000  -0.575280   0.409167  -0.166114 
       71.5000  -0.598783   0.421869  -0.176913 
       72.0000  -0.572961   0.397391  -0.175570 
       72.5000  -0.610961   0.434412  -0.176549 
       73.0000  -0.560928   0.391021  -0.169907 
       73.5000  -0.597299   0.419513  -0.177785 
       74.0000  -0.566759   0.382920  -0.183840 
       74.5000  -0.567108   0.380750  -0.186358 
       75.0000  -0.600596   0.415187  -0.185409 
       75.5000  -0.559270   0.371954  -0.187316 
       76.0000  -0.551269   0.368581  -0.182687 
       76.5000  -0.561774   0.373074  -0.188700 
       77.0000  -0.542758   0.353824  -0.188934 
       77.5000  -0.576335   0.376296  -0.200039 
       78.0000  -0.574710   0.367071  -0.207639 
       78.5000  -0.571601   0.376609  -0.194992 
       79.0000  -0.535188   0.349898  -0.185290 
       79.5000  -0.550243   0.374446  -0.175797 
       80.0000  -0.539387   0.370009  -0.169378 
       80.5000  -0.541669   0.361028  -0.180641 
       81.0000  -0.543078   0.367281  -0.175797 
       81.5000  -0.566111   0.390648  -0.175462 
       82.0000  -0.596741   0.408764  -0.187977 
       82.5000  -0.554650   0.356030  -0.198619 
       83.0000  -0.562141   0.363122  -0.199020 
       83.5000  -0.606360   0.401201  -0.205159 
       84.0000  -0.600503   0.385607  -0.214896 
       84.5000  -0.593335   0.372672  -0.220663 
       85.0000  -0.592828   0.364825  -0.228003 
       85.5000  -0.564487   0.338155  -0.226332 
       86.0000  -0.590186   0.375177  -0.215010 
       86.5000  -0.549001   0.331222  -0.217779 
       87.0000  -0.569834   0.340067  -0.229767 
       87.5000  -0.596409   0.361649  -0.234761 
       88.0000  -0.575110   0.336377  -0.238733 
       88.5000  -0.613754   0.383121  -0.230633 
       89.0000  -0.594583   0.371636  -0.222948 
       89.5000  -0.539406   0.326193  -0.213213 
       90.0000  -0.566516   0.350334  -0.216182 
       90.5000  -0.580978   0.366887  -0.214090 
       91.0000  -0.545179   0.329863  -0.215316 
       91.5000  -0.567541   0.348707  -0.218835 
       92.0000  -0.551318   0.333955  -0.217363 
       92.5000  -0.555467   0.340804  -0.214663 
       93.0000  -0.593164   0.371680  -0.221484 
       93.5000  -0.529593   0.308399  -0.221194 
       94.0000  -0.558559   0.336088  -0.222471 
       94.5000  -0.558112   0.336171  -0.221942 
       95.0000  -0.559714   0.334662  -0.225052 
       95.5000  -0.566647   0.331784  -0.234863 
       96.0000  -0.602459   0.369468  -0.232991 
       96.5000  -0.572685   0.334163  -0.238522 
       97.0000  -0.594632   0.362461  -0.232171 
       97.5000  -0.584593   0.356637  -0.227957 
       98.0000  -0.578087   0.350545  -0.227542 
       98.5000  -0.555561   0.330155  -0.225407 
       99.0000  -0.582019   0.354331  -0.227688 
       99.5000  -0.569758   0.344683  -0.225075 
      100.0000  -0.581782   0.369832  -0.211949 
      100.5000  -0.554921   0.347486  -0.207435 
      101.0000  -0.558342   0.333914  -0.224428 
      101.5000  -0.550141   0.319004  -0.231137 
      102.0000  -0.581480   0.353011  -0.228470 
      102.5000  -0.570395   0.331404  -0.238991 
      103.0000  -0.564966   0.331156  -0.233809 
      103.5000  -0.581787   0.343626  -0.238161 
      104.0000  -0.571727   0.329170  -0.242557 
      104.5000  -0.543386   0.295614  -0.247771 
      105.0000  -0.580532   0.330125  -0.250407 
      105.5000  -0.566146   0.317304  -0.248843 
      106.0000  -0.553083   0.304227  -0.248856 
      106.5000  -0.567727   0.319829  -0.247898 
      107.0000  -0.600894   0.357321  -0.243573 
      107.5000  -0.594754   0.351658  -0.243096 
      108.0000  -0.588879   0.342433  -0.246446 
      108.5000  -0.568633   0.319583  -0.249050 
      109.0000  -0.591194   0.343671  -0.247523 
      109.5000  -0.564080   0.310188  -0.253892 
      110.0000  -0.576869   0.321457  -0.255413 
      110.5000  -0.593598   0.343985  -0.249613 
      111.0000  -0.584475   0.337011  -0.247464 
      111.5000  -0.577043   0.327656  -0.249388 
      112.0000  -0.585555   0.339698  -0.245857 
      112.5000  -0.570558   0.322067  -0.248491 
      113.0000  -0.583878   0.331533  -0.252345 
      113.5000  -0.596931   0.346704  -0.250228 
      114.0000  -0.555746   0.310861  -0.244885 
      114.5000  -0.584264   0.334506  -0.249758 
      115.0000  -0.569450   0.319589  -0.249861 
      115.5000  -0.554577   0.301534  -0.253043 
      116.0000  -0.581231   0.333452  -0.247778 
      116.5000  -0.558180   0.314858  -0.243321 
      117.0000  -0.581850   0.332244  -0.249606 
      117.5000  -0.542722   0.284727  -0.257995 
      118.0000  -0.535175   0.275219  -0.259957 
      118.5000  -0.570813   0.320777  -0.250036 
      119.0000  -0.566817   0.314548  -0.252269 
      119.5000  -0.547478   0.289041  -0.258437 
      120.0000  -0.545346   0.296464  -0.248883 
      120.5000  -0.562534   0.312239  -0.250295 
      121.0000  -0.525937   0.271786  -0.254152 
      121.5000  -0.572022   0.318269  -0.253752 
      122.0000  -0.580702   0.336573  -0.244129 
      122.5000  -0.560210   0.311390  -0.248820 
      123.0000  -0.550458   0.299976  -0.250482 
      123.5000  -0.576394   0.322602  -0.253792 
      124.0000  -0.567404   0.314190  -0.253214 
      124.5000  -0.603393   0.350739  -0.252654 
      125.0000  -0.590942   0.327601  -0.263341 
      125.5000  -0.557230   0.291154  -0.266076 
      126.0000  -0.557174   0.296668  -0.260506 
      126.5000  -0.572350   0.306699  -0.265652 
      127.0000  -0.581315   0.309046  -0.272269 
      127.5000  -0.604660   0.332793  -0.271868 
      128.0000  -0.611813   0.341417  -0.270397 
      128.5000  -0.568468   0.297029  -0.271439 
      129.0000  -0.607812   0.341916  -0.265895 
      129.5000  -0.578497   0.314788  -0.263710 
      130.0000  -0.603969   0.339748  -0.264222 
      130.5000  -0.589565   0.336482  -0.253083 
      131.0000  -0.590572   0.338646  -0.251926 
      131.5000  -0.594412   0.340010  -0.254402 
      132.0000  -0.619051   0.355768  -0.263283 
      132.5000  -0.590854   0.319432  -0.271422 
      133.0000  -0.565590   0.292169  -0.273422 
      133.5000  -0.592098   0.317244  -0.274854 
      134.0000  -0.572885   0.306544  -0.266341 
      134.5000  -0.555333   0.283831  -0.271502 
      135.0000  -0.585707   0.312378  -0.273329 
      135.5000  -0.586227   0.309853  -0.276374 
      136.0000  -0.562198   0.292333  -0.269865 
      136.5000  -0.577020   0.313047  -0.263974 
      137.0000  -0.589550   0.319685  -0.269865 
      137.5000  -0.561312   0.300197  -0.261115 
      138.0000  -0.572070   0.316027  -0.256042 
      138.5000  -0.557544   0.304267  -0.253277 
      139.0000  -0.542432   0.293205  -0.249228 
      139.5000  -0.580361   0.332884  -0.247478 
      140.0000  -0.549766   0.311687  -0.238079 
      140.5000  -0.560152   0.323149  -0.237004 
      141.0000  -0.533708   0.294826  -0.238882 
      141.5000  -0.553653   0.303563  -0.250090 
      142.0000  -0.555850   0.307605  -0.248245 
      142.5000  -0.548134   0.307257  -0.240877 
      143.0000  -0.579092   0.336967  -0.242125 
      143.5000  -0.563370   0.309187  -0.254183 
      144.0000  -0.538716   0.287621  -0.251095 
      144.5000  -0.564424   0.314217  -0.250207 
      145.0000  -0.573206   0.320059  -0.253147 
      145.5000  -0.568540   0.317979  -0.250561 
      146.0000  -0.564691   0.304772  -0.259919 
      146.5000  -0.564609   0.307114  -0.257495 
      147.0000  -0.563302   0.305835  -0.257467 
      147.5000  -0.552575   0.302598  -0.249977 
      148.0000  -0.607763   0.363583  -0.244180 
      148.5000  -0.576048   0.328956  -0.247092 
      149.0000  -0.571317   0.331384  -0.239933 
      149.5000  -0.585633   0.328209  -0.257424 
      150.0000  -0.564240   0.297364  -0.266876 
      150.5000  -0.597294   0.323736  -0.273558 
      151.0000  -0.578776   0.306585  -0.272191 
      151.5000  -0.605449   0.346721  -0.258728 
      152.0000  -0.575729   0.331680  -0.244049 
      152.5000  -0.574491   0.326462  -0.248028 
      153.0000  -0.566057   0.317757  -0.248299 
      153.5000  -0.578006   0.321064  -0.256942 
      154.0000  -0.588763   0.325316  -0.263447 
      154.5000  -0.616997   0.351204  -0.265793 
      155.0000  -0.606948   0.340484  -0.266464 
      155.5000  -0.570665   0.303533  -0.267133 
      156.0000  -0.616479   0.347362  -0.269117 
      156.5000  -0.600311   0.337526  -0.262784 
      157.0000  -0.603845   0.335304  -0.268541 
      157.5000  -0.596426   0.326647  -0.269778 
      158.0000  -0.588537   0.315655  -0.272881 
      158.5000  -0.601568   0.326022  -0.275546 
      159.0000  -0.579424   0.299685  -0.279739 
      159.5000  -0.610261   0.325775  -0.284486 
      160.0000  -0.612188   0.327914  -0.284274 
      160.5000  -0.585470   0.297149  -0.288322 
      161.0000  -0.617708   0.318715  -0.298993 
      161.5000  -0.600615   0.305762  -0.294853 
      162.0000  -0.591102   0.300057  -0.291045 
      162.5000  -0.617259   0.321097  -0.296162 
      163.0000  -0.585989   0.290099  -0.295891 
      163.5000  -0.614705   0.312611  -0.302095 
      164.0000  -0.613259   0.307756  -0.305503 
      164.5000  -0.650622   0.357883  -0.292739 
      165.0000  -0.624723   0.339926  -0.284797 
      165.5000  -0.581584   0.302113  -0.279470 
      166.0000  -0.584280   0.311134  -0.273146 
      166.5000  -0.574535   0.302830  -0.271705 
      167.0000  -0.586235   0.326528  -0.259707 
      167.5000  -0.591492   0.330076  -0.261416 
      168.0000  -0.589329   0.327541  -0.261788 
      168.5000  -0.602854   0.344175  -0.258679 
      169.0000  -0.613965   0.361779  -0.252186 
      169.5000  -0.564662   0.310076  -0.254586 
      170.0000  -0.583918   0.327380  -0.256538 
      170.5000  -0.597292   0.337461  -0.259831 
      171.0000  -0.562111   0.294438  -0.267673 
      171.5000  -0.602673   0.334532  -0.268141 
      172.0000  -0.581582   0.315908  -0.265674 
      172.5000  -0.621464   0.350924  -0.270540 
      173.0000  -0.583013   0.305227  -0.277786 
      173.5000  -0.606031   0.326431  -0.279600 
      174.0000  -0.607247   0.328828  -0.278419 
      174.5000  -0.604971   0.328068  -0.276903 
      175.0000  -0.588773   0.313945  -0.274828 
      175.5000  -0.613125   0.325416  -0.287709 
      176.0000  -0.592768   0.295588  -0.297180 
      176.5000  -0.617869   0.332650  -0.285220 
      177.0000  -0.611162   0.328849  -0.282314 
      177.5000  -0.598658   0.308310  -0.290348 
      178.0000  -0.599274   0.308423  -0.290851 
      178.5000  -0.585909   0.301539  -0.284370 
      179.0000  -0.593028   0.319745  -0.273284 
      179.5000  -0.587025   0.319649  -0.267376 
      180.0000  -0.584454   0.311851  -0.272604 
      180.5000  -0.578857   0.307476  -0.271381 
      181.0000  -0.546099   0.271697  -0.274401 
      181.5000  -0.604642   0.330670  -0.273972 
      182.0000  -0.600571   0.317630  -0.282941 
      182.5000  -0.600633   0.325226  -0.275407 
      183.0000  -0.589252   0.306012  -0.283241 
      183.5000  -0.581118   0.302823  -0.278295 
      184.0000  -0.584552   0.310337  -0.274215 
      184.5000  -0.622115   0.339635  -0.282480 
      185.0000  -0.606907   0.316555  -0.290351 
      185.5000  -0.587220   0.291595  -0.295624 
      186.0000  -0.605767   0.308529  -0.297238 
      186.5000  -0.611510   0.309227  -0.302283 
      187.0000  -0.596969   0.293459  -0.303510 
      187.5000  -0.610618   0.311915  -0.298702 
      188.0000  -0.601063   0.316744  -0.284319 
      188.5000  -0.613992   0.335263  -0.278728 
      189.0000  -0.603232   0.324127  -0.279105 
      189.5000  -0.588572   0.305593  -0.282979 
      190.0000  -0.621929   0.340567  -0.281362 
      190.5000  -0.604749   0.325953  -0.278796 
      191.0000  -0.584644   0.315664  -0.268980 
      191.5000  -0.608244   0.348133  -0.260110 
      192.0000  -0.580673   0.314616  -0.266057 
      192.5000  -0.574490   0.299763  -0.274727 
      193.0000  -0.591463   0.322206  -0.269258 
      193.5000  -0.571500   0.302727  -0.268773 
      194.0000  -0.594998   0.326215  -0.268782 
      194.5000  -0.590641   0.324893  -0.265748 
      195.0000  -0.594790   0.338766  -0.256024 
      195.5000  -0.585410   0.326794  -0.258616 
      196.0000  -0.581321   0.314257  -0.267064 
      196.5000  -0.578736   0.312620  -0.266116 
      197.0000  -0.593745   0.313096  -0.280649 
      197.5000  -0.580733   0.292609  -0.288125 
      198.0000  -0.605473   0.312878  -0.292595 
      198.5000  -0.595270   0.303518  -0.291752 
      199.0000  -0.608952   0.321049  -0.287903 
      199.5000  -0.620819   0.329261  -0.291558 
      200.0000  -0.581879   0.288214  -0.293666 
      200.5000  -0.593382   0.307320  -0.286063 
      201.0000  -0.608462   0.313101  -0.295360 
      201.5000  -0.600446   0.307440  -0.293006 
      202.0000  -0.604673   0.314860  -0.289813 
      202.5000  -0.605424   0.320740  -0.284684 
      203.0000  -0.630968   0.339843  -0.291125 
      203.5000  -0.583966   0.288547  -0.295420 
      204.0000  -0.611281   0.306215  -0.305066 
      204.5000  -0.601943   0.288170  -0.313773 
      205.0000  -0.611788   0.302043  -0.309745 
      205.5000  -0.620911   0.319905  -0.301006 
      206.0000  -0.584269   0.280157  -0.304113 
      206.5000  -0.587244   0.280552  -0.306691 
      207.0000  -0.607674   0.300081  -0.307593 
      207.5000  -0.562407   0.249398  -0.313009 
      208.0000  -0.608124   0.296851  -0.311273 
      208.5000  -0.599556   0.292752  -0.306804 
      209.0000  -0.587674   0.281769  -0.305906 
      209.5000  -0.604683   0.300015  -0.304668 
      210.0000  -0.605167   0.286453  -0.318714 
      210.5000  -0.620403   0.296749  -0.323654 
      211.0000  -0.557214   0.234825  -0.322389 
      211.5000  -0.657804   0.332031  -0.325773 
      212.0000  -0.624989   0.299898  -0.325091 
      212.5000  -0.607377   0.290791  -0.316586 
      213.0000  -0.612596   0.294006  -0.318590 
      213.5000  -0.616121   0.297467  -0.318654 
      214.0000  -0.621924   0.301713  -0.320211 
      214.5000  -0.615536   0.298171  -0.317365 
      215.0000  -0.619351   0.306064  -0.313287 
      215.5000  -0.609447   0.303898  -0.305549 
      216.0000  -0.588202   0.275546  -0.312656 
      216.5000  -0.581980   0.276906  -0.305074 
      217.0000  -0.581347   0.279707  -0.301640 
      217.5000  -0.593213   0.279130  -0.314083 
      218.0000  -0.620207   0.305230  -0.314977 
      218.5000  -0.620883   0.303417  -0.317466 
      219.0000  -0.600938   0.284972  -0.315966 
      219.5000  -0.616184   0.298750  -0.317434 
      220.0000  -0.638612   0.320903  -0.317709 
      220.5000  -0.592677   0.272292  -0.320385 
      221.0000  -0.633489   0.315549  -0.317940 
      221.5000  -0.603916   0.282645  -0.321271 
      222.0000  -0.625712   0.301433  -0.324279 
      222.5000  -0.613333   0.294534  -0.318799 
      223.0000  -0.585196   0.271093  -0.314102 
      223.5000  -0.598901   0.295326  -0.303575 
      224.0000  -0.616838   0.320920  -0.295917 
      224.5000  -0.603988   0.302094  -0.301895 
      225.0000  -0.597395   0.292534  -0.304861 
      225.5000  -0.582611   0.275789  -0.306822 
      226.0000  -0.614593   0.303891  -0.310702 
      226.5000  -0.593994   0.280473  -0.313521 
      227.0000  -0.631800   0.313042  -0.318758 
      227.5000  -0.623610   0.302906  -0.320704 
      228.0000  -0.641119   0.317869  -0.323251 
      228.5000  -0.604734   0.280249  -0.324485 
      229.0000  -0.625398   0.298693  -0.326705 
      229.5000  -0.613393   0.286178  -0.327215 
      230.0000  -0.621609   0.294653  -0.326957 
      230.5000  -0.593689   0.265552  -0.328137 
      231.0000  -0.657719   0.326872  -0.330847 
      231.5000  -0.607158   0.276442  -0.330716 
      232.0000  -0.596155   0.270874  -0.325281 
      232.5000  -0.648834   0.328727  -0.320107 
      233.0000  -0.617742   0.291699  -0.326043 
      233.5000  -0.633524   0.308398  -0.325126 
      234.0000  -0.606258   0.274989  -0.331269 
      234.5000  -0.616432   0.294593  -0.321840 
      235.0000  -0.600224   0.279286  -0.320938 
      235.5000  -0.630134   0.319787  -0.310347 
      236.0000  -0.609427   0.301327  -0.308100 
      236.5000  -0.632642   0.321236  -0.311406 
      237.0000  -0.621498   0.304224  -0.317274 
      237.5000  -0.602747   0.289639  -0.313108 
      238.0000  -0.609797   0.308066  -0.301731 
      238.5000  -0.611893   0.302034  -0.309859 
      239.0000  -0.602665   0.295346  -0.307320 
      239.5000  -0.590398   0.284153  -0.306245 
      240.0000  -0.613239   0.309418  -0.303821 
      240.5000  -0.571744   0.275003  -0.296741 
      241.0000  -0.580043   0.284539  -0.295503 
      241.5000  -0.622021   0.323587  -0.298433 
      242.0000  -0.613791   0.306400  -0.307391 
      242.5000  -0.593040   0.279425  -0.313615 
      243.0000  -0.610122   0.312498  -0.297625 
      243.5000  -0.593258   0.305094  -0.288164 
      244.0000  -0.599069   0.308839  -0.290230 
      244.5000  -0.590959   0.304674  -0.286284 
      245.0000  -0.598224   0.304284  -0.293940 
      245.5000  -0.611632   0.318406  -0.293226 
      246.0000  -0.600460   0.305649  -0.294810 
      246.5000  -0.600166   0.311323  -0.288843 
      247.0000  -0.561946   0.273561  -0.288384 
      247.5000  -0.610035   0.306529  -0.303506 
      248.0000  -0.608846   0.307930  -0.300916 
      248.5000  -0.582432   0.280698  -0.301734 
      249.0000  -0.630082   0.319354  -0.310728 
      249.5000  -0.609586   0.292989  -0.316597 
      250.0000  -0.611644   0.297279  -0.314365 
      250.5000  -0.596876   0.276844  -0.320033 
      251.0000  -0.607961   0.284505  -0.323455 
      251.5000  -0.623499   0.303078  -0.320421 
      252.0000  -0.629860   0.304666  -0.325194 
      252.5000  -0.657249   0.317699  -0.339550 
      253.0000  -0.626881   0.287384  -0.339497 
      253.5000  -0.624862   0.282263  -0.342599 
      254.0000  -0.611910   0.274809  -0.337101 
      254.5000  -0.597508   0.257975  -0.339533 
      255.0000  -0.637838   0.304910  -0.332929 
      255.5000  -0.615033   0.290142  -0.324891 
      256.0000  -0.631665   0.315162  -0.316503 
      256.5000  -0.566784   0.244159  -0.322625 
      257.0000  -0.644969   0.319452  -0.325516 
      257.5000  -0.565754   0.247125  -0.318629 
      258.0000  -0.576191   0.251858  -0.324333 
      258.5000  -0.595830   0.263952  -0.331878 
      259.0000  -0.631022   0.293874  -0.337149 
      259.5000  -0.599997   0.266090  -0.333907 
      260.0000  -0.610161   0.279364  -0.330797 
      260.5000  -0.614771   0.288668  -0.326103 
      261.0000  -0.617871   0.306965  -0.310906 
      261.5000  -0.645594   0.330755  -0.314839 
      262.0000  -0.603054   0.294800  -0.308254 
      262.5000  -0.617643   0.320543  -0.297100 
      263.0000  -0.598833   0.299390  -0.299443 
      263.5000  -0.594767   0.294711  -0.300056 
      264.0000  -0.610109   0.308837  -0.301272 
      264.5000  -0.603975   0.299541  -0.304434 
      265.0000  -0.595860   0.287858  -0.308002 
      265.5000  -0.614352   0.306737  -0.307615 
      266.0000  -0.606484   0.296534  -0.309950 
      266.5000  -0.610510   0.301813  -0.308696 
      267.0000  -0.588895   0.280317  -0.308578 
      267.5000  -0.611602   0.301353  -0.310249 
      268.0000  -0.590849   0.277524  -0.313325 
      268.5000  -0.591064   0.286073  -0.304992 
      269.0000  -0.628205   0.319756  -0.308449 
      269.5000  -0.600251   0.289346  -0.310905 
      270.0000  -0.595222   0.284993  -0.310229 
      270.5000  -0.621234   0.299044  -0.322190 
      271.0000  -0.643649   0.320170  -0.323479 
      271.5000  -0.647969   0.320613  -0.327356 
      272.0000  -0.641450   0.322274  -0.319176 
      272.5000  -0.644177   0.322967  -0.321210 
      273.0000  -0.636692   0.311294  -0.325398 
      273.5000  -0.615861   0.293934  -0.321927 
      274.0000  -0.624216   0.306439  -0.317777 
      274.5000  -0.668718   0.345243  -0.323475 
      275.0000  -0.666316   0.334144  -0.332173 
      275.5000  -0.631247   0.294539  -0.336709 
      276.0000  -0.633264   0.304197  -0.329068 
      276.5000  -0.600044   0.269999  -0.330046 
      277.0000  -0.623960   0.285412  -0.338547 
      277.5000  -0.647691   0.314425  -0.333266 
      278.0000  -0.630604   0.299886  -0.330718 
      278.5000  -0.643980   0.318107  -0.325873 
      279.0000  -0.645413   0.313443  -0.331970 
      279.5000  -0.672466   0.340474  -0.331992 
      280.0000  -0.636197   0.308492  -0.327705 
      280.5000  -0.641034   0.317740  -0.323295 
      281.0000  -0.608717   0.296163  -0.312554 
      281.5000  -0.658621   0.352104  -0.306517 
      282.0000  -0.623743   0.312875  -0.310868 
      282.5000  -0.631388   0.317848  -0.313540 
      283.0000  -0.622577   0.304928  -0.317649 
      283.5000  -0.638223   0.329774  -0.308449 
      284.0000  -0.613313   0.302294  -0.311019 
      284.5000  -0.651770   0.338472  -0.313298 
      285.0000  -0.612259   0.304163  -0.308097 
      285.5000  -0.619897   0.307082  -0.312815 
      286.0000  -0.603363   0.299947  -0.303416 
      286.5000  -0.615798   0.313428  -0.302370 
      287.0000  -0.610632   0.308582  -0.302050 
      287.5000  -0.636907   0.332373  -0.304534 
      288.0000  -0.633014   0.326778  -0.306236 
      288.5000  -0.642525   0.321586  -0.320939 
      289.0000  -0.639374   0.313752  -0.325621 
      289.5000  -0.618750   0.296193  -0.322557 
      290.0000  -0.647051   0.327788  -0.319263 
      290.5000  -0.623517   0.311797  -0.311720 
      291.0000  -0.621560   0.309903  -0.311658 
      291.5000  -0.641162   0.326919  -0.314243 
      292.0000  -0.641082   0.330929  -0.310153 
      292.5000  -0.634741   0.326319  -0.308422 
      293.0000  -0.625355   0.307337  -0.318018 
      293.5000  -0.659607   0.334580  -0.325027 
      294.0000  -0.637818   0.309754  -0.328064 
      294.5000  -0.626549   0.296691  -0.329858 
      295.0000  -0.596205   0.264454  -0.331751 
      295.5000  -0.639156   0.314010  -0.325146 
      296.0000  -0.623985   0.294338  -0.329647 
      296.5000  -0.646194   0.308693  -0.337501 
      297.0000  -0.614052   0.279087  -0.334965 
      297.5000  -0.661855   0.327138  -0.334717 
      298.0000  -0.652136   0.309861  -0.342275 
      298.5000  -0.607147   0.270133  -0.337014 
      299.0000  -0.603897   0.270225  -0.333672 
      299.5000  -0.659331   0.324717  -0.334614 
      300.0000  -0.643561   0.303939  -0.339622 
      300.5000  -0.644946   0.305463  -0.339483 
      301.0000  -0.654557   0.312153  -0.342405 
      301.5000  -0.620536   0.274108  -0.346428 
      302.0000  -0.648202   0.293808  -0.354394 
      302.5000  -0.635678   0.283006  -0.352671 
      303.0000  -0.647526   0.299911  -0.347616 
      303.5000  -0.648174   0.296492  -0.351682 
      304.0000  -0.649169   0.305995  -0.343174 
      304.5000  -0.661803   0.330105  -0.331698 
      305.0000  -0.644049   0.308920  -0.335129 
      305.5000  -0.643217   0.310269  -0.332948 
      306.0000  -0.619195   0.289645  -0.329550 
      306.5000  -0.627225   0.297949  -0.329276 
      307.0000  -0.659618   0.336662  -0.322956 
      307.5000  -0.619187   0.293356  -0.325831 
      308.0000  -0.668144   0.346181  -0.321963 
      308.5000  -0.632215   0.309591  -0.322624 
      309.0000  -0.668122   0.342739  -0.325383 
      309.5000  -0.630980   0.308062  -0.322918 
      310.0000  -0.637350   0.317403  -0.319947 
      310.5000  -0.629312   0.301568  -0.327745 
      311.0000  -0.652688   0.316955  -0.335733 
      311.5000  -0.613037   0.278022  -0.335016 
      312.0000  -0.637936   0.298812  -0.339123 
      312.5000  -0.654970   0.315033  -0.339937 
      313.0000  -0.663970   0.314269  -0.349701 
      313.5000  -0.667573   0.328179  -0.339394 
      314.0000  -0.682703   0.343840  -0.338863 
      314.5000  -0.664060   0.322282  -0.341778 
      315.0000  -0.645121   0.309777  -0.335344 
      315.5000  -0.638154   0.304837  -0.333317 
      316.0000  -0.626724   0.283188  -0.343536 
      316.5000  -0.644760   0.295186  -0.349575 
      317.0000  -0.634129   0.297896  -0.336234 
      317.5000  -0.610974   0.269284  -0.341690 
      318.0000  -0.659636   0.316972  -0.342664 
      318.5000  -0.629685   0.283786  -0.345898 
      319.0000  -0.661060   0.314466  -0.346594 
      319.5000  -0.647371   0.295361  -0.352010 
      320.0000  -0.622351   0.274421  -0.347930 
      320.5000  -0.649607   0.298217  -0.351390 
      321.0000  -0.640143   0.288377  -0.351765 
      321.5000  -0.646274   0.296629  -0.349645 
      322.0000  -0.639705   0.294308  -0.345397 
      322.5000  -0.648614   0.294907  -0.353708 
      323.0000  -0.631311   0.286277  -0.345034 
      323.5000  -0.644450   0.297852  -0.346598 
      324.0000  -0.648983   0.301251  -0.347733 
      324.5000  -0.664625   0.312049  -0.352577 
      325.0000  -0.637422   0.278430  -0.358992 
      325.5000  -0.655703   0.296456  -0.359247 
      326.0000  -0.642225   0.280743  -0.361483 
      326.5000  -0.630346   0.276204  -0.354141 
      327.0000  -0.636078   0.288999  -0.347079 
      327.5000  -0.627249   0.287861  -0.339388 
      328.0000  -0.640100   0.305781  -0.334319 
      328.5000  -0.637508   0.316160  -0.321349 
      329.0000  -0.669345   0.339120  -0.330225 
      329.5000  -0.646702   0.320625  -0.326078 
      330.0000  -0.641897   0.318388  -0.323510 
      330.5000  -0.635254   0.310164  -0.325090 
      331.0000  -0.647676   0.334470  -0.313206 
      331.5000  -0.632973   0.310487  -0.322485 
      332.0000  -0.660232   0.336009  -0.324224 
      332.5000  -0.631424   0.307757  -0.323667 
      333.0000  -0.644419   0.320244  -0.324176 
      333.5000  -0.648341   0.321702  -0.326639 
      334.0000  -0.679450   0.348601  -0.330848 
      334.5000  -0.623372   0.291630  -0.331742 
      335.0000  -0.654800   0.330708  -0.324092 
      335.5000  -0.619082   0.296080  -0.323002 
      336.0000  -0.643629   0.310686  -0.332943 
      336.5000  -0.644337   0.298894  -0.345443 
      337.0000  -0.647204   0.308271  -0.338932 
      337.5000  -0.629004   0.296831  -0.332173 
      338.0000  -0.653299   0.317784  -0.335515 
      338.5000  -0.659025   0.327303  -0.331722 
      339.0000  -0.660764   0.323973  -0.336790 
      339.5000  -0.650859   0.321227  -0.329632 
      340.0000  -0.645613   0.314017  -0.331596 
      340.5000  -0.645700   0.313431  -0.332268 
      341.0000  -0.634480   0.293121  -0.341359 
      341.5000  -0.647174   0.301753  -0.345421 
      342.0000  -0.676101   0.329649  -0.346452 
      342.5000  -0.645699   0.308022  -0.337677 
      343.0000  -0.614849   0.273997  -0.340851 
      343.5000  -0.652358   0.318379  -0.333979 
      344.0000  -0.653903   0.316666  -0.337237 
      344.5000  -0.661075   0.317295  -0.343780 
      345.0000  -0.614399   0.269122  -0.345277 
      345.5000  -0.653257   0.306984  -0.346273 
      346.0000  -0.649605   0.305672  -0.343933 
      346.5000  -0.665754   0.328928  -0.336825 
      347.0000  -0.656872   0.324959  -0.331913 
      347.5000  -0.662300   0.325546  -0.336754 
      348.0000  -0.684675   0.348346  -0.336330 
      348.5000  -0.644148   0.293918  -0.350230 
      349.0000  -0.657433   0.303736  -0.353697 
      349.5000  -0.688355   0.343556  -0.344799 
      350.0000  -0.658481   0.315169  -0.343312 
      350.5000  -0.676848   0.343216  -0.333632 
      351.0000  -0.650686   0.307991  -0.342695 
      351.5000  -0.648329   0.298839  -0.349490 
      352.0000  -0.672753   0.321501  -0.351253 
      352.5000  -0.632824   0.282715  -0.350110 
      353.0000  -0.693143   0.343517  -0.349626 
      353.5000  -0.661068   0.314828  -0.346240 
      354.0000  -0.651635   0.293976  -0.357659 
      354.5000  -0.643528   0.286852  -0.356676 
      355.0000  -0.646890   0.280344  -0.366546 
      355.5000  -0.673264   0.311044  -0.362219 
      356.0000  -0.675028   0.318045  -0.356984 
      356.5000  -0.669130   0.312966  -0.356164 
      357.0000  -0.666716   0.292973  -0.373744 
      357.5000  -0.669830   0.293116  -0.376715 
      358.0000  -0.700606   0.336066  -0.364540 
      358.5000  -0.724691   0.346197  -0.378493 
      359.0000  -0.682061   0.294488  -0.387573 
      359.5000  -0.709739   0.327237  -0.382502 
      360.0000  -0.706599   0.321848  -0.384751 
      360.5000  -0.693096   0.322596  -0.370500 
      361.0000  -0.697026   0.332251  -0.364775 
      361.5000  -0.680443   0.317094  -0.363350 
      362.0000  -0.682792   0.327429  -0.355363 
      362.5000  -0.671665   0.309793  -0.361872 
      363.0000  -0.689693   0.322774  -0.366919 
      363.5000  -0.697012   0.330534  -0.366478 
      364.0000  -0.678340   0.309158  -0.369182 
      364.5000  -0.681152   0.308419  -0.372733 
      365.0000  -0.675210   0.307877  -0.367332 
      365.5000  -0.675105   0.305702  -0.369403 
      366.0000  -0.690890   0.325034  -0.365856 
      366.5000  -0.716238   0.350003  -0.366235 
      367.0000  -0.681681   0.307190  -0.374490 
      367.5000  -0.691412   0.318659  -0.372753 
      368.0000  -0.656068   0.273886  -0.382182 
      368.5000  -0.674346   0.300337  -0.374009 
      369.0000  -0.691523   0.314404  -0.377119 
      369.5000  -0.684934   0.304699  -0.380235 
      370.0000  -0.680949   0.297458  -0.383491 
      370.5000  -0.702743   0.313620  -0.389124 
      371.0000  -0.695046   0.304371  -0.390674 
      371.5000  -0.676687   0.291066  -0.385621 
      372.0000  -0.686295   0.298392  -0.387904 
      372.5000  -0.676251   0.289013  -0.387238 
      373.0000  -0.701355   0.309531  -0.391823 
      373.5000  -0.715738   0.330736  -0.385001 
      374.0000  -0.679089   0.294327  -0.384762 
      374.5000  -0.681733   0.292750  -0.388983 
      375.0000  -0.701506   0.314122  -0.387384 
      375.5000  -0.721257   0.330769  -0.390488 
      376.0000  -0.712226   0.311715  -0.400511 
      376.5000  -0.685873   0.293715  -0.392159 
      377.0000  -0.680517   0.295847  -0.384670 
      377.5000  -0.698289   0.319536  -0.378753 
      378.0000  -0.726442   0.346680  -0.379762 
      378.5000  -0.674028   0.301059  -0.372969 
      379.0000  -0.710973   0.338465  -0.372508 
      379.5000  -0.693219   0.326638  -0.366581 
      380.0000  -0.713093   0.338191  -0.374902 
      380.5000  -0.696420   0.311544  -0.384876 
      381.0000  -0.703625   0.311336  -0.392290 
      381.5000  -0.709856   0.326158  -0.383698 
      382.0000  -0.690899   0.308438  -0.382460 
      382.5000  -0.662353   0.291639  -0.370714 
      383.0000  -0.707553   0.342603  -0.364949 
      383.5000  -0.684328   0.325007  -0.359321 
      384.0000  -0.685345   0.321845  -0.363500 
      384.5000  -0.700663   0.330793  -0.369870 
      385.0000  -0.702497   0.336863  -0.365634 
      385.5000  -0.698185   0.329539  -0.368647 
      386.0000  -0.682205   0.317739  -0.364466 
      386.5000  -0.679134   0.322050  -0.357084 
      387.0000  -0.672394   0.326236  -0.346158 
      387.5000  -0.693290   0.350437  -0.342853 
      388.0000  -0.676019   0.332856  -0.343163 
      388.5000  -0.673865   0.334767  -0.339097 
      389.0000  -0.689800   0.353210  -0.336591 
      389.5000  -0.701271   0.368289  -0.332982 
      390.0000  -0.663914   0.319532  -0.344382 
      390.5000  -0.700805   0.368979  -0.331826 
      391.0000  -0.702202   0.376114  -0.326087 
      391.5000  -0.674611   0.343082  -0.331529 
      392.0000  -0.688928   0.353744  -0.335184 
      392.5000  -0.659949   0.331071  -0.328878 
      393.0000  -0.692802   0.363396  -0.329406 
      393.5000  -0.669435   0.327569  -0.341866 
      394.0000  -0.651118   0.310913  -0.340205 
      394.5000  -0.688945   0.338772  -0.350173 
      395.0000  -0.665685   0.319101  -0.346584 
      395.5000  -0.673450   0.322316  -0.351134 
      396.0000  -0.673420   0.323284  -0.350136 
      396.5000  -0.690856   0.330169  -0.360687 
      397.0000  -0.723820   0.356503  -0.367317 
      397.5000  -0.691210   0.319527  -0.371683 
      398.0000  -0.719267   0.354959  -0.364308 
      398.5000  -0.659876   0.294496  -0.365380 
      399.0000  -0.706675   0.338298  -0.368378 
      399.5000  -0.684491   0.308891  -0.375600 
      400.0000  -0.706746   0.313897  -0.392850 
      400.5000  -0.733654   0.347522  -0.386132 
      401.0000  -0.696530   0.309092  -0.387438 
      401.5000  -0.729389   0.353043  -0.376345 
      402.0000  -0.682793   0.292886  -0.389908 
      402.5000  -0.705823   0.311783  -0.394040 
      403.0000  -0.725100   0.332730  -0.392370 
      403.5000  -0.755344   0.369409  -0.385935 
      404.0000  -0.715018   0.328217  -0.386802 
      404.5000  -0.747378   0.359562  -0.387816 
      405.0000  -0.726497   0.340086  -0.386411 
      405.5000  -0.723898   0.343391  -0.380507 
      406.0000  -0.721834   0.333180  -0.388654 
      406.5000  -0.710096   0.321199  -0.388897 
      407.0000  -0.724438   0.336491  -0.387947 
      407.5000  -0.711212   0.307210  -0.404002 
      408.0000  -0.692240   0.285920  -0.406320 
      408.5000  -0.732698   0.335716  -0.396983 
      409.0000  -0.723235   0.332316  -0.390919 
      409.5000  -0.683631   0.293006  -0.390625 
      410.0000  -0.694484   0.308244  -0.386240 
      410.5000  -0.720090   0.331969  -0.388121 
      411.0000  -0.719338   0.328765  -0.390574 
      411.5000  -0.731975   0.343033  -0.388943 
      412.0000  -0.748128   0.362813  -0.385316 
      412.5000  -0.725646   0.331225  -0.394422 
      413.0000  -0.698029   0.308945  -0.389084 
      413.5000  -0.700901   0.301749  -0.399153 
      414.0000  -0.682077   0.277857  -0.404220 
      414.5000  -0.709143   0.302429  -0.406714 
      415.0000  -0.705054   0.296531  -0.408523 
      415.5000  -0.684899   0.271018  -0.413882 
      416.0000  -0.711392   0.301056  -0.410336 
      416.5000  -0.695811   0.280978  -0.414833 
      417.0000  -0.713121   0.292074  -0.421046 
      417.5000  -0.689634   0.264145  -0.425489 
      418.0000  -0.697163   0.271423  -0.425740 
      418.5000  -0.698494   0.271629  -0.426865 
      419.0000  -0.704940   0.287142  -0.417798 
      419.5000  -0.694077   0.272470  -0.421607 
      420.0000  -0.687312   0.268912  -0.418400 
      420.5000  -0.681871   0.268438  -0.413432 
      421.0000  -0.677791   0.260949  -0.416842 
      421.5000  -0.682783   0.266120  -0.416663 
      422.0000  -0.688250   0.267200  -0.421050 
      422.5000  -0.705805   0.289356  -0.416449 
      423.0000  -0.663903   0.250679  -0.413223 
      423.5000  -0.721417   0.310178  -0.411238 
      424.0000  -0.703550   0.298187  -0.405362 
      424.5000  -0.700342   0.302649  -0.397693 
      425.0000  -0.669132   0.268610  -0.400522 
      425.5000  -0.679123   0.273019  -0.406104 
      426.0000  -0.666597   0.267048  -0.399549 
      426.5000  -0.706027   0.306713  -0.399314 
      427.0000  -0.701406   0.314854  -0.386551 
      427.5000  -0.687444   0.299360  -0.388084 
      428.0000  -0.709655   0.320068  -0.389587 
      428.5000  -0.725078   0.334860  -0.390218 
      429.0000  -0.691197   0.302956  -0.388241 
      429.5000  -0.711816   0.316000  -0.395816 
      430.0000  -0.665431   0.268302  -0.397130 
      430.5000  -0.705885   0.296751  -0.409134 
      431.0000  -0.712951   0.310836  -0.402114 
      431.5000  -0.694333   0.275143  -0.419190 
      432.0000  -0.751270   0.330415  -0.420855 
      432.5000  -0.697945   0.280370  -0.417575 
      433.0000  -0.737640   0.316644  -0.420995 
      433.5000  -0.700938   0.277588  -0.423349 
      434.0000  -0.731069   0.298311  -0.432758 
      434.5000  -0.724917   0.288746  -0.436171 
      435.0000  -0.721276   0.285365  -0.435911 
      435.5000  -0.717842   0.277168  -0.440675 
      436.0000  -0.741177   0.299639  -0.441538 
      436.5000  -0.744416   0.295950  -0.448466 
      437.0000  -0.722417   0.265178  -0.457238 
      437.5000  -0.760255   0.301242  -0.459013 
      438.0000  -0.719578   0.256961  -0.462617 
      438.5000  -0.737422   0.276925  -0.460497 
      439.0000  -0.729061   0.266194  -0.462867 
      439.5000  -0.754538   0.292479  -0.462059 
      440.0000  -0.728472   0.265526  -0.462946 
      440.5000  -0.734676   0.274400  -0.460276 
      441.0000  -0.728017   0.256680  -0.471337 
      441.5000  -0.752559   0.289162  -0.463398 
      442.0000  -0.725951   0.262467  -0.463484 
      442.5000  -0.756282   0.288439  -0.467842 
      443.0000  -0.758131   0.288419  -0.469712 
      443.5000  -0.719268   0.247889  -0.471379 
      444.0000  -0.707602   0.236422  -0.471180 
      444.5000  -0.743748   0.278798  -0.464950 
      445.0000  -0.740048   0.272018  -0.468030 
      445.5000  -0.770816   0.302321  -0.468495 
      446.0000  -0.745776   0.279785  -0.465991 
      446.5000  -0.730813   0.268532  -0.462281 
      447.0000  -0.752198   0.289244  -0.462954 
      447.5000  -0.775698   0.311330  -0.464368 
      448.0000  -0.760761   0.286580  -0.474181 
      448.5000  -0.772165   0.297031  -0.475133 
      449.0000  -0.767332   0.293744  -0.473588 
      449.5000  -0.785350   0.314920  -0.470431 
      450.0000  -0.765596   0.299874  -0.465722 
      450.5000  -0.773716   0.317161  -0.456555 
      451.0000  -0.759342   0.296584  -0.462758 
      451.5000  -0.766465   0.299621  -0.466843 
      452.0000  -0.766211   0.300226  -0.465986 
      452.5000  -0.719994   0.257716  -0.462279 
      453.0000  -0.745016   0.283198  -0.461817 
      453.5000  -0.729536   0.260724  -0.468813 
      454.0000  -0.737546   0.269694  -0.467852 
      454.5000  -0.734747   0.271472  -0.463275 
      455.0000  -0.745955   0.291412  -0.454543 
      455.5000  -0.730753   0.267226  -0.463527 
      456.0000  -0.790854   0.336582  -0.454272 
      456.5000  -0.758560   0.306058  -0.452503 
      457.0000  -0.752317   0.302963  -0.449354 
      457.5000  -0.752208   0.306241  -0.445967 
      458.0000  -0.745323   0.295261  -0.450062 
      458.5000  -0.725100   0.285389  -0.439711 
      459.0000  -0.737352   0.301078  -0.436274 
      459.5000  -0.753270   0.321527  -0.431743 
      460.0000  -0.729872   0.294044  -0.435828 
      460.5000  -0.701671   0.271190  -0.430481 
      461.0000  -0.731043   0.297439  -0.433604 
      461.5000  -0.712033   0.289061  -0.422971 
      462.0000  -0.705313   0.286975  -0.418338 
      462.5000  -0.732207   0.315644  -0.416563 
      463.0000  -0.724515   0.309602  -0.414912 
      463.5000  -0.738567   0.319058  -0.419509 
      464.0000  -0.710016   0.288520  -0.421496 
      464.5000  -0.690721   0.275167  -0.415555 
      465.0000  -0.728299   0.309122  -0.419177 
      465.5000  -0.701596   0.292349  -0.409247 
      466.0000  -0.680527   0.266993  -0.413534 
      466.5000  -0.697916   0.290133  -0.407782 
      467.0000  -0.725207   0.316354  -0.408853 
      467.5000  -0.726213   0.316555  -0.409659 
      468.0000  -0.687750   0.280832  -0.406918 
      468.5000  -0.702814   0.303054  -0.399761 
      469.0000  -0.692156   0.290532  -0.401624 
      469.5000  -0.661271   0.259900  -0.401372 
      470.0000  -0.728952   0.322377  -0.406575 
      470.5000  -0.668600   0.268410  -0.400191 
      471.0000  -0.702317   0.307489  -0.394828 
      471.5000  -0.693688   0.306674  -0.387014 
      472.0000  -0.710710   0.330621  -0.380090 
      472.5000  -0.665124   0.285647  -0.379477 
      473.0000  -0.687464   0.304707  -0.382757 
      473.5000  -0.724328   0.351670  -0.372658 
      474.0000  -0.679244   0.309318  -0.369925 
      474.5000  -0.698977   0.325493  -0.373485 
      475.0000  -0.707582   0.321755  -0.385827 
      475.5000  -0.722678   0.328734  -0.393944 
      476.0000  -0.684615   0.283742  -0.400873 
      476.5000  -0.700481   0.296269  -0.404213 
      477.0000  -0.703319   0.307564  -0.395755 
      477.5000  -0.686241   0.295958  -0.390283 
      478.0000  -0.694585   0.310672  -0.383913 
      478.5000  -0.706149   0.327649  -0.378500 
      479.0000  -0.691031   0.316731  -0.374300 
      479.5000  -0.681800   0.308032  -0.373767 
      480.0000  -0.696710   0.314509  -0.382201 
      480.5000  -0.705382   0.323967  -0.381415 
      481.0000  -0.703605   0.325976  -0.377629 
      481.5000  -0.713991   0.332710  -0.381281 
      482.0000  -0.694131   0.302127  -0.392004 
      482.5000  -0.709844   0.324849  -0.384995 
      483.0000  -0.699326   0.313300  -0.386026 
      483.5000  -0.688059   0.294352  -0.393707 
      484.0000  -0.705926   0.311715  -0.394210 
      484.5000  -0.699008   0.303822  -0.395186 
      485.0000  -0.677119   0.279700  -0.397419 
      485.5000  -0.697304   0.297535  -0.399769 
      486.0000  -0.698930   0.298119  -0.400811 
      486.5000  -0.733138   0.329815  -0.403324 
      487.0000  -0.677792   0.276036  -0.401756 
      487.5000  -0.692033   0.287686  -0.404347 
      488.0000  -0.681196   0.280944  -0.400252 
      488.5000  -0.663401   0.260418  -0.402983 
      489.0000  -0.680187   0.285872  -0.394315 
      489.5000  -0.692449   0.309088  -0.383361 
      490.0000  -0.662799   0.289329  -0.373470 
      490.5000  -0.655132   0.285718  -0.369414 
      491.0000  -0.679892   0.303990  -0.375902 
      491.5000  -0.699661   0.317048  -0.382614 
      492.0000  -0.710244   0.328066  -0.382177 
      492.5000  -0.702102   0.323916  -0.378186 
      493.0000  -0.707117   0.324030  -0.383087 
      493.5000  -0.697842   0.305118  -0.392724 
      494.0000  -0.699422   0.306892  -0.392530 
      494.5000  -0.694321   0.298858  -0.395464 
      495.0000  -0.714361   0.314138  -0.400223 
      495.5000  -0.701299   0.309733  -0.391566 
      496.0000  -0.675669   0.285390  -0.390279 
      496.5000  -0.694327   0.302109  -0.392218 
      497.0000  -0.694591   0.296315  -0.398276 
      497.5000  -0.690149   0.290772  -0.399378 
      498.0000  -0.699189   0.297973  -0.401216 
      498.5000  -0.713268   0.312955  -0.400313 
      499.0000  -0.690490   0.300650  -0.389840 
      499.5000  -0.684613   0.289708  -0.394904 
      500.0000  -0.682839   0.293961  -0.388878 
