t = 100000
b = 30 30 30
E = -0.529449042168003 -0.682838689224023 0.153389647056021
11.1044889247496 32.4021340541985 -2.85061179820877 -0.612111038990543 -0.690736414863126 0.384971545120596 0.786365180634037 -0.5830202593925 0.204247405440202 -0.528398751002252 -0.0213120378230184 -0.00219846733104725 -0.0615104117133705 0.238158944067926 -0.264300229852495
11.3605086394914 32.2619453279454 -2.45124610631638 -0.292770423751848 -0.786989937511164 -0.543076534707248 0.82550511259897 -0.494646829007592 0.271782396447497 -0.0413317332749539 0.510216766761234 0.590335208841333 -0.10511720499037 -0.0200766971129391 0.360870618001516
12.0978072833608 32.101367646715 -2.59660849416657 0.285688395031154 0.373781631392582 -0.882422419594909 -0.944704522322306 0.264525096410756 -0.193803417904159 0.146884257273885 -0.182966082887252 -0.00241728085805239 0.156937489263106 0.30514284946588 0.183185166918112
12.0360826224271 31.9743622941729 -1.57651791667163 0.658091951801872 -0.752280716020262 0.031441049268417 -0.221788144287672 -0.153775864594906 0.962892989963902 -0.468330367665949 -0.340530772923619 -0.106422902132157 -0.653083545429931 0.519442389403642 -0.0492745312923279
11.9364602521785 31.5874219885454 -1.32364640937993 0.915612968123445 0.0867024607823725 0.392600922123262 -0.359437979994246 -0.261029445027821 0.895917331330945 -0.0231035775407215 0.226446871064042 -0.193502678587168 -0.42281487295017 0.243380437414865 -0.419935752528219
11.9992921362764 31.1888501779562 -0.940214054398009 0.514673269164928 0.737987631471991 0.436446427307352 -0.307207454370664 -0.31651423468589 0.89746430989053 -0.216653412900621 -0.297483287716631 -0.105229689990923 0.722446674965792 -0.233219997960561 -0.069710334355355
12.0994536257845 30.9579200045034 -0.573801421675348 -0.415078974956133 0.854741785657154 0.31164998868857 -0.427606980555759 -0.485646101738447 0.76243031579936 -0.258461680714334 0.0501589648539095 -0.314877421109845 0.136435856600906 -0.255810172052281 0.138242791520242
12.0814257746164 30.7779395238419 -0.0970367448822955 -0.787913759652673 0.566992412696892 -0.240231996735216 -0.548189281465289 -0.468136600618918 0.693063150858015 -0.281634940437057 -0.399337886182577 -0.0137372443140972 -0.183927915727977 -0.119911563996142 0.179043727809547
11.7987154807075 30.7549453853188 0.394705810931285 -0.656463466403531 0.285009863505203 -0.698444689698638 -0.697827339691007 -0.58110225545215 0.418756528862071 -0.408290199897626 -0.30704631711934 0.077110079617482 -0.206337907947711 -0.233848471239555 0.372927621625167
11.3133392839338 30.749395333621 0.584686632726999 -0.200306133154905 -0.570228018210495 -0.796691492106447 -0.673293214983364 -0.51060915618517 0.534747060004257 0.0677471427797775 -0.167757764691034 -0.516023398397678 0.0966518593396234 0.126441342978216 -0.236760626379721
11.5440432574057 32.148557842713 1.05055183429808 0.145590129612651 0.971826439399629 -0.185355435415794 0.590430558596262 -0.235678708835363 -0.771911374353151 0.134359480678033 -0.652574976885769 -0.149210640206732 -0.16900111330235 -0.166013189394722 -0.533933445980905
11.6231747402975 32.1801994340439 0.548992847008975 0.774513537601881 0.589253495928622 0.230019419864983 0.444811212558263 -0.248806808912431 -0.860370868236353 -0.272061331211554 -0.419564287731322 0.267538085373189 0.145217201531093 0.0663693501953975 0.420369200567703
11.7516361934935 32.3299108006612 0.154077136600499 0.73230593535055 -0.583200385733018 0.351575347075862 0.196968203862959 -0.312810979665776 -0.92916775253917 -0.413797880451833 0.446591089250067 0.00590440943149409 -0.60209862885365 0.329424387581735 -0.0535446568275101
10.8554125160641 32.0276705371687 -0.152142628779128 -0.884663540684314 0.168117888972426 0.434863979711621 -0.460455379185864 -0.168705377834736 -0.871504011202181 -0.235670713392425 -0.137598348936995 0.717067202305557 -0.3165215271828 0.0753445709859842 0.0126349661117139
10.6013082464006 31.7476982322796 -0.539767937593606 -0.563841032994124 0.690650857466302 0.45286260988757 -0.47909739163186 0.1731163933376 -0.860520949794117 -0.37330673170196 -0.455804533751099 -0.0707559156763869 0.194767549593918 -0.42150243753326 0.360864260327882
10.1742091012428 31.8123197497442 -0.760393810895948 0.220219412647062 0.975119258865079 -0.0254084762813055 -0.298533588570553 0.0425765393169778 -0.953448906419467 -0.270631787598863 0.184122468259451 -0.094530103186937 0.101602933244972 -0.361461948861437 0.349217187878
9.62842144478375 31.0686906934971 -1.45623085400284 -0.486861200515186 0.100302509068235 -0.867701249362739 -0.442917312667305 -0.884550632985749 0.146267620512337 0.00105178088712264 0.423815686504737 0.279116741697352 -0.340620493228194 0.0931907805232821 0.148464180426356
10.1926854145442 29.9989663323479 -1.51829358935639 0.435391743567034 -0.892706217443624 -0.116230355148863 -0.0727960999897797 0.0937750819976987 -0.992928426779988 -0.0353990100579662 -0.644394946481385 0.0251686012336441 0.167443297811744 0.4213374660743 0.123968061636242
10.1259503037534 29.5838523381814 -0.895600272597715 0.526344294576051 -0.849938770685921 0.0237821115520889 0.71321192590022 0.456555229611042 0.531870232052516 -0.094090693625933 0.117240371542349 -0.063146562006311 0.228989469106073 -0.234945042008757 0.203418101899553
10.3856974690455 30.2013121604762 -0.0944057505218723 0.208673275171467 0.969373262496178 0.129501963232836 0.339374711505382 -0.19596356331058 0.920012492890721 -0.0781564919272345 -0.0210009825270608 0.0959675515512508 0.0425559549472025 0.0580225046954808 0.118839858719451
10.4809748437674 30.2213229296956 0.388436920008257 0.0258339120435047 0.969124412099392 -0.245214670377646 0.339838363025107 0.222173387706041 0.913864731672434 0.154118296559461 -0.00803721333225611 -0.0982106921084605 -0.103912456318138 -0.141521084069133 -0.442216049427467
10.7502512752117 30.4627823652786 0.732511617256009 -0.414298074171962 0.886131624431506 -0.207671940697425 0.271426171677966 0.33808693733299 0.901124255725772 -0.0138047998743907 -0.314671356910975 0.248235127723061 0.00890306423986336 0.227066861532496 0.114422386158939
11.1989498706423 29.4901855317476 0.485600495049887 -0.71983334465515 -0.452387224039453 -0.526484246867052 -0.404179465012167 -0.343469605646381 0.847742583680596 -0.136791221206665 0.0211746703146238 -0.0887857159131173 0.276258012905365 -0.612057065123011 -0.14961310808966
11.5167138868948 29.9597143374764 -0.112492573165611 -0.8448931265095 0.270033420348209 -0.461776395572194 -0.0372789173659165 -0.89086163217875 -0.452742370018506 -0.134286834116041 0.17772294561329 0.0159004271731936 -0.310446190944339 -0.0930350548230697 0.0465217082978693
11.5322345202321 29.3230802313009 -0.105831408679972 -0.724091442084499 0.688856268943138 -0.0341831089642062 -0.112928820570938 -0.167306688269347 -0.979415874027589 -0.0460033786772057 0.190179585099093 -0.642852298281221 -0.544126598511078 -0.414438301830438 -0.131289636571619
6.29711077510957 28.6928238050705 -6.40140976453441 -0.384576676486845 -0.44003475077554 0.811461718157151 -0.122637642760879 0.895631440078546 0.427556096870145 -0.254004556421011 0.116311560058056 -0.0222311279511716 0.129058930957161 -0.65937184885887 0.362050555477114
6.47285045241673 27.7949430659287 -6.82361382437261 -0.265470362632901 -0.941203754027236 -0.208951554389329 0.534101914903107 -0.324002253790065 0.780869735921114 0.262722728982404 -0.276366998863113 0.182765443639256 0.4091990306871 -0.0389944389457565 0.0134249958418779
6.45247626112889 27.4733501439554 -6.41534515771216 0.385117566711948 -0.801616459926064 -0.457269487419983 0.654990901137295 -0.11163621331199 0.747344766972325 -0.236880375276141 0.192930898863929 0.0786445111934498 0.219183908929212 0.30263334063093 -0.215092268950318
6.5687720207038 27.0547010551393 -6.13328133292438 0.796982024038695 0.0852278587268286 -0.597959676368803 0.60196113773637 -0.193411471613885 0.774748148797734 0.428901569369276 -0.333323340981115 0.00404026727678925 0.291908448079441 -0.145781913893744 -0.163327844715789
6.91899445893518 26.7326888713318 -5.80391122262976 0.634466351069639 0.650563132307121 -0.4173966329089 0.615073664603867 -0.0978925832121199 0.782369054454673 0.0462964013279769 0.305672310903792 0.208073903511534 -0.690423778605343 0.473400577179328 -0.316253570671246
7.26278347222579 26.395459362321 -5.63794588452398 -0.161882039329247 0.899044908262343 0.406832080032425 0.804025802509505 -0.118859746761504 0.582593172975771 0.153006038605519 -0.460450239113318 0.01531822634567 -0.253166275062136 0.178321197088054 0.517709506072861
7.65954262918094 26.6009402397367 -5.64798283499303 -0.290458744489665 0.0353989055724629 0.956232450337204 0.956449258643624 -0.0194992923859843 0.291246437355467 -0.570256925529507 -0.239685514417815 0.14651152094823 -0.0232457863501419 0.8093659451356 -0.0950976556107586
8.39442360341144 27.1740242508963 -5.95123578111504 0.354746924928876 0.558080967198551 -0.750133433339527 -0.922791736609132 0.338025489658361 -0.184916357861906 0.115956926197073 -0.511589949113262 0.372710698626888 -0.128897338934091 0.458055091011799 -0.0171510878808007
8.16735079429749 27.6515660072786 -5.89365238786387 0.0984421803294334 -0.205500274736621 -0.973693315350599 -0.927470372412887 0.335706245374936 -0.164620557171385 -0.363875701609212 -0.428992738779687 0.365146315948629 -0.410759136552484 -0.321426178197542 -0.0483759363471669
8.01942556494667 28.0131394142025 -6.14856885781575 -0.457760069515932 -0.741396773823118 -0.490699920437037 -0.804117367774204 0.5806953619142 -0.127232325190908 -0.435452307060191 0.321340751967445 -0.336854327067307 0.319973409169075 0.429085698106007 -0.138985709897021
7.85490529838667 28.3309755336399 -6.46477598295305 -0.591509800824551 -0.78967937026462 0.162857434882494 -0.803368815276255 0.594414407413135 -0.0356366950413577 -0.218769974402853 -0.50426292223719 0.494432972184223 0.238104397988816 0.305299352405521 0.116631147764383
7.48972668571418 29.2504121069817 -6.22007937101281 -0.933933861234756 0.185971741411403 -0.30525717625173 0.0278232288233079 0.889227252321536 0.456618595150336 -0.315061341038566 0.488304759319946 0.268599899989722 0.00843985531154805 0.132559113431124 -0.444352060713562
7.37658430367586 29.744750413467 -6.22507767423811 -0.80289667192532 -0.341476146857129 0.488621399280127 -0.0678499054420099 0.866693869796293 0.494204410341644 0.277428745463856 -0.127939104181731 -0.582628182555954 -0.194096000983707 -0.016419739217809 -0.0431901614110502
7.09735078605148 30.1263888252838 -6.17672375163775 0.0451264802449214 -0.331604644489169 0.94233850256537 -0.210820110885765 0.918893702825817 0.333450256572907 -0.125414329890816 -0.282263656673972 -0.0363336983516618 0.103365032283839 0.560501618803453 0.244693781392857
6.77034315486773 30.4207007908717 -5.91201074314776 0.731771477627377 -0.157711612053879 0.663051633873814 -0.120101459544076 0.927794639025978 0.353231634344236 -0.205731547423543 -0.377618646076384 0.110308581700948 0.718330181261129 0.494924358988116 -0.19998830140358
6.79743612399951 30.7671056897909 -5.56191113182285 0.998176558787038 -0.0571345840828996 -0.0194714255660985 0.0595662201482429 0.880181660591572 0.4708842678645 0.148892060596195 0.105097822577853 0.511686864099512 0.0518174594311994 0.383322042711855 -0.0341557544864552
6.95486302609934 30.9721317183594 -5.15500189040238 0.601847537076037 0.3316900259004 -0.72647170055413 -0.0256758534129071 0.917235358979718 0.397517070751136 0.179415346042393 0.0367734669212144 0.562420472873863 0.0187282614781083 0.490558587988114 -0.185771031307939
7.16253581017609 31.4294735976903 -5.04766714824125 -0.161333220200191 0.437260915453911 -0.884745399438014 -0.0252534126932593 0.894366715046513 0.446620993827361 0.281272182089224 -0.369580984441942 0.0639867451158776 0.493221704471172 0.161158732465855 -0.14290054897568
7.45333560206745 31.8680147504366 -4.99331180514973 -0.832904444903826 0.0465483601785391 -0.551455660541451 -0.109169121837164 0.963056797569717 0.246177842092079 -0.0759865447375378 0.302767402939707 0.0905471444876576 -0.108855916333997 -0.476405767879892 0.517973786809426
8.31001431946599 32.8400493165336 -4.54872682399751 0.565111002780784 0.774602518188592 0.283972475223689 0.380596588176328 -0.550155903045056 0.743286348814343 -0.157685333772876 0.404986313366775 0.402819601530483 -0.627984121143872 -0.253006120611866 0.279753093429387
8.73732588586071 32.6592946384804 -4.31221001517117 -0.399751886536067 0.737203092244275 0.544729225298395 0.371503704876043 -0.41297608827645 0.831526108246774 0.177945616191679 0.291512355627441 -0.0737752819137441 -0.0405293225484532 0.0190078439754099 0.364635384429749
9.05952513916837 32.7066995018311 -3.89715973570278 -0.861516379556451 0.209618950084699 0.462438436825103 0.376374301434667 -0.347651204682923 0.858767068767523 -0.119293247933685 -0.755943869115637 -0.191290041446183 -0.0124729288001784 0.329337714102558 -0.0106179968277858
9.27582107229592 32.9326573554309 -3.55267834139848 -0.711732764547735 -0.648836373127146 0.269161113099695 0.546784473697632 -0.271178767651004 0.792141872074456 0.15926543269756 -0.740159104861188 0.124732228692289 -0.00740062309062487 0.07575459503605 -0.530560070064039
9.38103685068689 32.8307547580698 -2.9430499166723 -0.495154841960886 -0.835636128605256 -0.237768348861188 0.284599324370323 -0.414581338518326 0.864364175430757 0.0176812499583645 -0.0545545887931838 -0.160464252281895 -0.339885684582189 -0.27627266180673 -0.853283939666679
9.24494595824911 32.6473588158665 -2.48089274968039 0.256714124514407 -0.790306949644431 -0.556338600584505 0.239819114378917 -0.505539008068843 0.828804546879355 0.0485603170450336 -0.194552325441692 0.658231374307455 -0.479370449548449 0.119260489641589 -0.222396493320356
9.81343145831088 32.6165722901846 -2.12760609822858 0.439303138114026 -0.46218338340717 -0.770324082029937 0.00689954390612793 0.859208882013609 -0.511578320865796 -0.410659329120566 -0.00918447730705856 -0.0122095692069504 0.476670812671077 -0.0882150790196803 0.26583635529506
10.1513743046961 32.9941694523111 -2.29745549635506 -0.431883850128263 -0.34256139289693 -0.834342787702695 -0.00807270840722495 0.926495672313319 -0.376218518763317 -0.0238902012436501 -0.651160273179849 0.573456286089428 -0.368317201381153 0.440115816244264 -0.508694227308221
