t = 0
b =  30.0 30.0 30.0
E = 0. 0. 0.
26.621212867169792 27.139268814951585 28.82176433803676 0.2934409630817074 -0.10729937699939328 0.9499364425482487 0.29944743290626225 0.9539908183290844 0.015256260015266795 0.0 0.0 0.0 0.0 0.0 0.0
26.45196220239395 27.597372796056217 29.04577339385233 0.770047881726421 -0.2510890369737019 0.5864985552925691 0.29944743290626225 0.9539908183290844 0.015256260015266795 0.0 0.0 0.0 0.0 0.0 0.0
26.45824397648724 27.998241023282166 29.403474813801044 0.9541007355892532 -0.2994857738168719 0.00024006114831554015 0.29944743290626225 0.9539908183290844 0.015256260015266795 0.0 0.0 0.0 0.0 0.0 0.0
26.68201304327892 28.330841458943226 29.76123095569607 0.7756747682880978 -0.23410285805189318 -0.5861096362397913 0.29944743290626225 0.9539908183290844 0.015256260015266795 0.0 0.0 0.0 0.0 0.0 0.0
27.082597197908512 28.610078140745298 29.98538338756827 0.30255698792375363 -0.0797803525219379 -0.9497864835898541 0.29944743290626225 0.9539908183290844 0.015256260015266795 0.0 0.0 0.0 0.0 0.0 0.0
27.552149227455295 28.871128888679703 29.99303196062109 -0.285507250635905 0.1048520427874642 -0.9526235662409477 0.29944743290626225 0.9539908183290844 0.015256260015266795 0.0 0.0 0.0 0.0 0.0 0.0
27.956619870236125 29.156080663066685 29.78352996177494 -0.7651025112523085 0.24964939400923844 -0.5935430290604293 0.29944743290626225 0.9539908183290844 0.015256260015266795 0.0 0.0 0.0 0.0 0.0 0.0
28.186685371503003 29.4979400246733 29.438729810778607 -0.9540225360121313 0.29960076653162054 -0.008965571629606317 0.29944743290626225 0.9539908183290844 0.015256260015266795 0.0 0.0 0.0 0.0 0.0 0.0
28.19928140566756 29.908093390437756 29.091885957447204 -0.7804934489347419 0.23572879879094524 0.5790180563596681 0.29944743290626225 0.9539908183290844 0.015256260015266795 0.0 0.0 0.0 0.0 0.0 0.0
28.033963933589174 30.37198114330382 28.877029288281815 -0.3104418514524597 0.082299519214248 0.94702304407225 0.29944743290626225 0.9539908183290844 0.015256260015266795 0.0 0.0 0.0 0.0 0.0 0.0
27.79788123170414 30.85462907416433 28.87804655181082 0.27755179570758065 -0.10239672368652569 0.9552381439608454 0.29944743290626225 0.9539908183290844 0.015256260015266795 0.0 0.0 0.0 0.0 0.0 0.0
27.625066470383825 31.31393566863858 29.09681038031231 0.7600988752597498 -0.2481907392768643 0.6005423022286314 0.29944743290626225 0.9539908183290844 0.015256260015266795 0.0 0.0 0.0 0.0 0.0 0.0
27.625516271595515 31.716667176285334 29.45246784550291 0.9538716839252437 -0.2996929434880463 0.017690399347905728 0.29944743290626225 0.9539908183290844 0.015256260015266795 0.0 0.0 0.0 0.0 0.0 0.0
27.84340115317158 32.05108366803414 29.812157837781488 0.7852526919834467 -0.23733678786930823 -0.5718823820127937 0.29944743290626225 0.9539908183290844 0.015256260015266795 0.0 0.0 0.0 0.0 0.0 0.0
28.240284410593283 32.33139923152032 30.041487223085948 0.31830307363225335 -0.08481241847953434 -0.9441874850832912 0.29944743290626225 0.9539908183290844 0.015256260015266795 0.0 0.0 0.0 0.0 0.0 0.0
28.709724863664878 32.59238180154547 30.055589041456773 -0.26957520413542757 0.09993360667863353 -0.9577799765977257 0.29944743290626225 0.9539908183290844 0.015256260015266795 0.0 0.0 0.0 0.0 0.0 0.0
29.117715640471605 32.876144240357426 29.851364884025553 -0.7550373547949975 0.24671318385878485 -0.6074958417754246 0.29944743290626225 0.9539908183290844 0.015256260015266795 0.0 0.0 0.0 0.0 0.0 0.0
29.35359562849553 33.21614495719283 29.50866203034674 -0.9536481908165608 0.2997622976665172 -0.026413879873803725 0.29944743290626225 0.9539908183290844 0.015256260015266795 0.0 0.0 0.0 0.0 0.0 0.0
29.372091481416238 33.62447649921336 29.159938131919585 -0.7899521349994274 0.23892670283238834 0.5647031566083961 0.29944743290626225 0.9539908183290844 0.015256260015266795 0.0 0.0 0.0 0.0 0.0 0.0
29.210517720307948 34.087271390662366 28.93993833580972 -0.32614005580062944 0.08731885895078903 0.9412800225617726 0.29944743290626225 0.9539908183290844 0.015256260015266795 0.0 0.0 0.0 0.0 0.0 0.0
28.97460032321789 34.56997061875669 28.93450335046023 0.2615780833677766 -0.09746287933968387 0.9602488705811921 0.29944743290626225 0.9539908183290844 0.015256260015266795 0.0 0.0 0.0 0.0 0.0 0.0
28.798309658462085 35.03045318043887 29.147957125373996 0.7499183353124312 -0.24521684027656537 0.614403118161851 0.29944743290626225 0.9539908183290844 0.015256260015266795 0.0 0.0 0.0 0.0 0.0 0.0
28.79296290183696 35.43503855566424 29.501464110404978 0.953352073705948 -0.2998088237854436 0.035135348880484085 0.29944743290626225 0.9539908183290844 0.015256260015266795 0.0 0.0 0.0 0.0 0.0 0.0
29.004932780410375 35.77128250007423 29.8629801993188 0.7945914201019039 -0.2404984226020053 -0.5574809268722856 0.29944743290626225 0.9539908183290844 0.015256260015266795 0.0 0.0 0.0 0.0 0.0 0.0
29.39802979819787 36.05270482148479 30.097418493410924 0.33395220114105384 -0.08981864975286576 -0.938300877922222 0.29944743290626225 0.9539908183290844 0.015256260015266795 0.0 0.0 0.0 0.0 0.0 0.0
26.24363131870399 12.942521741875783 22.44598127584073 0.8505601743193139 0.027641256169518937 -0.5251507886495738 0.17883837286051332 0.9238941535200307 0.33828453923303975 0.0 0.0 0.0 0.0 0.0 0.0
26.584267247184552 13.171498910196249 22.792711318863375 0.39900788487333155 0.24617868082569258 -0.8832829472574639 0.17883837286051332 0.9238941535200307 0.33828453923303975 0.0 0.0 0.0 0.0 0.0 0.0
27.01585703557679 13.456592516556954 22.938096986266142 -0.20413417109211224 0.3711887087481332 -0.9058411464988934 0.17883837286051332 0.9238941535200307 0.33828453923303975 0.0 0.0 0.0 0.0 0.0 0.0
27.40091443324549 13.826298600756266 22.876996135822157 -0.7297222425183263 0.3551779402728967 -0.5842551493290644 0.17883837286051332 0.9238941535200307 0.33828453923303975 0.0 0.0 0.0 0.0 0.0 0.0
27.619631622771394 14.276967507616474 22.682714305704994 -0.9780766337065478 0.20422913402949916 -0.04070085270394441 0.17883837286051332 0.9238941535200307 0.33828453923303975 0.0 0.0 0.0 0.0 0.0 0.0
27.615396212868667 14.774190452004786 22.479154714933316 -0.8548433591803816 -0.024309734760736907 0.5183163783453727 0.17883837286051332 0.9238941535200307 0.33828453923303975 0.0 0.0 0.0 0.0 0.0 0.0
27.41629923234309 15.265871991589481 22.393745358914313 -0.40684080028279446 -0.24361292887827818 0.8804165514735636 0.17883837286051332 0.9238941535200307 0.33828453923303975 0.0 0.0 0.0 0.0 0.0 0.0
27.124462878591782 15.70202195637108 22.509026983506054 0.19572738065767098 -0.37036349832399407 0.9080317569171794 0.17883837286051332 0.9238941535200307 0.33828453923303975 0.0 0.0 0.0 0.0 0.0 0.0
26.87724258741996 16.053747550056222 22.831294475658325 0.7239354572989916 -0.3564067826089457 0.590670516426577 0.17883837286051332 0.9238941535200307 0.33828453923303975 0.0 0.0 0.0 0.0 0.0 0.0
26.795043406518108 16.3242302064313 23.288205330615508 0.9771083501570342 -0.20704517137712314 0.048903671261120496 0.17883837286051332 0.9238941535200307 0.33828453923303975 0.0 0.0 0.0 0.0 0.0 0.0
26.935576104779308 16.547516909476272 23.756263778975423 0.8590614444099869 0.020976362071534103 -0.5114424962422169 0.17883837286051332 0.9238941535200307 0.33828453923303975 0.0 0.0 0.0 0.0 0.0 0.0
27.27193188632417 16.775585174915477 24.10773889422436 0.41464273319016753 0.24102862486314403 -0.877483108560597 0.17883837286051332 0.9238941535200307 0.33828453923303975 0.0 0.0 0.0 0.0 0.0 0.0
27.702805491946485 17.058595922976213 24.259191707266865 -0.18730568482540322 0.369510083285537 -0.910153217201588 0.17883837286051332 0.9238941535200307 0.33828453923303975 0.0 0.0 0.0 0.0 0.0 0.0
28.09098276081927 17.425836506148535 24.203175065810257 -0.7180935415917533 0.3576084831886142 -0.5970409016773897 0.17883837286051332 0.9238941535200307 0.33828453923303975 0.0 0.0 0.0 0.0 0.0 0.0
28.315470584291365 17.87459395431587 24.01106293203037 -0.9760656560236273 0.20984544143333883 -0.057102765614391815 0.17883837286051332 0.9238941535200307 0.33828453923303975 0.0 0.0 0.0 0.0 0.0 0.0
28.317464210760928 18.37118567746073 23.80593422103194 -0.863214108784609 -0.017641391951146196 0.5045296658128421 0.17883837286051332 0.9238941535200307 0.33828453923303975 0.0 0.0 0.0 0.0 0.0 0.0
28.122688153971964 18.86375604475524 23.7158130632306 -0.4224130894480538 -0.23842596558504628 0.8744828419115995 0.17883837286051332 0.9238941535200307 0.33828453923303975 0.0 0.0 0.0 0.0 0.0 0.0
27.831623020152072 19.301977205692555 23.825030296758644 0.1788697249400525 -0.36862852862362144 0.9122053657947056 0.17883837286051332 0.9238941535200307 0.33828453923303975 0.0 0.0 0.0 0.0 0.0 0.0
27.58133124576041 19.656169481931205 24.142184772122178 0.7121969402811107 -0.3587829504977505 0.6033658199520019 0.17883837286051332 0.9238941535200307 0.33828453923303975 0.0 0.0 0.0 0.0 0.0 0.0
27.493384786315136 19.928577173314768 24.5968765051287 0.9749486307115225 -0.21262973094673984 0.06529751137097922 0.17883837286051332 0.9238941535200307 0.33828453923303975 0.0 0.0 0.0 0.0 0.0 0.0
27.627677897917355 20.152515910838616 25.066452807906828 0.8673010360627778 0.014305078370459684 -0.4975784134960498 0.17883837286051332 0.9238941535200307 0.33828453923303975 0.0 0.0 0.0 0.0 0.0 0.0
27.95967230797975 20.379715491427124 25.422606095672204 0.4301512773137395 0.23580514924656548 -0.8714159800084927 0.17883837286051332 0.9238941535200307 0.33828453923303975 0.0 0.0 0.0 0.0 0.0 0.0
28.389719715240542 20.660666863206004 25.580120083375505 -0.17042014343262563 0.3677189014720476 -0.914188046417471 0.17883837286051332 0.9238941535200307 0.33828453923303975 0.0 0.0 0.0 0.0 0.0 0.0
28.780919845443588 21.02543977014573 25.52924487713297 -0.7062461024160831 0.35993009509612145 -0.6096447895833987 0.17883837286051332 0.9238941535200307 0.33828453923303975 0.0 0.0 0.0 0.0 0.0 0.0
29.011131154378823 21.472258753587834 25.339401121922403 -0.9737573592865216 0.21539782788289952 -0.07348728446926606 0.17883837286051332 0.9238941535200307 0.33828453923303975 0.0 0.0 0.0 0.0 0.0 0.0
29.019374442625377 21.968177678673346 25.132805937904784 -0.8713219150091578 -0.010967675402671103 0.49058926865661634 0.17883837286051332 0.9238941535200307 0.33828453923303975 0.0 0.0 0.0 0.0 0.0 0.0
28.828999872929412 22.46159652180572 25.038040593113852 -0.43785670749425964 -0.23316637543301297 0.8682827564046838 0.17883837286051332 0.9238941535200307 0.33828453923303975 0.0 0.0 0.0 0.0 0.0 0.0
