t = 100000
b = 30 30 30
E = -0.511614914053311 -0.631127621242754 0.119512707189443
14.538593521305 11.3879681229041 11.4369640616948 -0.356998326977567 -0.544460614684572 -0.759022186956909 0.210857238585048 -0.838564411704859 0.502343253910257 -0.424336587072599 0.28055489205223 -0.0620893281432485 -0.0489049730932564 0.251570337184695 -0.176532984119131
13.7478254340116 12.1153673973371 11.1631844281617 -0.883735388424457 0.339942038120744 -0.321638138315459 0.445038918899356 0.397885273677939 -0.802264051137857 -6.1098921809867e-05 0.194761349691173 -0.426044220568349 -0.0883876267812669 -0.079902163165178 0.013024838037979
13.8160518761484 12.0299625532374 10.7062830605298 -0.942060661261308 -0.195774463682552 0.272385656918281 0.15351475322493 -0.973615410879258 -0.168837258936733 0.0768055655906164 0.080636789251219 0.183570844033289 -0.0769282982609839 0.142524894744313 -0.0316219474895679
14.6362368285388 11.7031783916317 10.2763523850283 -0.0810863752016296 -0.789580309184529 0.608266259522237 0.665891319525749 -0.497008936592746 -0.556390858855154 -0.0395223147217359 -0.125583552722752 0.127752422031036 0.107692147428492 0.687028031987555 -0.130437681473129
15.1522716519732 12.8717538975291 10.2399297743678 0.532670768815381 0.266576503763477 0.803242611348316 0.838398438645054 -0.295783080342016 -0.457821236081687 0.170987124075121 0.19831109971637 -0.126604032650863 0.331910168659451 -0.331904235461383 -0.539318344322902
15.6142931405306 13.0888137223384 10.148826033524 0.291106915383423 -0.688521085806058 0.664225339142685 0.76347536833452 -0.251192516189156 -0.594985332955038 -0.359239290338071 0.101041817054811 -0.0500284356201751 -0.160437081655229 -0.0903899781282202 -0.0483827348105864
14.775123398224 13.9359005991172 10.4918409825744 -0.608575203747711 0.344952694242619 0.714593446848272 0.765686301682463 0.018961656397627 0.642934583303853 0.0717432597800066 -0.275437920898577 -0.537869052126896 0.281725120537939 0.0528710812586887 -0.0341461605469512
15.0924786464753 14.1770282373289 10.7891884803712 -0.658697394100471 -0.50323398263213 0.559350652385474 0.638173755258272 0.0201281415643352 0.769629129350869 -0.36560894917027 -0.376824680478104 0.224643985019986 -0.585210584057821 -0.129128153441184 0.0304744250128459
15.15614770459 14.2769128660935 11.2805863305493 -0.159246110845737 -0.981056904060183 0.110308231343902 0.619685387140271 -0.0123517469990801 0.784753081339048 0.243628433945805 0.13998015971212 -0.206204986672816 0.0652972132700813 0.0357314463403657 0.293705907666481
15.65994814227 15.4692361703641 11.126700841706 -0.339718447078791 0.600821875812972 -0.723605063763135 -0.0661887216847093 -0.782725956699123 -0.618836760476467 -0.246891247710244 0.0804628932740974 -0.0372416704060071 -0.281872634700605 0.279160973298731 -0.271839213459682
15.3305377529655 15.471439595978 11.5783484618568 -0.254161504761653 0.281278077975215 -0.925356391118754 -0.817761482399335 0.448354124074936 0.360894140044888 -0.225243071326541 0.351341997688476 -0.241497417530401 -0.195414893515401 0.20964702071395 0.373655241694943
14.9810633154928 15.9004079710427 11.6472509942726 -0.383109630017517 -0.424498201971816 -0.820382974707149 -0.914920642137245 0.296568445369842 0.273801561710607 0.381346587805154 -0.236493844271643 -0.114164054988733 -0.28477641949011 0.201045225811414 0.559077544894593
14.5588097842425 16.2373441626946 11.5351476386745 -0.300155070461358 -0.897404360371951 -0.323376146985188 -0.934974131756271 0.209602921756382 0.286164050386126 -0.203757263493203 -0.251761040629878 0.660163927777865 -0.544548490226382 0.239259020849435 -0.0441393184508272
14.1050661966653 16.2588326192971 11.4374034834028 -0.0253655431892113 -0.842315805680408 0.538387011301828 -0.934652563683203 0.211047734615718 0.286152680713221 -0.191154099675546 -0.147552631890006 0.156706148460109 -0.265563005940539 -0.373008147943084 -0.176135510994162
13.682103241465 16.0499693140308 11.312693879349 0.0733858624226394 -0.0120544271455371 0.997230715265177 -0.968589311541225 0.237353704897745 0.0741472627290435 -0.261433829502074 -0.118880489814292 0.497502228389557 0.207615115199643 -0.124222572430431 0.298555613677076
13.2004589722552 15.9946311636191 11.4511998982617 0.421495419526344 0.461495138927523 0.780617514527351 -0.885614896616704 0.394597597450761 0.244905771947702 -0.331177364292386 -0.172038632620424 -0.203662637558767 0.290137923825911 0.488401472321091 0.130747125420781
12.3927970588775 16.2634383884044 11.4119510162207 -0.515990991993985 -0.397570894169264 0.758742785545902 0.854277637441687 -0.173743452742002 0.489921278503186 0.273087779077688 -0.41318030434978 0.00444423373287149 0.570704452729673 -0.112749319366078 0.311525008701391
12.7399645377126 16.3365708601285 11.7895164995205 -0.280963656438682 -0.912366776519696 0.297734899561828 0.817570201305112 -0.0650627243437067 0.572141318346486 0.633149252976179 0.187414013572367 -0.0633755717480387 -0.0126686714931578 0.0562438341815207 -0.0735773737632148
12.8525017448754 16.3644060912131 12.270428180445 0.292592837940351 -0.758390695328563 -0.582437029576746 0.844000839759444 -0.0815002812309814 0.530113397803935 0.22921008117034 -0.173001253097625 0.116654851873459 -0.114797626263612 0.155016055076131 -0.237083642506558
13.3386471906544 16.2450207880556 12.5382136107531 0.00990637781693354 -0.448661896251323 -0.893646592439191 0.932616828249392 -0.318253028340334 0.170119691417088 -0.595348048038498 -0.189879519311095 -0.431676842883194 0.412093177828997 0.155077128589195 0.114065645165578
13.7619366937405 15.9002087958891 12.4738647889624 -0.0892447350210701 0.232683266069571 -0.968449150609263 0.936232346853029 -0.312181120651951 -0.161281718043807 0.0186766326895571 -0.0371209057649381 -0.119522380825504 -0.331676615063172 -0.140158545194973 0.128022030203524
13.9627638967449 15.4221426743702 12.2513576442697 0.250790948775161 0.79556272947869 -0.55152855519453 0.905821045027335 -0.39382184587531 -0.156180998143004 -0.292688405694358 -0.390511235823094 0.237488569236231 0.232333816326638 0.485046457494731 -0.011410247949365
14.4346146234531 15.2784413725086 12.0366755908001 0.0317282508411935 0.979911379035645 -0.196892797352708 0.972042131311362 -0.0761059048528322 -0.222130291624624 0.348088547213519 0.609942391561402 -0.286540386022745 -0.323756801161237 -0.379760015074928 -0.0961571779325579
15.0151378841494 14.1461414008068 11.8947450420883 0.0465399453247154 -0.842353060760012 -0.536912708310358 0.921385411261143 0.243818850652259 -0.302656915169382 -0.312940408790488 -0.412064285967631 0.019267972536471 0.103117800280711 -0.290695319022419 0.099256423298822
15.5435735120136 13.9992434131687 11.9154789779228 -0.100913331867927 -0.349487998370798 -0.931490480674055 0.984810140994265 0.0978829632868936 -0.143414672470105 -0.0721084922700223 0.355589708394094 0.0371256883400684 0.254448337817123 -0.0177967838184994 -0.117404864276372
16.9585476877712 11.9577017765248 11.5612847502136 -0.28560451920224 -0.639157866515609 0.714077862297788 -0.926223054779096 0.375399140720378 -0.0344418551077027 -0.155675726881259 0.396486128223504 0.29716182117815 -0.183416083672249 -0.354978469986897 -0.113161812856573
16.424018364081 12.1210960602648 11.6058681164031 0.0586423838689401 -0.762950594565358 0.643791326160422 -0.96011647660208 0.133502742050911 0.245668938724417 0.629033267480792 -0.164125135582309 -0.249365494159146 -0.513458606996897 -0.280748312766024 -0.350143419298783
15.8845534001043 11.9934768546719 11.6391582779635 0.34239144213194 -0.209982150757102 0.915792267754041 -0.939097131052598 -0.0459805447450104 0.340561656159118 -0.353650326538936 -0.345459820941588 -0.10251411180824 -0.395606535767276 -0.153867314121821 0.0058628387480294
15.5764771598715 11.644936690003 11.7592257168238 0.130208657822198 0.509995385489287 0.850264864704907 -0.933557400732748 -0.22577198440616 0.278383766656623 0.211479760129721 0.132930378755164 0.03895392388373 0.0708478721644654 0.350095021943802 -0.183728508876834
15.3303731878779 11.3594318317775 12.0453026007183 -0.265533313332592 0.927017150987161 0.264822635043351 -0.91934354404766 -0.326188489270021 0.220019055405184 0.0648952118442976 -0.207765062089204 -0.0700266207215634 -0.224914966855262 0.325958879403893 -0.41880610159142
15.0198854789186 10.680992411088 11.8124928392491 -0.437057879486167 0.899425779784296 -0.00368086535000707 -0.888018111439364 -0.430857368714716 0.160579149778405 0.397010495599745 -0.0389102278985986 0.207434105909262 -0.135601701419664 -0.288292269212169 0.00606405940729538
14.5034870780789 10.0550130238696 12.3610368699417 -0.863015515973108 -0.498385414180306 -0.0825592470799396 -0.0567855591308335 -0.0666855959214124 0.996156777205586 0.144792519768536 -0.245028996358605 -0.379808065537402 0.0549512649222383 -0.074746430061536 -0.320781863592544
14.2179121618796 10.1219634936588 12.7266427709661 0.139220846189276 -0.988784083747075 0.0540680565209394 0.108367381797593 0.0694845076553542 0.99167953544774 0.765747067413516 -0.0922858372197135 0.0971840616650493 0.142487743544664 0.111255323668006 -0.16500503463278
14.0204695203265 10.089693127278 13.1602537486502 0.717924615189523 -0.694648911461963 -0.0452442680588438 0.0148355885205514 -0.0497121690398964 0.998653368373286 0.39760439985081 -0.186556016062072 0.776193378964284 0.151284709893663 0.547893153729382 0.149171809111451
13.9972426830603 9.83780327638831 13.5278242839774 0.99567604468301 -0.000181564962474218 -0.092892751697828 0.0927566189270491 -0.052210521763881 0.99431893160036 -0.389731391198884 0.690249041857221 0.0811993818029581 -0.42863302460391 0.320933277631529 -0.320668419854385
14.2724267753981 9.79373472911891 14.0005745853322 0.872126319941474 0.353142120041356 -0.338653559152425 0.293219512566657 0.176856905904402 0.939544517599593 -0.767328784837807 -0.0714595619960841 -0.238612100249952 -0.399384739364696 0.392123545654789 0.374711759873369
14.9193286461764 9.35156795204616 14.5478088807766 0.841721904841619 0.206224148255313 0.498974645716351 0.205668738364889 -0.976969795687638 0.0568343588779205 0.425720931077787 0.363995773010449 0.328852353608903 0.462544481420852 -0.0866186898795365 0.0553970481984903
14.3859585605541 8.71659361171071 14.6979443675461 0.739687909798119 -0.664601173999275 -0.105673548891333 0.664983762425463 0.745953927692451 -0.0367306921519912 -0.375214930807424 0.242648097780541 -0.0502079467246425 -0.168311253719885 -0.517588606395877 0.177705829697055
14.5307285487542 8.84823671075626 15.0708590720534 0.494633704542916 0.142943334443821 -0.857265794115727 0.596974014712767 0.660986692692893 0.454663094964116 0.226997408617295 0.48172049242625 -0.0957434484459416 0.106452434632678 -0.471687103222528 0.371572491089222
14.3224909359534 8.0219700960785 15.7133228805001 -0.881091550014197 -0.364762036573204 0.301041858584396 0.440681340213923 -0.402114976658463 0.802560497902211 0.75230833930967 -0.54780999427928 0.166372729501013 -0.0974824616835653 -0.0918076735453155 -0.626209649510402
15.5478726026579 7.83976760443822 16.090502829119 0.619146235176195 -0.748786042315443 -0.236595198010655 0.0423533125190792 0.332692343319408 -0.942083832409629 -0.488618875788522 0.760553946367852 -0.221435768595376 0.0233784166668316 -0.373245662154176 -0.0967862333977382
15.9057384295741 7.92284926915697 15.7450357271526 -0.273646893708121 -0.887732674513708 -0.370199749717917 0.387437656323211 0.250547124580038 -0.887196754411545 -0.39388271652275 0.372970912971406 -0.351205731656716 -0.139155723687767 0.283966911676691 0.101973917391361
16.2068971312843 7.77094141733193 15.4060210777251 -0.812003117236015 -0.210605975643834 -0.544330720177244 0.495331690811611 0.244615008451991 -0.83355257174079 -0.0934211315002212 0.360991911804842 1.13532872089698 0.619943497249398 0.500077410185338 0.304317762334624
16.2474122871798 7.59000892319569 14.9106836903292 -0.695916925234157 0.673347631027107 -0.249604710038552 0.44726485030444 0.134477626456541 -0.884234053864848 0.136997267260737 -0.225692631676324 -0.180289803427816 -0.0402204279461142 -0.51592560902666 -0.467593873249204
16.027589100057 7.70704708469208 14.2869402575218 -0.873307176914261 -0.192003133645328 -0.447737921250011 -0.236702675066941 0.970516030808754 0.0454998328583353 0.340439515556674 0.0934802167569283 0.40939411617596 -0.124558806410992 0.322317241843255 0.475461481558716
15.8756919591842 8.29606022004764 14.3630977595498 -0.339846870118231 0.315072320984995 0.886134007456583 -0.21026937094837 0.892908162428236 -0.398122701181343 -0.285372436143907 -0.126415137764594 0.364854585269323 -0.0826897382222753 -0.203335066340901 0.0153723820773476
16.5497430389548 7.49553923629109 13.4296706331696 0.77156650217597 -0.635482351223356 0.0291054443878867 0.569217424322347 0.669236399458164 -0.477612796194312 -0.305347103512893 -0.0365576429493105 0.101602744174807 -0.15009770622504 -0.0235684760243088 0.464418935849297
15.6838385818744 8.55729072867423 13.1138044340658 -0.247552999971648 0.962739290429567 0.108859264899663 0.941630486400867 0.265525466622051 -0.206949558471183 -0.0090010403133762 -0.313820797545261 0.423507061199429 0.152599204259412 -0.478632411558946 -0.0801057046296073
15.895320475854 7.67885602850789 12.7673222745536 0.877425750944102 0.475517024396935 -0.0633050924876328 -0.298120136012358 0.643900252808873 0.704639456943907 0.275749920144933 -0.216515085607334 0.0869175751858657 -0.507507950590433 0.358939320114193 0.189160418260747
14.6853610663059 7.47944912891795 12.3517806139994 -0.449064842281954 0.195688472767264 -0.871806546453978 0.00101532236515974 0.975832807393395 0.218515574668195 0.283683285158437 0.0714688833442461 -0.0871447670841891 -0.00325390863882755 0.157124422092262 0.00748267908445666
14.7815527567588 8.03225535410096 12.3294709938441 -0.785237004035117 -0.0902353990899505 -0.612584969690801 -0.0904289535950049 0.995429120052306 -0.030713760582043 0.334523771602462 0.189254049545868 0.341894724907701 0.311964222028847 -0.177690940755421 0.191513785414236
14.7518475586953 8.54331918739324 12.1447202042707 -0.924664217630817 -0.329232225655985 -0.191316676419623 -0.285307647401192 0.931767517139251 -0.224518611090693 0.279868353510041 0.10911211009473 0.109518658836384 -0.0990769290206177 0.0951582167064729 -0.10747571686401
