#id1 id2 FENE BEXC STCK NEXC HB CRSTCK CXSTCK total, t = 100000
0 1 0.0830476 0 0 0 0 0 0 0.0830476
1 2 0.0262272 0 -0 0 0 0 0 0.0262272
2 3 0.00130233 0 0 0 0 0 0 0.00130233
3 4 0.039745 0 0 0 0 0 0 0.039745
4 5 0.0755036 0 -1.24712 0 0 0 0 -1.17162
5 6 0.0144668 0 0 0 0 0 0 0.0144668
6 7 0.00130187 0 -1.29127 0 0 0 0 -1.28997
7 8 0.00116763 0 -1.36013 0 0 0 0 -1.35897
8 9 0.0826265 0 0 0 0 0 0 0.0826265
9 10 0.155351 0 -0 0 0 0 0 0.155351
10 11 0.00586083 0 -1.2352 0 0 0 0 -1.22933
11 12 0.00148928 0 -1.26381 0 0 0 0 -1.26232
12 13 0.0208708 0 -1.31476 0 0 0 0 -1.29389
13 14 0.00856463 0 -1.30513 0 0 0 0 -1.29657
14 15 0.0378086 0 -1.2823 0 0 0 0 -1.24449
15 16 6.58945e-05 0 0 0 0 0 0 6.58945e-05
16 17 0.0967433 0 -1.09463 0 0 0 0 -0.997887
15 18 0 0 0 0 -0 -0.00206129 -0 -0.00206129
17 18 0.136558 0 -1.15485 0 0 0 0 -1.01829
14 19 0 0 0 0 0 -0.11664 0 -0.11664
18 19 0.000241945 0 -0.914947 0 0 0 0 -0.914705
15 20 0 0 0 0 0 -0.128874 -0 -0.128874
14 20 0 0 0 0 -0.782136 0 -0 -0.782136
13 20 0 0 0 0 0 -0.158297 0 -0.158297
19 20 0.00636764 0 -1.05909 0 0 0 0 -1.05272
14 21 0 0 0 0 0 -0.194067 0 -0.194067
20 21 0.0475653 0 -1.06573 0 0 0 0 -1.01816
13 22 0 0 0 0 0 -0.0982805 -0 -0.0982805
12 22 0 0 0 0 0 -0.0275879 0 -0.0275879
21 22 0.0484182 0 -1.1653 0 0 0 0 -1.11688
22 23 0.0415142 0 0 0 0 0 0 0.0415142
23 24 0.0387134 0 -1.02944 0 0 0 0 -0.990726
25 26 0.0309203 0 -1.05958 0 0 0 0 -1.02866
26 27 0.00112134 0 -1.17809 0 0 0 0 -1.17697
27 28 0.0640927 0 -1.31338 0 0 0 0 -1.24929
28 29 0.0544391 0 -1.38936 0 0 0 0 -1.33492
29 30 0.0161331 0 -0.00363029 0 0 0 0 0.0125028
30 31 0.0910367 0 0 0 0 0 0 0.0910367
31 32 0.0340219 0 -1.14975 0 0 0 0 -1.11573
32 33 0.160885 0 -1.32218 0 0 0 0 -1.1613
33 34 0.117112 0 -1.26358 0 0 0 0 -1.14647
34 35 0.0815776 0 -0.846232 0 0 0 0 -0.764654
35 36 0.024564 0 0 0 0 0 0 0.024564
36 37 0.0609858 0 0 0 0 0 0 0.0609858
37 38 0.00207792 0 -0.407665 0 0 0 0 -0.405587
38 39 0.00603376 0 0 0 0 0 0 0.00603376
39 40 0.211742 0 0 0 0 0 0 0.211742
40 41 0.0166967 0 -1.03036 0 0 0 0 -1.01366
41 42 0.0172994 0 -1.29993 0 0 0 0 -1.28263
42 43 0.0613899 0 -1.16081 0 0 0 0 -1.09942
43 44 0.00800167 0 -0 0 0 0 0 0.00800167
44 45 0.0429057 0 -0.000107899 0 0 0 0 0.0427978
45 46 0.000988067 0 0 0 0 0 0 0.000988067
46 47 0.0243385 0 0 0 0 0 0 0.0243385
47 48 0.0084009 0 0 0 0 0 0 0.0084009
48 49 0.062129 0 0 0 0 0 0 0.062129
49 50 0.0202777 0 -1.14049 0 0 0 0 -1.12021
50 51 0.0408173 0 -1.19336 0 0 0 0 -1.15254
#Total energy per particle is  -0.631128 and should be -0.63112810

