        0.0000  -1.016306   0.279354  -0.736953 
        0.5000  -0.872662   4.305467   3.432805 
        1.0000  -0.838949  10.221411   9.382462 
        1.5000  -0.712146   8.642987   7.930841 
        2.0000  -0.701607   2.108467   1.406860 
        2.5000  -0.685738   1.075537   0.389799 
        3.0000  -0.700747   6.861007   6.160260 
        3.5000  -0.709157   9.612400   8.903243 
        4.0000  -0.767244   5.278895   4.511651 
        4.5000  -0.766953   0.528680  -0.238273 
        5.0000  -0.720998   3.044724   2.323726 
        5.5000  -0.742327   8.341872   7.599545 
        6.0000  -0.727527   7.721037   6.993511 
        6.5000  -0.673667   2.386966   1.713299 
        7.0000  -0.661739   0.789068   0.127329 
        7.5000  -0.652748   5.245845   4.593097 
        8.0000  -0.716351   8.068696   7.352345 
        8.5000  -0.711422   5.071781   4.360359 
        9.0000  -0.727155   0.750511   0.023356 
        9.5000  -0.707723   2.143482   1.435759 
       10.0000  -0.709125   6.634692   5.925568 
       10.5000  -0.695188   6.870086   6.174898 
       11.0000  -0.644668   2.605330   1.960662 
       11.5000  -0.666373   0.554061  -0.112312 
       12.0000  -0.649426   3.837310   3.187884 
       12.5000  -0.699592   6.802338   6.102747 
       13.0000  -0.690745   4.979681   4.288936 
       13.5000  -0.699443   0.985740   0.286297 
       14.0000  -0.724001   1.440891   0.716890 
       14.5000  -0.667890   5.227294   4.559404 
       15.0000  -0.671253   6.415333   5.744080 
       15.5000  -0.655196   3.099698   2.444502 
       16.0000  -0.655026   0.899413   0.244387 
       16.5000  -0.682447   3.334904   2.652457 
       17.0000  -0.677459   6.054780   5.377320 
       17.5000  -0.666517   6.464711   5.798194 
       18.0000  -0.657801   2.615671   1.957871 
       18.5000  -0.689373   2.589567   1.900194 
       19.0000  -0.700233   6.138717   5.438484 
       19.5000  -0.675977   7.186857   6.510880 
       20.0000  -0.704711   4.957195   4.252484 
       20.5000  -0.670380   2.984810   2.314431 
       21.0000  -0.694728   4.471543   3.776815 
       21.5000  -0.706832   6.664955   5.958124 
       22.0000  -0.663435   6.129656   5.466221 
       22.5000  -0.664519   3.657032   2.992513 
       23.0000  -0.674002   3.057778   2.383776 
       23.5000  -0.675370   5.170442   4.495073 
       24.0000  -0.687606   6.412296   5.724690 
       24.5000  -0.676632   5.220570   4.543938 
       25.0000  -0.704578   3.679170   2.974592 
       25.5000  -0.643839   4.205258   3.561419 
       26.0000  -0.659215   5.773142   5.113927 
       26.5000  -0.650982   5.757585   5.106603 
       27.0000  -0.647823   4.248412   3.600589 
       27.5000  -0.670702   3.398402   2.727700 
       28.0000  -0.621626   4.466263   3.844637 
       28.5000  -0.656089   5.546986   4.890897 
       29.0000  -0.636868   4.950651   4.313783 
       29.5000  -0.644136   3.470095   2.825959 
       30.0000  -0.677592   3.378456   2.700864 
       30.5000  -0.688677   4.709192   4.020515 
       31.0000  -0.694644   5.208315   4.513670 
       31.5000  -0.665035   4.245547   3.580512 
       32.0000  -0.653507   3.113070   2.459563 
       32.5000  -0.653278   3.568895   2.915616 
       33.0000  -0.640549   4.718684   4.078135 
       33.5000  -0.680517   4.743487   4.062970 
       34.0000  -0.672404   3.510665   2.838261 
       34.5000  -0.701717   2.843666   2.141949 
       35.0000  -0.664409   3.700955   3.036547 
       35.5000  -0.666094   4.579897   3.913803 
       36.0000  -0.669630   4.035154   3.365524 
       36.5000  -0.701341   2.615779   1.914438 
       37.0000  -0.681380   2.544783   1.863403 
       37.5000  -0.659560   3.816532   3.156972 
       38.0000  -0.661021   4.430621   3.769600 
       38.5000  -0.679653   2.959306   2.279653 
       39.0000  -0.657892   1.484589   0.826696 
       39.5000  -0.672480   2.366645   1.694164 
       40.0000  -0.648265   3.935617   3.287352 
       40.5000  -0.686023   3.871189   3.185167 
       41.0000  -0.645622   2.276520   1.630898 
       41.5000  -0.706900   1.872512   1.165612 
       42.0000  -0.682388   3.120177   2.437789 
       42.5000  -0.689562   3.896914   3.207352 
       43.0000  -0.716429   3.533931   2.817502 
       43.5000  -0.681800   1.954898   1.273099 
       44.0000  -0.696993   2.467671   1.770679 
       44.5000  -0.681770   3.987021   3.305250 
       45.0000  -0.677063   4.889345   4.212282 
       45.5000  -0.719955   3.507854   2.787900 
       46.0000  -0.676832   2.726383   2.049551 
       46.5000  -0.690051   3.863537   3.173486 
       47.0000  -0.702374   4.825133   4.122759 
       47.5000  -0.694593   4.297880   3.603286 
       48.0000  -0.690703   3.189883   2.499181 
       48.5000  -0.695943   3.377209   2.681266 
       49.0000  -0.686422   4.397429   3.711006 
       49.5000  -0.681437   4.515359   3.833922 
       50.0000  -0.753599   3.686268   2.932669 
       50.5000  -0.665461   2.830940   2.165479 
       51.0000  -0.712263   3.422235   2.709972 
       51.5000  -0.704049   4.245159   3.541109 
       52.0000  -0.668962   4.072969   3.404007 
       52.5000  -0.677171   3.100008   2.422838 
       53.0000  -0.654840   2.692247   2.037407 
       53.5000  -0.710721   3.475218   2.764497 
       54.0000  -0.715790   3.962760   3.246971 
       54.5000  -0.704737   3.551953   2.847216 
       55.0000  -0.678822   2.666539   1.987717 
       55.5000  -0.672908   2.648263   1.975354 
       56.0000  -0.701248   3.427691   2.726443 
       56.5000  -0.698840   3.656818   2.957978 
       57.0000  -0.666768   3.152560   2.485792 
       57.5000  -0.692984   2.647485   1.954501 
       58.0000  -0.684659   2.845812   2.161153 
       58.5000  -0.696938   3.358919   2.661980 
       59.0000  -0.720567   3.312900   2.592333 
       59.5000  -0.684304   2.622172   1.937868 
       60.0000  -0.711650   2.311243   1.599593 
       60.5000  -0.673516   2.760006   2.086490 
       61.0000  -0.688983   3.197597   2.508614 
       61.5000  -0.688391   2.779983   2.091592 
       62.0000  -0.651826   0.905988   0.254162 
       62.5000  -0.664335   1.036042   0.371707 
       63.0000  -0.668776   2.772615   2.103839 
       63.5000  -0.689123   3.266917   2.577794 
       64.0000  -0.682196   1.841377   1.159181 
       64.5000  -0.701580   0.611605  -0.089975 
       65.0000  -0.665634   1.509064   0.843430 
       65.5000  -0.683875   2.971722   2.287847 
       66.0000  -0.668654   2.676237   2.007583 
       66.5000  -0.644952   0.979328   0.334376 
       67.0000  -0.665331   0.597910  -0.067421 
       67.5000  -0.655300   2.018782   1.363482 
       68.0000  -0.669272   2.841687   2.172414 
       68.5000  -0.653658   1.961187   1.307528 
       69.0000  -0.648414   0.580482  -0.067932 
       69.5000  -0.653283   0.939146   0.285862 
       70.0000  -0.646274   2.339181   1.692907 
       70.5000  -0.669061   2.592377   1.923316 
       71.0000  -0.697849   1.753116   1.055266 
       71.5000  -0.673889   1.123969   0.450080 
       72.0000  -0.679044   1.721100   1.042057 
       72.5000  -0.676762   2.437868   1.761105 
       73.0000  -0.665261   2.075951   1.410690 
       73.5000  -0.686911   0.933620   0.246708 
       74.0000  -0.689951   0.804240   0.114289 
       74.5000  -0.636982   1.818732   1.181750 
       75.0000  -0.680309   2.311603   1.631294 
       75.5000  -0.651261   1.702042   1.050781 
       76.0000  -0.667527   1.024248   0.356721 
       76.5000  -0.617836   1.280896   0.663059 
       77.0000  -0.653580   2.053114   1.399534 
       77.5000  -0.664068   1.961734   1.297666 
       78.0000  -0.640809   1.303170   0.662361 
       78.5000  -0.682644   1.058113   0.375470 
       79.0000  -0.654898   1.512378   0.857480 
       79.5000  -0.661395   1.885412   1.224016 
       80.0000  -0.627561   1.652813   1.025252 
       80.5000  -0.671668   1.107807   0.436139 
       81.0000  -0.700746   1.020146   0.319400 
       81.5000  -0.682214   1.514733   0.832519 
       82.0000  -0.676799   1.762427   1.085628 
       82.5000  -0.657393   1.495031   0.837638 
       83.0000  -0.654498   0.966281   0.311783 
       83.5000  -0.645652   0.999238   0.353586 
       84.0000  -0.671929   1.500826   0.828898 
       84.5000  -0.677604   1.632276   0.954672 
       85.0000  -0.668184   1.272392   0.604208 
       85.5000  -0.686031   0.877699   0.191667 
       86.0000  -0.693023   1.056739   0.363716 
       86.5000  -0.680149   1.474313   0.794163 
       87.0000  -0.681923   1.494412   0.812489 
       87.5000  -0.674090   1.266105   0.592015 
       88.0000  -0.668544   1.127931   0.459387 
       88.5000  -0.708319   1.318297   0.609978 
       89.0000  -0.668369   1.435063   0.766694 
       89.5000  -0.668400   1.398996   0.730596 
       90.0000  -0.645658   1.175724   0.530066 
       90.5000  -0.733867   1.133483   0.399616 
       91.0000  -0.667344   1.206967   0.539623 
       91.5000  -0.707751   1.370096   0.662345 
       92.0000  -0.693198   1.325783   0.632585 
       92.5000  -0.706772   1.115616   0.408844 
       93.0000  -0.719595   0.999942   0.280347 
       93.5000  -0.692339   1.140168   0.447828 
       94.0000  -0.693218   1.289074   0.595857 
       94.5000  -0.663008   1.191331   0.528323 
       95.0000  -0.639102   1.046547   0.407445 
       95.5000  -0.682589   1.101873   0.419284 
       96.0000  -0.637380   1.134651   0.497270 
       96.5000  -0.681515   1.190645   0.509129 
       97.0000  -0.651484   1.014639   0.363154 
       97.5000  -0.644210   0.771317   0.127108 
       98.0000  -0.662666   0.848909   0.186243 
       98.5000  -0.677039   1.068516   0.391477 
       99.0000  -0.675677   1.121485   0.445807 
       99.5000  -0.648203   0.953856   0.305653 
      100.0000  -0.647291   0.755601   0.108311 
      100.5000  -0.624340   0.789024   0.164684 
      101.0000  -0.644673   1.020280   0.375607 
      101.5000  -0.632499   1.031965   0.399466 
      102.0000  -0.613641   0.806394   0.192753 
      102.5000  -0.618140   0.602789  -0.015351 
      103.0000  -0.645737   0.747613   0.101876 
      103.5000  -0.579154   0.913015   0.333861 
      104.0000  -0.633233   0.992951   0.359718 
      104.5000  -0.619093   0.881480   0.262386 
      105.0000  -0.609031   0.812316   0.203285 
      105.5000  -0.632545   0.888425   0.255880 
      106.0000  -0.625848   0.942973   0.317126 
      106.5000  -0.606888   0.921482   0.314595 
      107.0000  -0.625904   0.887590   0.261686 
      107.5000  -0.622371   0.826565   0.204194 
      108.0000  -0.656012   0.878262   0.222250 
      108.5000  -0.603545   0.876290   0.272745 
      109.0000  -0.630814   0.891323   0.260509 
      109.5000  -0.613311   0.792988   0.179678 
      110.0000  -0.586582   0.683991   0.097408 
      110.5000  -0.632675   0.786471   0.153796 
      111.0000  -0.620741   0.858889   0.238148 
      111.5000  -0.626260   0.866136   0.239876 
      112.0000  -0.613999   0.719378   0.105379 
      112.5000  -0.608718   0.573563  -0.035155 
      113.0000  -0.629023   0.677333   0.048310 
      113.5000  -0.604215   0.777189   0.172974 
      114.0000  -0.648022   0.802433   0.154411 
      114.5000  -0.592140   0.687573   0.095433 
      115.0000  -0.591334   0.621048   0.029714 
      115.5000  -0.586803   0.649799   0.062996 
      116.0000  -0.611852   0.746802   0.134951 
      116.5000  -0.615982   0.736517   0.120535 
      117.0000  -0.628057   0.709474   0.081417 
      117.5000  -0.624378   0.635482   0.011104 
      118.0000  -0.625991   0.653215   0.027223 
      118.5000  -0.632769   0.719447   0.086677 
      119.0000  -0.659451   0.746054   0.086602 
      119.5000  -0.636800   0.662097   0.025297 
      120.0000  -0.635478   0.559438  -0.076040 
      120.5000  -0.631142   0.554192  -0.076950 
      121.0000  -0.637787   0.657713   0.019926 
      121.5000  -0.649371   0.697598   0.048226 
      122.0000  -0.664093   0.698776   0.034683 
      122.5000  -0.662383   0.643896  -0.018488 
      123.0000  -0.686889   0.659412  -0.027477 
      123.5000  -0.657879   0.665508   0.007629 
      124.0000  -0.625150   0.643280   0.018130 
      124.5000  -0.629346   0.597651  -0.031694 
      125.0000  -0.645824   0.522457  -0.123367 
      125.5000  -0.644144   0.532609  -0.111535 
      126.0000  -0.662368   0.636684  -0.025684 
      126.5000  -0.644972   0.624845  -0.020127 
      127.0000  -0.656785   0.534744  -0.122042 
      127.5000  -0.649301   0.432084  -0.217217 
      128.0000  -0.681516   0.531047  -0.150469 
      128.5000  -0.641276   0.593529  -0.047746 
      129.0000  -0.626424   0.583270  -0.043154 
      129.5000  -0.647297   0.533845  -0.113452 
      130.0000  -0.667569   0.460297  -0.207272 
      130.5000  -0.637574   0.465208  -0.172366 
      131.0000  -0.666665   0.591513  -0.075152 
      131.5000  -0.658666   0.591744  -0.066922 
      132.0000  -0.621911   0.537163  -0.084748 
      132.5000  -0.576818   0.471692  -0.105125 
      133.0000  -0.590757   0.487259  -0.103499 
      133.5000  -0.583166   0.498180  -0.084986 
      134.0000  -0.599015   0.510734  -0.088281 
      134.5000  -0.578673   0.494722  -0.083951 
      135.0000  -0.577621   0.485423  -0.092199 
      135.5000  -0.580827   0.471475  -0.109351 
      136.0000  -0.582251   0.475856  -0.106395 
      136.5000  -0.570806   0.477864  -0.092941 
      137.0000  -0.601341   0.507641  -0.093700 
      137.5000  -0.577327   0.476646  -0.100681 
      138.0000  -0.580898   0.472153  -0.108745 
      138.5000  -0.607966   0.496703  -0.111263 
      139.0000  -0.551567   0.443181  -0.108386 
      139.5000  -0.571860   0.466984  -0.104876 
      140.0000  -0.580906   0.465136  -0.115770 
      140.5000  -0.577657   0.466622  -0.111035 
      141.0000  -0.581177   0.454293  -0.126883 
      141.5000  -0.589689   0.457203  -0.132487 
      142.0000  -0.628906   0.491266  -0.137641 
      142.5000  -0.583748   0.454546  -0.129202 
      143.0000  -0.606041   0.473409  -0.132632 
      143.5000  -0.591224   0.445589  -0.145635 
      144.0000  -0.581757   0.427281  -0.154476 
      144.5000  -0.606982   0.434963  -0.172019 
      145.0000  -0.579601   0.406497  -0.173104 
      145.5000  -0.590690   0.424038  -0.166652 
      146.0000  -0.567671   0.404364  -0.163307 
      146.5000  -0.564726   0.394677  -0.170049 
      147.0000  -0.556647   0.394527  -0.162119 
      147.5000  -0.556046   0.398507  -0.157539 
      148.0000  -0.587678   0.430692  -0.156986 
      148.5000  -0.600786   0.436906  -0.163880 
      149.0000  -0.563320   0.399436  -0.163884 
      149.5000  -0.617083   0.448921  -0.168162 
      150.0000  -0.575583   0.398338  -0.177245 
      150.5000  -0.601324   0.423662  -0.177662 
      151.0000  -0.579086   0.400181  -0.178906 
      151.5000  -0.600745   0.410848  -0.189898 
      152.0000  -0.579745   0.389673  -0.190072 
      152.5000  -0.580587   0.386774  -0.193813 
      153.0000  -0.568243   0.373112  -0.195132 
      153.5000  -0.576609   0.379581  -0.197028 
      154.0000  -0.572476   0.373272  -0.199204 
      154.5000  -0.561567   0.359277  -0.202290 
      155.0000  -0.594227   0.386716  -0.207511 
      155.5000  -0.594467   0.387093  -0.207374 
      156.0000  -0.612136   0.409812  -0.202324 
      156.5000  -0.613255   0.413495  -0.199760 
      157.0000  -0.629622   0.422427  -0.207195 
      157.5000  -0.624705   0.415103  -0.209602 
      158.0000  -0.636539   0.419923  -0.216616 
      158.5000  -0.655481   0.445242  -0.210239 
      159.0000  -0.639593   0.425954  -0.213639 
      159.5000  -0.626808   0.402882  -0.223926 
      160.0000  -0.569552   0.335527  -0.234025 
      160.5000  -0.610777   0.367745  -0.243032 
      161.0000  -0.612618   0.365983  -0.246635 
      161.5000  -0.630473   0.402070  -0.228403 
      162.0000  -0.625925   0.387993  -0.237932 
      162.5000  -0.608650   0.353855  -0.254795 
      163.0000  -0.610193   0.350393  -0.259800 
      163.5000  -0.614802   0.367407  -0.247395 
      164.0000  -0.634054   0.390604  -0.243449 
      164.5000  -0.657807   0.417865  -0.239942 
      165.0000  -0.648210   0.399581  -0.248630 
      165.5000  -0.621566   0.349626  -0.271941 
      166.0000  -0.655983   0.372332  -0.283651 
      166.5000  -0.612783   0.331319  -0.281464 
      167.0000  -0.628177   0.349144  -0.279032 
      167.5000  -0.636845   0.360684  -0.276160 
      168.0000  -0.638404   0.365205  -0.273199 
      168.5000  -0.628359   0.345304  -0.283056 
      169.0000  -0.606215   0.316199  -0.290016 
      169.5000  -0.595904   0.294578  -0.301326 
      170.0000  -0.626742   0.329506  -0.297236 
      170.5000  -0.589940   0.289244  -0.300696 
      171.0000  -0.592346   0.280798  -0.311548 
      171.5000  -0.611976   0.304106  -0.307870 
      172.0000  -0.621106   0.309469  -0.311637 
      172.5000  -0.606342   0.298226  -0.308116 
      173.0000  -0.603071   0.297770  -0.305302 
      173.5000  -0.587134   0.286503  -0.300631 
      174.0000  -0.629609   0.329368  -0.300241 
      174.5000  -0.651911   0.340824  -0.311087 
      175.0000  -0.632687   0.328184  -0.304503 
      175.5000  -0.612567   0.304041  -0.308526 
      176.0000  -0.623000   0.318420  -0.304580 
      176.5000  -0.593847   0.288414  -0.305433 
      177.0000  -0.615123   0.311016  -0.304107 
      177.5000  -0.610646   0.304696  -0.305950 
      178.0000  -0.626427   0.314341  -0.312086 
      178.5000  -0.638472   0.326749  -0.311723 
      179.0000  -0.604619   0.288868  -0.315750 
      179.5000  -0.642693   0.332004  -0.310689 
      180.0000  -0.633970   0.322791  -0.311179 
      180.5000  -0.630197   0.319892  -0.310305 
      181.0000  -0.629509   0.319488  -0.310021 
      181.5000  -0.632334   0.315016  -0.317317 
      182.0000  -0.615313   0.293732  -0.321581 
      182.5000  -0.656024   0.332619  -0.323405 
      183.0000  -0.640499   0.315022  -0.325476 
      183.5000  -0.614834   0.295087  -0.319746 
      184.0000  -0.653158   0.327539  -0.325620 
      184.5000  -0.672919   0.356009  -0.316910 
      185.0000  -0.631849   0.324774  -0.307075 
      185.5000  -0.668951   0.351994  -0.316958 
      186.0000  -0.648317   0.332147  -0.316169 
      186.5000  -0.663836   0.339965  -0.323872 
      187.0000  -0.662992   0.343861  -0.319131 
      187.5000  -0.657672   0.333940  -0.323731 
      188.0000  -0.648941   0.316703  -0.332238 
      188.5000  -0.641252   0.309502  -0.331750 
      189.0000  -0.702943   0.366698  -0.336245 
      189.5000  -0.639428   0.313493  -0.325935 
      190.0000  -0.657311   0.328012  -0.329299 
      190.5000  -0.681313   0.348105  -0.333208 
      191.0000  -0.677515   0.345175  -0.332340 
      191.5000  -0.680821   0.353823  -0.326998 
      192.0000  -0.664987   0.340183  -0.324804 
      192.5000  -0.602190   0.269949  -0.332241 
      193.0000  -0.642607   0.304508  -0.338099 
      193.5000  -0.670732   0.338560  -0.332173 
      194.0000  -0.631386   0.283716  -0.347670 
      194.5000  -0.666828   0.315063  -0.351765 
      195.0000  -0.674383   0.314929  -0.359454 
      195.5000  -0.673048   0.308659  -0.364389 
      196.0000  -0.688245   0.315815  -0.372429 
      196.5000  -0.649400   0.278764  -0.370636 
      197.0000  -0.691421   0.316297  -0.375124 
      197.5000  -0.671325   0.298018  -0.373308 
      198.0000  -0.659072   0.289150  -0.369922 
      198.5000  -0.680246   0.309020  -0.371226 
      199.0000  -0.637236   0.270048  -0.367188 
      199.5000  -0.674224   0.310558  -0.363666 
      200.0000  -0.724718   0.349277  -0.375441 
      200.5000  -0.681256   0.310521  -0.370735 
      201.0000  -0.692307   0.328432  -0.363876 
      201.5000  -0.726130   0.366429  -0.359701 
      202.0000  -0.683392   0.319698  -0.363693 
      202.5000  -0.655768   0.292879  -0.362889 
      203.0000  -0.688966   0.319493  -0.369474 
      203.5000  -0.695679   0.331733  -0.363945 
      204.0000  -0.714472   0.339501  -0.374971 
      204.5000  -0.705730   0.322831  -0.382899 
      205.0000  -0.696102   0.310971  -0.385131 
      205.5000  -0.715489   0.326970  -0.388519 
      206.0000  -0.690588   0.303967  -0.386621 
      206.5000  -0.686231   0.290889  -0.395342 
      207.0000  -0.697674   0.312675  -0.384999 
      207.5000  -0.683981   0.295796  -0.388186 
      208.0000  -0.666000   0.286525  -0.379476 
      208.5000  -0.699902   0.317479  -0.382423 
      209.0000  -0.726762   0.340423  -0.386339 
      209.5000  -0.733667   0.351046  -0.382621 
      210.0000  -0.727427   0.343727  -0.383700 
      210.5000  -0.721118   0.335385  -0.385733 
      211.0000  -0.710295   0.324570  -0.385725 
      211.5000  -0.728433   0.344133  -0.384300 
      212.0000  -0.677068   0.294201  -0.382866 
      212.5000  -0.712736   0.330100  -0.382636 
      213.0000  -0.667924   0.287259  -0.380665 
      213.5000  -0.688370   0.305763  -0.382607 
      214.0000  -0.695643   0.311855  -0.383788 
      214.5000  -0.680444   0.304450  -0.375994 
      215.0000  -0.684229   0.303352  -0.380876 
      215.5000  -0.684197   0.306187  -0.378009 
      216.0000  -0.723027   0.348183  -0.374844 
      216.5000  -0.672098   0.290364  -0.381734 
      217.0000  -0.706651   0.333931  -0.372720 
      217.5000  -0.693009   0.320969  -0.372040 
      218.0000  -0.682482   0.304041  -0.378440 
      218.5000  -0.668461   0.295785  -0.372676 
      219.0000  -0.686077   0.317546  -0.368531 
      219.5000  -0.690056   0.313834  -0.376222 
      220.0000  -0.690686   0.309538  -0.381148 
      220.5000  -0.692765   0.306631  -0.386133 
      221.0000  -0.676933   0.294067  -0.382867 
      221.5000  -0.668349   0.281804  -0.386545 
      222.0000  -0.679657   0.285657  -0.394000 
      222.5000  -0.720673   0.328142  -0.392531 
      223.0000  -0.681368   0.286130  -0.395238 
      223.5000  -0.715864   0.310865  -0.404999 
      224.0000  -0.681929   0.285958  -0.395971 
      224.5000  -0.704160   0.302372  -0.401788 
      225.0000  -0.713512   0.314459  -0.399053 
      225.5000  -0.692118   0.299851  -0.392267 
      226.0000  -0.698193   0.302735  -0.395458 
      226.5000  -0.700698   0.314524  -0.386174 
      227.0000  -0.659182   0.271851  -0.387331 
      227.5000  -0.719523   0.329896  -0.389627 
      228.0000  -0.711319   0.332125  -0.379194 
      228.5000  -0.707679   0.326502  -0.381177 
      229.0000  -0.700584   0.318292  -0.382292 
      229.5000  -0.724829   0.344348  -0.380480 
      230.0000  -0.682562   0.304088  -0.378474 
      230.5000  -0.682430   0.308376  -0.374054 
      231.0000  -0.680022   0.305456  -0.374566 
      231.5000  -0.699877   0.327327  -0.372551 
      232.0000  -0.700058   0.334547  -0.365512 
      232.5000  -0.685265   0.320020  -0.365244 
      233.0000  -0.703450   0.346185  -0.357265 
      233.5000  -0.684924   0.325051  -0.359873 
      234.0000  -0.715869   0.353302  -0.362567 
      234.5000  -0.663827   0.300861  -0.362965 
      235.0000  -0.699205   0.332064  -0.367140 
      235.5000  -0.689200   0.326608  -0.362591 
      236.0000  -0.693355   0.334052  -0.359303 
      236.5000  -0.692770   0.339593  -0.353177 
      237.0000  -0.645415   0.299503  -0.345912 
      237.5000  -0.659193   0.311242  -0.347951 
      238.0000  -0.696638   0.344724  -0.351913 
      238.5000  -0.691794   0.338997  -0.352797 
      239.0000  -0.704733   0.352423  -0.352310 
      239.5000  -0.697913   0.341302  -0.356611 
      240.0000  -0.719849   0.356775  -0.363074 
      240.5000  -0.712330   0.342437  -0.369892 
      241.0000  -0.711389   0.336123  -0.375266 
      241.5000  -0.703368   0.322729  -0.380639 
      242.0000  -0.690431   0.316843  -0.373588 
      242.5000  -0.727535   0.352135  -0.375400 
      243.0000  -0.672586   0.290699  -0.381887 
      243.5000  -0.704169   0.328295  -0.375874 
      244.0000  -0.726002   0.353401  -0.372601 
      244.5000  -0.707597   0.330340  -0.377257 
      245.0000  -0.694852   0.310619  -0.384233 
      245.5000  -0.683809   0.306082  -0.377727 
      246.0000  -0.756009   0.374592  -0.381417 
      246.5000  -0.685107   0.291583  -0.393524 
      247.0000  -0.722362   0.331476  -0.390886 
      247.5000  -0.687817   0.299435  -0.388382 
      248.0000  -0.745159   0.361731  -0.383428 
      248.5000  -0.702796   0.310284  -0.392512 
      249.0000  -0.722154   0.330940  -0.391214 
      249.5000  -0.718172   0.323600  -0.394572 
      250.0000  -0.695048   0.303955  -0.391093 
      250.5000  -0.713741   0.329700  -0.384041 
      251.0000  -0.730635   0.354049  -0.376586 
      251.5000  -0.740432   0.360054  -0.380378 
      252.0000  -0.713906   0.328366  -0.385540 
      252.5000  -0.750573   0.374239  -0.376334 
      253.0000  -0.764657   0.399684  -0.364973 
      253.5000  -0.721611   0.364316  -0.357294 
      254.0000  -0.723027   0.371676  -0.351351 
      254.5000  -0.745644   0.397502  -0.348142 
      255.0000  -0.709001   0.361816  -0.347184 
      255.5000  -0.716455   0.364269  -0.352186 
      256.0000  -0.714616   0.372705  -0.341911 
      256.5000  -0.681452   0.335357  -0.346095 
      257.0000  -0.705510   0.358660  -0.346850 
      257.5000  -0.700417   0.350335  -0.350082 
      258.0000  -0.713507   0.367009  -0.346498 
      258.5000  -0.706997   0.358945  -0.348052 
      259.0000  -0.720935   0.366994  -0.353941 
      259.5000  -0.727327   0.368157  -0.359170 
      260.0000  -0.685079   0.323252  -0.361828 
      260.5000  -0.707205   0.354330  -0.352875 
      261.0000  -0.719933   0.364070  -0.355863 
      261.5000  -0.683522   0.329287  -0.354235 
      262.0000  -0.692860   0.336841  -0.356019 
      262.5000  -0.694809   0.332236  -0.362573 
      263.0000  -0.710209   0.336681  -0.373528 
      263.5000  -0.710121   0.331434  -0.378687 
      264.0000  -0.738211   0.364390  -0.373822 
      264.5000  -0.666665   0.291696  -0.374970 
      265.0000  -0.726552   0.349862  -0.376690 
      265.5000  -0.714371   0.322755  -0.391616 
      266.0000  -0.732725   0.341813  -0.390913 
      266.5000  -0.695000   0.313958  -0.381042 
      267.0000  -0.717885   0.338134  -0.379751 
      267.5000  -0.694341   0.317887  -0.376454 
      268.0000  -0.683909   0.309586  -0.374322 
      268.5000  -0.715609   0.345187  -0.370423 
      269.0000  -0.678187   0.306555  -0.371631 
      269.5000  -0.680693   0.310732  -0.369961 
      270.0000  -0.680743   0.316517  -0.364226 
      270.5000  -0.721437   0.347804  -0.373632 
      271.0000  -0.729747   0.354411  -0.375336 
      271.5000  -0.697230   0.315948  -0.381282 
      272.0000  -0.720390   0.339224  -0.381166 
      272.5000  -0.703969   0.331126  -0.372842 
      273.0000  -0.717495   0.340163  -0.377332 
      273.5000  -0.696825   0.316923  -0.379902 
      274.0000  -0.702284   0.313047  -0.389237 
      274.5000  -0.740345   0.351202  -0.389143 
      275.0000  -0.710436   0.317170  -0.393267 
      275.5000  -0.711827   0.319844  -0.391983 
      276.0000  -0.678852   0.291658  -0.387194 
      276.5000  -0.727049   0.341431  -0.385618 
      277.0000  -0.728827   0.325793  -0.403034 
      277.5000  -0.701356   0.295498  -0.405859 
      278.0000  -0.744760   0.334624  -0.410135 
      278.5000  -0.733149   0.331159  -0.401990 
      279.0000  -0.725083   0.315945  -0.409138 
      279.5000  -0.727928   0.318189  -0.409739 
      280.0000  -0.703492   0.307928  -0.395564 
      280.5000  -0.744545   0.334889  -0.409656 
      281.0000  -0.733525   0.322501  -0.411023 
      281.5000  -0.698645   0.291357  -0.407288 
      282.0000  -0.732105   0.331252  -0.400853 
      282.5000  -0.703040   0.304686  -0.398354 
      283.0000  -0.676890   0.271730  -0.405160 
      283.5000  -0.730646   0.323065  -0.407581 
      284.0000  -0.739322   0.328779  -0.410543 
      284.5000  -0.712466   0.314121  -0.398346 
      285.0000  -0.733154   0.340939  -0.392215 
      285.5000  -0.716315   0.321923  -0.394392 
      286.0000  -0.721845   0.327818  -0.394027 
      286.5000  -0.725927   0.337134  -0.388792 
      287.0000  -0.716397   0.323537  -0.392860 
      287.5000  -0.707956   0.313799  -0.394157 
      288.0000  -0.713993   0.313372  -0.400622 
      288.5000  -0.712279   0.309285  -0.402994 
      289.0000  -0.718272   0.321913  -0.396359 
      289.5000  -0.694657   0.294746  -0.399911 
      290.0000  -0.703732   0.301787  -0.401945 
      290.5000  -0.705072   0.303950  -0.401123 
      291.0000  -0.699237   0.300903  -0.398334 
      291.5000  -0.704872   0.311082  -0.393790 
      292.0000  -0.702710   0.311016  -0.391694 
      292.5000  -0.732621   0.324980  -0.407641 
      293.0000  -0.728641   0.326296  -0.402346 
      293.5000  -0.706473   0.301799  -0.404675 
      294.0000  -0.715548   0.309365  -0.406182 
      294.5000  -0.723143   0.309380  -0.413763 
      295.0000  -0.738522   0.326654  -0.411868 
      295.5000  -0.733833   0.315376  -0.418457 
      296.0000  -0.724292   0.303106  -0.421185 
      296.5000  -0.732570   0.318166  -0.414404 
      297.0000  -0.735971   0.317040  -0.418931 
      297.5000  -0.757317   0.339812  -0.417505 
      298.0000  -0.715730   0.303000  -0.412730 
      298.5000  -0.752589   0.331388  -0.421201 
      299.0000  -0.723483   0.304595  -0.418888 
      299.5000  -0.732673   0.316957  -0.415716 
      300.0000  -0.747721   0.331538  -0.416182 
      300.5000  -0.728285   0.315134  -0.413151 
      301.0000  -0.728736   0.314317  -0.414419 
      301.5000  -0.727240   0.309303  -0.417937 
      302.0000  -0.720298   0.302373  -0.417925 
      302.5000  -0.723379   0.305801  -0.417578 
      303.0000  -0.718579   0.308531  -0.410048 
      303.5000  -0.740360   0.333181  -0.407179 
      304.0000  -0.726588   0.313208  -0.413380 
      304.5000  -0.723737   0.306277  -0.417460 
      305.0000  -0.735345   0.318117  -0.417228 
      305.5000  -0.762126   0.346798  -0.415328 
      306.0000  -0.715347   0.306870  -0.408477 
      306.5000  -0.757312   0.356492  -0.400821 
      307.0000  -0.726380   0.323417  -0.402963 
      307.5000  -0.722461   0.327733  -0.394729 
      308.0000  -0.714000   0.322740  -0.391261 
      308.5000  -0.694887   0.300465  -0.394422 
      309.0000  -0.696183   0.303471  -0.392712 
      309.5000  -0.699460   0.314036  -0.385423 
      310.0000  -0.697410   0.311163  -0.386247 
      310.5000  -0.701055   0.316466  -0.384589 
      311.0000  -0.691423   0.306334  -0.385088 
      311.5000  -0.725044   0.328972  -0.396073 
      312.0000  -0.716741   0.310455  -0.406286 
      312.5000  -0.731313   0.324099  -0.407214 
      313.0000  -0.722846   0.317512  -0.405334 
      313.5000  -0.738874   0.328916  -0.409958 
      314.0000  -0.747190   0.332208  -0.414983 
      314.5000  -0.711309   0.284858  -0.426452 
      315.0000  -0.735758   0.310434  -0.425323 
      315.5000  -0.709570   0.287493  -0.422078 
      316.0000  -0.693344   0.264666  -0.428678 
      316.5000  -0.737981   0.310736  -0.427245 
      317.0000  -0.751350   0.322475  -0.428875 
      317.5000  -0.745207   0.315198  -0.430009 
      318.0000  -0.730245   0.295729  -0.434516 
      318.5000  -0.728149   0.288438  -0.439710 
      319.0000  -0.697653   0.269201  -0.428451 
      319.5000  -0.734361   0.321579  -0.412782 
      320.0000  -0.731332   0.322148  -0.409184 
      320.5000  -0.721903   0.316459  -0.405443 
      321.0000  -0.738714   0.332799  -0.405915 
      321.5000  -0.710042   0.301154  -0.408888 
      322.0000  -0.692967   0.282608  -0.410359 
      322.5000  -0.700801   0.291859  -0.408942 
      323.0000  -0.735425   0.324249  -0.411175 
      323.5000  -0.711753   0.304576  -0.407178 
      324.0000  -0.700648   0.291968  -0.408680 
      324.5000  -0.695944   0.273227  -0.422717 
      325.0000  -0.714414   0.286708  -0.427707 
      325.5000  -0.701825   0.265737  -0.436088 
      326.0000  -0.702807   0.272342  -0.430464 
      326.5000  -0.708502   0.275832  -0.432670 
      327.0000  -0.738617   0.307290  -0.431328 
      327.5000  -0.748261   0.328418  -0.419843 
      328.0000  -0.720461   0.296500  -0.423962 
      328.5000  -0.723629   0.291989  -0.431640 
      329.0000  -0.738551   0.303472  -0.435080 
      329.5000  -0.751075   0.300549  -0.450526 
      330.0000  -0.750063   0.297089  -0.452974 
      330.5000  -0.743307   0.285707  -0.457600 
      331.0000  -0.732298   0.270426  -0.461873 
      331.5000  -0.719456   0.260930  -0.458525 
      332.0000  -0.734601   0.278589  -0.456013 
      332.5000  -0.742919   0.288404  -0.454516 
      333.0000  -0.715949   0.264175  -0.451774 
      333.5000  -0.726987   0.278147  -0.448840 
      334.0000  -0.711366   0.259705  -0.451662 
      334.5000  -0.747366   0.299687  -0.447679 
      335.0000  -0.731470   0.288458  -0.443012 
      335.5000  -0.734556   0.285147  -0.449408 
      336.0000  -0.725317   0.278846  -0.446471 
      336.5000  -0.732170   0.279319  -0.452851 
      337.0000  -0.761024   0.308392  -0.452632 
      337.5000  -0.749903   0.291043  -0.458860 
      338.0000  -0.725763   0.274809  -0.450954 
      338.5000  -0.733952   0.282810  -0.451142 
      339.0000  -0.742968   0.292398  -0.450570 
      339.5000  -0.741770   0.285245  -0.456525 
      340.0000  -0.737026   0.279750  -0.457277 
      340.5000  -0.722708   0.258943  -0.463765 
      341.0000  -0.727535   0.265047  -0.462488 
      341.5000  -0.727224   0.267489  -0.459735 
      342.0000  -0.709977   0.255931  -0.454046 
      342.5000  -0.738407   0.292062  -0.446345 
      343.0000  -0.695128   0.255945  -0.439183 
      343.5000  -0.725471   0.268902  -0.456570 
      344.0000  -0.704912   0.255030  -0.449882 
      344.5000  -0.696758   0.241559  -0.455198 
      345.0000  -0.696560   0.247270  -0.449289 
      345.5000  -0.715694   0.272849  -0.442845 
      346.0000  -0.691841   0.252386  -0.439455 
      346.5000  -0.720750   0.284335  -0.436414 
      347.0000  -0.715829   0.277901  -0.437929 
      347.5000  -0.739049   0.305068  -0.433981 
      348.0000  -0.714433   0.278307  -0.436126 
      348.5000  -0.727184   0.280841  -0.446343 
      349.0000  -0.695832   0.242760  -0.453072 
      349.5000  -0.727563   0.269144  -0.458419 
      350.0000  -0.723820   0.265997  -0.457823 
      350.5000  -0.729806   0.278421  -0.451385 
      351.0000  -0.724109   0.276748  -0.447361 
      351.5000  -0.726388   0.267183  -0.459206 
      352.0000  -0.721508   0.259860  -0.461648 
      352.5000  -0.720390   0.263224  -0.457165 
      353.0000  -0.721223   0.259667  -0.461556 
      353.5000  -0.729461   0.273056  -0.456406 
      354.0000  -0.731675   0.276499  -0.455177 
      354.5000  -0.717168   0.258603  -0.458565 
      355.0000  -0.719809   0.263451  -0.456359 
      355.5000  -0.693100   0.236828  -0.456273 
      356.0000  -0.724509   0.264894  -0.459614 
      356.5000  -0.722114   0.260518  -0.461597 
      357.0000  -0.721132   0.263519  -0.457613 
      357.5000  -0.732530   0.270782  -0.461748 
      358.0000  -0.728649   0.272512  -0.456137 
      358.5000  -0.698145   0.243442  -0.454703 
      359.0000  -0.747170   0.292221  -0.454949 
      359.5000  -0.699504   0.247444  -0.452060 
      360.0000  -0.705972   0.253604  -0.452368 
      360.5000  -0.716046   0.267484  -0.448562 
      361.0000  -0.706613   0.257411  -0.449202 
      361.5000  -0.724594   0.276387  -0.448207 
      362.0000  -0.709100   0.256345  -0.452756 
      362.5000  -0.719270   0.260015  -0.459255 
      363.0000  -0.729924   0.267107  -0.462817 
      363.5000  -0.734692   0.268605  -0.466087 
      364.0000  -0.740892   0.273671  -0.467221 
      364.5000  -0.705817   0.244811  -0.461006 
      365.0000  -0.759236   0.298840  -0.460397 
      365.5000  -0.721560   0.261242  -0.460318 
      366.0000  -0.721483   0.259508  -0.461976 
      366.5000  -0.727081   0.263801  -0.463281 
      367.0000  -0.700697   0.246759  -0.453938 
      367.5000  -0.708483   0.263075  -0.445409 
      368.0000  -0.706391   0.259104  -0.447287 
      368.5000  -0.688362   0.251309  -0.437053 
      369.0000  -0.726138   0.283697  -0.442441 
      369.5000  -0.710028   0.261200  -0.448827 
      370.0000  -0.727194   0.271074  -0.456120 
      370.5000  -0.737071   0.279970  -0.457101 
      371.0000  -0.723468   0.257268  -0.466200 
      371.5000  -0.719286   0.250787  -0.468500 
      372.0000  -0.749895   0.282798  -0.467097 
      372.5000  -0.769207   0.297715  -0.471493 
      373.0000  -0.730160   0.263791  -0.466369 
      373.5000  -0.741293   0.283278  -0.458015 
      374.0000  -0.716756   0.258078  -0.458679 
      374.5000  -0.734209   0.268481  -0.465728 
      375.0000  -0.721777   0.256757  -0.465021 
      375.5000  -0.753547   0.299335  -0.454211 
      376.0000  -0.737468   0.290942  -0.446526 
      376.5000  -0.744393   0.291163  -0.453230 
      377.0000  -0.726264   0.273242  -0.453022 
      377.5000  -0.726466   0.276296  -0.450170 
      378.0000  -0.718932   0.271463  -0.447469 
      378.5000  -0.704669   0.259656  -0.445013 
      379.0000  -0.721665   0.273105  -0.448560 
      379.5000  -0.730882   0.281681  -0.449201 
      380.0000  -0.740141   0.292825  -0.447316 
      380.5000  -0.742143   0.290800  -0.451343 
      381.0000  -0.730013   0.276684  -0.453329 
      381.5000  -0.732723   0.279027  -0.453696 
      382.0000  -0.722439   0.269216  -0.453223 
      382.5000  -0.747401   0.291495  -0.455907 
      383.0000  -0.753031   0.299323  -0.453708 
      383.5000  -0.729766   0.272588  -0.457178 
      384.0000  -0.718024   0.263331  -0.454693 
      384.5000  -0.752267   0.296664  -0.455603 
      385.0000  -0.750075   0.303315  -0.446760 
      385.5000  -0.745396   0.300541  -0.444855 
      386.0000  -0.722366   0.281420  -0.440946 
      386.5000  -0.750431   0.308328  -0.442103 
      387.0000  -0.734914   0.284151  -0.450763 
      387.5000  -0.752257   0.303880  -0.448377 
      388.0000  -0.744554   0.302047  -0.442507 
      388.5000  -0.727658   0.273971  -0.453687 
      389.0000  -0.744321   0.288816  -0.455506 
      389.5000  -0.752102   0.298765  -0.453337 
      390.0000  -0.728127   0.271182  -0.456944 
      390.5000  -0.731468   0.278257  -0.453210 
      391.0000  -0.737765   0.277535  -0.460231 
      391.5000  -0.734263   0.262671  -0.471592 
      392.0000  -0.743831   0.277544  -0.466288 
      392.5000  -0.711619   0.241271  -0.470347 
      393.0000  -0.764623   0.300738  -0.463885 
      393.5000  -0.740139   0.278333  -0.461806 
      394.0000  -0.747569   0.279068  -0.468501 
      394.5000  -0.733349   0.274684  -0.458665 
      395.0000  -0.746568   0.287831  -0.458737 
      395.5000  -0.739191   0.275494  -0.463697 
      396.0000  -0.735167   0.276268  -0.458898 
      396.5000  -0.754518   0.289384  -0.465134 
      397.0000  -0.743476   0.272470  -0.471007 
      397.5000  -0.743832   0.280353  -0.463479 
      398.0000  -0.744088   0.285491  -0.458596 
      398.5000  -0.757984   0.307345  -0.450639 
      399.0000  -0.728362   0.284040  -0.444321 
      399.5000  -0.750606   0.299069  -0.451537 
      400.0000  -0.764093   0.315100  -0.448993 
      400.5000  -0.715993   0.271267  -0.444726 
      401.0000  -0.768574   0.313179  -0.455395 
      401.5000  -0.736252   0.272619  -0.463633 
      402.0000  -0.742204   0.288201  -0.454003 
      402.5000  -0.760830   0.307178  -0.453652 
      403.0000  -0.748953   0.307122  -0.441831 
      403.5000  -0.732754   0.300169  -0.432584 
      404.0000  -0.768845   0.327085  -0.441759 
      404.5000  -0.731655   0.281332  -0.450324 
      405.0000  -0.739976   0.280758  -0.459217 
      405.5000  -0.731743   0.273307  -0.458436 
      406.0000  -0.757998   0.297447  -0.460551 
      406.5000  -0.719925   0.254937  -0.464988 
      407.0000  -0.734158   0.272083  -0.462075 
      407.5000  -0.777215   0.309183  -0.468032 
      408.0000  -0.723612   0.252691  -0.470921 
      408.5000  -0.753833   0.281754  -0.472079 
      409.0000  -0.774606   0.313552  -0.461054 
      409.5000  -0.764962   0.299295  -0.465667 
      410.0000  -0.743337   0.284691  -0.458646 
      410.5000  -0.735770   0.283129  -0.452641 
      411.0000  -0.786444   0.323992  -0.462452 
      411.5000  -0.768440   0.300867  -0.467573 
      412.0000  -0.793769   0.334480  -0.459289 
      412.5000  -0.774175   0.321422  -0.452752 
      413.0000  -0.743786   0.298176  -0.445610 
      413.5000  -0.726306   0.281376  -0.444930 
      414.0000  -0.728684   0.295071  -0.433613 
      414.5000  -0.768929   0.336850  -0.432080 
      415.0000  -0.748320   0.314431  -0.433889 
      415.5000  -0.735374   0.311978  -0.423396 
      416.0000  -0.723589   0.300918  -0.422671 
      416.5000  -0.738219   0.316142  -0.422077 
      417.0000  -0.709449   0.301483  -0.407966 
      417.5000  -0.742694   0.333006  -0.409688 
      418.0000  -0.711271   0.296231  -0.415040 
      418.5000  -0.722820   0.315340  -0.407481 
      419.0000  -0.721200   0.316461  -0.404739 
      419.5000  -0.712982   0.307658  -0.405324 
      420.0000  -0.699654   0.297276  -0.402378 
      420.5000  -0.709292   0.314661  -0.394631 
      421.0000  -0.704158   0.307536  -0.396623 
      421.5000  -0.729664   0.319793  -0.409871 
      422.0000  -0.732917   0.318094  -0.414823 
      422.5000  -0.735801   0.328044  -0.407757 
      423.0000  -0.765466   0.350543  -0.414923 
      423.5000  -0.738573   0.325948  -0.412626 
      424.0000  -0.720962   0.316483  -0.404479 
      424.5000  -0.795204   0.390272  -0.404932 
      425.0000  -0.733604   0.324212  -0.409392 
      425.5000  -0.781933   0.362681  -0.419252 
      426.0000  -0.758107   0.335143  -0.422964 
      426.5000  -0.755883   0.327552  -0.428331 
      427.0000  -0.752977   0.325512  -0.427465 
      427.5000  -0.779676   0.358643  -0.421033 
      428.0000  -0.789718   0.382508  -0.407210 
      428.5000  -0.778333   0.364317  -0.414016 
      429.0000  -0.758103   0.348570  -0.409533 
      429.5000  -0.782352   0.364898  -0.417455 
      430.0000  -0.773337   0.356493  -0.416844 
      430.5000  -0.738639   0.323810  -0.414829 
      431.0000  -0.806212   0.388056  -0.418156 
      431.5000  -0.727847   0.314319  -0.413529 
      432.0000  -0.759132   0.343947  -0.415185 
      432.5000  -0.725829   0.320129  -0.405699 
      433.0000  -0.766742   0.352576  -0.414165 
      433.5000  -0.751376   0.326571  -0.424805 
      434.0000  -0.797538   0.368541  -0.428998 
      434.5000  -0.741909   0.326078  -0.415830 
      435.0000  -0.720677   0.307048  -0.413629 
      435.5000  -0.747260   0.324926  -0.422335 
      436.0000  -0.781960   0.363400  -0.418560 
      436.5000  -0.727260   0.313984  -0.413276 
      437.0000  -0.770921   0.346608  -0.424313 
      437.5000  -0.756379   0.329850  -0.426529 
      438.0000  -0.720054   0.290270  -0.429784 
      438.5000  -0.773841   0.341308  -0.432533 
      439.0000  -0.738821   0.310746  -0.428075 
      439.5000  -0.758432   0.335307  -0.423125 
      440.0000  -0.742944   0.318927  -0.424016 
      440.5000  -0.735680   0.306527  -0.429153 
      441.0000  -0.745125   0.318403  -0.426722 
      441.5000  -0.754020   0.324695  -0.429326 
      442.0000  -0.745088   0.317348  -0.427740 
      442.5000  -0.759424   0.328490  -0.430935 
      443.0000  -0.748413   0.315743  -0.432670 
      443.5000  -0.746223   0.311763  -0.434461 
      444.0000  -0.737902   0.303787  -0.434115 
      444.5000  -0.733868   0.301631  -0.432237 
      445.0000  -0.750908   0.318934  -0.431973 
      445.5000  -0.737254   0.299999  -0.437255 
      446.0000  -0.756377   0.324829  -0.431549 
      446.5000  -0.733686   0.302655  -0.431031 
      447.0000  -0.750941   0.306090  -0.444851 
      447.5000  -0.783178   0.341204  -0.441974 
      448.0000  -0.754722   0.313347  -0.441375 
      448.5000  -0.733273   0.292544  -0.440729 
      449.0000  -0.744418   0.305679  -0.438740 
      449.5000  -0.766742   0.336785  -0.429957 
      450.0000  -0.720595   0.289229  -0.431366 
      450.5000  -0.711474   0.293533  -0.417941 
      451.0000  -0.724160   0.302374  -0.421787 
      451.5000  -0.744268   0.322006  -0.422262 
      452.0000  -0.740235   0.325822  -0.414413 
      452.5000  -0.718835   0.299003  -0.419831 
      453.0000  -0.719915   0.301677  -0.418238 
      453.5000  -0.729097   0.310372  -0.418725 
      454.0000  -0.744068   0.325904  -0.418164 
      454.5000  -0.772580   0.358004  -0.414576 
      455.0000  -0.751812   0.322420  -0.429392 
      455.5000  -0.770063   0.334657  -0.435406 
      456.0000  -0.768799   0.323639  -0.445160 
      456.5000  -0.774461   0.333644  -0.440817 
      457.0000  -0.782889   0.327194  -0.455696 
      457.5000  -0.765810   0.316924  -0.448887 
      458.0000  -0.724286   0.274853  -0.449433 
      458.5000  -0.782833   0.339314  -0.443519 
      459.0000  -0.760255   0.318324  -0.441931 
      459.5000  -0.736997   0.285403  -0.451594 
      460.0000  -0.750032   0.305387  -0.444645 
      460.5000  -0.761169   0.317408  -0.443761 
      461.0000  -0.759774   0.313566  -0.446208 
      461.5000  -0.776109   0.329554  -0.446555 
      462.0000  -0.767881   0.318446  -0.449436 
      462.5000  -0.779550   0.337415  -0.442136 
      463.0000  -0.741429   0.297248  -0.444181 
      463.5000  -0.762734   0.307569  -0.455165 
      464.0000  -0.747987   0.290213  -0.457774 
      464.5000  -0.748650   0.295425  -0.453225 
      465.0000  -0.771012   0.311573  -0.459439 
      465.5000  -0.749997   0.286693  -0.463304 
      466.0000  -0.777528   0.314452  -0.463076 
      466.5000  -0.776651   0.317985  -0.458667 
      467.0000  -0.797111   0.332338  -0.464773 
      467.5000  -0.733695   0.268987  -0.464709 
      468.0000  -0.764732   0.296546  -0.468186 
      468.5000  -0.773528   0.300172  -0.473356 
      469.0000  -0.777459   0.297792  -0.479667 
      469.5000  -0.768310   0.295329  -0.472981 
      470.0000  -0.799394   0.318215  -0.481178 
      470.5000  -0.767012   0.278832  -0.488180 
      471.0000  -0.752291   0.263160  -0.489132 
      471.5000  -0.792285   0.306621  -0.485664 
      472.0000  -0.803483   0.318862  -0.484621 
      472.5000  -0.814390   0.333165  -0.481225 
      473.0000  -0.784671   0.305431  -0.479240 
      473.5000  -0.752943   0.279932  -0.473011 
      474.0000  -0.771130   0.310287  -0.460842 
      474.5000  -0.758961   0.305435  -0.453526 
      475.0000  -0.816435   0.364376  -0.452059 
      475.5000  -0.761458   0.304749  -0.456710 
      476.0000  -0.787699   0.333808  -0.453891 
      476.5000  -0.805697   0.351667  -0.454031 
      477.0000  -0.780004   0.318331  -0.461673 
      477.5000  -0.797953   0.331734  -0.466219 
      478.0000  -0.816828   0.345899  -0.470929 
      478.5000  -0.800969   0.328433  -0.472536 
      479.0000  -0.785340   0.319218  -0.466122 
      479.5000  -0.799886   0.337604  -0.462282 
      480.0000  -0.800456   0.340790  -0.459665 
      480.5000  -0.751223   0.300504  -0.450718 
      481.0000  -0.770220   0.321750  -0.448470 
      481.5000  -0.782126   0.342372  -0.439754 
      482.0000  -0.778783   0.325384  -0.453399 
      482.5000  -0.781096   0.327787  -0.453309 
      483.0000  -0.731985   0.289097  -0.442888 
      483.5000  -0.755718   0.309493  -0.446225 
      484.0000  -0.786252   0.348195  -0.438057 
      484.5000  -0.772099   0.330154  -0.441944 
      485.0000  -0.738156   0.294369  -0.443787 
      485.5000  -0.753302   0.309136  -0.444165 
      486.0000  -0.819597   0.368237  -0.451361 
      486.5000  -0.757022   0.305612  -0.451410 
      487.0000  -0.782866   0.333831  -0.449035 
      487.5000  -0.780415   0.327874  -0.452541 
      488.0000  -0.758581   0.305858  -0.452723 
      488.5000  -0.777325   0.322526  -0.454799 
      489.0000  -0.744317   0.283136  -0.461180 
      489.5000  -0.786573   0.326288  -0.460285 
      490.0000  -0.806976   0.343509  -0.463467 
      490.5000  -0.790346   0.310470  -0.479876 
      491.0000  -0.771925   0.294170  -0.477756 
      491.5000  -0.790252   0.310163  -0.480089 
      492.0000  -0.864386   0.381663  -0.482724 
      492.5000  -0.827470   0.346775  -0.480695 
      493.0000  -0.789566   0.304943  -0.484623 
      493.5000  -0.814672   0.336063  -0.478609 
      494.0000  -0.808679   0.328146  -0.480532 
      494.5000  -0.809174   0.321460  -0.487714 
      495.0000  -0.797952   0.318090  -0.479861 
      495.5000  -0.819045   0.345590  -0.473455 
      496.0000  -0.852632   0.381406  -0.471226 
      496.5000  -0.806100   0.339884  -0.466216 
      497.0000  -0.837269   0.373086  -0.464183 
      497.5000  -0.786520   0.318806  -0.467713 
      498.0000  -0.800987   0.330043  -0.470944 
      498.5000  -0.792820   0.325817  -0.467003 
      499.0000  -0.797773   0.339129  -0.458643 
      499.5000  -0.795574   0.331636  -0.463938 
      500.0000  -0.825783   0.358008  -0.467775 
