#id1 id2 FENE BEXC STCK NEXC HB CRSTCK CXSTCK total, t = 100000
0 1 0.000215427 0 0 0 0 0 0 0.000215427
1 2 0.0626838 0 0 0 0 0 0 0.0626838
2 3 0.00220694 0 -1.18009 0 0 0 0 -1.17788
3 4 0.00761908 0 -1.08976 0 0 0 0 -1.08214
4 5 0.0130213 0 -1.02527 0 0 0 0 -1.01225
5 6 0.000151941 0 -1.03589 0 0 0 0 -1.03574
6 7 0.00509299 0 0 0 0 0 0 0.00509299
7 8 0.0115208 0 -1.24553 0 0 0 0 -1.23401
8 9 0.013143 0 0 0 0 0 0 0.013143
9 10 0.00860496 0 -1.06338 0 0 0 0 -1.05478
10 11 0.0291766 0 -1.17972 0 0 0 0 -1.15054
11 12 0.293483 0 -1.28378 0 0 0 0 -0.990298
12 13 0.164689 0 -1.38191 0 0 0 0 -1.21722
13 14 0.0108891 0 -0.979706 0 0 0 0 -0.968817
14 15 0.152177 0 -1.19648 0 0 0 0 -1.0443
15 16 0.00510383 0 -1.07892 0 0 0 0 -1.07381
16 17 0.0386248 0 -1.08493 0 0 0 0 -1.0463
17 18 0.0592457 0 -1.37589 0 0 0 0 -1.31665
18 19 0.0858051 0 0 0 0 0 0 0.0858051
19 20 0.0234773 0 -0 0 0 0 0 0.0234773
20 21 0.0859068 0 -1.33932 0 0 0 0 -1.25341
21 22 0.0711952 0 -0.856924 0 0 0 0 -0.785728
22 23 0.273457 0 0 0 0 0 0 0.273457
23 24 0.00388442 0 -1.27625 0 0 0 0 -1.27237
25 26 0.0371823 0 -0.860032 0 0 0 0 -0.822849
26 27 0.117208 0 0 0 0 0 0 0.117208
27 28 0.000688463 0 0 0 0 0 0 0.000688463
28 29 0.0160916 0 -1.14391 0 0 0 0 -1.12782
29 30 0.125992 0 -1.27515 0 0 0 0 -1.14916
26 31 0 0 0 0 0 -0.158752 0 -0.158752
30 31 0.0629948 0 -1.27267 0 0 0 0 -1.20968
26 32 0 0 0 0 -0.622293 0 -0 -0.622293
25 32 0 0 0 0 -7.44385e-29 -0.131386 0 -0.131386
31 32 0.0233306 0 -1.07558 0 0 0 0 -1.05225
26 33 0 0 0 0 -0 -0.19944 0 -0.19944
25 33 0 0 0 0 -0.761032 0 -0 -0.761032
32 33 0.000122402 0 -1.31803 0 0 0 0 -1.31791
25 34 0 0 0 0 -0 -0.0178786 0 -0.0178786
33 34 0.0944742 0 -1.10903 0 0 0 0 -1.01456
34 35 0.0145524 0 -1.33621 0 0 0 0 -1.32165
35 36 0.00394112 0 -1.38688 0 0 0 0 -1.38294
36 37 0.00957764 0 0 0 0 0 0 0.00957764
37 38 0.0196962 0 -1.04133 0 0 0 0 -1.02163
38 39 0.000740862 0 -1.11565 0 0 0 0 -1.11491
39 40 0.0721691 0 0 0 0 0 0 0.0721691
40 41 0.0555242 0 -0.972393 0 0 0 0 -0.916868
41 42 0.0240189 0 -1.25959 0 0 0 0 -1.23557
42 43 0.105101 0 -0.948946 0 0 0 0 -0.843845
43 44 1.1424e-06 0 -0.766709 0 0 0 0 -0.766707
44 45 0.144493 0 0 0 0 0 0 0.144493
45 46 0.137161 0 -1.29468 0 0 0 0 -1.15752
46 47 0.0342887 0 -1.33647 0 0 0 0 -1.30218
47 48 0.00364826 0 -1.3842 0 0 0 0 -1.38055
48 49 0.0940999 0 -1.23766 0 0 0 0 -1.14356
49 50 0.000479769 0 -1.13967 0 0 0 0 -1.13919
50 51 0.15802 0 -0.878378 0 0 0 0 -0.720358
#Total energy per particle is  -0.825783 and should be -0.82578310

