t = 100000
b = 30 30 30
E = -0.647594957630887 -0.82578283386948 0.178187876238593
29.5525230321257 16.9128090973266 40.4809902613408 0.986281196817217 -0.165005906391665 0.00472548802786745 0.126516898212937 0.77399080634912 0.620428521650435 0.191700393201354 -0.111353400109409 -0.266981937615339 -0.0303572696049054 -0.00874946180029808 0.186575230185662
28.5535100424551 17.5127604285577 40.6534181722435 -0.901286723774286 -0.422142229036709 0.0973554419306564 -0.298107803427952 0.441267631135206 -0.846412727688284 -0.0886516704524292 -0.266743847937393 -0.257216544396554 -0.389837512775681 0.029055306926564 -0.388840884894806
29.5832378416615 17.5162601097102 41.0458587105906 0.464019474001422 -0.88366230224537 -0.0618598484720607 0.632272277036727 0.379302946245053 -0.675544892229029 -0.0514415933462648 0.650078922688838 0.0662972980877756 -0.271714436000553 -0.590567578661763 -0.202061799946644
30.0081902300455 17.5906378275037 40.8909657793401 -0.310957827930395 -0.665534209569565 -0.678505173593789 0.628855159024052 0.391209840750856 -0.67193445256532 0.106339642895587 0.11152992843851 -0.486256122739618 0.0886237954818144 0.206755238132059 0.128203321224381
30.2990444141493 17.4941059656324 40.6134308120664 -0.755199458045722 0.26320743924898 -0.600329520465212 0.638084931919111 0.504864151377197 -0.581343015325849 0.635769051708613 -0.429740959494602 0.870242834764727 0.181411875697681 -0.0368463044624243 -0.41281961125127
30.6285246164047 17.5047478028419 40.1439999614752 -0.733363851981936 0.678835693863689 -0.0368700923511179 0.461151579354095 0.456879864495566 -0.760657540654263 0.528736245582865 0.00068482058285288 -0.0556990207528368 0.47593987974466 -0.333688868861693 0.063766594843397
30.7248657707098 17.8042335226579 39.6458956146448 -0.636635801924938 0.649316768509383 0.416031808584776 0.258951673652074 0.688160217527122 -0.677775341069309 -0.212941788609951 -0.00785580989942533 0.000890103821331671 0.173218881280952 -0.0443150939981446 -0.111823339535037
32.0395677611344 17.8356270267375 39.8220950225297 0.906614698200183 0.409113976061884 0.10332178535701 -0.00970282701527532 -0.224584494092471 0.974406249140719 -0.284718115758634 0.314287219527819 0.245037416887479 -0.081385977847475 0.470661270445485 0.284555020465595
32.2573345838954 17.59611315385 40.2074923428312 0.263464146201412 0.963839496950203 0.0399978928348616 0.163981282686401 -0.085606351097804 0.982741865293165 -0.136400846014773 -0.0461586882853428 -0.421316959696471 -0.0142292910663645 0.03857358840374 -0.163752166221135
32.087957882424 17.5901352888423 41.0316187205991 -0.870362953732465 0.26543219245461 0.414745699795261 0.492394555889705 0.462339355556679 0.737421056384644 0.0816099092284793 -0.0740560711079916 0.453193950100033 -0.153149815001549 -0.361205648969804 0.295237504026169
32.1794935048065 17.9254597508 41.43576608721 -0.814528533274726 -0.40478423570067 0.415563309686453 0.249395649052414 0.402431893218891 0.880823635193639 -0.2452018108209 -0.558345740272638 0.0636215584990146 0.231660555952985 0.277351579171211 -0.235446604402273
32.1253785637872 18.2242596226105 41.8087133312605 -0.0602936627839351 -0.8964365862264 0.439051204323608 0.466697257808244 0.36349769728625 0.806264839026946 0.017266146501264 -0.426189892857467 0.591958627340682 -0.767966542255994 -0.0152400803774062 0.209306296965177
32.086221723415 18.2367929538781 42.3024414882812 0.818758308375824 -0.510482263467612 -0.262759450160438 0.469904423093834 0.332857694032543 0.817554557675225 -0.0566555218907683 0.221759535409827 0.0701410904462491 -0.536699341955305 0.57170898935985 -0.119037051765098
32.2085284035665 18.1072566167282 42.6999692118244 0.855196467298906 0.287609713446695 -0.431183858514821 0.335911055285077 0.325993644676495 0.883680810638184 -0.734807470418246 -0.104558710021924 0.162539658998183 0.331138777994853 -0.00542183959524399 -0.568251972336104
32.5814599793933 18.1104116849346 43.0563108846948 0.110226650695675 0.955131165262244 -0.274907946756185 0.469614448368815 0.193721624842392 0.861355970076126 0.44698376004745 0.687819977263259 0.096269348012364 -0.523096508375906 -0.143314504858044 0.35510204128108
33.1083601906351 18.2980175375459 43.2100880591551 -0.594304884401519 0.80017814284539 0.080724666271912 0.481017916871135 0.273218599973709 0.833050574380301 -0.0199908859413447 -0.223222845644998 0.373466910775486 -0.235639114748481 -0.358209095558783 0.224873321322609
33.2980271333774 18.7136512721936 43.3345082574373 -0.79390812665235 0.142326762628148 0.591145404899284 0.607460076251615 0.228024211509053 0.760918602714187 0.200946517946698 0.543482268207332 0.0922179886008844 -0.506334719438006 -0.27509104782125 0.630715973474184
33.4297848661292 19.038607372889 43.6508220667136 -0.617556003028872 -0.578726263127315 0.532635267476859 0.350511047173398 0.403735879461991 0.845067575045893 -0.0187993362505183 0.788325587498799 -0.0126448579074309 -0.0588242769392611 0.0687598603327124 0.0783642601378888
33.2284124008921 19.270094391597 44.0719604518136 0.239412693562722 -0.896573874294484 0.372607877705639 0.288659340126969 0.432144072366063 0.854357738099537 0.0619699999335127 -0.349080966625579 -0.342369338930542 0.211465635124981 0.555075968231938 0.246700163985191
32.9254943645931 20.7849891417537 44.0205022716172 -0.138696278609861 0.876952870205556 0.46012699701083 0.697766506627819 0.416239764258922 -0.582980500059412 0.180571349624834 0.260618736013226 -0.324354843267879 0.0658680785028112 0.197142929599323 0.411988781212432
33.589482137664 20.9788152935031 43.9085982186766 0.564854629961746 -0.259633221700177 0.783281388902542 0.471380662272799 0.880620773566681 -0.0480327040878307 0.127235738905896 -0.493866844623603 -0.0186116557237331 -0.376300305100429 -0.279948315729489 -0.277683741558669
33.7013241529557 21.4254244190768 44.2004457171851 0.818945439761076 -0.573111289661976 0.0295245793426782 0.572924364924768 0.81355695402505 -0.0994113052951188 -0.150673996292423 0.341830316402509 0.607964661326317 -0.407713704838686 -0.103552160550165 -0.177176851562838
34.024513944472 21.8931085965275 44.2646730089817 0.631668367522321 -0.715614707704508 -0.298145051191374 0.588903247971324 0.693048347406701 -0.415784518751264 -0.0561877112453641 -0.190247715756246 -0.0139118447932757 0.488122770561956 -0.618226176088252 0.088740263725211
33.1466718941457 21.793901758507 45.0014851085444 -0.0792996876585535 -0.99487550898617 -0.0627219167730579 -0.878865880640446 0.0400823165975374 0.475382001305313 -0.0215983783992829 0.564800070851026 0.176764461611668 0.022671191465571 0.70275364934384 -0.291500217997224
32.6594170280291 21.6304700089504 45.02649001638 0.439056175883148 -0.750111571794378 0.494532275769154 -0.818698853993601 -0.107296582583071 0.564109518978783 -0.484463370036207 0.286229331671562 0.263661104740175 -0.0221410661787901 0.223391360294951 -0.0079066209860462
26.2208588406563 19.2576626228668 44.2961674255637 -0.0366880299816738 -0.95715058411311 -0.28725699047886 0.118844096289333 -0.289589516032225 0.949744107723631 -0.0693795688616007 0.443608476129724 0.179843868541195 0.0163134733865856 -0.0224885828509733 -0.378425711300274
25.9252660741158 19.0768881941729 44.7232576357687 0.421410758311854 -0.826398614771191 -0.373467784382391 0.186279965664675 -0.324158222562966 0.927481067736725 0.155781525056014 0.292978614902261 0.21616154494433 0.374922073134521 -0.0484608877445691 0.105377285941933
25.6062190510731 18.9657159187192 46.0067478282756 -0.261424840544133 -0.446441901263558 0.855772470412205 0.770328948021164 0.437720403789139 0.463674484753366 -0.48279479407486 0.604081311443804 0.283485942093686 0.418907373519222 -0.456391953264325 -0.113188882826816
26.4749252372047 18.5554813295177 46.0869034077692 0.674595952275842 -0.718135442640064 -0.170884739453207 -0.182779522233991 0.0617871681294531 -0.981210400736313 0.433186506504554 0.337906718594317 0.277188174247251 -0.259001427276122 0.161779696003093 0.0861131375281968
26.7149659354428 18.5470040620412 45.6725603805253 -0.286173230611754 -0.957293975158017 -0.0411455733150996 -0.293967201522141 0.128587036646917 -0.947126483446294 0.110319194403466 -0.488468314553188 -0.285673613599071 -0.51524101170187 -0.193221045266251 -0.705879634000793
26.840522936273 18.4031507694319 45.1296507222454 -0.875323354788677 -0.407421563305239 0.260416234282024 -0.346588218496482 0.153103356899286 -0.925438196858738 0.0280215347735882 0.0842470790507478 0.570038399430302 0.449955736298008 0.108869584188454 0.00500297612499289
26.643785485307 18.2177183424615 44.6727206350494 -0.896112665966661 0.177421163016508 0.40682153282701 -0.388042585302188 0.131697833138589 -0.912183397334228 -0.346049368964473 0.225961018644652 -0.484284719405859 -0.00170146547652873 -0.00951731133455391 -0.519664402728769
26.3042909992156 17.981489051301 44.3685869032219 -0.383494284654007 0.893589851640835 0.233300447400466 -0.0873805854973857 0.216373974332832 -0.9723923007328 -0.239303359048942 0.196888412368374 0.0178166632739748 0.372926918404738 -0.232666301428846 -0.026868656958136
25.990787837044 18.1412489096219 43.9558452442193 0.318388774152993 0.899755414821989 0.298443539689534 -0.142141356856699 0.356580718713294 -0.923388255069983 -0.135002972715941 -0.340381061027755 0.34855059525437 -0.0271528063416336 -0.0381557980253867 -0.653426956290776
25.7360161267822 18.3292016248251 43.5433106516271 0.837867277419007 0.519867175312231 0.166482516034254 -0.0493106506828196 0.37581801001544 -0.925380565216455 0.00314947457851611 -0.0755342365924479 -0.0317295399306428 0.585009852166294 -0.225515198544508 0.110622801096801
25.6622582793744 18.7373624849912 43.2567859398402 0.966323555332295 -0.19664732426075 -0.165977571944778 -0.114514795937874 0.248994533987175 -0.961710955497487 -0.230446444190512 -0.0779665547581198 -0.296008483861451 0.0784526976218042 -0.430944681514818 0.393930349419892
25.7991392003858 19.08631058291 42.9422998954535 0.316283515823796 -0.867345105542023 -0.384287759435315 -0.229799059047734 0.322971256094826 -0.918085981376276 0.206268288186293 0.408830317461061 -0.121314887017021 -0.941411774806134 0.326176143357569 0.643139861629931
26.3417140634299 19.1557955265261 43.4211036601076 -0.143153806972165 -0.56780023489888 0.810623035494607 0.799826980186565 -0.548778291994068 -0.24314409067642 0.000844295641604583 0.819701693667854 -0.0323540803812008 0.0678783325943089 -0.0630097117596652 -0.0862338279382215
26.7435211488033 18.9443857509361 43.6935021992739 -0.527312106488948 -0.841168628629107 0.119904384492534 0.846844601824135 -0.531800236057719 -0.00652459412946874 -0.141203492357966 0.231992561185662 -0.239601257629582 -0.17530185132048 -0.111644401239559 0.533548018563857
27.1723029838475 18.6257503466111 43.8605019037677 -0.587594296636614 -0.582503187230485 -0.561625196987166 0.787871665520819 -0.57002515007572 -0.233086776913189 0.233888662380714 -0.467426232698362 -0.198223725495835 0.284692912692455 0.219262537313371 0.273116768887624
28.0999506598587 18.8655043721725 43.2706312715491 0.600071252710747 -0.223060381271057 -0.768217715847935 -0.799405519683676 -0.202526077682779 -0.565627016669312 -0.280546238475037 0.624560322334277 0.312574656004571 -0.554476344782256 -0.105262820871535 -0.481413072943798
27.6989717900271 18.8596717202555 42.9451892982453 0.580855761446453 -0.77301675665959 -0.255052094666538 -0.716026145970547 -0.336174108163909 -0.611795269345211 0.732801326083132 -0.135851932916085 0.350022214156314 -0.38270933716416 0.230913070956259 -0.315667099182831
27.5450777566022 18.7249746248937 42.4923968668396 0.0157179472106642 -0.827082194074305 0.561860997730634 -0.65613083536757 -0.43255137643823 -0.61837811528073 -0.318085649061825 -0.0966060917024311 0.459674369413496 -0.660090725183753 0.0921998603294083 0.458152608988096
27.4941427963899 18.2852263830356 42.2363699547454 -0.80083539772643 -0.0838162778021747 0.592990193639134 -0.579174947801185 -0.143539980044144 -0.802466521559097 -0.23020211324737 0.0408500565863242 0.593447823933211 -0.810989634086343 0.142959442044555 -0.0494377636232271
27.2412741214991 17.8952360329429 41.9124017645003 -0.70670427993729 0.542249236529095 0.454460900538007 -0.454213671875978 0.144767317989127 -0.879051921394213 0.431219772244334 0.273081324215188 0.0394634201978757 0.332709402787046 0.216125432012064 0.0705609738124658
26.626410662336 17.223685520126 41.1707180101401 -0.364569752679698 -0.336701527583503 -0.868170985367842 0.893498716759913 0.136037336688908 -0.427964737074118 -0.329143070901014 -0.571095080871171 -0.350564701624855 -0.173752355051191 0.0630566612164051 0.773889305511679
26.9683817609261 16.9670323028664 40.928006664844 -0.288905739710375 0.760851766189258 -0.581066216053253 0.906401320437511 0.0220086799914636 -0.421843816716336 -0.057447086675549 0.160972207819265 0.0784945319386502 0.33271593648746 0.276298916256506 0.47005349840251
27.2683973901458 16.8395889324241 40.5292720352945 -0.105193116300272 0.994450384506155 0.00161376906534002 0.873338591042709 0.0931577635678904 -0.478122611425614 0.244025353153621 0.223835656878989 0.084486142539454 0.16779741615296 0.442598631254547 -0.0577339269708983
27.5291704868859 16.9633194624132 40.0863303467872 0.179376098826239 0.709478872922672 0.681515770025762 0.877791188476405 0.197363488460835 -0.436497599543217 0.287573155260232 -0.212824971555348 -0.962974168956211 -0.490508004474436 -0.106349411193469 -0.429912723939451
27.7733501524383 17.4161942736851 39.8639982636031 0.404169394258745 -0.0314337903686366 0.914143827654062 0.861325761775742 0.349432912132527 -0.368801393015505 0.0465054898606527 -0.159507622184813 0.876186273592246 -0.520172078168251 -0.061516170402523 0.463796356230876
28.124515340481 17.8259666053023 39.7439567574209 0.40552912564135 -0.655921015827467 0.636642455616542 0.909620175221736 0.358309095113215 -0.210251407682349 0.427962353707079 0.0744312050099225 -0.388894321971117 -0.563183786568802 -0.0447252156749119 0.105903184142038
28.3905428231714 17.9679654811463 40.0177629157797 0.614585821822523 -0.766536969563315 -0.18629341407356 0.748009315302525 0.641285277563548 -0.170982944384234 0.540440167064604 -0.484667828994538 -0.114805330130556 0.560213902860406 -0.432055324147588 0.195873316513517
