t = 0
b =  30.0 30.0 30.0
E = 0. 0. 0.
11.594829446550847 25.44870781020264 20.259993564811502 -0.4511189313104708 0.09828144585807275 0.8870357756107391 0.8547157410238072 0.33358435356416 0.3977216125675164 0.0 0.0 0.0 0.0 0.0 0.0
11.786196920869541 25.919791948144727 20.433611901604028 -0.21483730926453 -0.47016080059213033 0.856033733058776 0.8547157410238072 0.33358435356416 0.3977216125675164 0.0 0.0 0.0 0.0 0.0 0.0
11.928592223781521 26.28370291679821 20.80236315478244 0.10306459845926941 -0.8599810982279887 0.4998101631969999 0.8547157410238072 0.33358435356416 0.3977216125675164 0.0 0.0 0.0 0.0 0.0 0.0
12.094481105155223 26.451581167051273 21.28504615038816 0.38181054208019766 -0.9230801985298241 -0.04629964404361825 0.8547157410238072 0.33358435356416 0.3977216125675164 0.0 0.0 0.0 0.0 0.0 0.0
12.347403711609793 26.409043257004708 21.757175140677315 0.5155002772330144 -0.6354856983322709 -0.5748194424232979 0.8547157410238072 0.33358435356416 0.3977216125675164 0.0 0.0 0.0 0.0 0.0 0.0
12.717834622479867 26.221646362027712 22.09827402097936 0.45334283835998956 -0.10645955658400569 -0.8849557241577937 0.8547157410238072 0.33358435356416 0.3977216125675164 0.0 0.0 0.0 0.0 0.0 0.0
13.191605047618554 26.00998200777764 22.237647216114464 0.2189528757059441 0.4630123506193908 -0.8588825306140551 0.8547157410238072 0.33358435356416 0.3977216125675164 0.0 0.0 0.0 0.0 0.0 0.0
13.715285787663772 25.90386133341996 22.181238111371318 -0.09862094512565468 0.8565781246687965 -0.5065055039398979 0.8547157410238072 0.33358435356416 0.3977216125675164 0.0 0.0 0.0 0.0 0.0 0.0
14.216485880164486 25.9929976695328 22.009371061067853 -0.3787270200497444 0.9247155479340001 0.03830143200145614 0.8547157410238072 0.33358435356416 0.3977216125675164 0.0 0.0 0.0 0.0 0.0 0.0
14.631355136528196 26.292922943893416 21.846234823394276 -0.5149483680788309 0.6415380741195845 0.5685570135596631 0.8547157410238072 0.33358435356416 0.3977216125675164 0.0 0.0 0.0 0.0 0.0 0.0
14.928841896185464 26.739086842435615 21.8127011748513 -0.4555322215971792 0.11462956000252977 0.8828082799002083 0.8547157410238072 0.33358435356416 0.3977216125675164 0.0 0.0 0.0 0.0 0.0 0.0
15.122490071596314 27.211380552787215 21.980403701489173 -0.22305176803816285 -0.45582864046352645 0.8616659209393291 0.8547157410238072 0.33358435356416 0.3977216125675164 0.0 0.0 0.0 0.0 0.0 0.0
15.26529358946453 27.579768110202483 22.344523001917526 0.09416978142524199 -0.8531099193690335 0.5131622723276552 0.8547157410238072 0.33358435356416 0.3977216125675164 0.0 0.0 0.0 0.0 0.0 0.0
15.429563111971687 27.753689234654438 22.82561765846964 0.3756146564904129 -0.9262804766690188 -0.030300303156956754 0.8547157410238072 0.33358435356416 0.3977216125675164 0.0 0.0 0.0 0.0 0.0 0.0
15.679454007244566 27.716464695304236 23.299805359963727 0.5143572436127144 -0.6475415942987384 -0.5622512868781876 0.8547157410238072 0.33358435356416 0.3977216125675164 0.0 0.0 0.0 0.0 0.0 0.0
16.046592652383236 27.53163302915871 23.645827862922665 0.45768691429202935 -0.1227908339362534 -0.880593606374177 0.8547157410238072 0.33358435356416 0.3977216125675164 0.0 0.0 0.0 0.0 0.0 0.0
16.518061044035914 27.318811188553795 23.791119025600697 0.22713367411466534 0.4486102171918782 -0.8643836920686483 0.8547157410238072 0.33358435356416 0.3977216125675164 0.0 0.0 0.0 0.0 0.0 0.0
17.041304563849803 27.20825006107331 23.739373898473808 -0.0897114463313807 0.8495767464459612 -0.5197799614215863 0.8547157410238072 0.33358435356416 0.3977216125675164 0.0 0.0 0.0 0.0 0.0 0.0
17.544098356649677 27.291349979677154 23.56914491278597 -0.3724736884207386 0.9277748655594987 0.022296866827059558 0.8547157410238072 0.33358435356416 0.3977216125675164 0.0 0.0 0.0 0.0 0.0 0.0
17.961986760454142 27.58593620807776 23.403998498592927 -0.5137269488510822 0.6534958016784272 0.5559027425843719 0.8547157410238072 0.33358435356416 0.3977216125675164 0.0 0.0 0.0 0.0 0.0 0.0
18.262771090103563 28.029486825033242 23.3655701320635 -0.4598067523563496 0.1309427568725688 0.8783118722356638 0.8547157410238072 0.33358435356416 0.3977216125675164 0.0 0.0 0.0 0.0 0.0 0.0
18.45874245608551 28.502885847537943 23.527352984446317 -0.2311982830825006 -0.44135763051532595 0.8670356370332191 0.8547157410238072 0.33358435356416 0.3977216125675164 0.0 0.0 0.0 0.0 0.0 0.0
18.60201216616414 28.87567738427934 23.88677663757217 0.08524627936354895 -0.8459788749643771 0.5263580672590452 0.8547157410238072 0.33358435356416 0.3977216125675164 0.0 0.0 0.0 0.0 0.0 0.0
18.76471376830597 29.05562800985384 24.366183628691598 0.3693043550376002 -0.92919860080194 -0.014291732504427834 0.8547157410238072 0.33358435356416 0.3977216125675164 0.0 0.0 0.0 0.0 0.0 0.0
19.011598309798796 29.023767785138265 24.842332818936956 0.5130575317933196 -0.6594002428227065 -0.5495118641444436 0.8547157410238072 0.33358435356416 0.3977216125675164 0.0 0.0 0.0 0.0 0.0 0.0
28.534388310961887 7.451391866756514 5.241964037213107 0.9610069279254525 0.017525167795654235 -0.27596839125707545 0.14555338818372388 0.8164893194708632 0.5587122715479274 0.0 0.0 0.0 0.0 0.0 0.0
28.783369979662417 7.568591149842338 5.70343728542326 0.6405896536785395 0.35258837655322856 -0.6821483213492264 0.14555338818372388 0.8164893194708632 0.5587122715479274 0.0 0.0 0.0 0.0 0.0 0.0
29.178374080075148 7.7661629644576795 6.00941480231803 0.0768016599112844 0.5536973660949404 -0.8291686992490712 0.14555338818372388 0.8164893194708632 0.5587122715479274 0.0 0.0 0.0 0.0 0.0 0.0
29.590885121281225 8.089950111096476 6.126383288129143 -0.5161645685115455 0.5444474689308954 -0.6611740253428227 0.14555338818372388 0.8164893194708632 0.5587122715479274 0.0 0.0 0.0 0.0 0.0 0.0
29.885736432853953 8.537844075409133 6.0926371340594905 -0.9130312475454619 0.32835287564374765 -0.24198828496862956 0.14555338818372388 0.8164893194708632 0.5587122715479274 0.0 0.0 0.0 0.0 0.0 0.0
29.972462242820125 9.060586088056422 6.0037297428170655 -0.9630220905684498 -0.012488464867783673 0.2691328506935157 0.14555338818372388 0.8164893194708632 0.5587122715479274 0.0 0.0 0.0 0.0 0.0 0.0
29.839667136939685 9.580481354744148 5.976171193358506 -0.647144740513752 -0.348585228780046 0.6780059167158874 0.14555338818372388 0.8164893194708632 0.5587122715479274 0.0 0.0 0.0 0.0 0.0 0.0
29.559355367096696 10.020916607563212 6.103164113948819 -0.0854062838548077 -0.5522486362445395 0.8292931993234707 0.14555338818372388 0.8164893194708632 0.5587122715479274 0.0 0.0 0.0 0.0 0.0 0.0
29.259575232161694 10.335466766373806 6.419194445418664 0.5087794479574965 -0.5461035536949147 0.665518130465166 0.14555338818372388 0.8164893194708632 0.5587122715479274 0.0 0.0 0.0 0.0 0.0 0.0
29.07577138839737 10.52553260293647 6.886929655668602 0.9096713611520015 -0.3324846007320757 0.248901596973374 0.14555338818372388 0.8164893194708632 0.5587122715479274 0.0 0.0 0.0 0.0 0.0 0.0
29.099327160030494 10.639808564300617 7.411401992780321 0.9649639153507585 0.00745081089496241 -0.2622768146213854 0.14555338818372388 0.8164893194708632 0.5587122715479274 0.0 0.0 0.0 0.0 0.0 0.0
29.34284648653046 10.75578293824271 7.8760883217465425 0.6536505447714518 0.3445555348920893 -0.6738118793069838 0.14555338818372388 0.8164893194708632 0.5587122715479274 0.0 0.0 0.0 0.0 0.0 0.0
29.73536547527822 10.95029875720491 8.187179211623217 0.09400440377915165 0.550757850522371 -0.8293545455100024 0.14555338818372388 0.8164893194708632 0.5587122715479274 0.0 0.0 0.0 0.0 0.0 0.0
30.149312770825286 11.270359845523304 8.309218706755207 -0.5013555818786658 0.5477180505589946 -0.6698115538052161 0.14555338818372388 0.8164893194708632 0.5587122715479274 0.0 0.0 0.0 0.0 0.0 0.0
30.448976045707937 11.715273280700595 8.278574637121649 -0.9062421997624538 0.3365910058307918 -0.2557959541578471 0.14555338818372388 0.8164893194708632 0.5587122715479274 0.0 0.0 0.0 0.0 0.0 0.0
30.542061382639787 12.236912646247866 8.189621871689177 -0.9668322543949038 -0.0024125895140443433 0.2554008051543758 0.14555338818372388 0.8164893194708632 0.5587122715479274 0.0 0.0 0.0 0.0 0.0 0.0
30.4147572767609 12.758002061939496 8.158887727827842 -0.6601065710094564 -0.3404996017661494 0.6695665285147026 0.14555338818372388 0.8164893194708632 0.5587122715479274 0.0 0.0 0.0 0.0 0.0 0.0
30.13698185725012 13.2014745826947 8.280781295209376 -0.10259536490419485 -0.5492251224575394 0.8293527331369172 0.14555338818372388 0.8164893194708632 0.5587122715479274 0.0 0.0 0.0 0.0 0.0 0.0
29.835819821081262 13.519751219504315 8.59172584420509 0.4938935356311982 -0.5492908365729474 0.6740539684021631 0.14555338818372388 0.8164893194708632 0.5587122715479274 0.0 0.0 0.0 0.0 0.0 0.0
29.647240831899918 13.712816992833663 9.056321016507216 0.9027440245207348 -0.34067177822124856 0.2626708314900568 0.14555338818372388 0.8164893194708632 0.5587122715479274 0.0 0.0 0.0 0.0 0.0 0.0
29.66444237151296 13.828226623598226 9.580792013112449 0.9686269654196336 -0.0026258155949056886 -0.24850534592722928 0.14555338818372388 0.8164893194708632 0.5587122715479274 0.0 0.0 0.0 0.0 0.0 0.0
29.902442458371294 13.94303769961531 10.048616208294339 0.6665123275763719 0.33641773827723737 -0.6652701876389424 0.14555338818372388 0.8164893194708632 0.5587122715479274 0.0 0.0 0.0 0.0 0.0 0.0
30.292374051272503 14.134535209658088 10.364792043271176 0.1111785129949866 0.5476505687732214 -0.8292877623422336 0.14555338818372388 0.8164893194708632 0.5587122715479274 0.0 0.0 0.0 0.0 0.0 0.0
30.707648789709157 14.450869684084571 10.491931706728524 -0.48639387747880547 0.5508217919630296 -0.6782450511797102 0.14555338818372388 0.8164893194708632 0.5587122715479274 0.0 0.0 0.0 0.0 0.0 0.0
31.012050028470114 14.89276400332066 10.464465389428446 -0.8991771018264328 0.34472660713682957 -0.26952570542147714 0.14555338818372388 0.8164893194708632 0.5587122715479274 0.0 0.0 0.0 0.0 0.0 0.0
31.111483818577085 15.413238763500427 10.375560679096903 -0.9703479117507549 0.007664020737832218 0.24159096205586278 0.14555338818372388 0.8164893194708632 0.5587122715479274 0.0 0.0 0.0 0.0 0.0 0.0
30.989726771668433 15.935460537448533 10.341726636167666 -0.6728673266490351 -0.33231025527506114 0.6609231838626954 0.14555338818372388 0.8164893194708632 0.5587122715479274 0.0 0.0 0.0 0.0 0.0 0.0
