        0.0000  -1.016306   0.318696  -0.697610 
        0.5000  -0.887600   1.987494   1.099895 
        1.0000  -0.850970   4.641895   3.790925 
        1.5000  -0.730434   4.191600   3.461166 
        2.0000  -0.750151   1.447324   0.697172 
        2.5000  -0.707102   0.649605  -0.057497 
        3.0000  -0.706393   3.024502   2.318109 
        3.5000  -0.707828   4.449777   3.741949 
        4.0000  -0.747760   2.965871   2.218110 
        4.5000  -0.682466   0.586257  -0.096209 
        5.0000  -0.685470   1.216486   0.531016 
        5.5000  -0.700158   3.628342   2.928184 
        6.0000  -0.645246   3.843245   3.198000 
        6.5000  -0.650170   1.709687   1.059517 
        7.0000  -0.635292   0.390444  -0.244848 
        7.5000  -0.647007   2.059808   1.412802 
        8.0000  -0.648833   3.770672   3.121839 
        8.5000  -0.699752   3.033497   2.333745 
        9.0000  -0.663984   0.818694   0.154710 
        9.5000  -0.661778   0.746183   0.084406 
       10.0000  -0.686710   2.807748   2.121038 
       10.5000  -0.613533   3.472355   2.858822 
       11.0000  -0.540577   2.255903   1.715326 
       11.5000  -0.528701   0.907099   0.378398 
       12.0000  -0.497024   1.480813   0.983788 
       12.5000  -0.459285   2.832243   2.372958 
       13.0000  -0.478408   2.827574   2.349165 
       13.5000  -0.489610   1.428597   0.938987 
       14.0000  -0.481050   0.749945   0.268894 
       14.5000  -0.470595   1.818749   1.348155 
       15.0000  -0.440899   2.722534   2.281634 
       15.5000  -0.484484   2.264318   1.779834 
       16.0000  -0.403783   1.370196   0.966414 
       16.5000  -0.434966   1.437900   1.002934 
       17.0000  -0.409476   2.143286   1.733810 
       17.5000  -0.415451   2.337863   1.922412 
       18.0000  -0.390498   1.695092   1.304594 
       18.5000  -0.433459   1.131698   0.698239 
       19.0000  -0.422945   1.470664   1.047719 
       19.5000  -0.366693   2.074451   1.707757 
       20.0000  -0.327649   1.979859   1.652211 
       20.5000  -0.352911   1.307913   0.955001 
       21.0000  -0.345963   0.957049   0.611086 
       21.5000  -0.348563   1.498174   1.149611 
       22.0000  -0.315476   1.906929   1.591453 
       22.5000  -0.344621   1.676745   1.332124 
       23.0000  -0.335590   1.005522   0.669932 
       23.5000  -0.343878   0.937156   0.593278 
       24.0000  -0.316662   1.475169   1.158506 
       24.5000  -0.315535   1.740451   1.424916 
       25.0000  -0.292394   1.350633   1.058239 
       25.5000  -0.284300   0.800961   0.516661 
       26.0000  -0.249915   0.873579   0.623664 
       26.5000  -0.280405   1.436514   1.156109 
       27.0000  -0.259191   1.493190   1.233999 
       27.5000  -0.272355   1.078254   0.805898 
       28.0000  -0.277527   0.700206   0.422679 
       28.5000  -0.221997   0.909451   0.687454 
       29.0000  -0.286057   1.426130   1.140072 
       29.5000  -0.203363   1.300501   1.097138 
       30.0000  -0.241992   0.879727   0.637734 
       30.5000  -0.247980   0.623283   0.375303 
       31.0000  -0.245005   0.948385   0.703380 
       31.5000  -0.210524   1.244275   1.033751 
       32.0000  -0.241494   1.148284   0.906790 
       32.5000  -0.224609   0.675037   0.450428 
       33.0000  -0.234694   0.573316   0.338622 
       33.5000  -0.190063   0.896717   0.706654 
       34.0000  -0.236310   1.154916   0.918606 
       34.5000  -0.200575   0.939263   0.738688 
       35.0000  -0.218581   0.583092   0.364511 
       35.5000  -0.202360   0.590492   0.388132 
       36.0000  -0.202052   0.926184   0.724132 
       36.5000  -0.201395   1.046048   0.844653 
       37.0000  -0.195536   0.821326   0.625791 
       37.5000  -0.177803   0.485092   0.307289 
       38.0000  -0.183515   0.585380   0.401865 
       38.5000  -0.174099   0.899260   0.725160 
       39.0000  -0.201330   0.991086   0.789756 
       39.5000  -0.181697   0.697595   0.515899 
       40.0000  -0.192938   0.451672   0.258734 
       40.5000  -0.160469   0.557067   0.396598 
       41.0000  -0.175210   0.835941   0.660731 
       41.5000  -0.210174   0.877590   0.667416 
       42.0000  -0.225270   0.642177   0.416907 
       42.5000  -0.218138   0.459386   0.241247 
       43.0000  -0.232348   0.640955   0.408607 
       43.5000  -0.231457   0.854431   0.622974 
       44.0000  -0.210421   0.798779   0.588358 
       44.5000  -0.251093   0.578259   0.327166 
       45.0000  -0.206075   0.403311   0.197236 
       45.5000  -0.203826   0.599113   0.395287 
       46.0000  -0.192597   0.771873   0.579276 
       46.5000  -0.225543   0.758661   0.533118 
       47.0000  -0.219629   0.508915   0.289286 
       47.5000  -0.230292   0.424222   0.193929 
       48.0000  -0.166423   0.560101   0.393678 
       48.5000  -0.194694   0.730357   0.535662 
       49.0000  -0.169021   0.648763   0.479742 
       49.5000  -0.218793   0.475218   0.256425 
       50.0000  -0.211043   0.404320   0.193278 
       50.5000  -0.218503   0.589066   0.370563 
       51.0000  -0.207844   0.693964   0.486120 
       51.5000  -0.217882   0.647575   0.429693 
       52.0000  -0.228613   0.475893   0.247280 
       52.5000  -0.197041   0.374249   0.177208 
       53.0000  -0.193818   0.532802   0.338985 
       53.5000  -0.210513   0.673989   0.463475 
       54.0000  -0.207647   0.630716   0.423070 
       54.5000  -0.201361   0.435871   0.234510 
       55.0000  -0.273302   0.454568   0.181267 
       55.5000  -0.206957   0.557754   0.350797 
       56.0000  -0.211038   0.658686   0.447648 
       56.5000  -0.205426   0.597439   0.392013 
       57.0000  -0.227943   0.438985   0.211042 
       57.5000  -0.234597   0.392369   0.157772 
       58.0000  -0.204253   0.496434   0.292181 
       58.5000  -0.223174   0.604966   0.381792 
       59.0000  -0.266885   0.589318   0.322433 
       59.5000  -0.253913   0.433597   0.179684 
       60.0000  -0.239552   0.367926   0.128374 
       60.5000  -0.241701   0.515909   0.274207 
       61.0000  -0.247215   0.586486   0.339271 
       61.5000  -0.236211   0.539529   0.303318 
       62.0000  -0.254318   0.428743   0.174424 
       62.5000  -0.261182   0.397243   0.136061 
       63.0000  -0.231902   0.479723   0.247821 
       63.5000  -0.249328   0.571729   0.322401 
       64.0000  -0.244615   0.533331   0.288715 
       64.5000  -0.248164   0.414318   0.166154 
       65.0000  -0.207702   0.314292   0.106590 
       65.5000  -0.235581   0.435298   0.199718 
       66.0000  -0.248238   0.538198   0.289960 
       66.5000  -0.234576   0.511643   0.277067 
       67.0000  -0.237956   0.411106   0.173150 
       67.5000  -0.261924   0.374561   0.112637 
       68.0000  -0.256438   0.431783   0.175345 
       68.5000  -0.244726   0.498444   0.253718 
       69.0000  -0.285470   0.540305   0.254835 
       69.5000  -0.245275   0.425264   0.179988 
       70.0000  -0.289154   0.387074   0.097919 
       70.5000  -0.272774   0.409979   0.137205 
       71.0000  -0.239642   0.455960   0.216318 
       71.5000  -0.266796   0.491074   0.224279 
       72.0000  -0.268417   0.435474   0.167057 
       72.5000  -0.266553   0.349204   0.082651 
       73.0000  -0.286626   0.374706   0.088080 
       73.5000  -0.282335   0.444775   0.162440 
       74.0000  -0.295638   0.474445   0.178807 
       74.5000  -0.275677   0.430711   0.155034 
       75.0000  -0.309788   0.389937   0.080149 
       75.5000  -0.295589   0.359003   0.063414 
       76.0000  -0.268423   0.386758   0.118334 
       76.5000  -0.289970   0.435398   0.145428 
       77.0000  -0.301518   0.442450   0.140932 
       77.5000  -0.282526   0.379548   0.097022 
       78.0000  -0.282857   0.350220   0.067363 
       78.5000  -0.307633   0.392474   0.084841 
       79.0000  -0.292386   0.421093   0.128707 
       79.5000  -0.308289   0.433614   0.125325 
       80.0000  -0.285934   0.392688   0.106754 
       80.5000  -0.311565   0.369341   0.057775 
       81.0000  -0.288656   0.338886   0.050230 
       81.5000  -0.313484   0.405614   0.092129 
       82.0000  -0.314921   0.428894   0.113973 
       82.5000  -0.280221   0.390288   0.110067 
       83.0000  -0.265094   0.357761   0.092667 
       83.5000  -0.319677   0.371268   0.051591 
       84.0000  -0.296642   0.354265   0.057623 
       84.5000  -0.330301   0.415625   0.085325 
       85.0000  -0.322196   0.402205   0.080010 
       85.5000  -0.319155   0.377447   0.058292 
       86.0000  -0.323298   0.345348   0.022050 
       86.5000  -0.316282   0.325312   0.009030 
       87.0000  -0.336596   0.374764   0.038168 
       87.5000  -0.314495   0.383010   0.068515 
       88.0000  -0.339589   0.412487   0.072899 
       88.5000  -0.310933   0.366783   0.055850 
       89.0000  -0.308611   0.343099   0.034488 
       89.5000  -0.317243   0.375656   0.058413 
       90.0000  -0.320778   0.394539   0.073761 
       90.5000  -0.361120   0.439452   0.078331 
       91.0000  -0.328873   0.405515   0.076642 
       91.5000  -0.338200   0.381525   0.043325 
       92.0000  -0.344083   0.391781   0.047699 
       92.5000  -0.326260   0.386195   0.059934 
       93.0000  -0.337412   0.417291   0.079879 
       93.5000  -0.321270   0.402477   0.081207 
       94.0000  -0.326254   0.375374   0.049121 
       94.5000  -0.336979   0.371738   0.034760 
       95.0000  -0.352769   0.399169   0.046400 
       95.5000  -0.336046   0.390886   0.054840 
       96.0000  -0.334965   0.387615   0.052651 
       96.5000  -0.381194   0.416461   0.035267 
       97.0000  -0.359454   0.379403   0.019949 
       97.5000  -0.371522   0.414849   0.043326 
       98.0000  -0.367709   0.433431   0.065722 
       98.5000  -0.370317   0.430057   0.059740 
       99.0000  -0.372904   0.427962   0.055059 
       99.5000  -0.385171   0.412628   0.027457 
      100.0000  -0.379821   0.386260   0.006439 
      100.5000  -0.373636   0.397100   0.023464 
      101.0000  -0.368462   0.427792   0.059329 
      101.5000  -0.345610   0.398130   0.052520 
      102.0000  -0.346033   0.400303   0.054270 
      102.5000  -0.404331   0.423729   0.019398 
      103.0000  -0.374271   0.380112   0.005841 
      103.5000  -0.378774   0.409108   0.030334 
      104.0000  -0.384454   0.424274   0.039821 
      104.5000  -0.374353   0.411681   0.037328 
      105.0000  -0.367353   0.387096   0.019744 
      105.5000  -0.365488   0.380928   0.015440 
      106.0000  -0.393832   0.424278   0.030446 
      106.5000  -0.386405   0.415911   0.029507 
      107.0000  -0.379942   0.392156   0.012214 
      107.5000  -0.407202   0.383575  -0.023627 
      108.0000  -0.399455   0.377210  -0.022244 
      108.5000  -0.411935   0.402622  -0.009313 
      109.0000  -0.413645   0.419615   0.005970 
      109.5000  -0.427560   0.420568  -0.006992 
      110.0000  -0.415417   0.395617  -0.019799 
      110.5000  -0.394707   0.369877  -0.024830 
      111.0000  -0.443484   0.436006  -0.007478 
      111.5000  -0.410182   0.393532  -0.016650 
      112.0000  -0.435797   0.411291  -0.024506 
      112.5000  -0.402626   0.352895  -0.049731 
      113.0000  -0.434484   0.378620  -0.055864 
      113.5000  -0.398424   0.358906  -0.039518 
      114.0000  -0.405393   0.385976  -0.019417 
      114.5000  -0.428461   0.401326  -0.027135 
      115.0000  -0.432688   0.399566  -0.033121 
      115.5000  -0.450167   0.402272  -0.047894 
      116.0000  -0.425796   0.376919  -0.048878 
      116.5000  -0.441734   0.396041  -0.045693 
      117.0000  -0.425141   0.381016  -0.044126 
      117.5000  -0.473879   0.424026  -0.049853 
      118.0000  -0.435618   0.354234  -0.081384 
      118.5000  -0.426600   0.336257  -0.090343 
      119.0000  -0.423907   0.339063  -0.084843 
      119.5000  -0.432727   0.355275  -0.077452 
      120.0000  -0.432545   0.353694  -0.078851 
      120.5000  -0.402626   0.297285  -0.105340 
      121.0000  -0.441974   0.329450  -0.112524 
      121.5000  -0.443780   0.342480  -0.101300 
      122.0000  -0.432300   0.340439  -0.091862 
      122.5000  -0.425837   0.329772  -0.096065 
      123.0000  -0.458733   0.369952  -0.088781 
      123.5000  -0.414129   0.317213  -0.096916 
      124.0000  -0.434148   0.325790  -0.108358 
      124.5000  -0.447165   0.347741  -0.099423 
      125.0000  -0.468917   0.382736  -0.086181 
      125.5000  -0.452235   0.367917  -0.084318 
      126.0000  -0.400283   0.317305  -0.082978 
      126.5000  -0.449867   0.355838  -0.094028 
      127.0000  -0.452570   0.339964  -0.112606 
      127.5000  -0.457796   0.337463  -0.120333 
      128.0000  -0.466786   0.360285  -0.106501 
      128.5000  -0.448417   0.357380  -0.091037 
      129.0000  -0.432432   0.340983  -0.091449 
      129.5000  -0.419286   0.323061  -0.096225 
      130.0000  -0.454934   0.348379  -0.106555 
      130.5000  -0.436794   0.330604  -0.106191 
      131.0000  -0.455723   0.360889  -0.094834 
      131.5000  -0.447568   0.358600  -0.088968 
      132.0000  -0.460400   0.361343  -0.099056 
      132.5000  -0.474032   0.375459  -0.098573 
      133.0000  -0.425264   0.314246  -0.111018 
      133.5000  -0.425480   0.313996  -0.111483 
      134.0000  -0.474057   0.353428  -0.120629 
      134.5000  -0.463023   0.341335  -0.121689 
      135.0000  -0.453255   0.329346  -0.123909 
      135.5000  -0.461359   0.345042  -0.116317 
      136.0000  -0.471227   0.359047  -0.112181 
      136.5000  -0.465095   0.348682  -0.116413 
      137.0000  -0.441108   0.322141  -0.118966 
      137.5000  -0.437712   0.325781  -0.111931 
      138.0000  -0.423521   0.312638  -0.110883 
      138.5000  -0.484764   0.372391  -0.112373 
      139.0000  -0.456255   0.333597  -0.122659 
      139.5000  -0.475443   0.338298  -0.137144 
      140.0000  -0.456866   0.316882  -0.139984 
      140.5000  -0.491574   0.352088  -0.139486 
      141.0000  -0.463881   0.336533  -0.127348 
      141.5000  -0.482933   0.353436  -0.129497 
      142.0000  -0.494067   0.364073  -0.129994 
      142.5000  -0.489994   0.355718  -0.134276 
      143.0000  -0.493274   0.356303  -0.136971 
      143.5000  -0.473557   0.336645  -0.136911 
      144.0000  -0.496380   0.369343  -0.127037 
      144.5000  -0.466310   0.352527  -0.113783 
      145.0000  -0.458085   0.348069  -0.110016 
      145.5000  -0.458895   0.353438  -0.105457 
      146.0000  -0.451498   0.330014  -0.121484 
      146.5000  -0.438542   0.308748  -0.129794 
      147.0000  -0.464002   0.342552  -0.121449 
      147.5000  -0.459139   0.337312  -0.121827 
      148.0000  -0.444401   0.320316  -0.124085 
      148.5000  -0.453594   0.325145  -0.128449 
      149.0000  -0.432536   0.301712  -0.130824 
      149.5000  -0.445398   0.322317  -0.123081 
      150.0000  -0.445225   0.328192  -0.117033 
      150.5000  -0.430221   0.324539  -0.105682 
      151.0000  -0.489985   0.386897  -0.103088 
      151.5000  -0.448262   0.343912  -0.104350 
      152.0000  -0.443912   0.332506  -0.111406 
      152.5000  -0.472186   0.353180  -0.119005 
      153.0000  -0.485284   0.367479  -0.117805 
      153.5000  -0.476350   0.367252  -0.109098 
      154.0000  -0.438643   0.331708  -0.106936 
      154.5000  -0.455725   0.352152  -0.103573 
      155.0000  -0.472383   0.361118  -0.111265 
      155.5000  -0.508557   0.392803  -0.115754 
      156.0000  -0.482250   0.356256  -0.125994 
      156.5000  -0.485084   0.355846  -0.129238 
      157.0000  -0.496601   0.361741  -0.134860 
      157.5000  -0.489537   0.355800  -0.133737 
      158.0000  -0.523122   0.380318  -0.142805 
      158.5000  -0.505671   0.364096  -0.141575 
      159.0000  -0.518534   0.374499  -0.144035 
      159.5000  -0.473164   0.334067  -0.139097 
      160.0000  -0.520502   0.387391  -0.133111 
      160.5000  -0.508049   0.364164  -0.143885 
      161.0000  -0.502630   0.349335  -0.153296 
      161.5000  -0.500681   0.345867  -0.154813 
      162.0000  -0.529965   0.373376  -0.156589 
      162.5000  -0.495096   0.346690  -0.148406 
      163.0000  -0.514951   0.361219  -0.153732 
      163.5000  -0.551211   0.396993  -0.154218 
      164.0000  -0.547017   0.393065  -0.153952 
      164.5000  -0.489296   0.334083  -0.155213 
      165.0000  -0.556413   0.407314  -0.149099 
      165.5000  -0.518371   0.373369  -0.145002 
      166.0000  -0.498674   0.360271  -0.138404 
      166.5000  -0.525326   0.387422  -0.137904 
      167.0000  -0.527879   0.384318  -0.143561 
      167.5000  -0.493686   0.348791  -0.144894 
      168.0000  -0.526605   0.373649  -0.152957 
      168.5000  -0.519259   0.352939  -0.166320 
      169.0000  -0.535914   0.357879  -0.178035 
      169.5000  -0.498143   0.316942  -0.181201 
      170.0000  -0.511619   0.319895  -0.191724 
      170.5000  -0.500329   0.318970  -0.181359 
      171.0000  -0.521165   0.335565  -0.185600 
      171.5000  -0.536139   0.346320  -0.189819 
      172.0000  -0.507518   0.321858  -0.185660 
      172.5000  -0.504952   0.322194  -0.182758 
      173.0000  -0.498752   0.308375  -0.190376 
      173.5000  -0.537969   0.343102  -0.194867 
      174.0000  -0.519757   0.322239  -0.197517 
      174.5000  -0.522675   0.324794  -0.197881 
      175.0000  -0.489685   0.288277  -0.201408 
      175.5000  -0.498733   0.294085  -0.204648 
      176.0000  -0.533028   0.336468  -0.196559 
      176.5000  -0.527686   0.333292  -0.194394 
      177.0000  -0.494376   0.300063  -0.194313 
      177.5000  -0.504661   0.297854  -0.206808 
      178.0000  -0.547480   0.351566  -0.195914 
      178.5000  -0.500998   0.317017  -0.183981 
      179.0000  -0.503450   0.328612  -0.174837 
      179.5000  -0.505662   0.335187  -0.170475 
      180.0000  -0.478992   0.308924  -0.170067 
      180.5000  -0.503606   0.348300  -0.155306 
      181.0000  -0.496133   0.340287  -0.155846 
      181.5000  -0.496611   0.346502  -0.150109 
      182.0000  -0.516160   0.365952  -0.150208 
      182.5000  -0.526732   0.377897  -0.148835 
      183.0000  -0.533550   0.380182  -0.153368 
      183.5000  -0.539109   0.382517  -0.156593 
      184.0000  -0.501919   0.346390  -0.155529 
      184.5000  -0.517834   0.363023  -0.154811 
      185.0000  -0.515453   0.357347  -0.158105 
      185.5000  -0.476698   0.317530  -0.159168 
      186.0000  -0.492620   0.335146  -0.157474 
      186.5000  -0.465722   0.309408  -0.156314 
      187.0000  -0.471807   0.311769  -0.160038 
      187.5000  -0.484038   0.321404  -0.162635 
      188.0000  -0.491680   0.317030  -0.174649 
      188.5000  -0.501223   0.330293  -0.170931 
      189.0000  -0.501616   0.319853  -0.181763 
      189.5000  -0.506698   0.333680  -0.173018 
      190.0000  -0.504466   0.322341  -0.182125 
      190.5000  -0.555403   0.373695  -0.181708 
      191.0000  -0.536270   0.345973  -0.190297 
      191.5000  -0.521575   0.328909  -0.192665 
      192.0000  -0.537950   0.329844  -0.208106 
      192.5000  -0.524012   0.310719  -0.213292 
      193.0000  -0.515620   0.297718  -0.217902 
      193.5000  -0.545477   0.327352  -0.218125 
      194.0000  -0.534065   0.320050  -0.214015 
      194.5000  -0.529762   0.312068  -0.217693 
      195.0000  -0.537142   0.317278  -0.219864 
      195.5000  -0.550917   0.329345  -0.221572 
      196.0000  -0.542954   0.334751  -0.208202 
      196.5000  -0.538685   0.329782  -0.208903 
      197.0000  -0.562983   0.347209  -0.215775 
      197.5000  -0.566986   0.349751  -0.217235 
      198.0000  -0.549144   0.339516  -0.209628 
      198.5000  -0.552232   0.339026  -0.213207 
      199.0000  -0.521658   0.307705  -0.213953 
      199.5000  -0.560058   0.341802  -0.218256 
      200.0000  -0.532722   0.312774  -0.219948 
      200.5000  -0.565327   0.335998  -0.229329 
      201.0000  -0.534895   0.305238  -0.229658 
      201.5000  -0.548731   0.330332  -0.218399 
      202.0000  -0.561229   0.344757  -0.216472 
      202.5000  -0.558727   0.349939  -0.208788 
      203.0000  -0.541510   0.325073  -0.216437 
      203.5000  -0.528216   0.311022  -0.217195 
      204.0000  -0.551640   0.335721  -0.215919 
      204.5000  -0.565114   0.352406  -0.212708 
      205.0000  -0.587782   0.368638  -0.219144 
      205.5000  -0.560267   0.341608  -0.218659 
      206.0000  -0.532831   0.316032  -0.216798 
      206.5000  -0.560646   0.332036  -0.228610 
      207.0000  -0.572295   0.334581  -0.237714 
      207.5000  -0.559421   0.320253  -0.239168 
      208.0000  -0.583093   0.347908  -0.235184 
      208.5000  -0.557282   0.324105  -0.233177 
      209.0000  -0.562722   0.325597  -0.237125 
      209.5000  -0.557111   0.314871  -0.242240 
      210.0000  -0.566536   0.320153  -0.246383 
      210.5000  -0.548514   0.298877  -0.249637 
      211.0000  -0.558811   0.304925  -0.253886 
      211.5000  -0.570926   0.315748  -0.255178 
      212.0000  -0.535780   0.284534  -0.251245 
      212.5000  -0.542968   0.294370  -0.248598 
      213.0000  -0.550645   0.299147  -0.251498 
      213.5000  -0.569336   0.314615  -0.254722 
      214.0000  -0.566691   0.322506  -0.244184 
      214.5000  -0.568043   0.312857  -0.255186 
      215.0000  -0.542682   0.281861  -0.260822 
      215.5000  -0.567505   0.304504  -0.263001 
      216.0000  -0.574189   0.311678  -0.262511 
      216.5000  -0.576861   0.316390  -0.260471 
      217.0000  -0.534050   0.279518  -0.254532 
      217.5000  -0.550983   0.302777  -0.248207 
      218.0000  -0.575588   0.327818  -0.247770 
      218.5000  -0.523682   0.279385  -0.244297 
      219.0000  -0.554469   0.315041  -0.239427 
      219.5000  -0.508240   0.271451  -0.236789 
      220.0000  -0.534032   0.297199  -0.236833 
      220.5000  -0.522812   0.289602  -0.233210 
      221.0000  -0.525275   0.300394  -0.224880 
      221.5000  -0.511816   0.283345  -0.228470 
      222.0000  -0.532278   0.308117  -0.224161 
      222.5000  -0.544498   0.322776  -0.221723 
      223.0000  -0.526924   0.297418  -0.229507 
      223.5000  -0.557985   0.332455  -0.225530 
      224.0000  -0.541806   0.306534  -0.235272 
      224.5000  -0.560801   0.318728  -0.242073 
      225.0000  -0.564344   0.337073  -0.227271 
      225.5000  -0.559683   0.340071  -0.219612 
      226.0000  -0.527652   0.299437  -0.228216 
      226.5000  -0.561843   0.327322  -0.234520 
      227.0000  -0.504167   0.268501  -0.235666 
      227.5000  -0.535795   0.294356  -0.241439 
      228.0000  -0.538902   0.298347  -0.240555 
      228.5000  -0.545223   0.307173  -0.238050 
      229.0000  -0.557137   0.322994  -0.234143 
      229.5000  -0.523566   0.281214  -0.242351 
      230.0000  -0.540095   0.294535  -0.245561 
      230.5000  -0.533393   0.290114  -0.243279 
      231.0000  -0.570104   0.342148  -0.227957 
      231.5000  -0.564755   0.336248  -0.228508 
      232.0000  -0.580001   0.360256  -0.219745 
      232.5000  -0.548745   0.320610  -0.228135 
      233.0000  -0.541354   0.314648  -0.226706 
      233.5000  -0.546389   0.310951  -0.235438 
      234.0000  -0.532209   0.291732  -0.240478 
      234.5000  -0.563851   0.316308  -0.247544 
      235.0000  -0.542951   0.293516  -0.249435 
      235.5000  -0.537904   0.295359  -0.242545 
      236.0000  -0.556398   0.321661  -0.234737 
      236.5000  -0.545541   0.307170  -0.238371 
      237.0000  -0.544384   0.314289  -0.230095 
      237.5000  -0.551972   0.322796  -0.229177 
      238.0000  -0.539263   0.306043  -0.233220 
      238.5000  -0.539946   0.307111  -0.232834 
      239.0000  -0.529595   0.305810  -0.223785 
      239.5000  -0.549876   0.326536  -0.223340 
      240.0000  -0.537086   0.316383  -0.220703 
      240.5000  -0.556263   0.335821  -0.220442 
      241.0000  -0.539884   0.316415  -0.223469 
      241.5000  -0.508181   0.279386  -0.228795 
      242.0000  -0.522086   0.292852  -0.229234 
      242.5000  -0.547049   0.313136  -0.233913 
      243.0000  -0.533639   0.299767  -0.233872 
      243.5000  -0.516311   0.280432  -0.235879 
      244.0000  -0.507274   0.276338  -0.230936 
      244.5000  -0.525364   0.292004  -0.233360 
      245.0000  -0.541108   0.318342  -0.222766 
      245.5000  -0.537832   0.316732  -0.221100 
      246.0000  -0.548210   0.332309  -0.215901 
      246.5000  -0.530698   0.314955  -0.215743 
      247.0000  -0.565592   0.356993  -0.208599 
      247.5000  -0.522325   0.314818  -0.207507 
      248.0000  -0.530691   0.315717  -0.214973 
      248.5000  -0.550575   0.337785  -0.212790 
      249.0000  -0.545636   0.323668  -0.221968 
      249.5000  -0.541224   0.331807  -0.209417 
      250.0000  -0.548364   0.336993  -0.211371 
      250.5000  -0.545886   0.335739  -0.210147 
      251.0000  -0.528324   0.316176  -0.212148 
      251.5000  -0.537472   0.315110  -0.222362 
      252.0000  -0.544741   0.313464  -0.231276 
      252.5000  -0.532243   0.297158  -0.235085 
      253.0000  -0.554394   0.321629  -0.232765 
      253.5000  -0.497859   0.272804  -0.225054 
      254.0000  -0.520120   0.296498  -0.223621 
      254.5000  -0.553159   0.333262  -0.219897 
      255.0000  -0.515179   0.296039  -0.219140 
      255.5000  -0.551641   0.327378  -0.224263 
      256.0000  -0.569985   0.351965  -0.218021 
      256.5000  -0.537215   0.322176  -0.215039 
      257.0000  -0.582860   0.358901  -0.223959 
      257.5000  -0.517502   0.298695  -0.218807 
      258.0000  -0.571837   0.358774  -0.213063 
      258.5000  -0.532281   0.315111  -0.217170 
      259.0000  -0.514118   0.296080  -0.218038 
      259.5000  -0.579287   0.364245  -0.215042 
      260.0000  -0.558793   0.341994  -0.216799 
      260.5000  -0.534638   0.318488  -0.216150 
      261.0000  -0.557391   0.340913  -0.216478 
      261.5000  -0.567428   0.349601  -0.217827 
      262.0000  -0.575301   0.366889  -0.208412 
      262.5000  -0.549197   0.349549  -0.199649 
      263.0000  -0.546505   0.335208  -0.211297 
      263.5000  -0.533112   0.328417  -0.204695 
      264.0000  -0.603949   0.397883  -0.206066 
      264.5000  -0.534509   0.331795  -0.202714 
      265.0000  -0.577980   0.363311  -0.214669 
      265.5000  -0.562633   0.342539  -0.220094 
      266.0000  -0.564618   0.337055  -0.227563 
      266.5000  -0.591889   0.357430  -0.234459 
      267.0000  -0.572978   0.340539  -0.232439 
      267.5000  -0.573523   0.339419  -0.234104 
      268.0000  -0.565456   0.336347  -0.229109 
      268.5000  -0.568897   0.349263  -0.219633 
      269.0000  -0.580490   0.361691  -0.218799 
      269.5000  -0.542313   0.317750  -0.224563 
      270.0000  -0.539474   0.322823  -0.216651 
      270.5000  -0.560898   0.345892  -0.215006 
      271.0000  -0.553524   0.342282  -0.211242 
      271.5000  -0.532509   0.322238  -0.210271 
      272.0000  -0.556891   0.344706  -0.212184 
      272.5000  -0.545587   0.343073  -0.202515 
      273.0000  -0.562605   0.356003  -0.206602 
      273.5000  -0.565931   0.368270  -0.197661 
      274.0000  -0.548964   0.356262  -0.192702 
      274.5000  -0.561759   0.367017  -0.194742 
      275.0000  -0.536508   0.341936  -0.194571 
      275.5000  -0.545473   0.352850  -0.192622 
      276.0000  -0.570112   0.374950  -0.195162 
      276.5000  -0.540494   0.350878  -0.189616 
      277.0000  -0.528561   0.337858  -0.190703 
      277.5000  -0.555539   0.368266  -0.187273 
      278.0000  -0.526616   0.343461  -0.183154 
      278.5000  -0.555453   0.372607  -0.182846 
      279.0000  -0.537442   0.352224  -0.185219 
      279.5000  -0.561865   0.380910  -0.180955 
      280.0000  -0.516873   0.335329  -0.181545 
      280.5000  -0.543968   0.358517  -0.185451 
      281.0000  -0.535986   0.345250  -0.190736 
      281.5000  -0.510551   0.320295  -0.190256 
      282.0000  -0.539001   0.331317  -0.207683 
      282.5000  -0.563183   0.344506  -0.218677 
      283.0000  -0.529705   0.315666  -0.214040 
      283.5000  -0.522799   0.320105  -0.202694 
      284.0000  -0.526237   0.324936  -0.201301 
      284.5000  -0.531460   0.337327  -0.194133 
      285.0000  -0.550190   0.368444  -0.181746 
      285.5000  -0.495055   0.311051  -0.184005 
      286.0000  -0.545348   0.351150  -0.194197 
      286.5000  -0.525327   0.322981  -0.202346 
      287.0000  -0.522349   0.313942  -0.208407 
      287.5000  -0.556261   0.350081  -0.206180 
      288.0000  -0.532276   0.322676  -0.209600 
      288.5000  -0.530914   0.325629  -0.205285 
      289.0000  -0.510315   0.308150  -0.202165 
      289.5000  -0.526301   0.329303  -0.196998 
      290.0000  -0.519646   0.320398  -0.199248 
      290.5000  -0.526508   0.337594  -0.188914 
      291.0000  -0.507314   0.314754  -0.192560 
      291.5000  -0.545288   0.341184  -0.204104 
      292.0000  -0.533287   0.323493  -0.209794 
      292.5000  -0.525693   0.308435  -0.217258 
      293.0000  -0.536198   0.319348  -0.216850 
      293.5000  -0.523129   0.311732  -0.211398 
      294.0000  -0.515972   0.308777  -0.207196 
      294.5000  -0.492165   0.281921  -0.210244 
      295.0000  -0.516813   0.303524  -0.213289 
      295.5000  -0.523431   0.305748  -0.217684 
      296.0000  -0.505115   0.285006  -0.220109 
      296.5000  -0.543338   0.324930  -0.218408 
      297.0000  -0.506748   0.294341  -0.212407 
      297.5000  -0.508612   0.303897  -0.204715 
      298.0000  -0.517358   0.314796  -0.202562 
      298.5000  -0.532096   0.318834  -0.213261 
      299.0000  -0.547961   0.327877  -0.220084 
      299.5000  -0.533963   0.304451  -0.229513 
      300.0000  -0.515508   0.285750  -0.229758 
      300.5000  -0.537380   0.317472  -0.219908 
      301.0000  -0.510316   0.285405  -0.224911 
      301.5000  -0.521357   0.302531  -0.218826 
      302.0000  -0.503018   0.285743  -0.217274 
      302.5000  -0.537656   0.306230  -0.231426 
      303.0000  -0.540954   0.294988  -0.245966 
      303.5000  -0.524147   0.274738  -0.249410 
      304.0000  -0.551163   0.307770  -0.243393 
      304.5000  -0.552433   0.311123  -0.241310 
      305.0000  -0.564565   0.320755  -0.243810 
      305.5000  -0.528502   0.284322  -0.244180 
      306.0000  -0.525228   0.277537  -0.247691 
      306.5000  -0.532652   0.291243  -0.241409 
      307.0000  -0.577271   0.330278  -0.246993 
      307.5000  -0.534903   0.289587  -0.245316 
      308.0000  -0.516945   0.283881  -0.233064 
      308.5000  -0.536021   0.290194  -0.245827 
      309.0000  -0.525490   0.282074  -0.243415 
      309.5000  -0.553232   0.311957  -0.241274 
      310.0000  -0.545387   0.314726  -0.230661 
      310.5000  -0.523982   0.297139  -0.226843 
      311.0000  -0.543408   0.309963  -0.233444 
      311.5000  -0.525609   0.285486  -0.240123 
      312.0000  -0.524034   0.276965  -0.247069 
      312.5000  -0.517006   0.271366  -0.245640 
      313.0000  -0.540107   0.296825  -0.243282 
      313.5000  -0.515984   0.286246  -0.229739 
      314.0000  -0.545153   0.316356  -0.228797 
      314.5000  -0.525232   0.301659  -0.223573 
      315.0000  -0.538883   0.309834  -0.229049 
      315.5000  -0.539899   0.311366  -0.228533 
      316.0000  -0.553664   0.323060  -0.230603 
      316.5000  -0.540185   0.295016  -0.245170 
      317.0000  -0.541098   0.288480  -0.252619 
      317.5000  -0.570651   0.316771  -0.253880 
      318.0000  -0.528006   0.279349  -0.248657 
      318.5000  -0.542331   0.297841  -0.244491 
      319.0000  -0.565671   0.321576  -0.244095 
      319.5000  -0.520073   0.268674  -0.251399 
      320.0000  -0.583310   0.328214  -0.255096 
      320.5000  -0.567362   0.303342  -0.264020 
      321.0000  -0.531295   0.259456  -0.271839 
      321.5000  -0.564859   0.289159  -0.275700 
      322.0000  -0.581208   0.304715  -0.276493 
      322.5000  -0.549473   0.275491  -0.273982 
      323.0000  -0.595921   0.321223  -0.274698 
      323.5000  -0.580944   0.307838  -0.273106 
      324.0000  -0.580418   0.312453  -0.267965 
      324.5000  -0.535404   0.259648  -0.275755 
      325.0000  -0.586707   0.304326  -0.282381 
      325.5000  -0.558744   0.273946  -0.284798 
      326.0000  -0.585720   0.294404  -0.291315 
      326.5000  -0.585415   0.288264  -0.297151 
      327.0000  -0.587544   0.297669  -0.289875 
      327.5000  -0.591314   0.303388  -0.287926 
      328.0000  -0.560879   0.272138  -0.288741 
      328.5000  -0.577456   0.282986  -0.294470 
      329.0000  -0.596725   0.308653  -0.288072 
      329.5000  -0.585398   0.309652  -0.275746 
      330.0000  -0.569322   0.292857  -0.276466 
      330.5000  -0.587972   0.318467  -0.269505 
      331.0000  -0.580629   0.308047  -0.272582 
      331.5000  -0.589230   0.313478  -0.275752 
      332.0000  -0.571592   0.292141  -0.279450 
      332.5000  -0.601005   0.313721  -0.287284 
      333.0000  -0.607506   0.318533  -0.288973 
      333.5000  -0.586980   0.297507  -0.289473 
      334.0000  -0.612846   0.324967  -0.287879 
      334.5000  -0.634929   0.339843  -0.295085 
      335.0000  -0.596555   0.299408  -0.297147 
      335.5000  -0.615598   0.313177  -0.302421 
      336.0000  -0.626549   0.317125  -0.309424 
      336.5000  -0.620277   0.302282  -0.317995 
      337.0000  -0.625124   0.304183  -0.320940 
      337.5000  -0.620499   0.301372  -0.319127 
      338.0000  -0.595173   0.285817  -0.309356 
      338.5000  -0.645499   0.338113  -0.307386 
      339.0000  -0.614291   0.309553  -0.304738 
      339.5000  -0.570722   0.266660  -0.304062 
      340.0000  -0.622757   0.317386  -0.305371 
      340.5000  -0.604739   0.294774  -0.309965 
      341.0000  -0.627322   0.309909  -0.317413 
      341.5000  -0.620448   0.303878  -0.316569 
      342.0000  -0.631178   0.312386  -0.318792 
      342.5000  -0.612467   0.285861  -0.326606 
      343.0000  -0.620073   0.294659  -0.325414 
      343.5000  -0.595427   0.277052  -0.318374 
      344.0000  -0.662618   0.337642  -0.324976 
      344.5000  -0.656057   0.323836  -0.332221 
      345.0000  -0.621854   0.292107  -0.329747 
      345.5000  -0.648582   0.318907  -0.329676 
      346.0000  -0.636633   0.297227  -0.339407 
      346.5000  -0.644073   0.306960  -0.337114 
      347.0000  -0.628877   0.311141  -0.317736 
      347.5000  -0.614019   0.300724  -0.313295 
      348.0000  -0.629514   0.313258  -0.316256 
      348.5000  -0.650426   0.325084  -0.325342 
      349.0000  -0.642283   0.314582  -0.327701 
      349.5000  -0.623384   0.293164  -0.330220 
      350.0000  -0.624086   0.289621  -0.334464 
      350.5000  -0.625874   0.283994  -0.341880 
      351.0000  -0.658263   0.309272  -0.348991 
      351.5000  -0.648863   0.300041  -0.348822 
      352.0000  -0.668201   0.318042  -0.350159 
      352.5000  -0.647689   0.300880  -0.346809 
      353.0000  -0.630306   0.283595  -0.346710 
      353.5000  -0.643773   0.303892  -0.339880 
      354.0000  -0.668878   0.322051  -0.346827 
      354.5000  -0.652747   0.303687  -0.349060 
      355.0000  -0.651041   0.313963  -0.337077 
      355.5000  -0.617169   0.282646  -0.334522 
      356.0000  -0.642488   0.306747  -0.335742 
      356.5000  -0.631043   0.292376  -0.338668 
      357.0000  -0.626187   0.291276  -0.334911 
      357.5000  -0.642132   0.313781  -0.328351 
      358.0000  -0.666697   0.344037  -0.322661 
      358.5000  -0.684624   0.352926  -0.331698 
      359.0000  -0.663761   0.336182  -0.327579 
      359.5000  -0.652321   0.317431  -0.334890 
      360.0000  -0.667994   0.336099  -0.331895 
      360.5000  -0.667972   0.332501  -0.335471 
      361.0000  -0.653998   0.325562  -0.328436 
      361.5000  -0.691333   0.353450  -0.337883 
      362.0000  -0.690041   0.338062  -0.351979 
      362.5000  -0.679369   0.330049  -0.349320 
      363.0000  -0.682456   0.334932  -0.347523 
      363.5000  -0.682162   0.331770  -0.350392 
      364.0000  -0.682028   0.332333  -0.349695 
      364.5000  -0.678496   0.325952  -0.352544 
      365.0000  -0.690053   0.344217  -0.345836 
      365.5000  -0.704084   0.356390  -0.347693 
      366.0000  -0.677396   0.329924  -0.347472 
      366.5000  -0.684846   0.333501  -0.351345 
      367.0000  -0.708131   0.345587  -0.362544 
      367.5000  -0.681371   0.321216  -0.360155 
      368.0000  -0.699874   0.343499  -0.356376 
      368.5000  -0.692849   0.343325  -0.349524 
      369.0000  -0.664840   0.318442  -0.346399 
      369.5000  -0.664632   0.325651  -0.338981 
      370.0000  -0.674671   0.339735  -0.334936 
      370.5000  -0.643127   0.317286  -0.325841 
      371.0000  -0.682730   0.362248  -0.320482 
      371.5000  -0.650634   0.331333  -0.319301 
      372.0000  -0.646961   0.325354  -0.321607 
      372.5000  -0.673953   0.349883  -0.324069 
      373.0000  -0.651955   0.333185  -0.318770 
      373.5000  -0.643860   0.326745  -0.317115 
      374.0000  -0.660740   0.334807  -0.325933 
      374.5000  -0.646048   0.320105  -0.325943 
      375.0000  -0.637259   0.316950  -0.320309 
      375.5000  -0.705130   0.385345  -0.319785 
      376.0000  -0.673682   0.357086  -0.316595 
      376.5000  -0.644259   0.314703  -0.329556 
      377.0000  -0.678431   0.344246  -0.334184 
      377.5000  -0.667221   0.334660  -0.332561 
      378.0000  -0.681136   0.339966  -0.341170 
      378.5000  -0.680276   0.333720  -0.346557 
      379.0000  -0.652679   0.301454  -0.351225 
      379.5000  -0.714174   0.360737  -0.353437 
      380.0000  -0.700082   0.334461  -0.365621 
      380.5000  -0.703297   0.336142  -0.367155 
      381.0000  -0.691214   0.323338  -0.367876 
      381.5000  -0.690739   0.310193  -0.380546 
      382.0000  -0.680663   0.297880  -0.382782 
      382.5000  -0.692119   0.309705  -0.382415 
      383.0000  -0.685093   0.303644  -0.381448 
      383.5000  -0.687997   0.309979  -0.378018 
      384.0000  -0.701601   0.317556  -0.384045 
      384.5000  -0.664828   0.281027  -0.383801 
      385.0000  -0.681799   0.298415  -0.383384 
      385.5000  -0.705332   0.316483  -0.388849 
      386.0000  -0.695565   0.305869  -0.389696 
      386.5000  -0.712173   0.325640  -0.386533 
      387.0000  -0.679487   0.302027  -0.377460 
      387.5000  -0.689449   0.317342  -0.372106 
      388.0000  -0.696649   0.315093  -0.381556 
      388.5000  -0.703918   0.321793  -0.382125 
      389.0000  -0.703180   0.313593  -0.389587 
      389.5000  -0.713794   0.333964  -0.379830 
      390.0000  -0.705229   0.324355  -0.380874 
      390.5000  -0.691331   0.309571  -0.381760 
      391.0000  -0.698451   0.319305  -0.379145 
      391.5000  -0.716373   0.344272  -0.372101 
      392.0000  -0.687403   0.314121  -0.373282 
      392.5000  -0.730710   0.341520  -0.389190 
      393.0000  -0.698713   0.315187  -0.383526 
      393.5000  -0.703910   0.307891  -0.396019 
      394.0000  -0.726158   0.339705  -0.386453 
      394.5000  -0.678940   0.298709  -0.380231 
      395.0000  -0.675453   0.287595  -0.387858 
      395.5000  -0.679743   0.294014  -0.385729 
      396.0000  -0.687859   0.295238  -0.392622 
      396.5000  -0.676360   0.276231  -0.400129 
      397.0000  -0.712952   0.304464  -0.408488 
      397.5000  -0.702445   0.291149  -0.411296 
      398.0000  -0.719036   0.311932  -0.407104 
      398.5000  -0.684626   0.278751  -0.405875 
      399.0000  -0.704792   0.297104  -0.407688 
      399.5000  -0.702120   0.289534  -0.412586 
      400.0000  -0.698958   0.287650  -0.411308 
      400.5000  -0.711899   0.298410  -0.413489 
      401.0000  -0.700230   0.287562  -0.412667 
      401.5000  -0.711807   0.294913  -0.416894 
      402.0000  -0.691788   0.287168  -0.404620 
      402.5000  -0.693903   0.290327  -0.403576 
      403.0000  -0.717120   0.307293  -0.409827 
      403.5000  -0.717064   0.312016  -0.405047 
      404.0000  -0.706986   0.303985  -0.403000 
      404.5000  -0.682941   0.285874  -0.397067 
      405.0000  -0.707176   0.313803  -0.393373 
      405.5000  -0.702956   0.304704  -0.398252 
      406.0000  -0.716755   0.317341  -0.399414 
      406.5000  -0.690498   0.288147  -0.402351 
      407.0000  -0.707113   0.305006  -0.402107 
      407.5000  -0.711987   0.302994  -0.408993 
      408.0000  -0.696564   0.286613  -0.409951 
      408.5000  -0.695287   0.295768  -0.399519 
      409.0000  -0.744394   0.355082  -0.389312 
      409.5000  -0.725841   0.325773  -0.400068 
      410.0000  -0.699339   0.295433  -0.403906 
      410.5000  -0.721098   0.315704  -0.405395 
      411.0000  -0.730977   0.331106  -0.399871 
      411.5000  -0.705341   0.295762  -0.409579 
      412.0000  -0.720379   0.315316  -0.405063 
      412.5000  -0.698074   0.290162  -0.407912 
      413.0000  -0.687085   0.276433  -0.410652 
      413.5000  -0.726232   0.313639  -0.412593 
      414.0000  -0.696788   0.290963  -0.405825 
      414.5000  -0.697015   0.284009  -0.413005 
      415.0000  -0.701602   0.287027  -0.414574 
      415.5000  -0.712138   0.291965  -0.420174 
      416.0000  -0.705062   0.281092  -0.423970 
      416.5000  -0.701132   0.269991  -0.431141 
      417.0000  -0.724918   0.293643  -0.431275 
      417.5000  -0.689390   0.259973  -0.429417 
      418.0000  -0.715982   0.281451  -0.434531 
      418.5000  -0.734200   0.303205  -0.430995 
      419.0000  -0.699467   0.267432  -0.432035 
      419.5000  -0.725494   0.296817  -0.428676 
      420.0000  -0.701814   0.280103  -0.421712 
      420.5000  -0.705760   0.291941  -0.413819 
      421.0000  -0.695923   0.281057  -0.414866 
      421.5000  -0.679432   0.258966  -0.420465 
      422.0000  -0.711123   0.280980  -0.430143 
      422.5000  -0.707414   0.280238  -0.427176 
      423.0000  -0.710184   0.285214  -0.424969 
      423.5000  -0.694468   0.262278  -0.432190 
      424.0000  -0.699972   0.264129  -0.435843 
      424.5000  -0.694622   0.266084  -0.428538 
      425.0000  -0.688939   0.265696  -0.423243 
      425.5000  -0.697774   0.271745  -0.426030 
      426.0000  -0.687273   0.259407  -0.427866 
      426.5000  -0.716665   0.290728  -0.425937 
      427.0000  -0.685136   0.256584  -0.428552 
      427.5000  -0.694187   0.260591  -0.433596 
      428.0000  -0.688036   0.254674  -0.433362 
      428.5000  -0.724300   0.292196  -0.432105 
      429.0000  -0.690243   0.269364  -0.420879 
      429.5000  -0.683318   0.259777  -0.423542 
      430.0000  -0.697030   0.276418  -0.420612 
      430.5000  -0.706196   0.277539  -0.428657 
      431.0000  -0.701213   0.276521  -0.424692 
      431.5000  -0.668787   0.245711  -0.423076 
      432.0000  -0.684302   0.265273  -0.419028 
      432.5000  -0.672124   0.248720  -0.423405 
      433.0000  -0.698504   0.271656  -0.426847 
      433.5000  -0.706197   0.282686  -0.423511 
      434.0000  -0.706088   0.280301  -0.425786 
      434.5000  -0.692567   0.267911  -0.424655 
      435.0000  -0.727720   0.300915  -0.426805 
      435.5000  -0.722321   0.298557  -0.423764 
      436.0000  -0.715057   0.295166  -0.419891 
      436.5000  -0.703769   0.276681  -0.427087 
      437.0000  -0.732477   0.310001  -0.422476 
      437.5000  -0.723993   0.298065  -0.425928 
      438.0000  -0.733073   0.308173  -0.424899 
      438.5000  -0.703584   0.279280  -0.424304 
      439.0000  -0.708139   0.271323  -0.436816 
      439.5000  -0.740036   0.300322  -0.439714 
      440.0000  -0.718473   0.278629  -0.439843 
      440.5000  -0.729202   0.290560  -0.438641 
      441.0000  -0.706107   0.261393  -0.444714 
      441.5000  -0.707813   0.264467  -0.443346 
      442.0000  -0.724235   0.281903  -0.442333 
      442.5000  -0.715470   0.276673  -0.438797 
      443.0000  -0.702029   0.261726  -0.440302 
      443.5000  -0.723369   0.292824  -0.430545 
      444.0000  -0.724259   0.299017  -0.425242 
      444.5000  -0.706300   0.270309  -0.435991 
      445.0000  -0.708553   0.280652  -0.427901 
      445.5000  -0.688231   0.263908  -0.424322 
      446.0000  -0.725249   0.304426  -0.420823 
      446.5000  -0.691221   0.272586  -0.418635 
      447.0000  -0.696494   0.287903  -0.408590 
      447.5000  -0.716623   0.303995  -0.412628 
      448.0000  -0.703328   0.286035  -0.417293 
      448.5000  -0.712387   0.302582  -0.409805 
      449.0000  -0.686611   0.281573  -0.405038 
      449.5000  -0.698658   0.299798  -0.398861 
      450.0000  -0.672163   0.267595  -0.404568 
      450.5000  -0.726616   0.316756  -0.409860 
      451.0000  -0.685313   0.282437  -0.402876 
      451.5000  -0.705663   0.301559  -0.404104 
      452.0000  -0.710206   0.309068  -0.401138 
      452.5000  -0.722206   0.319976  -0.402230 
      453.0000  -0.707955   0.307904  -0.400051 
      453.5000  -0.710496   0.313324  -0.397172 
      454.0000  -0.700749   0.309740  -0.391009 
      454.5000  -0.663077   0.271135  -0.391943 
      455.0000  -0.677109   0.284991  -0.392118 
      455.5000  -0.699925   0.298995  -0.400930 
      456.0000  -0.726730   0.309770  -0.416960 
      456.5000  -0.743272   0.321113  -0.422159 
      457.0000  -0.713998   0.294944  -0.419053 
      457.5000  -0.719676   0.308325  -0.411352 
      458.0000  -0.727564   0.317342  -0.410222 
      458.5000  -0.697693   0.290443  -0.407250 
      459.0000  -0.715905   0.300280  -0.415625 
      459.5000  -0.714959   0.297066  -0.417893 
      460.0000  -0.738351   0.319980  -0.418370 
      460.5000  -0.703642   0.285285  -0.418358 
      461.0000  -0.736437   0.307844  -0.428593 
      461.5000  -0.721315   0.287213  -0.434102 
      462.0000  -0.740886   0.306074  -0.434811 
      462.5000  -0.718973   0.279647  -0.439325 
      463.0000  -0.751840   0.329386  -0.422455 
      463.5000  -0.710210   0.276282  -0.433928 
      464.0000  -0.705876   0.263746  -0.442130 
      464.5000  -0.729167   0.284685  -0.444482 
      465.0000  -0.752479   0.312047  -0.440432 
      465.5000  -0.724153   0.286922  -0.437231 
      466.0000  -0.730905   0.285608  -0.445297 
      466.5000  -0.730819   0.289828  -0.440991 
      467.0000  -0.756235   0.320676  -0.435559 
      467.5000  -0.740451   0.311581  -0.428870 
      468.0000  -0.714936   0.287530  -0.427406 
      468.5000  -0.738066   0.313411  -0.424655 
      469.0000  -0.706085   0.276308  -0.429777 
      469.5000  -0.745896   0.306850  -0.439045 
      470.0000  -0.725545   0.285542  -0.440003 
      470.5000  -0.702460   0.278539  -0.423921 
      471.0000  -0.735209   0.311062  -0.424147 
      471.5000  -0.719048   0.283627  -0.435421 
      472.0000  -0.696247   0.261718  -0.434529 
      472.5000  -0.722405   0.285963  -0.436442 
      473.0000  -0.724393   0.292583  -0.431811 
      473.5000  -0.714090   0.275607  -0.438484 
      474.0000  -0.723527   0.282324  -0.441203 
      474.5000  -0.738948   0.295325  -0.443623 
      475.0000  -0.752863   0.308588  -0.444275 
      475.5000  -0.711254   0.269342  -0.441912 
      476.0000  -0.736179   0.290911  -0.445267 
      476.5000  -0.731178   0.284194  -0.446984 
      477.0000  -0.723756   0.281770  -0.441986 
      477.5000  -0.741642   0.301606  -0.440036 
      478.0000  -0.708139   0.273418  -0.434721 
      478.5000  -0.729916   0.301671  -0.428244 
      479.0000  -0.724914   0.298460  -0.426454 
      479.5000  -0.709425   0.288111  -0.421314 
      480.0000  -0.716806   0.298394  -0.418412 
      480.5000  -0.733484   0.310885  -0.422599 
      481.0000  -0.704981   0.283655  -0.421326 
      481.5000  -0.700152   0.275125  -0.425027 
      482.0000  -0.714454   0.293352  -0.421103 
      482.5000  -0.706731   0.285493  -0.421238 
      483.0000  -0.711349   0.287905  -0.423444 
      483.5000  -0.702011   0.289083  -0.412928 
      484.0000  -0.724102   0.311922  -0.412179 
      484.5000  -0.677598   0.273234  -0.404364 
      485.0000  -0.727063   0.320811  -0.406253 
      485.5000  -0.698077   0.293744  -0.404333 
      486.0000  -0.681056   0.275748  -0.405307 
      486.5000  -0.701502   0.298687  -0.402815 
      487.0000  -0.683572   0.278850  -0.404723 
      487.5000  -0.711364   0.307795  -0.403569 
      488.0000  -0.702532   0.300462  -0.402070 
      488.5000  -0.714477   0.311271  -0.403206 
      489.0000  -0.716665   0.314838  -0.401826 
      489.5000  -0.692904   0.292637  -0.400268 
      490.0000  -0.696197   0.297463  -0.398734 
      490.5000  -0.704223   0.313027  -0.391196 
      491.0000  -0.707766   0.316568  -0.391198 
      491.5000  -0.694832   0.308648  -0.386185 
      492.0000  -0.674602   0.275342  -0.399259 
      492.5000  -0.699782   0.291282  -0.408500 
      493.0000  -0.708357   0.297760  -0.410597 
      493.5000  -0.709822   0.303165  -0.406657 
      494.0000  -0.703300   0.292165  -0.411135 
      494.5000  -0.708353   0.291221  -0.417132 
      495.0000  -0.711065   0.287180  -0.423885 
      495.5000  -0.729092   0.310392  -0.418700 
      496.0000  -0.690924   0.274361  -0.416564 
      496.5000  -0.704926   0.291426  -0.413500 
      497.0000  -0.700426   0.287872  -0.412554 
      497.5000  -0.706670   0.293404  -0.413266 
      498.0000  -0.738830   0.332378  -0.406451 
      498.5000  -0.741824   0.327969  -0.413855 
      499.0000  -0.735181   0.313843  -0.421338 
      499.5000  -0.694552   0.274070  -0.420482 
      500.0000  -0.719198   0.302415  -0.416783 
