t = 100000
b = 30 30 30
E = -0.574067575736084 -0.719198357069037 0.145130781332953
21.1944296574507 16.2085454399932 9.47633047111604 0.579332370000178 -0.110831418715722 -0.807521075955302 0.733703003365783 -0.360629657862299 0.575869799772805 0.581789422852561 0.0999081295013219 -0.080978532720161 -0.0831804329187183 -0.114703508804614 0.339803918643333
21.1646278014325 17.1802052727545 9.95419553507286 0.817069887632268 0.383047716032259 0.430895735955078 0.432934035804704 0.0859274499382572 -0.897320728416607 1.10583418669776 0.193326317006319 -0.368938992481817 -0.167230752238923 -0.0869517568728051 0.0858182492615424
20.9266912641665 16.770153209347 9.33245819715285 -0.976403460172826 0.00508136069835146 0.215894363596249 0.212761512629366 -0.148633598477507 0.965733161779696 0.359206604205749 -0.00573024784279186 -0.422233647285883 0.166782653286182 -0.219654619074097 -0.311491168929427
21.8824873856056 17.1874235160824 8.89750343792721 0.693976869176795 -0.586155200896884 -0.418112458079 0.343910662457641 0.780046521612244 -0.522735767369152 0.227030712207427 0.207429362593044 0.337058022830376 0.387238199630536 0.0762716176887848 0.633486331178424
22.2606704641832 17.489459574948 8.79044997960613 -0.00311796613086848 -0.514560422266164 -0.857448401031991 0.194234174858991 0.840810706887538 -0.505282392339421 -0.315947220984495 0.128245642360845 -0.202793849290433 -0.117339583790726 0.64754869187997 -0.0674958439662909
22.4732919247484 17.7797961899808 8.43046434255285 -0.519305488461687 -0.626363362747012 -0.581369582655556 0.0189357380094054 0.671690969857665 -0.740589303378252 -0.4091939552718 0.00929819712301172 0.267870725827959 -0.220968636215837 -0.0820179996644019 0.157532142468218
22.8199979241377 18.9365221467845 8.94048203168142 0.212901721888884 0.792952937735646 -0.570875057119177 -0.746480227061991 -0.24497847014898 -0.618670118238971 -0.252910481410204 0.0622103043525418 0.10004335412981 -0.382729246321667 0.249594956655831 -0.147871285753849
22.3985017253227 19.1779175241426 8.6691542499937 0.660177873411674 0.0241850537350769 -0.750719782761072 -0.741863618073677 -0.13534288853766 -0.656750030290824 -0.0283732378137709 -0.200006482122537 -0.521416644277817 -0.025945452442799 0.230706307999782 -0.0679765346908337
22.2183164379252 19.4286941975798 8.28781667735693 0.393034409934003 -0.821565582230422 -0.412981529126545 -0.773631948077894 -0.0526929966238977 -0.63144036842129 0.0134390918978377 0.467538605047514 0.116144517266997 0.253108136399127 -0.0317336799745278 0.815971742924915
22.1867148502793 19.5473009619235 7.84881724802795 -0.344011055206952 -0.935954462530047 -0.0751363383294244 -0.650149325036972 0.295167909437173 -0.700129749935892 0.542207429608248 -0.254316734893697 -0.457444438900284 -0.123898642401684 0.019854446590779 -0.200590592998562
22.101290577198 19.5282323820944 7.27930871721563 -0.511851099105394 -0.770842665125369 0.37922270467695 -0.612171379978165 0.0175831593693947 -0.790529520145786 -0.154757474478039 -0.0622290481953248 -0.0225907715267253 0.32018444227942 -0.496338487972725 0.0433062237396577
21.8027276161596 19.3286238271798 6.88056908742635 -0.603136400849148 -0.265656739018704 0.752098976381124 -0.794136223486202 0.111738372778795 -0.597379356118943 -0.0623784548208229 0.481546927316404 0.26830174458873 0.332207835220657 -0.106516711427467 0.114869687745772
21.4216594594838 19.0626695031139 6.73093610820483 -0.452257981861453 0.712740171008924 0.536156752914454 -0.715849900067078 0.0684951544939972 -0.694886511815609 0.541917331155282 0.318958753517043 0.403011846102308 0.466800966861196 0.2225990120869 0.518969494519717
20.9359555546738 18.9430736753305 6.61783885378624 0.0790650494925292 0.996644351388719 -0.021178140208154 -0.644993602726847 0.0349465673572411 -0.76338841085367 -0.373769050584715 0.287235831628847 0.498434077422559 -0.324320879926216 0.126108562633018 -0.0720484673533958
20.4568629098774 19.0749855748317 6.50536156094905 0.709188654780067 0.571307372919997 -0.413109199962047 -0.496246400247769 -0.0117080356524652 -0.868102736025683 -0.0290656795069953 -0.567430095304616 -0.290293073485475 0.329576907580413 -0.167365077846297 0.431929685298408
20.1286843806141 19.3745049097951 6.24755167970532 0.648066063170167 -0.465660362138397 -0.602636431843047 -0.560516581907884 0.244065305769644 -0.791361592266383 -0.183271323079873 0.0995171999890683 -0.179579917613842 -0.428140012111059 -0.165587091101535 -0.708114625048905
19.3969894146964 19.8900324948281 7.06969102729731 0.550992373347767 0.504902226304017 0.664440380434069 0.690913682118621 0.170536828423485 -0.702534960259907 0.226798784704224 -0.510006993749535 0.356474166608494 -0.450406970938919 0.026199621290725 -0.663970587158151
19.5718456678327 20.3407838514954 6.72783075893286 0.667188675071162 -0.243018315581164 0.704131590984764 0.744533185919945 0.188363019243773 -0.640460485398537 0.347104264446819 -0.520390073411144 0.657626747853737 0.190708236003601 -0.0125198412016846 0.157924985689265
19.9825947805276 20.6165295957944 6.69002913548129 0.487935687312126 -0.817237684142087 0.306661268412457 0.754838711993864 0.218630738090064 -0.618400352373979 -0.757357761898813 -0.146875582507057 -0.615012852299903 -0.240847457502557 -0.354961151538458 -0.0273412758896767
20.4458524185303 20.7845971135992 6.68394235465645 0.104782552079673 -0.978596654255988 -0.177113057522304 0.761204314572502 0.193529386894536 -0.618962253558217 0.188968274975589 0.0798759841065488 -0.671137252341758 0.16922488562304 0.253040845182683 -0.0889745486128027
21.1374650273023 21.0475760885257 7.06655815342561 0.593034152660615 0.620063420192919 -0.513645494681989 0.634468748760802 0.0328999228410221 0.772247946187118 0.287221385180241 -0.0861870070660618 -0.327615285778741 -0.38021843767905 -0.0980317420954551 0.0484725084844323
21.4670471985881 20.8599822724284 7.33515937830791 0.00963850759937131 0.984377428538836 -0.175806650391091 0.376642425069977 0.159292440922319 0.912560295645348 -0.0188623606278435 -0.048586141337341 0.0394131208478887 -0.105995817291165 -0.0185868081859917 0.284418636663299
20.940889444383 19.7377469746886 7.49149185483125 -0.103833150600511 -0.878796935757763 -0.465762280934429 0.622097740887194 -0.4227659453075 0.658986551234731 -0.478997427904477 -0.177074145374654 -0.45557969133404 -0.0992685370143381 0.145734077200244 0.363616247482473
21.056831499468 19.3324278245465 7.77391829486709 0.635943213039427 -0.101815489305394 -0.764990007004322 0.735946237114461 -0.218358050460424 0.640860962827838 -0.115105161925337 0.0778362083968476 -0.313586618070271 0.278683003042137 0.042815491232156 -0.0348346558442515
21.4227127929153 18.9619099641066 7.8263395528178 0.580848195900915 0.794267793560699 -0.178196224369535 0.633938511570403 -0.304061198989609 0.711103831691384 -0.0785081901989944 0.231461215616851 0.0210602424981111 -0.0165122534030435 0.115679387770952 -0.499114140366183
23.6610617740729 17.8296084472 12.9213565722098 0.748889341403526 -0.659910833403097 0.0606820711189126 -0.391114643366469 -0.514048842686831 -0.763402277229996 0.0386134467774874 -0.229596401674667 -0.237534979759673 0.452027516176985 -0.405312351196397 -0.396867385516898
23.6878320277721 18.1260122171744 13.9598925384717 0.0571345081361275 0.0559679337090411 0.996796441439433 -0.853835136710719 -0.514690756394891 0.0778389899324971 -0.253878246781021 -0.169586983559273 -0.279993059277753 0.0844197804679223 0.399958410989744 -0.205841165640169
23.4360330261388 17.7091405540022 14.1247416004307 -0.292104564264764 0.634224737874975 0.715844771374065 -0.905328634090107 -0.424656918118135 0.00681338847480036 -0.0148535326155158 -0.419776421139921 0.0226998281407665 0.310383761142544 -0.156275511474823 -0.356698194680632
23.138519469059 17.467727536952 14.4279805776626 -0.399101252945841 0.910801502934654 0.10563476297498 -0.90970540965971 -0.378919267468859 -0.169871150220829 0.254433762607391 0.0680715314641817 0.306814190980121 -0.362467465275593 -0.281271669461634 0.157163317207405
22.6527065424717 17.3876145865748 14.5313419937946 0.0562076168979626 0.79012649349901 -0.610361139065376 -0.841309897278664 -0.29170210399641 -0.455090590492656 0.298360789318146 0.125477389230337 -0.0554849382701237 -0.0408770453302628 -0.067117447285236 -0.10406615272258
22.2274020021964 17.455527376186 14.471463923708 0.414305211481417 0.0855650541228831 -0.906106922518899 -0.830898998605432 -0.370732935096889 -0.414926303267674 -0.0331225373153472 0.114654523589217 -0.259795301675113 0.0524986676433716 0.137066790371829 0.114450232353496
21.3677761522101 16.7950688241428 14.6910787191988 -0.115251132411488 -0.856257192123045 0.503528219143653 -0.820726796099237 0.367638399614451 0.437320775679913 0.0626744492309296 -0.588932977272262 -0.748260640250905 0.364566124342265 0.0819852117706317 -0.111450374524514
20.3523863855387 17.5217886541482 14.2746089511365 -0.584188016996739 0.532053613857577 -0.6128973467984 0.681426264177383 -0.0886847051248923 -0.726493735570641 0.189535466633974 -0.258674462715139 0.0595085688701305 -0.17547640237427 0.16905564057769 0.801538358607648
20.4655000026917 17.403595830876 13.8644015370682 -0.0259176814283664 0.99679770210598 -0.0756471527655943 0.730722298015026 -0.0327491921526089 -0.681888813360519 -0.35663693015787 0.254374256316061 -0.25703101685088 -0.0891195350052177 -0.0942264826438519 0.0224865594566421
20.5277902046661 17.3943578214315 13.3283110357613 0.466340031042101 0.717261794766563 0.517747413577244 0.830944882161028 -0.154437380153538 -0.534490048877033 -0.316340937335018 -0.0512381067745509 -0.103192314107655 0.0519293084618207 -0.547865974875369 0.204609268982103
20.9267405844645 17.553061083772 13.0880638937155 0.351115566156994 -0.123248808461191 0.92818507576915 0.926184340321276 -0.0998327696463687 -0.363615017393046 0.0440075024539645 -0.188473788211746 -0.146366498540854 -0.225210958685278 0.0453958843921822 0.119406611266508
21.4070386784669 17.7693478867 13.0618234033498 0.01814931102678 -0.710937259931106 0.703021121025263 0.940656539573086 -0.226173012559338 -0.253003917741796 0.446079779530349 0.213271184605471 0.196369250303669 -0.0855400999340136 0.456095942799048 0.216523479498036
22.238543197445 17.916421687005 12.1676784909373 0.319331757639912 -0.496086705777052 -0.807418763172161 0.500386702499783 -0.635292254873052 0.588231866867525 0.378605805481429 -0.62406268463568 0.495254746845402 0.279702250574943 0.0503052591799163 -0.277108786908881
22.2949913784353 17.4393538418389 12.338302356574 0.816042470772791 0.214599775985379 -0.536676409590648 0.531135837366762 -0.64464291043835 0.54984557151036 0.0903001556662732 0.314013076192907 -0.187262214887789 0.456176041074489 0.0607868443679923 -0.122562352708635
22.31733737394 16.5492744584933 13.2673803215723 0.712206620368106 -0.688213751748454 0.138287530599089 0.0582315193122547 0.254243183416212 0.965385644265041 0.133308039965063 0.148142451632743 -0.196723733130575 0.18480116526453 -0.354891674072097 -0.554532731373308
22.1948840887775 16.3283055474776 13.6382919690802 0.877828753299404 0.358706756058172 0.317405151565972 -0.212571822760321 0.885602528474178 -0.4129421802713 -0.229205654814665 0.505056923384032 -0.272740136226604 -0.376861583168373 0.0865510569123824 -0.108237341953527
21.5626770582068 15.2528757133568 13.287030236675 -0.571757024235299 -0.735769886419791 0.362955191671201 -0.0437902190209134 0.46913818541534 0.882038364884573 0.156068369950664 -0.745567080605468 -0.0867850756544531 -0.212363246290207 0.133391562346714 0.0117674555578912
21.2536045011462 15.5730564639121 12.2453604800966 -0.267913877326912 0.54378101398783 -0.795313904892437 0.913021903668081 0.406850250015776 -0.0293893648442189 0.311782391152653 -0.0236838310018083 0.0962863970593051 0.0643807625286668 -0.382494529126768 -0.00983055185410428
21.6585487581777 15.5003905395079 12.058508925636 -0.382041154600619 0.916845370734808 -0.115926757634657 0.898785069228412 0.39780762050106 0.184213051411942 0.314209441914045 0.119272945956483 0.0731727467635323 0.15016255521883 -0.317589354703324 0.387655076205361
22.0609221850208 15.7491648502318 11.9131833734953 -0.449484434891474 0.674676935661746 0.58546961792245 0.888714798056201 0.27151021545386 0.369415910590651 -0.317280243352795 -0.553652612180017 0.470226510283815 -0.0822999353558127 0.677838309007949 0.448485703610287
22.7626360042859 15.1769574628001 10.9048886077244 0.027120310517225 -0.201364050248727 -0.979140928958647 -0.103489875745078 0.973672269509372 -0.203105892223698 -0.0552241804001691 0.136149045401508 0.539507515310581 -0.388228299687465 0.0667597435635646 -0.257708813315132
22.8477360261351 15.6239272455079 10.6379802713063 -0.562977845508728 -0.490992685135916 -0.664817295347095 -0.344154456022957 0.87061591014098 -0.351547321803053 0.297281490229654 -0.0170570689494716 -0.351498187320002 -0.363508085684164 -0.718931889884481 0.194933774082896
22.8754643722507 15.9684958308481 10.3887262194236 -0.930832453483898 -0.316514847349317 0.18267227466973 -0.318695568998653 0.947684416924292 0.0180872873296652 -0.100963704997714 -0.23126439200217 -0.817274915470249 -0.488076558758007 0.207147877111713 -0.40217984070075
22.5227464616263 16.2557975473075 10.2147439280324 -0.232634720280054 -0.212927696810357 0.948969331815441 -0.474609605001361 0.876523585272242 0.0803245009720775 0.0312030861114431 -0.175280176765993 -0.326032164649054 0.662405591900335 0.188547756379388 -0.0662575358530803
22.0611020651647 16.4468234299121 10.4177137559555 0.493258095436871 0.0853976061597619 0.865681027082592 -0.604827619390692 0.74891900847799 0.270746650603487 -0.0650934325309647 0.243194782221889 0.284566652143544 0.536282556922059 -0.276392494777858 0.302179905246656
21.7184893151443 16.6662452862457 10.740235328396 0.794119342834792 0.58099533116097 0.178378157494953 -0.606676626638474 0.775321007061642 0.175558160031768 0.347557343782132 -0.0363938262128438 0.0710820896974418 -1.06151280003425 0.0673132232684346 0.131726549092187
20.8152577863309 15.7631898252986 10.6131786104983 0.226313528700565 -0.927722944707851 0.296836972693703 -0.741834443464792 0.0333296167214305 0.669754226439905 -0.0904085453017442 0.200046427384838 0.0373520922994286 0.0124168354806552 0.490415388794843 0.0400483962699046
