#id1 id2 FENE BEXC STCK NEXC HB CRSTCK CXSTCK total, t = 100000
0 1 0.016327 0 0 0 0 0 0 0.016327
1 2 0.00216782 0 0 0 0 0 0 0.00216782
2 3 0.00389639 0 0 0 0 0 0 0.00389639
3 4 0.0228298 0 -1.29305 0 0 0 0 -1.27022
4 5 0.0245335 0 -1.0839 0 0 0 0 -1.05937
5 6 0.0106646 0 0 0 0 0 0 0.0106646
6 7 0.123089 0 -1.25097 0 0 0 0 -1.12788
7 8 0.0190298 0 -1.39839 0 0 0 0 -1.37936
8 9 0.173841 0 -1.03261 0 0 0 0 -0.858766
9 10 0.000228566 0 -0.888394 0 0 0 0 -0.888165
10 11 0.00953207 0 -1.16807 0 0 0 0 -1.15854
11 12 0.0283545 0 -1.36249 0 0 0 0 -1.33414
12 13 0.00108109 0 -1.35171 0 0 0 0 -1.35063
13 14 0.0256909 0 -1.15581 0 0 0 0 -1.13012
14 15 0.0325668 0 -0.850623 0 0 0 0 -0.818056
15 16 0.00598283 0 0 0 0 0 0 0.00598283
16 17 0.133037 0 -1.0619 0 0 0 0 -0.928868
17 18 0.030515 0 -1.31033 0 0 0 0 -1.27982
18 19 0.075514 0 -1.32189 0 0 0 0 -1.24637
19 20 0.0537433 0 0 0 0 0 0 0.0537433
20 21 0.122246 0 -0.970583 0 0 0 0 -0.848336
12 22 0 0 0 0 0 -0.00698915 -0 -0.00698915
11 22 0 0 0 0 0 -1.34206e-05 0 -1.34206e-05
21 22 0.118652 0 0 0 0 0 0 0.118652
12 23 0 0 0 0 0 -0.145038 -0 -0.145038
11 23 0 0 0 0 -0.486721 0 -0 -0.486721
10 23 0 0 0 0 0 -0.162173 0 -0.162173
22 23 0.133166 0 -1.08212 0 0 0 0 -0.948957
11 24 0 0 0 0 0 -0.0869491 0 -0.0869491
23 24 0.149381 0 -1.26071 0 0 0 0 -1.11133
25 26 0.00797852 0 0 0 0 0 0 0.00797852
26 27 0.0242165 0 -1.31472 0 0 0 0 -1.29051
27 28 0.0471659 0 -1.07025 0 0 0 0 -1.02308
28 29 0.00741892 0 -1.19063 0 0 0 0 -1.18321
29 30 0.115142 0 -1.37718 0 0 0 0 -1.26204
30 31 0.0187186 0 0 0 0 0 0 0.0187186
31 32 0.150359 0 0 0 0 0 0 0.150359
32 33 0.0386412 0 -1.29441 0 0 0 0 -1.25577
33 34 0.0249553 0 -1.05575 0 0 0 0 -1.03079
34 35 0.0111408 0 -1.16517 0 0 0 0 -1.15403
35 36 0.00223289 0 -1.252 0 0 0 0 -1.24977
36 37 0.00509092 0 0 0 0 0 0 0.00509092
37 38 0.00966524 0 -1.4044 0 0 0 0 -1.39473
38 39 0.155993 0 0 0 0 0 0 0.155993
39 40 0.00739015 0 -0 0 0 0 0 0.00739015
40 41 0.00300223 0 0 0 0 0 0 0.00300223
41 42 0.000657207 0 0 0 0 0 0 0.000657207
42 43 0.0874914 0 -1.12356 0 0 0 0 -1.03607
43 44 0.0513767 0 -1.28404 0 0 0 0 -1.23266
44 45 0.0989585 0 0 0 0 0 0 0.0989585
45 46 0.000427623 0 -1.17877 0 0 0 0 -1.17834
46 47 0.10832 0 -0.92116 0 0 0 0 -0.812841
47 48 0.104122 0 -1.11787 0 0 0 0 -1.01375
48 49 0.0246411 0 -1.10669 0 0 0 0 -1.08205
49 50 0.000209576 0 -1.23251 0 0 0 0 -1.2323
50 51 0.000852709 0 0 0 0 0 0 0.000852709
#Total energy per particle is  -0.719198 and should be -0.71919810

