t = 0
b =  30.0 30.0 30.0
E = 0. 0. 0.
22.655563970230045 5.393626794388168 10.718869525002885 -0.06771854174230295 -0.6026991831511002 0.7950898651934211 0.6406444539828308 0.5846549384033624 0.4977482160506467 0.0 0.0 0.0 0.0 0.0 0.0
22.628454548776485 5.743878020802541 11.125408895521954 0.3936295131932057 -0.8066565970781708 0.4408638573681736 0.6406444539828308 0.5846549384033624 0.4977482160506467 0.0 0.0 0.0 0.0 0.0 0.0
22.69107298724089 5.910251850531459 11.6324431961999 0.7054311349321118 -0.70415168319615 -0.08085370072186754 0.6406444539828308 0.5846549384033624 0.4977482160506467 0.0 0.0 0.0 0.0 0.0 0.0
22.914494475109493 5.9161142819196515 12.121046893254228 0.7492276743306895 -0.3341277720795846 -0.5718535861058835 0.6406444539828308 0.5846549384033624 0.4977482160506467 0.0 0.0 0.0 0.0 0.0 0.0
23.308702434916256 5.845812277148957 12.479296547362324 0.5083800938323288 0.16283686596845834 -0.8455967332461748 0.6406444539828308 0.5846549384033624 0.4977482160506467 0.0 0.0 0.0 0.0 0.0 0.0
23.818795653108303 5.812628941099441 12.644792399520213 0.07439041602516527 0.597937056147869 -0.7980835438027918 0.6406444539828308 0.5846549384033624 0.4977482160506467 0.0 0.0 0.0 0.0 0.0 0.0
24.345846168973985 5.915745375812948 12.628365082756524 -0.3878614245713886 0.8058709617222414 -0.4473650728234407 0.6406444539828308 0.5846549384033624 0.4977482160506467 0.0 0.0 0.0 0.0 0.0 0.0
24.78448366090454 6.202560121607807 12.509960883566368 -0.7027582252760672 0.7076410154943624 0.07331486886668592 0.6406444539828308 0.5846549384033624 0.4977482160506467 0.0 0.0 0.0 0.0 0.0 0.0
25.0629273932711 6.650681659150561 12.408268811041228 -0.750665426707415 0.3405664163533233 0.566141266115118 0.6406444539828308 0.5846549384033624 0.4977482160506467 0.0 0.0 0.0 0.0 0.0 0.0
25.17025691799998 7.176435322016993 12.435628657940692 -0.5133822820759686 -0.15589505832717845 0.8438811309892142 0.6406444539828308 0.5846549384033624 0.4977482160506467 0.0 0.0 0.0 0.0 0.0 0.0
25.160560935376047 7.6666527014325005 12.655351235201902 -0.08105662518983309 -0.5931293939228046 0.8010164452603957 0.6406444539828308 0.5846549384033624 0.4977482160506467 0.0 0.0 0.0 0.0 0.0 0.0
25.13238809248964 8.02166621684046 13.057665536364238 0.38206379880042374 -0.8050239561725203 0.453832219696368 0.6406444539828308 0.5846549384033624 0.4977482160506467 0.0 0.0 0.0 0.0 0.0 0.0
25.191306704561445 8.19317449610878 13.563430906286214 0.7000317978603287 -0.7110764581895014 -0.06577045380038998 0.6406444539828308 0.5846549384033624 0.4977482160506467 0.0 0.0 0.0 0.0 0.0 0.0
25.409797586982044 8.20259287435875 14.05420389919492 0.7520460130055773 -0.3469791251759001 -0.5603858322750326 0.6406444539828308 0.5846549384033624 0.4977482160506467 0.0 0.0 0.0 0.0 0.0 0.0
25.799717381730428 8.132917350107162 14.417236924003968 0.5183453742711879 0.1489413786736347 -0.8421012639169103 0.6406444539828308 0.5846549384033624 0.4977482160506467 0.0 0.0 0.0 0.0 0.0 0.0
26.307794020853688 8.097193017810675 14.5883129392064 0.08771666157866909 0.5882765625979992 -0.8038883462144318 0.6406444539828308 0.5846549384033624 0.4977482160506467 0.0 0.0 0.0 0.0 0.0 0.0
26.83586567574381 8.19556634646855 14.57614258059487 -0.37623707739196016 0.8041156449317599 -0.46026480548868254 0.6406444539828308 0.5846549384033624 0.4977482160506467 0.0 0.0 0.0 0.0 0.0 0.0
27.278174077004124 8.477237861690154 14.459054845089943 -0.6972520603128998 0.7144577496593049 0.058221030059396606 0.6406444539828308 0.5846549384033624 0.4977482160506467 0.0 0.0 0.0 0.0 0.0 0.0
27.561543849177045 8.921770043427044 14.355238595218983 -0.7533693280881847 0.3533654101947105 0.5545877228841977 0.6406444539828308 0.5846549384033624 0.4977482160506467 0.0 0.0 0.0 0.0 0.0 0.0
27.673183059307462 9.446851881536475 14.377840634229603 -0.5232689924593007 -0.14197635655745497 0.8402572675730315 0.6406444539828308 0.5846549384033624 0.4977482160506467 0.0 0.0 0.0 0.0 0.0 0.0
27.6655430861421 9.939570204701342 14.591979343822228 -0.09437001800411698 -0.5833789317353466 0.8066990279585236 0.6406444539828308 0.5846549384033624 0.4977482160506467 0.0 0.0 0.0 0.0 0.0 0.0
27.636391464403342 10.299307282021092 14.990005122220818 0.3703817040733922 -0.8031460971713775 0.4666623403340715 0.6406444539828308 0.5846549384033624 0.4977482160506467 0.0 0.0 0.0 0.0 0.0 0.0
27.691668363762194 10.4759671812196 15.494406595782113 0.694419224321557 -0.7177846324053361 -0.05066717256155223 0.6406444539828308 0.5846549384033624 0.4977482160506467 0.0 0.0 0.0 0.0 0.0 0.0
27.905238147155075 10.489008050876183 15.987258485763757 0.7546352711796703 -0.35972478506942474 -0.5487473794910915 0.6406444539828308 0.5846549384033624 0.4977482160506467 0.0 0.0 0.0 0.0 0.0 0.0
28.29082706435799 10.420049644457437 16.355023393324046 0.5281527616877195 0.13500052239203966 -0.8383492823850389 0.6406444539828308 0.5846549384033624 0.4977482160506467 0.0 0.0 0.0 0.0 0.0 0.0
17.02881731583559 15.25910423055877 9.566732572226599 0.7940898462529841 0.2063585161286902 -0.5716970166959745 0.3055247904805135 0.6776026259738428 0.6689613469216221 0.0 0.0 0.0 0.0 0.0 0.0
17.42326425305151 15.298382104276468 9.92943625910551 0.3351486419777404 0.5810692835047917 -0.7416426872475076 0.3055247904805135 0.6776026259738428 0.6689613469216221 0.0 0.0 0.0 0.0 0.0 0.0
17.89410833375172 15.470114739452459 10.123082472090529 -0.25112113477132475 0.7350221151170794 -0.6298259013092244 0.3055247904805135 0.6776026259738428 0.6689613469216221 0.0 0.0 0.0 0.0 0.0 0.0
18.307709343879274 15.809395688896888 10.173159851054612 -0.7419857938992878 0.6097277562819637 -0.2787277253360449 0.3055247904805135 0.6776026259738428 0.6689613469216221 0.0 0.0 0.0 0.0 0.0 0.0
18.552174668940868 16.287664099570904 10.159701236258162 -0.9509576445839859 0.2527876287308735 0.1782637735713543 0.3055247904805135 0.6776026259738428 0.6689613469216221 0.0 0.0 0.0 0.0 0.0 0.0
18.579869168997615 16.823555458168098 10.18687785425638 -0.7986447869272766 -0.20019074535884449 0.5675298844876404 0.3055247904805135 0.6776026259738428 0.6689613469216221 0.0 0.0 0.0 0.0 0.0 0.0
18.425512564744896 17.31381333006173 10.34342292728091 -0.34291342208812287 -0.5771133082759634 0.7411819036934083 0.3055247904805135 0.6776026259738428 0.6689613469216221 0.0 0.0 0.0 0.0 0.0 0.0
18.192988835137406 17.67251820517496 10.668920438573673 0.2430964850089871 -0.734780876559079 0.6332465257854526 0.3055247904805135 0.6776026259738428 0.6689613469216221 0.0 0.0 0.0 0.0 0.0 0.0
18.015878956936753 17.863729756356637 11.138766515344361 0.7367499730946965 -0.6132929049562692 0.28473020541428995 0.3055247904805135 0.6776026259738428 0.6689613469216221 0.0 0.0 0.0 0.0 0.0 0.0
18.00671125828491 17.915141170556243 11.673516851398285 0.9504998285990608 -0.2588047050500088 -0.1719598804289328 0.3055247904805135 0.6776026259738428 0.6689613469216221 0.0 0.0 0.0 0.0 0.0 0.0
18.21421002546974 17.907558044096398 12.169068927297708 0.8031389077089658 0.19400772928867008 -0.5633195326813211 0.3055247904805135 0.6776026259738428 0.6689613469216221 0.0 0.0 0.0 0.0 0.0 0.0
18.604784331937633 17.944198985632365 12.53621229799755 0.3506520880137702 0.5731133836343252 -0.7406646762677402 0.3055247904805135 0.6776026259738428 0.6689613469216221 0.0 0.0 0.0 0.0 0.0 0.0
19.075289792901547 18.111481141000816 12.734521132437113 -0.23505332250812963 0.7344836815925091 -0.6366189260870283 0.3055247904805135 0.6776026259738428 0.6689613469216221 0.0 0.0 0.0 0.0 0.0 0.0
19.49221484160377 18.44618887469884 12.787712662643894 -0.7314580459272102 0.6168113490014026 -0.29071100218501456 0.3055247904805135 0.6776026259738428 0.6689613469216221 0.0 0.0 0.0 0.0 0.0 0.0
19.742404005721525 18.921498774809734 12.774636610755367 -0.9499696283721779 0.26480207238885195 0.16564289187584713 0.3055247904805135 0.6776026259738428 0.6689613469216221 0.0 0.0 0.0 0.0 0.0 0.0
19.776047563161004 19.457170315653673 12.7993188612819 -0.8075718663533542 -0.18780993877877836 0.5590662819116081 0.3055247904805135 0.6776026259738428 0.6689613469216221 0.0 0.0 0.0 0.0 0.0 0.0
19.62560508825495 19.95003057504354 12.951440288361232 -0.3583640504253105 -0.5690698141896241 0.7400910443593747 0.3055247904805135 0.6776026259738428 0.6689613469216221 0.0 0.0 0.0 0.0 0.0 0.0
19.39347351677851 20.31317135238308 13.272265492289279 0.2269922597867171 -0.7341305528499166 0.6399428453926125 0.3055247904805135 0.6776026259738428 0.6689613469216221 0.0 0.0 0.0 0.0 0.0 0.0
19.21308483806277 20.508967047101027 13.738965687960402 0.7261104153975717 -0.620282820474227 0.2966696601873898 0.3055247904805135 0.6776026259738428 0.6689613469216221 0.0 0.0 0.0 0.0 0.0 0.0
19.198213051384005 20.56336925337465 14.273291742005966 0.9493670842801376 -0.27077927402465957 -0.15931328897523217 0.3055247904805135 0.6776026259738428 0.6689613469216221 0.0 0.0 0.0 0.0 0.0 0.0
19.399749521438775 20.556047315614265 14.771302326816825 0.8119433252734781 0.18159784581491306 -0.5547704560800142 0.3055247904805135 0.6776026259738428 0.6689613469216221 0.0 0.0 0.0 0.0 0.0 0.0
19.78636849803747 20.59012061252138 15.142852968708368 0.36604872202694816 0.5649829078753292 -0.739461051652602 0.3055247904805135 0.6776026259738428 0.6689613469216221 0.0 0.0 0.0 0.0 0.0 0.0
20.25642829233994 20.752981781055883 15.345843440608526 -0.21891391072588554 0.7337215172234224 -0.6432180305728803 0.3055247904805135 0.6776026259738428 0.6689613469216221 0.0 0.0 0.0 0.0 0.0 0.0
20.676586653804314 21.083094792528048 15.402212342200711 -0.7207074887485498 0.6237070550087496 -0.3026057256465383 0.3055247904805135 0.6776026259738428 0.6689613469216221 0.0 0.0 0.0 0.0 0.0 0.0
20.932459720531362 21.555381846814427 15.389602259110264 -0.948692242209005 0.27673585477038537 0.15297155375085547 0.3055247904805135 0.6776026259738428 0.6689613469216221 0.0 0.0 0.0 0.0 0.0 0.0
20.97207836079622 22.090750847903223 15.411862046510583 -0.8162529515658159 -0.17537192347200448 0.5504323823303087 0.3055247904805135 0.6776026259738428 0.6689613469216221 0.0 0.0 0.0 0.0 0.0 0.0
20.82563211506822 22.58614381351849 15.559592912782476 -0.37370551760118775 -0.5608529759251795 0.738774746123806 0.3055247904805135 0.6776026259738428 0.6689613469216221 0.0 0.0 0.0 0.0 0.0 0.0
