t = 100000
b = 30 30 30
E = -0.398861016910329 -0.54700441224931 0.148143395338981
17.0150511951022 8.1565745959668 15.8058132304374 -0.880224827665028 -0.458844601472379 0.121102485900862 -0.319406602787021 0.384095909011241 -0.86628496941684 0.630484940221965 -0.0945718021870735 0.309553184650876 -0.565086030611862 0.257214018319368 -0.133816116140441
17.4999369374219 7.55915378403793 15.1204396012576 -0.584975590377166 -0.317972389687046 -0.746121339671504 0.790721600937111 -0.018911610718222 -0.611883680838507 0.462247040958265 -0.106298875746523 0.0204377019683516 -0.148007256294447 0.284338873444586 -0.257777437676595
17.7303347931052 7.29763843275639 14.8439280281288 -0.467480842343261 0.595640351772045 -0.653202991138166 0.793371551067697 -0.0432140178940547 -0.607201820684437 -0.0364885205960571 0.228280971518565 -0.139743109767868 -0.463691615294488 -0.291411882478876 -0.0352093995874283
18.1508550709463 7.2428497729534 14.2858606387119 0.0799728434782103 -0.663809532342149 -0.743613561745174 -0.905225742774786 -0.360700219755404 0.224636559170935 -0.135461504683798 0.430240486652481 0.323717574165681 -0.0285106134608171 0.248044686447506 -0.333351920928517
17.7229365680061 7.20532413755255 13.9490789358243 0.280170186475313 -0.958919354117882 0.0444764383251294 -0.952374900566001 -0.271851519867347 0.138125707350193 -0.378217920184379 0.381938499745995 0.00576912829265082 -0.0825238327862885 0.121458379638831 -0.46786888921951
17.6109831735594 8.30893355071361 14.5713134448092 -0.274460368034493 0.345935054856355 0.897218110055531 -0.95687335471228 -0.190634654759457 -0.219207106049245 0.441784868057827 0.48719739987277 0.530713333255482 -0.299510561646228 -0.041616224728421 -0.213146909980172
18.1481834890594 8.91324926086149 14.4202799740996 0.0193527793284341 0.603673257666455 0.796996857050199 -0.711703038452286 -0.551554093550221 0.435048027684423 -0.976464530990499 0.354370255972825 0.215046459077183 0.0849737302087886 0.207770138237423 -0.00269589722235761
19.1024767329297 9.01237827947598 13.9643050633317 0.530775012651072 0.661636774137612 -0.529636258029031 -0.810566447092976 0.21379774529917 -0.545226992039284 -0.344907253839376 -0.303852641552196 -0.401491729426646 0.157838727792381 0.0293568006426843 0.0970882356277248
18.657468129638 9.30649699663729 13.7365320386962 0.68634587869304 -0.22694683968638 -0.69095902212417 -0.722335251827523 -0.102174411892672 -0.683953272771677 -0.197580975682045 -0.615242173724442 0.489763223649345 -0.0635169564920992 0.242667579706742 -0.119513560725235
18.4272490449813 9.49260583477763 13.2668706296265 0.450826420191521 -0.866154100551254 -0.215713803864878 -0.716793098905205 -0.207277742950361 -0.665765341746476 0.0116454691448413 0.271408903657815 0.293067946257838 -0.130509168153376 -0.302143186173205 0.072232291089131
18.2993419933347 9.23829499732508 12.779219510145 0.147909596218211 -0.850220921175426 0.50521975002741 -0.604606738787799 -0.481998310569587 -0.634135808036731 0.243539505984573 0.0257638777750725 0.0345140966688981 0.514860528721782 0.536020727661776 0.505656358992141
18.2188963905775 9.03917687119798 12.3536680915333 0.948632284508343 -0.186981277725023 0.255215052744267 -0.224464363479755 -0.966247344664654 0.126418755832627 0.511281071362565 -0.167505700421778 0.363860796501989 -0.0339129123953415 -0.383937649320674 0.229356865202399
18.3134912313738 8.57223255933588 12.181022989664 0.473025806128037 -0.00333178697116421 0.881042245630859 -0.212131013149976 -0.971005614030585 0.110219762487571 -0.452911897000453 -0.0785983331547014 -0.305768791988029 0.0171194121452097 -0.266527351488586 0.461585760551041
17.9731715827525 7.76515274574332 11.6331101161417 -0.266934444785952 -0.128705860421354 -0.955081531213 0.755421371548399 0.587425420519694 -0.290292596252387 0.222319523623669 0.159062613665176 0.29784000769762 -0.013240296546311 0.362098648001506 0.418741161607914
18.9627180839861 7.49911579672979 11.6605070504802 0.62193523574136 -0.353870117616204 -0.698550206501102 -0.665808904050307 -0.708524474339458 -0.233861994600427 -0.289619471315811 -0.0311916049801979 0.145785989927356 0.102656523926106 0.236161670222915 0.469009522771265
19.6794714028997 7.76511828802635 12.4661295008358 0.983793756835349 -0.157104148799199 0.0864180394602762 0.111976993385416 0.914744653008145 0.388205132858517 -0.255576950587061 -0.402868937977848 0.312502463526733 -0.249227608867885 -0.315090521645509 0.561052130316968
19.8650760941694 8.01830834039232 12.8346396349894 0.472947530314962 0.218134545902786 -0.853661462800211 0.187196014343926 0.921872989517111 0.339275304608692 -0.331940177852527 -0.528445532950503 -0.191798618787267 -0.218359704904808 -0.00843326102430513 -0.00793219393969347
20.1183106150695 8.44615679795993 13.0434861565435 -0.217610424928309 0.167175086377835 -0.961612269518169 7.34635980328089e-05 0.985225180182539 0.171263554945118 0.417381898159202 -0.278426501358775 -0.0166474418420719 -0.360527689799371 -0.206172345845969 0.440104760922248
20.5266013773311 8.30529730082166 14.1081409038209 -0.856261914414659 0.0565399061128441 0.513438087236603 -0.498272265308346 -0.352429906880862 -0.792160221906302 -0.243270191560752 0.401335464090647 -0.384282518970147 -0.58257589906735 -0.14008639907407 0.186850486199287
20.7378300560893 8.831712018443 14.5523932047007 -0.525782216082731 0.772352170103711 -0.356405714198084 0.485815912826189 0.616596727623065 0.61950886773479 -0.176348313378889 0.0814254570584228 0.667096491609723 0.156363612565561 0.389174517459228 0.290276106375549
21.0071836654493 9.28192464033802 14.6728717676764 -0.882239194289786 0.470322299213839 -0.0212335869292105 0.429510923188527 0.822515647410794 0.372811274285244 -0.0520246708542569 0.150912800527842 0.0492257065516904 -0.37971644298552 -0.329770698351223 -0.590791251372091
21.2298887730024 9.83079566724408 14.6141439633275 -0.945452782860076 0.174852395410338 0.274855614758004 0.22967276814476 0.956143042592937 0.181771246304304 -0.248615306826844 0.0590015366427823 -0.332679896667848 -0.215716913035333 0.112499220330431 0.65630684460323
22.343294470767 10.5851124253405 14.4797602440846 0.380566151206548 0.776814039574725 -0.501726267333319 -0.265846489293611 0.611550835720977 0.745205437721619 -0.236754601811299 -0.0494285977519125 -0.505505258360124 -0.0834775286459257 0.229701755243484 0.381784081610434
22.3832042808154 10.8974581011612 14.8650979364583 -0.239186017563624 0.562601420165706 -0.791371964176753 -0.479543448412595 0.64024660620969 0.600101857346542 -0.456346281772204 -0.107831620204964 -0.799251963711352 -0.0688676673604609 0.307470745630653 1.04584127772118
22.2834367272893 11.4042304324962 15.1750632457948 -0.653724242150144 -0.0144467336646995 -0.756594876458702 -0.499005740068173 0.759866217817487 0.416649072222791 -0.263672415391653 -0.141471678849886 0.0234686612604188 -0.356814661386153 0.279871209089656 -0.238691638856879
20.4919758747981 7.05179090331524 13.3389060228137 -0.223467110218026 -0.635698967487509 0.738883716495817 -0.973836355293551 0.113498115805062 -0.196877736417025 0.250816498990605 -0.265171957323593 -0.0637429117622759 0.141298834571247 0.0668897921464372 0.0998598286320361
20.0494710220977 6.75970524584849 13.1655396715684 -0.0907668071163053 -0.246686012339403 0.96483535910265 -0.984176336893182 -0.125826873567826 -0.124757326694926 -0.303810488308018 0.120798581047255 -0.161992221058989 -0.062671399546668 -0.112151400171527 -0.194403288043596
19.8898916402909 6.10387531013593 12.0045618853367 -0.538784154917131 -0.262095134879738 -0.800635780972385 0.797136458908136 0.148862743016356 -0.585160851630388 -0.0259771554903787 0.201365392768957 -0.346915240205639 -0.0832627102673783 -0.34471667535657 -0.144483011368347
20.2919951626155 5.87503351515389 11.7655415311275 -0.539666445885241 0.557916567725448 -0.63046739806389 0.836838718110582 0.273675212036562 -0.474133694143131 -0.0275793397199603 0.0376896090393029 0.368823161999193 0.165783934176068 0.618672766272084 0.0258116960574144
20.5789837281524 5.96434396576782 11.3150987193376 -0.48379988977542 0.875161785640414 -0.00541783334370458 0.709344065211717 0.388492897124545 -0.588136174583468 -0.161784102850538 -0.170837792230359 -0.244690244656304 0.147010900318154 -0.16068815147666 0.0888357799106268
20.6287963638537 6.03118627843379 10.8072339190345 0.103348173086014 0.826928061317268 0.552728672341371 0.596406276104382 0.393202890853304 -0.699779205791 0.242415711474942 0.0933090537372281 -0.0372875664793644 -0.0880885401465911 -0.0588630686709317 0.353913677082245
20.6348971969617 6.37639516552679 10.4241716799068 0.636468569765528 0.340721336121071 0.691965739673158 0.52590365763452 0.464555017240155 -0.712470225200462 0.176047434092239 -0.688699038433263 -0.185871692046206 -0.0332725059145683 -0.394330619018255 -0.0903097761078275
20.8203728672871 6.82410924345468 10.4019416843426 0.903168057119224 -0.313751439580227 0.292997185195132 0.428321662872495 0.612865099616476 -0.664030694612733 0.0707124868814114 0.612633266617401 0.0625500571893773 0.28763379006005 -0.36303183473192 -0.174717390029636
21.0015944346872 7.26015016042399 10.3439918620088 0.4976812178989 -0.74526789506279 -0.443721829112831 0.375302590476017 0.64623947860704 -0.664471523380356 0.374753474036349 -0.416316425990087 -0.274935900869836 0.138063627930557 -0.348926001963113 0.65565386518473
20.8813795958376 8.44763311390986 10.4934413774446 0.440734345646178 0.129126676873272 0.888301450521952 -0.873424646714177 0.289986268518106 0.39119973984506 -0.26750677484614 -0.0168837676009698 0.199778209559437 -0.621284652460191 0.501759411808139 -0.0709334968068184
20.5361052941577 8.42759132134676 10.792082042616 0.645704270972524 0.630499128343457 0.43073973435736 -0.761007802634334 0.485031068664911 0.430826968402542 0.015750963372286 -0.391330944706402 0.226214992458332 -0.21106197818648 0.284939483100581 -0.318313895317988
20.3342638603851 8.58618900924067 11.2896906458807 0.485850084269469 0.773127349597753 -0.407705267702288 -0.568653805783308 0.633837632126359 0.524292399129307 -0.360056321756962 0.132205148898833 0.157700223794129 -0.375410510281617 -0.0877729728056519 -0.48664912996602
20.3435291448646 8.82634845279637 11.7481361418192 -0.335593320839281 0.59805529962432 -0.727809609028192 -0.63817358322037 0.42396431660292 0.64264188728538 -0.322930984131785 -0.254106308588679 -0.251859217783254 0.152360721015328 -0.417538983727439 -0.00717585533437899
20.73752085223 8.38069999343964 12.8587688842346 -0.138178928553367 -0.858256435210595 0.494269517879038 0.308088746561693 0.437048294983947 0.845026646487001 -0.360794143240016 0.448402405106017 0.0403446687888779 0.218575049467264 -0.175039551062393 0.307248495584522
21.4326495351137 8.41350120914575 12.367833253216 -0.300169866256062 0.0926944432184829 -0.94937122789551 0.325503641645015 -0.925573880387462 -0.193287884588983 0.0349278833274507 -0.0120489932860951 0.814546259912276 0.487803229834219 0.315311076909321 0.178195203315482
21.8057761622605 8.08905498166564 13.3973836371603 0.359001063007513 0.698545290321832 0.618993198976084 -0.643377629138295 -0.295240112336703 0.706327406204893 -0.202574557304075 0.0487180383372669 0.120516317288901 0.319949472015923 0.65269489689853 0.184517622773805
21.8258046855944 7.78733272591051 13.8414266652749 -0.396936293083745 0.886141002992727 0.239155733326073 -0.376319795248013 -0.394777788645811 0.838172872461851 0.464179103322046 -0.310268791062859 0.513144076129419 -0.333319728414617 -0.0735955870637265 0.19527883366022
21.7945182881747 7.78314364288321 14.2086328433772 -0.933494440129088 0.0133962033098556 -0.35834137340454 -0.300179531658703 -0.575850270378853 0.760452867942713 0.154971842220913 -0.219560759719799 0.111449967593501 0.383555239014881 -0.58479070912361 0.139958140043269
21.5613927252344 7.82358749012683 14.6087651407408 -0.391245345568574 -0.696900771492525 -0.601045999024345 -0.143134619483049 -0.599079017780543 0.787792308011929 0.203161673039713 -0.262747169328428 -0.0892546257085391 -0.0760343724314737 -0.324372043531924 0.37536356739824
21.2873867231077 7.47141345828035 14.944172404101 0.227684888142163 -0.61969227839563 -0.751093181088724 -0.274230462523207 -0.780939345260264 0.561187365401471 0.280821786762711 -0.278097016991723 -0.296516006804453 0.269153006809233 -0.30278837302898 -0.0424655076000531
20.8574827023582 7.21090054986111 14.9856542096115 0.86033936643567 -0.505395660157826 -0.0662667981659429 -0.378951268100075 -0.721136064823272 0.579964288357575 -0.20678680394696 -0.107549257876017 0.137649933969302 -0.457795781416354 0.00804071667254454 -0.281445283754285
20.4114266828534 7.2901944637846 14.3610567281417 0.994876177310342 -0.094807843657181 0.0351100734869484 0.0479695295648843 0.136964988766328 -0.989413662097792 -0.46798292987036 -0.147890094490817 0.0957759983190396 -0.171590292178821 -0.249571267280749 -0.141935046665405
20.0532556292007 7.77716677345091 15.0197783837672 0.885460909061533 0.441467067625289 0.145140109447341 0.45196749523536 -0.745448555066597 -0.489930250046856 0.377144305860452 -0.321114627636738 0.512976554416626 0.665468780543624 -0.282592143101817 -0.0999312678599949
19.8136233051399 6.43143855118525 15.4528384307868 0.0928028160468597 -0.921973381417826 0.375968874854118 -0.0524458105715377 0.372547868350248 0.926529788142484 -0.135652227181837 0.24167930603358 -0.136739824245681 -0.672018433232462 0.138782597776575 -0.169452155537265
19.4868694525516 6.5708241333934 15.8416409338551 0.484097179093604 -0.825675817953699 0.289670870777978 0.00957266044500298 0.336024616881337 0.941804518734308 0.0988842845525198 0.0870942834775588 -0.531295560967171 -0.336878759568365 -0.307165190269537 0.101362119116512
19.0188365073895 7.71583970378943 15.7157218021229 0.610673632708146 0.761604806205038 -0.216877133615207 0.785711475847699 -0.548623579900312 0.285778807658192 0.329932477387038 0.292474986946247 0.127195884034404 -0.099959921719957 0.0142261520129428 0.217205521168008
18.1590323735569 7.98503517563061 16.1521445077164 -0.291532033957433 0.905844650990882 -0.30733418293386 0.878741762182006 0.380550996773441 0.288086258766887 0.0199660341240553 0.29547560681837 -0.323900403692243 -0.525280329040542 0.283445834624293 0.018916338754959
