        0.0000  -1.016306   0.295783  -0.720523 
        0.5000  -0.710158   0.975946   0.265788 
        1.0000  -0.429713   2.712014   2.282301 
        1.5000  -0.339740   3.795666   3.455926 
        2.0000  -0.242838   2.930763   2.687925 
        2.5000  -0.134700   1.346754   1.212054 
        3.0000  -0.063720   1.414375   1.350655 
        3.5000  -0.078255   2.805919   2.727663 
        4.0000  -0.106058   3.174862   3.068804 
        4.5000  -0.107745   1.990915   1.883170 
        5.0000  -0.065151   0.938657   0.873505 
        5.5000  -0.041483   1.630870   1.589387 
        6.0000  -0.025075   2.773053   2.747978 
        6.5000   0.020600   2.572335   2.592936 
        7.0000   0.052560   1.294889   1.347449 
        7.5000   0.017428   0.826439   0.843867 
        8.0000   0.056040   1.810614   1.866654 
        8.5000   0.003457   2.590985   2.594442 
        9.0000   0.048763   1.985536   2.034299 
        9.5000   0.010399   0.899224   0.909623 
       10.0000  -0.005505   1.025151   1.019646 
       10.5000   0.058393   2.018498   2.076891 
       11.0000   0.021220   2.350551   2.371771 
       11.5000   0.041993   1.536120   1.578113 
       12.0000   0.031528   0.757030   0.788558 
       12.5000   0.048165   1.190014   1.238178 
       13.0000   0.045918   2.031547   2.077464 
       13.5000   0.100152   1.934388   2.034540 
       14.0000   0.062902   1.127885   1.190787 
       14.5000   0.062265   0.721405   0.783670 
       15.0000   0.051031   1.315533   1.366564 
       15.5000   0.003293   1.919534   1.922827 
       16.0000   0.079277   1.631124   1.710402 
       16.5000   0.089597   0.906277   0.995874 
       17.0000   0.049055   0.796958   0.846013 
       17.5000   0.034717   1.379737   1.414454 
       18.0000   0.065078   1.669967   1.735046 
       18.5000   0.011947   1.404929   1.416876 
       19.0000   0.067078   0.794123   0.861201 
       19.5000   0.039839   0.928384   0.968223 
       20.0000   0.016185   1.461246   1.477431 
       20.5000   0.073279   1.506982   1.580261 
       21.0000   0.023223   1.129688   1.152911 
       21.5000   0.034577   0.743480   0.778057 
       22.0000   0.050778   0.986924   1.037702 
       22.5000   0.049761   1.383396   1.433157 
       23.0000   0.040146   1.343003   1.383149 
       23.5000   0.006429   0.935722   0.942151 
       24.0000   0.025156   0.721984   0.747140 
       24.5000   0.024375   1.073265   1.097640 
       25.0000  -0.053611   1.393929   1.340318 
       25.5000   0.036824   1.234164   1.270988 
       26.0000   0.108396   1.081065   1.189461 
       26.5000   0.161967   0.942987   1.104954 
       27.0000   0.166786   0.995605   1.162390 
       27.5000   0.164576   1.064216   1.228792 
       28.0000   0.185893   1.001619   1.187512 
       28.5000   0.163305   0.963591   1.126896 
       29.0000   0.125179   0.973105   1.098284 
       29.5000   0.242908   0.884699   1.127606 
       30.0000   0.224958   0.911782   1.136740 
       30.5000   0.198534   0.919974   1.118509 
       31.0000   0.226829   0.859508   1.086337 
       31.5000   0.205643   0.858116   1.063759 
       32.0000   0.223021   0.842821   1.065843 
       32.5000   0.245391   0.839420   1.084811 
       33.0000   0.263242   0.785883   1.049125 
       33.5000   0.264231   0.747408   1.011639 
       34.0000   0.300675   0.686059   0.986735 
       34.5000   0.286492   0.690511   0.977003 
       35.0000   0.271408   0.723926   0.995334 
       35.5000   0.275280   0.703361   0.978641 
       36.0000   0.304430   0.676299   0.980729 
       36.5000   0.281656   0.684251   0.965906 
       37.0000   0.298096   0.634455   0.932551 
       37.5000   0.308050   0.637004   0.945054 
       38.0000   0.278028   0.675119   0.953147 
       38.5000   0.294188   0.659507   0.953695 
       39.0000   0.306380   0.645874   0.952255 
       39.5000   0.334669   0.602617   0.937287 
       40.0000   0.341456   0.569857   0.911313 
       40.5000   0.308439   0.605611   0.914049 
       41.0000   0.262363   0.619089   0.881453 
       41.5000   0.293850   0.577236   0.871086 
       42.0000   0.296458   0.592306   0.888765 
       42.5000   0.308305   0.616174   0.924478 
       43.0000   0.362655   0.571752   0.934407 
       43.5000   0.359922   0.571985   0.931907 
       44.0000   0.350815   0.549880   0.900695 
       44.5000   0.314667   0.555710   0.870377 
       45.0000   0.335098   0.547938   0.883036 
       45.5000   0.357776   0.535746   0.893522 
       46.0000   0.360393   0.532755   0.893148 
       46.5000   0.358314   0.518838   0.877152 
       47.0000   0.375806   0.465144   0.840950 
       47.5000   0.320381   0.506269   0.826650 
       48.0000   0.321496   0.511359   0.832854 
       48.5000   0.354963   0.472807   0.827770 
       49.0000   0.357029   0.481293   0.838321 
       49.5000   0.346404   0.460430   0.806834 
       50.0000   0.344097   0.447560   0.791657 
       50.5000   0.331295   0.466849   0.798145 
       51.0000   0.340600   0.470163   0.810763 
       51.5000   0.332284   0.480127   0.812410 
       52.0000   0.324895   0.471925   0.796820 
       52.5000   0.339585   0.433150   0.772735 
       53.0000   0.327832   0.437340   0.765173 
       53.5000   0.297973   0.481843   0.779816 
       54.0000   0.311514   0.471348   0.782862 
       54.5000   0.284049   0.489387   0.773436 
       55.0000   0.290245   0.472613   0.762858 
       55.5000   0.255043   0.503191   0.758234 
       56.0000   0.301300   0.472412   0.773712 
       56.5000   0.279203   0.481475   0.760678 
       57.0000   0.275124   0.472055   0.747180 
       57.5000   0.274194   0.467214   0.741408 
       58.0000   0.265802   0.452884   0.718686 
       58.5000   0.270150   0.444192   0.714342 
       59.0000   0.251307   0.467889   0.719197 
       59.5000   0.279904   0.447395   0.727299 
       60.0000   0.262969   0.474213   0.737182 
       60.5000   0.278950   0.453670   0.732620 
       61.0000   0.228145   0.482613   0.710758 
       61.5000   0.264786   0.442318   0.707104 
       62.0000   0.258678   0.458919   0.717597 
       62.5000   0.248888   0.484802   0.733690 
       63.0000   0.264172   0.468532   0.732704 
       63.5000   0.197392   0.531965   0.729357 
       64.0000   0.214653   0.483905   0.698558 
       64.5000   0.239063   0.442514   0.681577 
       65.0000   0.207607   0.481130   0.688737 
       65.5000   0.215526   0.469922   0.685448 
       66.0000   0.177102   0.488317   0.665420 
       66.5000   0.187203   0.472153   0.659356 
       67.0000   0.187371   0.464020   0.651391 
       67.5000   0.180772   0.459830   0.640602 
       68.0000   0.154813   0.489401   0.644213 
       68.5000   0.169298   0.472962   0.642260 
       69.0000   0.183157   0.455652   0.638809 
       69.5000   0.185152   0.450059   0.635211 
       70.0000   0.144694   0.482183   0.626877 
       70.5000   0.120726   0.499487   0.620213 
       71.0000   0.184157   0.437739   0.621896 
       71.5000   0.136757   0.486980   0.623737 
       72.0000   0.137876   0.485137   0.623013 
       72.5000   0.178809   0.442956   0.621764 
       73.0000   0.180466   0.429655   0.610121 
       73.5000   0.194422   0.412980   0.607403 
       74.0000   0.159045   0.455935   0.614980 
       74.5000   0.149708   0.448529   0.598237 
       75.0000   0.136455   0.447160   0.583615 
       75.5000   0.104137   0.474407   0.578544 
       76.0000   0.091642   0.487031   0.578674 
       76.5000   0.106909   0.474549   0.581458 
       77.0000   0.076869   0.500487   0.577355 
       77.5000   0.047093   0.523052   0.570145 
       78.0000   0.038037   0.516681   0.554718 
       78.5000   0.052233   0.502027   0.554260 
       79.0000   0.088732   0.468118   0.556850 
       79.5000   0.075376   0.479767   0.555143 
       80.0000   0.033082   0.509704   0.542786 
       80.5000   0.059307   0.474800   0.534107 
       81.0000   0.037331   0.478589   0.515920 
       81.5000   0.040043   0.477011   0.517055 
       82.0000   0.060740   0.454100   0.514840 
       82.5000   0.065182   0.445822   0.511004 
       83.0000   0.024454   0.481774   0.506229 
       83.5000   0.012516   0.486682   0.499198 
       84.0000   0.052928   0.436893   0.489821 
       84.5000   0.036875   0.454786   0.491661 
       85.0000   0.009224   0.496832   0.506055 
       85.5000   0.036762   0.475537   0.512299 
       86.0000   0.032644   0.476792   0.509436 
       86.5000  -0.003150   0.511527   0.508377 
       87.0000   0.025576   0.475213   0.500790 
       87.5000   0.015171   0.471364   0.486535 
       88.0000   0.020749   0.463623   0.484372 
       88.5000   0.037001   0.444125   0.481127 
       89.0000   0.028844   0.444416   0.473260 
       89.5000   0.045424   0.418259   0.463683 
       90.0000  -0.011729   0.467428   0.455699 
       90.5000  -0.025638   0.480788   0.455150 
       91.0000  -0.048248   0.504905   0.456657 
       91.5000  -0.068170   0.521421   0.453251 
       92.0000  -0.080448   0.534972   0.454524 
       92.5000  -0.135283   0.570940   0.435657 
       93.0000  -0.066057   0.487386   0.421330 
       93.5000  -0.089546   0.501536   0.411990 
       94.0000  -0.090495   0.502693   0.412198 
       94.5000  -0.104417   0.511040   0.406624 
       95.0000  -0.061261   0.463302   0.402041 
       95.5000  -0.076166   0.470374   0.394207 
       96.0000  -0.088701   0.478280   0.389579 
       96.5000  -0.067192   0.456874   0.389682 
       97.0000  -0.084899   0.467791   0.382892 
       97.5000  -0.074753   0.436522   0.361769 
       98.0000  -0.105202   0.454659   0.349457 
       98.5000  -0.084246   0.447090   0.362845 
       99.0000  -0.087217   0.448299   0.361082 
       99.5000  -0.092633   0.443699   0.351066 
      100.0000  -0.104810   0.447834   0.343023 
      100.5000  -0.150668   0.485239   0.334571 
      101.0000  -0.126692   0.450262   0.323570 
      101.5000  -0.150922   0.469242   0.318319 
      102.0000  -0.107881   0.444417   0.336536 
      102.5000  -0.130566   0.454258   0.323691 
      103.0000  -0.137481   0.449042   0.311561 
      103.5000  -0.142727   0.439845   0.297117 
      104.0000  -0.160964   0.452958   0.291994 
      104.5000  -0.149060   0.437261   0.288202 
      105.0000  -0.124678   0.407005   0.282328 
      105.5000  -0.142946   0.429617   0.286671 
      106.0000  -0.155724   0.438090   0.282366 
      106.5000  -0.124727   0.402578   0.277851 
      107.0000  -0.145153   0.424303   0.279150 
      107.5000  -0.153297   0.439171   0.285873 
      108.0000  -0.153642   0.438185   0.284543 
      108.5000  -0.170963   0.448355   0.277392 
      109.0000  -0.147668   0.421239   0.273571 
      109.5000  -0.160557   0.430949   0.270392 
      110.0000  -0.152186   0.424746   0.272560 
      110.5000  -0.163502   0.441130   0.277627 
      111.0000  -0.182784   0.449514   0.266730 
      111.5000  -0.168221   0.431791   0.263570 
      112.0000  -0.175764   0.445435   0.269671 
      112.5000  -0.176422   0.437518   0.261096 
      113.0000  -0.161643   0.424835   0.263192 
      113.5000  -0.183876   0.432027   0.248151 
      114.0000  -0.168022   0.422501   0.254480 
      114.5000  -0.167653   0.419104   0.251451 
      115.0000  -0.186979   0.421256   0.234277 
      115.5000  -0.199544   0.420275   0.220731 
      116.0000  -0.229871   0.442382   0.212512 
      116.5000  -0.236213   0.446918   0.210705 
      117.0000  -0.191908   0.412711   0.220803 
      117.5000  -0.188712   0.413655   0.224942 
      118.0000  -0.242859   0.453047   0.210188 
      118.5000  -0.214396   0.416335   0.201939 
      119.0000  -0.230725   0.432708   0.201983 
      119.5000  -0.193501   0.400795   0.207294 
      120.0000  -0.238292   0.450071   0.211779 
      120.5000  -0.235060   0.449832   0.214772 
      121.0000  -0.219381   0.434498   0.215117 
      121.5000  -0.211768   0.415932   0.204164 
      122.0000  -0.197096   0.393276   0.196180 
      122.5000  -0.235769   0.428080   0.192311 
      123.0000  -0.228731   0.421503   0.192772 
      123.5000  -0.214115   0.407797   0.193681 
      124.0000  -0.243399   0.432249   0.188851 
      124.5000  -0.233652   0.420598   0.186946 
      125.0000  -0.240882   0.431127   0.190245 
      125.5000  -0.212213   0.411056   0.198843 
      126.0000  -0.240215   0.435759   0.195544 
      126.5000  -0.231399   0.411679   0.180279 
      127.0000  -0.223083   0.400757   0.177674 
      127.5000  -0.303484   0.482649   0.179165 
      128.0000  -0.274085   0.442856   0.168771 
      128.5000  -0.212837   0.383015   0.170179 
      129.0000  -0.223966   0.404925   0.180960 
      129.5000  -0.251074   0.419062   0.167988 
      130.0000  -0.225050   0.386847   0.161797 
      130.5000  -0.306085   0.454799   0.148715 
      131.0000  -0.267314   0.412085   0.144771 
      131.5000  -0.276652   0.421937   0.145285 
      132.0000  -0.293370   0.442074   0.148704 
      132.5000  -0.269006   0.416449   0.147443 
      133.0000  -0.281997   0.427246   0.145249 
      133.5000  -0.270400   0.403047   0.132647 
      134.0000  -0.244865   0.376752   0.131887 
      134.5000  -0.261243   0.394149   0.132906 
      135.0000  -0.285448   0.409963   0.124515 
      135.5000  -0.295137   0.434866   0.139729 
      136.0000  -0.231768   0.361635   0.129867 
      136.5000  -0.273408   0.402793   0.129385 
      137.0000  -0.269011   0.394396   0.125385 
      137.5000  -0.250945   0.373334   0.122390 
      138.0000  -0.250384   0.377305   0.126920 
      138.5000  -0.247038   0.385709   0.138671 
      139.0000  -0.229929   0.364157   0.134229 
      139.5000  -0.252169   0.393098   0.140929 
      140.0000  -0.193386   0.336264   0.142878 
      140.5000  -0.254511   0.391046   0.136535 
      141.0000  -0.181159   0.306861   0.125702 
      141.5000  -0.224185   0.335462   0.111278 
      142.0000  -0.245861   0.353253   0.107392 
      142.5000  -0.234325   0.343311   0.108986 
      143.0000  -0.222428   0.326471   0.104044 
      143.5000  -0.270531   0.375155   0.104624 
      144.0000  -0.251667   0.349239   0.097573 
      144.5000  -0.243391   0.328668   0.085277 
      145.0000  -0.274492   0.346815   0.072323 
      145.5000  -0.234252   0.319769   0.085518 
      146.0000  -0.259459   0.348748   0.089288 
      146.5000  -0.241134   0.324303   0.083169 
      147.0000  -0.276527   0.360085   0.083558 
      147.5000  -0.238873   0.327700   0.088826 
      148.0000  -0.258305   0.357983   0.099678 
      148.5000  -0.251839   0.358777   0.106938 
      149.0000  -0.242447   0.349448   0.107000 
      149.5000  -0.236778   0.346430   0.109652 
      150.0000  -0.244369   0.341345   0.096976 
      150.5000  -0.242274   0.341480   0.099207 
      151.0000  -0.260129   0.367078   0.106950 
      151.5000  -0.252345   0.364202   0.111857 
      152.0000  -0.254439   0.376884   0.122445 
      152.5000  -0.254129   0.371142   0.117013 
      153.0000  -0.267834   0.372745   0.104911 
      153.5000  -0.233456   0.345790   0.112334 
      154.0000  -0.270445   0.378407   0.107962 
      154.5000  -0.237325   0.343198   0.105873 
      155.0000  -0.264115   0.356586   0.092471 
      155.5000  -0.253598   0.331998   0.078400 
      156.0000  -0.269591   0.346980   0.077389 
      156.5000  -0.271653   0.350981   0.079329 
      157.0000  -0.276897   0.362252   0.085354 
      157.5000  -0.281114   0.370090   0.088975 
      158.0000  -0.287602   0.374541   0.086939 
      158.5000  -0.273231   0.350743   0.077513 
      159.0000  -0.270578   0.348722   0.078143 
      159.5000  -0.288743   0.372319   0.083577 
      160.0000  -0.275298   0.356836   0.081538 
      160.5000  -0.284239   0.356545   0.072307 
      161.0000  -0.299806   0.366642   0.066836 
      161.5000  -0.272042   0.328234   0.056193 
      162.0000  -0.292481   0.339174   0.046693 
      162.5000  -0.289538   0.348528   0.058990 
      163.0000  -0.269317   0.325551   0.056234 
      163.5000  -0.282841   0.333029   0.050188 
      164.0000  -0.293287   0.339626   0.046339 
      164.5000  -0.285630   0.335771   0.050142 
      165.0000  -0.273819   0.314475   0.040656 
      165.5000  -0.299515   0.335869   0.036354 
      166.0000  -0.323945   0.363548   0.039604 
      166.5000  -0.315563   0.369562   0.054000 
      167.0000  -0.270490   0.321254   0.050765 
      167.5000  -0.304062   0.367937   0.063875 
      168.0000  -0.292489   0.363111   0.070622 
      168.5000  -0.294358   0.359646   0.065288 
      169.0000  -0.291614   0.360721   0.069107 
      169.5000  -0.303899   0.375699   0.071800 
      170.0000  -0.329099   0.395970   0.066870 
      170.5000  -0.306559   0.380366   0.073807 
      171.0000  -0.286179   0.351953   0.065773 
      171.5000  -0.303519   0.363232   0.059713 
      172.0000  -0.270048   0.331123   0.061075 
      172.5000  -0.299998   0.365769   0.065771 
      173.0000  -0.293029   0.346218   0.053189 
      173.5000  -0.280793   0.338917   0.058124 
      174.0000  -0.286436   0.345699   0.059263 
      174.5000  -0.292883   0.346158   0.053275 
      175.0000  -0.292214   0.348604   0.056389 
      175.5000  -0.286215   0.338647   0.052432 
      176.0000  -0.292388   0.350215   0.057827 
      176.5000  -0.311904   0.367457   0.055553 
      177.0000  -0.287153   0.339948   0.052795 
      177.5000  -0.313923   0.361891   0.047969 
      178.0000  -0.302413   0.333111   0.030698 
      178.5000  -0.309174   0.341222   0.032049 
      179.0000  -0.272745   0.307126   0.034381 
      179.5000  -0.287243   0.320647   0.033404 
      180.0000  -0.321659   0.357862   0.036203 
      180.5000  -0.293931   0.322183   0.028252 
      181.0000  -0.324229   0.351547   0.027319 
      181.5000  -0.280152   0.310131   0.029979 
      182.0000  -0.310913   0.340230   0.029317 
      182.5000  -0.294008   0.318357   0.024349 
      183.0000  -0.330194   0.346626   0.016433 
      183.5000  -0.279695   0.297705   0.018010 
      184.0000  -0.278934   0.296688   0.017754 
      184.5000  -0.307060   0.323546   0.016486 
      185.0000  -0.292074   0.304774   0.012699 
      185.5000  -0.310027   0.323165   0.013138 
      186.0000  -0.285226   0.301665   0.016438 
      186.5000  -0.314079   0.335102   0.021023 
      187.0000  -0.284743   0.288615   0.003872 
      187.5000  -0.274846   0.282708   0.007862 
      188.0000  -0.279460   0.283439   0.003978 
      188.5000  -0.271847   0.271277  -0.000570 
      189.0000  -0.273674   0.281918   0.008244 
      189.5000  -0.282265   0.290619   0.008354 
      190.0000  -0.247217   0.257890   0.010673 
      190.5000  -0.272149   0.285285   0.013136 
      191.0000  -0.282744   0.296630   0.013886 
      191.5000  -0.283849   0.297731   0.013882 
      192.0000  -0.295662   0.303584   0.007921 
      192.5000  -0.293855   0.305659   0.011804 
      193.0000  -0.270595   0.292996   0.022402 
      193.5000  -0.274980   0.297521   0.022541 
      194.0000  -0.275453   0.290858   0.015405 
      194.5000  -0.273238   0.298793   0.025556 
      195.0000  -0.273882   0.293844   0.019962 
      195.5000  -0.312614   0.329838   0.017224 
      196.0000  -0.246528   0.271146   0.024618 
      196.5000  -0.269954   0.290883   0.020929 
      197.0000  -0.283121   0.297734   0.014613 
      197.5000  -0.276046   0.291094   0.015048 
      198.0000  -0.275949   0.295728   0.019779 
      198.5000  -0.275676   0.306960   0.031284 
      199.0000  -0.270161   0.298398   0.028237 
      199.5000  -0.309022   0.329121   0.020099 
      200.0000  -0.307960   0.325741   0.017781 
      200.5000  -0.286977   0.296008   0.009031 
      201.0000  -0.317999   0.321644   0.003644 
      201.5000  -0.310985   0.310830  -0.000155 
      202.0000  -0.313106   0.317997   0.004891 
      202.5000  -0.320558   0.334143   0.013585 
      203.0000  -0.293505   0.303852   0.010347 
      203.5000  -0.314288   0.321670   0.007382 
      204.0000  -0.309201   0.315980   0.006779 
      204.5000  -0.300173   0.297036  -0.003138 
      205.0000  -0.337210   0.339688   0.002478 
      205.5000  -0.299219   0.309313   0.010094 
      206.0000  -0.279614   0.292830   0.013216 
      206.5000  -0.304262   0.316625   0.012363 
      207.0000  -0.308510   0.321011   0.012500 
      207.5000  -0.301351   0.317513   0.016161 
      208.0000  -0.306426   0.328907   0.022481 
      208.5000  -0.305976   0.322963   0.016988 
      209.0000  -0.299956   0.320896   0.020939 
      209.5000  -0.295185   0.318165   0.022980 
      210.0000  -0.304096   0.323600   0.019504 
      210.5000  -0.292962   0.307798   0.014837 
      211.0000  -0.305307   0.326648   0.021341 
      211.5000  -0.279363   0.307076   0.027713 
      212.0000  -0.303998   0.326667   0.022669 
      212.5000  -0.282374   0.308664   0.026290 
      213.0000  -0.268878   0.302507   0.033629 
      213.5000  -0.300029   0.338664   0.038635 
      214.0000  -0.301170   0.341727   0.040557 
      214.5000  -0.296633   0.336841   0.040209 
      215.0000  -0.300783   0.329114   0.028332 
      215.5000  -0.296165   0.323701   0.027536 
      216.0000  -0.264872   0.289681   0.024808 
      216.5000  -0.305955   0.336210   0.030255 
      217.0000  -0.298567   0.330297   0.031729 
      217.5000  -0.312825   0.334805   0.021980 
      218.0000  -0.287695   0.303793   0.016098 
      218.5000  -0.314355   0.333083   0.018727 
      219.0000  -0.309548   0.329877   0.020329 
      219.5000  -0.288871   0.311176   0.022306 
      220.0000  -0.301116   0.320093   0.018977 
      220.5000  -0.299060   0.327348   0.028288 
      221.0000  -0.314986   0.348305   0.033319 
      221.5000  -0.287577   0.326841   0.039264 
      222.0000  -0.285045   0.321748   0.036702 
      222.5000  -0.303057   0.339885   0.036828 
      223.0000  -0.318691   0.347934   0.029243 
      223.5000  -0.299913   0.325661   0.025748 
      224.0000  -0.303576   0.328247   0.024671 
      224.5000  -0.300245   0.328888   0.028643 
      225.0000  -0.286817   0.315933   0.029116 
      225.5000  -0.331740   0.365085   0.033345 
      226.0000  -0.305159   0.341934   0.036775 
      226.5000  -0.319654   0.350719   0.031064 
      227.0000  -0.297520   0.325109   0.027589 
      227.5000  -0.337811   0.374411   0.036600 
      228.0000  -0.318129   0.365483   0.047354 
      228.5000  -0.297571   0.342617   0.045046 
      229.0000  -0.267194   0.307110   0.039916 
      229.5000  -0.309785   0.353897   0.044111 
      230.0000  -0.302487   0.354719   0.052232 
      230.5000  -0.292405   0.338694   0.046290 
      231.0000  -0.299127   0.351980   0.052852 
      231.5000  -0.307241   0.352769   0.045528 
      232.0000  -0.254558   0.302007   0.047448 
      232.5000  -0.265707   0.314592   0.048886 
      233.0000  -0.289559   0.333028   0.043469 
      233.5000  -0.278581   0.328719   0.050137 
      234.0000  -0.279777   0.330217   0.050440 
      234.5000  -0.290320   0.350737   0.060417 
      235.0000  -0.287113   0.345319   0.058206 
      235.5000  -0.286155   0.336518   0.050364 
      236.0000  -0.292378   0.346588   0.054210 
      236.5000  -0.280491   0.337221   0.056729 
      237.0000  -0.301412   0.364277   0.062866 
      237.5000  -0.305702   0.362316   0.056614 
      238.0000  -0.298156   0.361541   0.063385 
      238.5000  -0.309503   0.366770   0.057267 
      239.0000  -0.301662   0.359292   0.057630 
      239.5000  -0.294061   0.337411   0.043350 
      240.0000  -0.312380   0.355272   0.042891 
      240.5000  -0.270127   0.318937   0.048810 
      241.0000  -0.285695   0.335985   0.050290 
      241.5000  -0.321268   0.371611   0.050343 
      242.0000  -0.293063   0.341125   0.048062 
      242.5000  -0.299702   0.345255   0.045554 
      243.0000  -0.296490   0.335810   0.039320 
      243.5000  -0.287619   0.327517   0.039897 
      244.0000  -0.310959   0.350859   0.039900 
      244.5000  -0.289369   0.337137   0.047768 
      245.0000  -0.280407   0.330453   0.050046 
      245.5000  -0.277612   0.319355   0.041743 
      246.0000  -0.305898   0.339393   0.033495 
      246.5000  -0.321767   0.349235   0.027468 
      247.0000  -0.284867   0.314328   0.029461 
      247.5000  -0.330371   0.360679   0.030308 
      248.0000  -0.300816   0.335432   0.034616 
      248.5000  -0.314342   0.340441   0.026099 
      249.0000  -0.284470   0.308442   0.023972 
      249.5000  -0.317660   0.340845   0.023185 
      250.0000  -0.299121   0.322821   0.023700 
      250.5000  -0.304870   0.332595   0.027725 
      251.0000  -0.324570   0.354742   0.030171 
      251.5000  -0.295368   0.320040   0.024671 
      252.0000  -0.328368   0.358222   0.029854 
      252.5000  -0.270720   0.299313   0.028593 
      253.0000  -0.292912   0.321441   0.028529 
      253.5000  -0.292388   0.313644   0.021257 
      254.0000  -0.295453   0.308837   0.013384 
      254.5000  -0.309721   0.322105   0.012385 
      255.0000  -0.311382   0.318660   0.007278 
      255.5000  -0.321033   0.324190   0.003157 
      256.0000  -0.340413   0.341725   0.001312 
      256.5000  -0.330805   0.324999  -0.005806 
      257.0000  -0.328493   0.323061  -0.005432 
      257.5000  -0.352354   0.339658  -0.012696 
      258.0000  -0.328306   0.315973  -0.012333 
      258.5000  -0.338185   0.315266  -0.022919 
      259.0000  -0.356328   0.334769  -0.021560 
      259.5000  -0.343170   0.321151  -0.022019 
      260.0000  -0.357255   0.327258  -0.029997 
      260.5000  -0.355997   0.329427  -0.026571 
      261.0000  -0.357951   0.330589  -0.027362 
      261.5000  -0.352158   0.321960  -0.030197 
      262.0000  -0.357388   0.325911  -0.031477 
      262.5000  -0.356699   0.318427  -0.038272 
      263.0000  -0.354546   0.320211  -0.034335 
      263.5000  -0.341401   0.312768  -0.028632 
      264.0000  -0.359645   0.329210  -0.030435 
      264.5000  -0.336706   0.296726  -0.039980 
      265.0000  -0.358011   0.320802  -0.037210 
      265.5000  -0.325765   0.296932  -0.028832 
      266.0000  -0.343684   0.317391  -0.026293 
      266.5000  -0.377769   0.344579  -0.033190 
      267.0000  -0.317540   0.283533  -0.034006 
      267.5000  -0.370555   0.341060  -0.029495 
      268.0000  -0.375077   0.345422  -0.029655 
      268.5000  -0.331746   0.297994  -0.033752 
      269.0000  -0.336408   0.295979  -0.040429 
      269.5000  -0.355015   0.312044  -0.042971 
      270.0000  -0.359727   0.329800  -0.029927 
      270.5000  -0.352792   0.323475  -0.029318 
      271.0000  -0.370875   0.340496  -0.030378 
      271.5000  -0.353247   0.321481  -0.031766 
      272.0000  -0.352006   0.308563  -0.043443 
      272.5000  -0.341579   0.300855  -0.040724 
      273.0000  -0.359156   0.316796  -0.042360 
      273.5000  -0.335681   0.297808  -0.037873 
      274.0000  -0.312505   0.287678  -0.024827 
      274.5000  -0.354815   0.332219  -0.022597 
      275.0000  -0.338153   0.315722  -0.022432 
      275.5000  -0.350946   0.338992  -0.011954 
      276.0000  -0.344555   0.330735  -0.013820 
      276.5000  -0.340346   0.329416  -0.010930 
      277.0000  -0.314836   0.297908  -0.016928 
      277.5000  -0.317733   0.296337  -0.021396 
      278.0000  -0.341358   0.326670  -0.014688 
      278.5000  -0.331673   0.320047  -0.011626 
      279.0000  -0.340293   0.319740  -0.020553 
      279.5000  -0.352427   0.337408  -0.015019 
      280.0000  -0.343073   0.325929  -0.017144 
      280.5000  -0.340625   0.316684  -0.023940 
      281.0000  -0.344376   0.318846  -0.025530 
      281.5000  -0.327512   0.287711  -0.039801 
      282.0000  -0.348178   0.299571  -0.048607 
      282.5000  -0.330644   0.282162  -0.048482 
      283.0000  -0.337008   0.285115  -0.051893 
      283.5000  -0.351694   0.306024  -0.045670 
      284.0000  -0.367517   0.323764  -0.043753 
      284.5000  -0.359484   0.314212  -0.045272 
      285.0000  -0.328776   0.286257  -0.042519 
      285.5000  -0.337389   0.290420  -0.046969 
      286.0000  -0.324365   0.273980  -0.050385 
      286.5000  -0.366989   0.310182  -0.056806 
      287.0000  -0.376971   0.315244  -0.061727 
      287.5000  -0.339794   0.281678  -0.058116 
      288.0000  -0.344855   0.282180  -0.062675 
      288.5000  -0.359555   0.287608  -0.071947 
      289.0000  -0.358120   0.293591  -0.064529 
      289.5000  -0.345009   0.279006  -0.066003 
      290.0000  -0.337980   0.268478  -0.069502 
      290.5000  -0.359345   0.292596  -0.066749 
      291.0000  -0.349711   0.287019  -0.062692 
      291.5000  -0.340459   0.272265  -0.068194 
      292.0000  -0.366456   0.294787  -0.071669 
      292.5000  -0.340169   0.265552  -0.074617 
      293.0000  -0.381101   0.303004  -0.078097 
      293.5000  -0.377222   0.296242  -0.080980 
      294.0000  -0.358998   0.276355  -0.082643 
      294.5000  -0.371541   0.295407  -0.076134 
      295.0000  -0.394184   0.328036  -0.066148 
      295.5000  -0.375917   0.301646  -0.074270 
      296.0000  -0.357584   0.287329  -0.070255 
      296.5000  -0.359853   0.295254  -0.064599 
      297.0000  -0.358960   0.294613  -0.064347 
      297.5000  -0.367815   0.303596  -0.064220 
      298.0000  -0.364258   0.293628  -0.070629 
      298.5000  -0.345919   0.274668  -0.071251 
      299.0000  -0.376679   0.314988  -0.061690 
      299.5000  -0.380693   0.324310  -0.056382 
      300.0000  -0.350820   0.284988  -0.065833 
      300.5000  -0.355885   0.289342  -0.066543 
      301.0000  -0.380589   0.301441  -0.079147 
      301.5000  -0.382126   0.304529  -0.077598 
      302.0000  -0.372240   0.286728  -0.085512 
      302.5000  -0.352482   0.257420  -0.095062 
      303.0000  -0.400671   0.312867  -0.087803 
      303.5000  -0.376784   0.283542  -0.093241 
      304.0000  -0.371707   0.291146  -0.080561 
      304.5000  -0.366922   0.282307  -0.084615 
      305.0000  -0.371375   0.289470  -0.081905 
      305.5000  -0.373785   0.291087  -0.082698 
      306.0000  -0.385661   0.302062  -0.083599 
      306.5000  -0.365312   0.279089  -0.086223 
      307.0000  -0.367390   0.283376  -0.084014 
      307.5000  -0.361410   0.276720  -0.084690 
      308.0000  -0.385692   0.298678  -0.087014 
      308.5000  -0.364719   0.284688  -0.080031 
      309.0000  -0.390943   0.310784  -0.080159 
      309.5000  -0.374655   0.292939  -0.081716 
      310.0000  -0.360380   0.279266  -0.081114 
      310.5000  -0.394176   0.317455  -0.076720 
      311.0000  -0.384367   0.297589  -0.086777 
      311.5000  -0.360527   0.276755  -0.083772 
      312.0000  -0.367023   0.282423  -0.084600 
      312.5000  -0.372934   0.287214  -0.085720 
      313.0000  -0.382124   0.304778  -0.077347 
      313.5000  -0.350908   0.279096  -0.071811 
      314.0000  -0.359834   0.292113  -0.067721 
      314.5000  -0.360318   0.282920  -0.077398 
      315.0000  -0.378447   0.311904  -0.066543 
      315.5000  -0.410797   0.348162  -0.062636 
      316.0000  -0.388431   0.313329  -0.075101 
      316.5000  -0.378831   0.302871  -0.075961 
      317.0000  -0.390759   0.308206  -0.082553 
      317.5000  -0.384487   0.299374  -0.085114 
      318.0000  -0.394722   0.311082  -0.083640 
      318.5000  -0.375955   0.294861  -0.081094 
      319.0000  -0.372113   0.286176  -0.085936 
      319.5000  -0.387330   0.293174  -0.094156 
      320.0000  -0.393793   0.295147  -0.098646 
      320.5000  -0.383777   0.285972  -0.097805 
      321.0000  -0.387257   0.278362  -0.108894 
      321.5000  -0.402290   0.303611  -0.098678 
      322.0000  -0.405159   0.298645  -0.106515 
      322.5000  -0.407648   0.303622  -0.104027 
      323.0000  -0.386750   0.282355  -0.104395 
      323.5000  -0.396216   0.302095  -0.094120 
      324.0000  -0.395588   0.301420  -0.094168 
      324.5000  -0.403589   0.310627  -0.092962 
      325.0000  -0.394086   0.297404  -0.096682 
      325.5000  -0.406473   0.302539  -0.103935 
      326.0000  -0.383630   0.276299  -0.107331 
      326.5000  -0.395474   0.297810  -0.097664 
      327.0000  -0.379405   0.291143  -0.088262 
      327.5000  -0.366403   0.272254  -0.094149 
      328.0000  -0.391860   0.298456  -0.093404 
      328.5000  -0.394841   0.289026  -0.105815 
      329.0000  -0.397235   0.279466  -0.117769 
      329.5000  -0.394566   0.275787  -0.118780 
      330.0000  -0.425208   0.301729  -0.123480 
      330.5000  -0.397199   0.278828  -0.118371 
      331.0000  -0.418140   0.295010  -0.123130 
      331.5000  -0.417289   0.280844  -0.136445 
      332.0000  -0.406396   0.268887  -0.137509 
      332.5000  -0.435595   0.289149  -0.146447 
      333.0000  -0.416418   0.269211  -0.147207 
      333.5000  -0.445540   0.290381  -0.155159 
      334.0000  -0.437678   0.288704  -0.148974 
      334.5000  -0.415750   0.273000  -0.142750 
      335.0000  -0.408428   0.270420  -0.138008 
      335.5000  -0.416601   0.274213  -0.142388 
      336.0000  -0.420667   0.292403  -0.128264 
      336.5000  -0.416595   0.294390  -0.122205 
      337.0000  -0.409999   0.282663  -0.127335 
      337.5000  -0.388549   0.264575  -0.123974 
      338.0000  -0.411132   0.287851  -0.123281 
      338.5000  -0.397242   0.275981  -0.121261 
      339.0000  -0.405149   0.287380  -0.117769 
      339.5000  -0.419632   0.300470  -0.119162 
      340.0000  -0.388973   0.266785  -0.122189 
      340.5000  -0.404424   0.290952  -0.113472 
      341.0000  -0.407232   0.290288  -0.116944 
      341.5000  -0.415310   0.297805  -0.117506 
      342.0000  -0.400324   0.269155  -0.131169 
      342.5000  -0.414772   0.287447  -0.127325 
      343.0000  -0.413480   0.278674  -0.134807 
      343.5000  -0.452411   0.314488  -0.137923 
      344.0000  -0.464127   0.325435  -0.138692 
      344.5000  -0.448979   0.310342  -0.138637 
      345.0000  -0.433689   0.296068  -0.137620 
      345.5000  -0.438624   0.297078  -0.141546 
      346.0000  -0.454740   0.305539  -0.149201 
      346.5000  -0.461622   0.303225  -0.158397 
      347.0000  -0.463310   0.302376  -0.160934 
      347.5000  -0.461414   0.302801  -0.158613 
      348.0000  -0.464811   0.298679  -0.166132 
      348.5000  -0.438253   0.274084  -0.164169 
      349.0000  -0.432711   0.275335  -0.157376 
      349.5000  -0.447171   0.284376  -0.162795 
      350.0000  -0.460032   0.297764  -0.162268 
      350.5000  -0.425508   0.251083  -0.174425 
      351.0000  -0.433693   0.262193  -0.171501 
      351.5000  -0.434916   0.276428  -0.158488 
      352.0000  -0.474795   0.303315  -0.171480 
      352.5000  -0.441850   0.270415  -0.171435 
      353.0000  -0.445126   0.281159  -0.163967 
      353.5000  -0.412405   0.248966  -0.163439 
      354.0000  -0.443082   0.271588  -0.171495 
      354.5000  -0.457226   0.273583  -0.183643 
      355.0000  -0.447241   0.260232  -0.187010 
      355.5000  -0.432890   0.247863  -0.185027 
      356.0000  -0.461129   0.276527  -0.184603 
      356.5000  -0.446302   0.269918  -0.176383 
      357.0000  -0.455801   0.279870  -0.175931 
      357.5000  -0.440342   0.275148  -0.165194 
      358.0000  -0.452973   0.283706  -0.169266 
      358.5000  -0.464253   0.295354  -0.168899 
      359.0000  -0.478290   0.308708  -0.169582 
      359.5000  -0.464288   0.290043  -0.174245 
      360.0000  -0.496652   0.331262  -0.165390 
      360.5000  -0.473606   0.307508  -0.166098 
      361.0000  -0.482535   0.312368  -0.170167 
      361.5000  -0.448628   0.285526  -0.163102 
      362.0000  -0.450222   0.293473  -0.156750 
      362.5000  -0.443951   0.290349  -0.153602 
      363.0000  -0.458748   0.309822  -0.148926 
      363.5000  -0.475621   0.326732  -0.148889 
      364.0000  -0.456748   0.308529  -0.148218 
      364.5000  -0.460547   0.302309  -0.158238 
      365.0000  -0.459712   0.301816  -0.157895 
      365.5000  -0.470156   0.309867  -0.160289 
      366.0000  -0.479071   0.322149  -0.156922 
      366.5000  -0.462983   0.319579  -0.143404 
      367.0000  -0.432319   0.289180  -0.143139 
      367.5000  -0.446308   0.303444  -0.142864 
      368.0000  -0.463539   0.307546  -0.155993 
      368.5000  -0.452169   0.301713  -0.150456 
      369.0000  -0.473552   0.323706  -0.149846 
      369.5000  -0.459840   0.320102  -0.139738 
      370.0000  -0.460828   0.315974  -0.144854 
      370.5000  -0.473329   0.325665  -0.147663 
      371.0000  -0.432298   0.282794  -0.149504 
      371.5000  -0.465325   0.320582  -0.144743 
      372.0000  -0.460461   0.314758  -0.145703 
      372.5000  -0.488853   0.343087  -0.145766 
      373.0000  -0.480713   0.330728  -0.149984 
      373.5000  -0.460829   0.297441  -0.163388 
      374.0000  -0.493473   0.331366  -0.162107 
      374.5000  -0.483589   0.326939  -0.156650 
      375.0000  -0.478251   0.325909  -0.152341 
      375.5000  -0.437414   0.274114  -0.163301 
      376.0000  -0.458832   0.290373  -0.168459 
      376.5000  -0.471345   0.300584  -0.170760 
      377.0000  -0.427692   0.258420  -0.169272 
      377.5000  -0.453203   0.292300  -0.160903 
      378.0000  -0.477319   0.309170  -0.168149 
      378.5000  -0.458605   0.294012  -0.164594 
      379.0000  -0.435868   0.280352  -0.155516 
      379.5000  -0.468023   0.313971  -0.154051 
      380.0000  -0.455115   0.308056  -0.147058 
      380.5000  -0.490184   0.332605  -0.157579 
      381.0000  -0.462308   0.300829  -0.161480 
      381.5000  -0.460940   0.310045  -0.150895 
      382.0000  -0.467859   0.307539  -0.160319 
      382.5000  -0.477041   0.326599  -0.150443 
      383.0000  -0.461747   0.306126  -0.155622 
      383.5000  -0.456129   0.307480  -0.148649 
      384.0000  -0.469487   0.309655  -0.159831 
      384.5000  -0.508234   0.342723  -0.165511 
      385.0000  -0.503499   0.341926  -0.161573 
      385.5000  -0.493451   0.335291  -0.158161 
      386.0000  -0.506796   0.337214  -0.169582 
      386.5000  -0.479929   0.304408  -0.175521 
      387.0000  -0.473849   0.299320  -0.174530 
      387.5000  -0.508851   0.327358  -0.181493 
      388.0000  -0.482122   0.305241  -0.176881 
      388.5000  -0.501638   0.322202  -0.179437 
      389.0000  -0.505594   0.328393  -0.177201 
      389.5000  -0.515793   0.347844  -0.167949 
      390.0000  -0.513917   0.349307  -0.164610 
      390.5000  -0.497947   0.343643  -0.154305 
      391.0000  -0.474908   0.336364  -0.138544 
      391.5000  -0.485747   0.343033  -0.142714 
      392.0000  -0.460854   0.314866  -0.145988 
      392.5000  -0.479786   0.336176  -0.143610 
      393.0000  -0.489506   0.351734  -0.137772 
      393.5000  -0.479046   0.350319  -0.128727 
      394.0000  -0.453574   0.325980  -0.127594 
      394.5000  -0.475388   0.342560  -0.132828 
      395.0000  -0.475644   0.344639  -0.131005 
      395.5000  -0.468967   0.328751  -0.140216 
      396.0000  -0.485991   0.339024  -0.146967 
      396.5000  -0.481424   0.346442  -0.134982 
      397.0000  -0.482646   0.346912  -0.135734 
      397.5000  -0.488952   0.346489  -0.142462 
      398.0000  -0.472397   0.341992  -0.130405 
      398.5000  -0.476817   0.348083  -0.128735 
      399.0000  -0.479923   0.343157  -0.136766 
      399.5000  -0.509481   0.379593  -0.129889 
      400.0000  -0.491115   0.361363  -0.129752 
      400.5000  -0.452825   0.327089  -0.125736 
      401.0000  -0.479796   0.340074  -0.139722 
      401.5000  -0.459908   0.321567  -0.138342 
      402.0000  -0.453929   0.321727  -0.132202 
      402.5000  -0.462936   0.333588  -0.129347 
      403.0000  -0.475819   0.340556  -0.135263 
      403.5000  -0.471317   0.335971  -0.135346 
      404.0000  -0.482176   0.344155  -0.138021 
      404.5000  -0.491033   0.355101  -0.135932 
      405.0000  -0.445494   0.320125  -0.125369 
      405.5000  -0.476879   0.347509  -0.129370 
      406.0000  -0.495999   0.358593  -0.137406 
      406.5000  -0.510345   0.366287  -0.144058 
      407.0000  -0.474209   0.337694  -0.136514 
      407.5000  -0.478220   0.351186  -0.127034 
      408.0000  -0.477420   0.353991  -0.123429 
      408.5000  -0.466099   0.335921  -0.130178 
      409.0000  -0.478641   0.347351  -0.131290 
      409.5000  -0.474399   0.334845  -0.139554 
      410.0000  -0.486618   0.345837  -0.140781 
      410.5000  -0.503378   0.352095  -0.151283 
      411.0000  -0.518689   0.359082  -0.159606 
      411.5000  -0.496554   0.330444  -0.166110 
      412.0000  -0.513002   0.341356  -0.171646 
      412.5000  -0.518879   0.337592  -0.181286 
      413.0000  -0.508314   0.330915  -0.177398 
      413.5000  -0.512806   0.329914  -0.182892 
      414.0000  -0.481506   0.303941  -0.177566 
      414.5000  -0.538453   0.363350  -0.175104 
      415.0000  -0.502874   0.322480  -0.180394 
      415.5000  -0.514883   0.332799  -0.182084 
      416.0000  -0.538158   0.353501  -0.184658 
      416.5000  -0.504415   0.312115  -0.192300 
      417.0000  -0.523610   0.333291  -0.190318 
      417.5000  -0.505189   0.307827  -0.197362 
      418.0000  -0.507705   0.304375  -0.203329 
      418.5000  -0.488038   0.285251  -0.202787 
      419.0000  -0.495859   0.293550  -0.202310 
      419.5000  -0.489316   0.287328  -0.201989 
      420.0000  -0.501577   0.290899  -0.210678 
      420.5000  -0.509014   0.286402  -0.222612 
      421.0000  -0.539697   0.311328  -0.228369 
      421.5000  -0.526911   0.294547  -0.232364 
      422.0000  -0.506780   0.276582  -0.230198 
      422.5000  -0.521122   0.286189  -0.234933 
      423.0000  -0.523507   0.283789  -0.239719 
      423.5000  -0.520144   0.277568  -0.242576 
      424.0000  -0.555340   0.314707  -0.240633 
      424.5000  -0.550544   0.315933  -0.234611 
      425.0000  -0.545347   0.313838  -0.231509 
      425.5000  -0.516526   0.285669  -0.230856 
      426.0000  -0.526673   0.297921  -0.228752 
      426.5000  -0.541918   0.293548  -0.248371 
      427.0000  -0.546389   0.300895  -0.245494 
      427.5000  -0.529839   0.285670  -0.244169 
      428.0000  -0.514706   0.266839  -0.247867 
      428.5000  -0.535104   0.290725  -0.244379 
      429.0000  -0.524881   0.274385  -0.250496 
      429.5000  -0.519206   0.270491  -0.248715 
      430.0000  -0.561043   0.314685  -0.246358 
      430.5000  -0.496748   0.253719  -0.243029 
      431.0000  -0.531590   0.289907  -0.241683 
      431.5000  -0.509355   0.271157  -0.238198 
      432.0000  -0.529538   0.290127  -0.239411 
      432.5000  -0.528717   0.291566  -0.237151 
      433.0000  -0.524977   0.281355  -0.243622 
      433.5000  -0.536748   0.303049  -0.233700 
      434.0000  -0.534663   0.295085  -0.239578 
      434.5000  -0.519425   0.274446  -0.244979 
      435.0000  -0.520403   0.276984  -0.243420 
      435.5000  -0.547776   0.305977  -0.241799 
      436.0000  -0.547846   0.308730  -0.239116 
      436.5000  -0.510530   0.266455  -0.244075 
      437.0000  -0.533956   0.293069  -0.240888 
      437.5000  -0.521196   0.274503  -0.246693 
      438.0000  -0.548832   0.316390  -0.232443 
      438.5000  -0.509235   0.281164  -0.228071 
      439.0000  -0.499828   0.262546  -0.237282 
      439.5000  -0.542808   0.312145  -0.230663 
      440.0000  -0.529541   0.303080  -0.226461 
      440.5000  -0.560807   0.328312  -0.232495 
      441.0000  -0.519221   0.292718  -0.226503 
      441.5000  -0.563108   0.344281  -0.218828 
      442.0000  -0.528203   0.317349  -0.210855 
      442.5000  -0.534500   0.323442  -0.211058 
      443.0000  -0.558796   0.341552  -0.217244 
      443.5000  -0.522790   0.312204  -0.210586 
      444.0000  -0.521467   0.314592  -0.206875 
      444.5000  -0.513792   0.322004  -0.191788 
      445.0000  -0.527840   0.334971  -0.192869 
      445.5000  -0.506816   0.306610  -0.200206 
      446.0000  -0.546023   0.341227  -0.204796 
      446.5000  -0.529955   0.328120  -0.201835 
      447.0000  -0.553745   0.353685  -0.200060 
      447.5000  -0.544257   0.337773  -0.206484 
      448.0000  -0.530139   0.329403  -0.200736 
      448.5000  -0.531046   0.341041  -0.190005 
      449.0000  -0.520096   0.337275  -0.182821 
      449.5000  -0.529728   0.352439  -0.177289 
      450.0000  -0.528769   0.346955  -0.181814 
      450.5000  -0.546048   0.362539  -0.183509 
      451.0000  -0.551050   0.373992  -0.177058 
      451.5000  -0.533919   0.345793  -0.188126 
      452.0000  -0.532539   0.353053  -0.179485 
      452.5000  -0.532126   0.346215  -0.185910 
      453.0000  -0.542252   0.341905  -0.200347 
      453.5000  -0.545138   0.345876  -0.199261 
      454.0000  -0.551695   0.347254  -0.204440 
      454.5000  -0.543573   0.336506  -0.207067 
      455.0000  -0.562589   0.367733  -0.194856 
      455.5000  -0.546750   0.352259  -0.194492 
      456.0000  -0.579121   0.381057  -0.198063 
      456.5000  -0.591244   0.392225  -0.199018 
      457.0000  -0.571094   0.371901  -0.199193 
      457.5000  -0.557888   0.347821  -0.210067 
      458.0000  -0.552201   0.340458  -0.211743 
      458.5000  -0.531932   0.322314  -0.209618 
      459.0000  -0.598882   0.391560  -0.207321 
      459.5000  -0.546755   0.341146  -0.205609 
      460.0000  -0.560910   0.350592  -0.210319 
      460.5000  -0.569896   0.359889  -0.210006 
      461.0000  -0.587928   0.376498  -0.211429 
      461.5000  -0.567387   0.350313  -0.217075 
      462.0000  -0.574944   0.358249  -0.216695 
      462.5000  -0.569172   0.349930  -0.219242 
      463.0000  -0.587642   0.376394  -0.211249 
      463.5000  -0.550746   0.330784  -0.219963 
      464.0000  -0.595998   0.371782  -0.224216 
      464.5000  -0.550758   0.328516  -0.222242 
      465.0000  -0.575723   0.363186  -0.212537 
      465.5000  -0.565464   0.350184  -0.215280 
      466.0000  -0.565190   0.348952  -0.216238 
      466.5000  -0.540108   0.322743  -0.217366 
      467.0000  -0.548080   0.338934  -0.209146 
      467.5000  -0.531265   0.317123  -0.214142 
      468.0000  -0.557714   0.345748  -0.211966 
      468.5000  -0.517540   0.301298  -0.216243 
      469.0000  -0.530153   0.309447  -0.220706 
      469.5000  -0.536706   0.313691  -0.223014 
      470.0000  -0.535671   0.306320  -0.229351 
      470.5000  -0.536110   0.310440  -0.225669 
      471.0000  -0.511893   0.281489  -0.230404 
      471.5000  -0.570204   0.332898  -0.237306 
      472.0000  -0.574019   0.341353  -0.232666 
      472.5000  -0.508920   0.281543  -0.227377 
      473.0000  -0.548148   0.322186  -0.225962 
      473.5000  -0.541666   0.323647  -0.218018 
      474.0000  -0.520769   0.296510  -0.224260 
      474.5000  -0.530484   0.301408  -0.229076 
      475.0000  -0.534145   0.317698  -0.216447 
      475.5000  -0.541210   0.316999  -0.224211 
      476.0000  -0.538369   0.311668  -0.226701 
      476.5000  -0.534936   0.302946  -0.231989 
      477.0000  -0.538476   0.302752  -0.235724 
      477.5000  -0.512679   0.280999  -0.231680 
      478.0000  -0.565660   0.321854  -0.243807 
      478.5000  -0.534314   0.281464  -0.252850 
      479.0000  -0.539467   0.282865  -0.256602 
      479.5000  -0.547929   0.302809  -0.245120 
      480.0000  -0.559977   0.311010  -0.248967 
      480.5000  -0.537975   0.290685  -0.247290 
      481.0000  -0.554058   0.302933  -0.251126 
      481.5000  -0.570461   0.314800  -0.255661 
      482.0000  -0.576452   0.313282  -0.263170 
      482.5000  -0.539481   0.279496  -0.259985 
      483.0000  -0.564412   0.295671  -0.268740 
      483.5000  -0.543017   0.273712  -0.269305 
      484.0000  -0.533421   0.275107  -0.258315 
      484.5000  -0.546940   0.283139  -0.263801 
      485.0000  -0.554557   0.290762  -0.263795 
      485.5000  -0.578212   0.319536  -0.258676 
      486.0000  -0.544225   0.284421  -0.259804 
      486.5000  -0.542649   0.280622  -0.262027 
      487.0000  -0.578494   0.318394  -0.260101 
      487.5000  -0.563818   0.308380  -0.255438 
      488.0000  -0.564730   0.305558  -0.259173 
      488.5000  -0.534540   0.273516  -0.261024 
      489.0000  -0.574091   0.313326  -0.260765 
      489.5000  -0.567385   0.310592  -0.256793 
      490.0000  -0.542185   0.285187  -0.256998 
      490.5000  -0.574375   0.318927  -0.255448 
      491.0000  -0.565322   0.309097  -0.256225 
      491.5000  -0.559910   0.311136  -0.248774 
      492.0000  -0.553424   0.307078  -0.246346 
      492.5000  -0.568361   0.315040  -0.253322 
      493.0000  -0.590478   0.329311  -0.261167 
      493.5000  -0.563140   0.301895  -0.261245 
      494.0000  -0.578922   0.317280  -0.261642 
      494.5000  -0.564919   0.305561  -0.259358 
      495.0000  -0.600020   0.340398  -0.259622 
      495.5000  -0.563563   0.313318  -0.250245 
      496.0000  -0.593027   0.340148  -0.252879 
      496.5000  -0.579761   0.334813  -0.244947 
      497.0000  -0.568150   0.320981  -0.247169 
      497.5000  -0.567682   0.321271  -0.246410 
      498.0000  -0.546520   0.303323  -0.243197 
      498.5000  -0.556655   0.304770  -0.251885 
      499.0000  -0.539390   0.286365  -0.253024 
      499.5000  -0.566391   0.316647  -0.249745 
      500.0000  -0.547004   0.295272  -0.251732 
