t = 0
b =  30.0 30.0 30.0
E = 0. 0. 0.
23.77542817611415 18.782348770067063 6.113211507287162 -0.8514801047754291 0.13524874173528886 0.5066452496872397 0.5163834632502996 0.04810257728932024 0.8550054157370883 0.0 0.0 0.0 0.0 0.0 0.0
23.911757841661906 19.164692040317753 6.465224217432695 -0.7432510590575004 -0.4707423789101767 0.47537298609396356 0.5163834632502996 0.04810257728932024 0.8550054157370883 0.0 0.0 0.0 0.0 0.0 0.0
23.87866340491108 19.43972957048394 6.925598214715978 -0.35264850950859655 -0.8978905994148009 0.26349857727110204 0.5163834632502996 0.04810257728932024 0.8550054157370883 0.0 0.0 0.0 0.0 0.0 0.0
23.765182729321666 19.510092910261353 7.446036720979205 0.1719311047712836 -0.983915169271472 -0.04848334651832986 0.5163834632502996 0.04810257728932024 0.8550054157370883 0.0 0.0 0.0 0.0 0.0 0.0
23.690893754474686 19.3561727562444 7.955423446878046 0.6311912178137736 -0.6961339161375316 -0.34204563636712176 0.5163834632502996 0.04810257728932024 0.8550054157370883 0.0 0.0 0.0 0.0 0.0 0.0
23.76048483758882 19.043568854140013 8.386840859204522 0.8506512342544142 -0.14387974952453259 -0.5056590702619692 0.5163834632502996 0.04810257728932024 0.8550054157370883 0.0 0.0 0.0 0.0 0.0 0.0
24.02398189631702 18.69816755860432 8.702993270554195 0.7469346246716001 0.46303673947396634 -0.4771641691954813 0.5163834632502996 0.04810257728932024 0.8550054157370883 0.0 0.0 0.0 0.0 0.0 0.0
24.45774272624145 18.458315502401195 8.910376094521768 0.3594450630950814 0.8940378295848614 -0.2673866224921569 0.5163834632502996 0.04810257728932024 0.8550054157370883 0.0 0.0 0.0 0.0 0.0 0.0
24.973439069608354 18.42225939758288 9.05680812947892 -0.16460368755223534 0.9853790007210739 0.04397557256186624 0.5163834632502996 0.04810257728932024 0.8550054157370883 0.0 0.0 0.0 0.0 0.0 0.0
25.451613997218466 18.610820466983927 9.213264397585244 -0.6261167452715612 0.7023582148250144 0.33863071236727144 0.5163834632502996 0.04810257728932024 0.8550054157370883 0.0 0.0 0.0 0.0 0.0 0.0
25.78706559304313 18.95948411355407 9.446911547230718 -0.8497575833484807 0.152499800313797 0.5046343829407598 0.5163834632502996 0.04810257728932024 0.8550054157370883 0.0 0.0 0.0 0.0 0.0 0.0
25.928814921005852 19.34291009440415 9.795590120345882 -0.7505613083221561 -0.4552958379973254 0.47891901439809875 0.5163834632502996 0.04810257728932024 0.8550054157370883 0.0 0.0 0.0 0.0 0.0 0.0
25.899473775120093 19.62255137465684 10.2534382978623 -0.3662142435483635 -0.8901169753127908 0.2712543051866796 0.5163834632502996 0.04810257728932024 0.8550054157370883 0.0 0.0 0.0 0.0 0.0 0.0
25.786654080894536 19.69929046237941 10.77311890278105 0.15726373512509076 -0.9867677917447207 -0.03946444969529367 0.5163834632502996 0.04810257728932024 0.8550054157370883 0.0 0.0 0.0 0.0 0.0 0.0
25.709682660039054 19.551095800925076 11.283803585150007 0.6209945915150867 -0.7085290262151477 -0.33519000032761215 0.5163834632502996 0.04810257728932024 0.8550054157370883 0.0 0.0 0.0 0.0 0.0 0.0
25.774266975859057 19.241391925651104 11.718081696397519 0.8487992201126049 -0.16110823765284055 -0.503571265757518 0.5163834632502996 0.04810257728932024 0.8550054157370883 0.0 0.0 0.0 0.0 0.0 0.0
26.032335100611235 18.894963422534886 12.03757072177071 0.7541308338231667 0.4475202639798714 -0.4806373880635594 0.5163834632502996 0.04810257728932024 0.8550054157370883 0.0 0.0 0.0 0.0 0.0 0.0
26.462307372662163 18.650547177674127 12.247498439411537 0.3729555353691431 0.8861283351868218 -0.27510133081565863 0.5163834632502996 0.04810257728932024 0.8550054157370883 0.0 0.0 0.0 0.0 0.0 0.0
26.97729487073555 18.608123914701274 12.394716800036857 -0.14991180645564517 0.9880814365805992 0.03495032145808391 0.5163834632502996 0.04810257728932024 0.8550054157370883 0.0 0.0 0.0 0.0 0.0 0.0
27.458109967810394 18.79093384628699 12.549902087538262 -0.61582514661619 0.7146458803767529 0.331723762271687 0.5163834632502996 0.04810257728932024 0.8550054157370883 0.0 0.0 0.0 0.0 0.0 0.0
27.79854770333711 19.136647328790954 12.7807038170872 -0.8477762175298575 0.16970440597583092 0.5024697996727332 0.5163834632502996 0.04810257728932024 0.8550054157370883 0.0 0.0 0.0 0.0 0.0 0.0
27.945734823402578 19.521044935976867 13.126043553281773 -0.7576429293414456 -0.4397106095616701 0.4823191593310557 0.5163834632502996 0.04810257728932024 0.8550054157370883 0.0 0.0 0.0 0.0 0.0 0.0
27.920217213885394 19.80521049587768 13.581327957022056 -0.3796684251819483 -0.8820722129573431 0.278927406413198 0.5163834632502996 0.04810257728932024 0.8550054157370883 0.0 0.0 0.0 0.0 0.0 0.0
27.808154174901702 19.888307667080426 14.100193871830689 0.14254846142173083 -0.9893198351895693 -0.030433531618579313 0.5163834632502996 0.04810257728932024 0.8550054157370883 0.0 0.0 0.0 0.0 0.0 0.0
27.728585062184386 19.74588935072272 14.612122462149275 0.6106088042481146 -0.7207083114877035 -0.328232262166944 0.5163834632502996 0.04810257728932024 0.8550054157370883 0.0 0.0 0.0 0.0 0.0 0.0
13.196811878424423 27.409418184976904 16.973034978573363 0.8586977010579561 0.05316286451516652 -0.5097175374992737 0.4697357811178657 0.31602577754382255 0.8243033445676483 0.0 0.0 0.0 0.0 0.0 0.0
13.549858323324365 27.205384302144736 17.322911363198422 0.5754295582336622 0.5985111848192037 -0.55737347008745 0.4697357811178657 0.31602577754382255 0.8243033445676483 0.0 0.0 0.0 0.0 0.0 0.0
14.034073954129589 27.13778106272429 17.545734447779264 0.07354610556723476 0.916475099437043 -0.3932739026019339 0.4697357811178657 0.31602577754382255 0.8243033445676483 0.0 0.0 0.0 0.0 0.0 0.0
14.535054422012994 27.27908835105745 17.678910733887616 -0.45627874222949705 0.8862548011322087 -0.07976300432893157 0.4697357811178657 0.31602577754382255 0.8243033445676483 0.0 0.0 0.0 0.0 0.0 0.0
14.932026136248355 27.62241744919474 17.79390504064944 -0.8127556672794873 0.5193314864871511 0.26405119285494805 0.4697357811178657 0.31602577754382255 0.8243033445676483 0.0 0.0 0.0 0.0 0.0 0.0
15.143730170553964 28.084128176017565 17.969089825130933 -0.8604531257798899 -0.04489454263379745 0.5075479271727142 0.4697357811178657 0.31602577754382255 0.8243033445676483 0.0 0.0 0.0 0.0 0.0 0.0
15.15929388776385 28.53560519043441 18.259970175581465 -0.5812500557874223 -0.5920643844114412 0.5582187182087495 0.4697357811178657 0.31602577754382255 0.8243033445676483 0.0 0.0 0.0 0.0 0.0 0.0
15.042361636467934 28.85212110979533 18.678096500412057 -0.0812203716186182 -0.9142990677625508 0.39681288527801556 0.4697357811178657 0.31602577754382255 0.8243033445676483 0.0 0.0 0.0 0.0 0.0 0.0
14.906915198905951 28.960222527891318 19.186676334927512 0.44966628966029687 -0.889176249005436 0.08465120287251687 0.4697357811178657 0.31602577754382255 0.8243033445676483 0.0 0.0 0.0 0.0 0.0 0.0
14.873970206220804 28.865636192048548 19.714552413801307 0.8097172094778208 -0.5262405070170552 -0.25967088679688877 0.4697357811178657 0.31602577754382255 0.8243033445676483 0.0 0.0 0.0 0.0 0.0 0.0
15.025600276913913 28.651093316073055 20.183236505859195 0.8621430236649155 0.03662280185919039 -0.5053396651064497 0.4697357811178657 0.31602577754382255 0.8243033445676483 0.0 0.0 0.0 0.0 0.0 0.0
15.373755876978809 28.444898608933705 20.536728405355536 0.5870262888990327 0.585572496008535 -0.5590214558134265 0.4697357811178657 0.31602577754382255 0.8243033445676483 0.0 0.0 0.0 0.0 0.0 0.0
15.855724138069048 28.372185170684567 20.762791346409568 0.088888452424245 0.9120534086741956 -0.4003216491165606 0.4697357811178657 0.31602577754382255 0.8243033445676483 0.0 0.0 0.0 0.0 0.0 0.0
16.357954524686274 28.50737433564051 20.897600954951344 -0.44301959326218576 0.8920299826647158 -0.08953295489926366 0.4697357811178657 0.31602577754382255 0.8243033445676483 0.0 0.0 0.0 0.0 0.0 0.0
16.75919858107975 28.84590176321264 21.01200152360667 -0.8066170885757056 0.5331094522949269 0.25527080579544253 0.4697357811178657 0.31602577754382255 0.8243033445676483 0.0 0.0 0.0 0.0 0.0 0.0
16.976574246752154 29.305951507209713 21.18459108047518 -0.8637672660207671 -0.028348272116430935 0.5030929194681846 0.4697357811178657 0.31602577754382255 0.8243033445676483 0.0 0.0 0.0 0.0 0.0 0.0
16.99705413695665 29.759539261685862 21.471860684166302 -0.5927578176859793 -0.579036013992922 0.5597816217699033 0.4697357811178657 0.31602577754382255 0.8243033445676483 0.0 0.0 0.0 0.0 0.0 0.0
16.882414863968474 30.081135738552934 21.886732526153427 -0.09654976403007437 -0.9097382931876119 0.40379992691161654 0.4697357811178657 0.31602577754382255 0.8243033445676483 0.0 0.0 0.0 0.0 0.0 0.0
16.7457670692317 30.195357342862934 22.39365057418564 0.43633915920682737 -0.8948157847871813 0.09440788864485333 0.4697357811178657 0.31602577754382255 0.8243033445676483 0.0 0.0 0.0 0.0 0.0 0.0
16.70858279956555 30.105605660875273 22.92208890340499 0.8034555406593499 -0.5399377992239893 -0.2508512849338145 0.4697357811178657 0.31602577754382255 0.8243033445676483 0.0 0.0 0.0 0.0 0.0 0.0
16.85454624567347 29.89277514056534 23.393345674330636 0.8653257291551 0.020071583542994896 -0.5008078613562991 0.4697357811178657 0.31602577754382255 0.8243033445676483 0.0 0.0 0.0 0.0 0.0 0.0
17.197760718969803 29.684519938355585 23.750443277502168 0.5984442056701536 0.5724554361430141 -0.5604991581886001 0.4697357811178657 0.31602577754382255 0.8243033445676483 0.0 0.0 0.0 0.0 0.0 0.0
17.677390567778723 29.606755970826967 23.97977507992848 0.10420372299756508 0.9073538976078066 -0.4072474537788636 0.4697357811178657 0.31602577754382255 0.8243033445676483 0.0 0.0 0.0 0.0 0.0 0.0
18.180773658523712 29.735823352807977 24.116274812451838 -0.42962549623513974 0.8975334432232147 -0.09927563286420826 0.4697357811178657 0.31602577754382255 0.8243033445676483 0.0 0.0 0.0 0.0 0.0 0.0
18.586223603883717 30.069483511412653 24.23014466134009 -0.8002328064928684 0.5467250277991864 0.2464126607756278 0.4697357811178657 0.31602577754382255 0.8243033445676483 0.0 0.0 0.0 0.0 0.0 0.0
18.809260455824308 30.527769657306877 24.40018428400553 -0.866818294384913 -0.011793366440761857 0.4984846647868141 0.4697357811178657 0.31602577754382255 0.8243033445676483 0.0 0.0 0.0 0.0 0.0 0.0
18.834706050285387 30.983367504949854 24.683853501693967 -0.6040850198110952 -0.5658312635952927 0.5611740104263393 0.4697357811178657 0.31602577754382255 0.8243033445676483 0.0 0.0 0.0 0.0 0.0 0.0
