        0.0000  -1.016306   0.300450  -0.715857 
        0.5000  -0.993504   0.380158  -0.613345 
        1.0000  -0.955807   0.447924  -0.507883 
        1.5000  -0.810031   0.423615  -0.386417 
        2.0000  -0.786745   0.506493  -0.280252 
        2.5000  -0.765357   0.549050  -0.216307 
        3.0000  -0.737512   0.533823  -0.203689 
        3.5000  -0.697526   0.499759  -0.197768 
        4.0000  -0.683525   0.470546  -0.212979 
        4.5000  -0.696232   0.464952  -0.231280 
        5.0000  -0.731659   0.501599  -0.230060 
        5.5000  -0.741548   0.511475  -0.230074 
        6.0000  -0.738167   0.498136  -0.240031 
        6.5000  -0.692275   0.439962  -0.252312 
        7.0000  -0.710441   0.448830  -0.261611 
        7.5000  -0.633584   0.376151  -0.257432 
        8.0000  -0.631932   0.375092  -0.256840 
        8.5000  -0.654017   0.392592  -0.261425 
        9.0000  -0.628131   0.365043  -0.263088 
        9.5000  -0.706960   0.443926  -0.263033 
       10.0000  -0.648693   0.395645  -0.253048 
       10.5000  -0.669633   0.411761  -0.257872 
       11.0000  -0.686035   0.425477  -0.260558 
       11.5000  -0.648119   0.388918  -0.259201 
       12.0000  -0.628421   0.368458  -0.259963 
       12.5000  -0.669861   0.428004  -0.241857 
       13.0000  -0.680133   0.438942  -0.241191 
       13.5000  -0.628883   0.377787  -0.251096 
       14.0000  -0.639728   0.389080  -0.250648 
       14.5000  -0.653686   0.390410  -0.263276 
       15.0000  -0.662314   0.390993  -0.271322 
       15.5000  -0.655741   0.370782  -0.284959 
       16.0000  -0.658150   0.372506  -0.285643 
       16.5000  -0.653005   0.363333  -0.289672 
       17.0000  -0.661274   0.361520  -0.299754 
       17.5000  -0.663618   0.365304  -0.298314 
       18.0000  -0.662168   0.352468  -0.309700 
       18.5000  -0.711032   0.396006  -0.315026 
       19.0000  -0.678259   0.360164  -0.318094 
       19.5000  -0.689101   0.368955  -0.320146 
       20.0000  -0.704676   0.379087  -0.325589 
       20.5000  -0.700600   0.378736  -0.321865 
       21.0000  -0.666489   0.350027  -0.316462 
       21.5000  -0.682861   0.363842  -0.319019 
       22.0000  -0.668642   0.353301  -0.315341 
       22.5000  -0.688196   0.386384  -0.301813 
       23.0000  -0.671334   0.368166  -0.303168 
       23.5000  -0.673270   0.372646  -0.300624 
       24.0000  -0.677532   0.369501  -0.308031 
       24.5000  -0.657136   0.352718  -0.304418 
       25.0000  -0.676787   0.361678  -0.315108 
       25.5000  -0.647100   0.325815  -0.321284 
       26.0000  -0.714218   0.389080  -0.325138 
       26.5000  -0.672821   0.345269  -0.327551 
       27.0000  -0.655253   0.331090  -0.324163 
       27.5000  -0.697302   0.375136  -0.322166 
       28.0000  -0.695810   0.379697  -0.316112 
       28.5000  -0.655365   0.339012  -0.316354 
       29.0000  -0.666516   0.338194  -0.328322 
       29.5000  -0.682433   0.357533  -0.324900 
       30.0000  -0.707401   0.373525  -0.333877 
       30.5000  -0.689797   0.365204  -0.324593 
       31.0000  -0.689390   0.358508  -0.330883 
       31.5000  -0.701247   0.370852  -0.330396 
       32.0000  -0.683764   0.358178  -0.325586 
       32.5000  -0.698078   0.370200  -0.327878 
       33.0000  -0.662436   0.334596  -0.327840 
       33.5000  -0.677001   0.340361  -0.336641 
       34.0000  -0.690622   0.351918  -0.338704 
       34.5000  -0.671164   0.336839  -0.334326 
       35.0000  -0.645653   0.323889  -0.321764 
       35.5000  -0.675263   0.337721  -0.337541 
       36.0000  -0.684282   0.344994  -0.339288 
       36.5000  -0.704746   0.370028  -0.334718 
       37.0000  -0.641724   0.305944  -0.335780 
       37.5000  -0.640841   0.308999  -0.331842 
       38.0000  -0.677292   0.346626  -0.330666 
       38.5000  -0.694867   0.367069  -0.327798 
       39.0000  -0.679865   0.367816  -0.312049 
       39.5000  -0.670882   0.361363  -0.309519 
       40.0000  -0.657259   0.355273  -0.301986 
       40.5000  -0.680926   0.372567  -0.308359 
       41.0000  -0.641016   0.342365  -0.298651 
       41.5000  -0.684550   0.384701  -0.299849 
       42.0000  -0.667011   0.362816  -0.304195 
       42.5000  -0.685335   0.380772  -0.304563 
       43.0000  -0.673848   0.362154  -0.311694 
       43.5000  -0.708987   0.392242  -0.316746 
       44.0000  -0.684936   0.359467  -0.325469 
       44.5000  -0.676049   0.344090  -0.331960 
       45.0000  -0.701155   0.367259  -0.333896 
       45.5000  -0.650752   0.319313  -0.331439 
       46.0000  -0.661681   0.332946  -0.328735 
       46.5000  -0.722909   0.395500  -0.327410 
       47.0000  -0.705101   0.365344  -0.339757 
       47.5000  -0.699472   0.361241  -0.338231 
       48.0000  -0.715470   0.383876  -0.331594 
       48.5000  -0.699381   0.370478  -0.328903 
       49.0000  -0.688553   0.355264  -0.333289 
       49.5000  -0.690936   0.359109  -0.331828 
       50.0000  -0.672834   0.342360  -0.330474 
       50.5000  -0.716528   0.383944  -0.332584 
       51.0000  -0.669997   0.337321  -0.332676 
       51.5000  -0.720295   0.386450  -0.333846 
       52.0000  -0.701121   0.357594  -0.343527 
       52.5000  -0.676817   0.342450  -0.334367 
       53.0000  -0.688122   0.358612  -0.329510 
       53.5000  -0.690408   0.360458  -0.329949 
       54.0000  -0.681181   0.358257  -0.322924 
       54.5000  -0.693335   0.371403  -0.321932 
       55.0000  -0.674614   0.346454  -0.328160 
       55.5000  -0.736056   0.401484  -0.334572 
       56.0000  -0.675368   0.343631  -0.331737 
       56.5000  -0.703955   0.365646  -0.338309 
       57.0000  -0.688918   0.347948  -0.340970 
       57.5000  -0.697707   0.359903  -0.337804 
       58.0000  -0.676938   0.340608  -0.336330 
       58.5000  -0.655906   0.323839  -0.332067 
       59.0000  -0.671657   0.338164  -0.333493 
       59.5000  -0.690537   0.350633  -0.339904 
       60.0000  -0.707246   0.362783  -0.344463 
       60.5000  -0.697587   0.353953  -0.343634 
       61.0000  -0.712651   0.376665  -0.335985 
       61.5000  -0.699329   0.360244  -0.339085 
       62.0000  -0.682821   0.334625  -0.348196 
       62.5000  -0.670725   0.324695  -0.346030 
       63.0000  -0.701667   0.356357  -0.345309 
       63.5000  -0.666480   0.312550  -0.353930 
       64.0000  -0.683179   0.321915  -0.361265 
       64.5000  -0.692228   0.332192  -0.360037 
       65.0000  -0.699631   0.338917  -0.360714 
       65.5000  -0.686359   0.315379  -0.370979 
       66.0000  -0.698743   0.327365  -0.371379 
       66.5000  -0.695214   0.325184  -0.370030 
       67.0000  -0.673834   0.307489  -0.366345 
       67.5000  -0.717725   0.356177  -0.361548 
       68.0000  -0.660867   0.299869  -0.360998 
       68.5000  -0.694316   0.336079  -0.358236 
       69.0000  -0.663062   0.306571  -0.356491 
       69.5000  -0.658150   0.300038  -0.358112 
       70.0000  -0.658293   0.305127  -0.353166 
       70.5000  -0.643882   0.294991  -0.348891 
       71.0000  -0.679229   0.329429  -0.349801 
       71.5000  -0.677850   0.331285  -0.346564 
       72.0000  -0.666638   0.320991  -0.345647 
       72.5000  -0.683685   0.338486  -0.345199 
       73.0000  -0.666551   0.323738  -0.342812 
       73.5000  -0.644787   0.303437  -0.341350 
       74.0000  -0.674461   0.328699  -0.345762 
       74.5000  -0.684481   0.330252  -0.354228 
       75.0000  -0.691011   0.323327  -0.367683 
       75.5000  -0.674211   0.301253  -0.372958 
       76.0000  -0.703530   0.322925  -0.380605 
       76.5000  -0.682544   0.309506  -0.373038 
       77.0000  -0.708891   0.332094  -0.376796 
       77.5000  -0.663084   0.293627  -0.369457 
       78.0000  -0.697540   0.330839  -0.366700 
       78.5000  -0.661697   0.292261  -0.369435 
       79.0000  -0.657406   0.291148  -0.366257 
       79.5000  -0.656250   0.298468  -0.357782 
       80.0000  -0.680643   0.328252  -0.352391 
       80.5000  -0.659455   0.305842  -0.353613 
       81.0000  -0.682007   0.328420  -0.353587 
       81.5000  -0.680399   0.329414  -0.350985 
       82.0000  -0.652516   0.301505  -0.351012 
       82.5000  -0.656269   0.304482  -0.351787 
       83.0000  -0.659835   0.304219  -0.355616 
       83.5000  -0.673554   0.313914  -0.359640 
       84.0000  -0.618087   0.260823  -0.357264 
       84.5000  -0.678475   0.318823  -0.359652 
       85.0000  -0.661690   0.307455  -0.354236 
       85.5000  -0.656584   0.300465  -0.356119 
       86.0000  -0.660915   0.310792  -0.350124 
       86.5000  -0.672628   0.324314  -0.348314 
       87.0000  -0.675986   0.333463  -0.342522 
       87.5000  -0.671633   0.329487  -0.342146 
       88.0000  -0.649273   0.305356  -0.343918 
       88.5000  -0.634993   0.288841  -0.346151 
       89.0000  -0.664868   0.324477  -0.340391 
       89.5000  -0.691095   0.347453  -0.343642 
       90.0000  -0.681887   0.341102  -0.340785 
       90.5000  -0.680231   0.325278  -0.354954 
       91.0000  -0.706677   0.344876  -0.361801 
       91.5000  -0.688490   0.323892  -0.364597 
       92.0000  -0.715034   0.348820  -0.366214 
       92.5000  -0.674016   0.308241  -0.365775 
       93.0000  -0.681505   0.328123  -0.353381 
       93.5000  -0.679117   0.334158  -0.344960 
       94.0000  -0.679665   0.320212  -0.359453 
       94.5000  -0.726598   0.366445  -0.360152 
       95.0000  -0.701334   0.331207  -0.370128 
       95.5000  -0.686990   0.310853  -0.376137 
       96.0000  -0.701095   0.325077  -0.376018 
       96.5000  -0.685282   0.302302  -0.382980 
       97.0000  -0.697309   0.316914  -0.380396 
       97.5000  -0.695234   0.320609  -0.374625 
       98.0000  -0.677458   0.304222  -0.373236 
       98.5000  -0.657686   0.287688  -0.369998 
       99.0000  -0.719455   0.355606  -0.363849 
       99.5000  -0.641357   0.273717  -0.367640 
      100.0000  -0.679881   0.312226  -0.367655 
      100.5000  -0.633442   0.264902  -0.368541 
      101.0000  -0.660183   0.297978  -0.362205 
      101.5000  -0.695822   0.340874  -0.354948 
      102.0000  -0.697006   0.338763  -0.358242 
      102.5000  -0.683733   0.319494  -0.364238 
      103.0000  -0.650840   0.281730  -0.369110 
      103.5000  -0.677549   0.314741  -0.362808 
      104.0000  -0.687407   0.323324  -0.364083 
      104.5000  -0.706924   0.337834  -0.369090 
      105.0000  -0.714695   0.333182  -0.381513 
      105.5000  -0.737839   0.339863  -0.397976 
      106.0000  -0.691009   0.293461  -0.397548 
      106.5000  -0.733083   0.330306  -0.402777 
      107.0000  -0.707395   0.300114  -0.407280 
      107.5000  -0.761839   0.361633  -0.400206 
      108.0000  -0.731212   0.335775  -0.395436 
      108.5000  -0.692936   0.296908  -0.396028 
      109.0000  -0.711204   0.322469  -0.388735 
      109.5000  -0.696225   0.307742  -0.388483 
      110.0000  -0.710459   0.315801  -0.394658 
      110.5000  -0.710278   0.314110  -0.396168 
      111.0000  -0.717894   0.317008  -0.400886 
      111.5000  -0.720185   0.328911  -0.391274 
      112.0000  -0.755927   0.353834  -0.402093 
      112.5000  -0.733177   0.328085  -0.405092 
      113.0000  -0.732276   0.332592  -0.399684 
      113.5000  -0.733302   0.331996  -0.401307 
      114.0000  -0.736446   0.333143  -0.403303 
      114.5000  -0.738867   0.330372  -0.408496 
      115.0000  -0.750416   0.342023  -0.408393 
      115.5000  -0.740807   0.324242  -0.416565 
      116.0000  -0.754903   0.338847  -0.416056 
      116.5000  -0.745718   0.341704  -0.404013 
      117.0000  -0.788265   0.372708  -0.415558 
      117.5000  -0.751850   0.329099  -0.422751 
      118.0000  -0.765113   0.345188  -0.419926 
      118.5000  -0.782618   0.367254  -0.415364 
      119.0000  -0.753671   0.349394  -0.404277 
      119.5000  -0.722351   0.318349  -0.404002 
      120.0000  -0.774799   0.369258  -0.405540 
      120.5000  -0.786657   0.378882  -0.407775 
      121.0000  -0.752012   0.345802  -0.406210 
      121.5000  -0.748846   0.346408  -0.402438 
      122.0000  -0.737355   0.329315  -0.408040 
      122.5000  -0.757304   0.335413  -0.421891 
      123.0000  -0.756262   0.334169  -0.422092 
      123.5000  -0.756380   0.336645  -0.419735 
      124.0000  -0.775943   0.355421  -0.420522 
      124.5000  -0.726800   0.311096  -0.415704 
      125.0000  -0.800359   0.367799  -0.432560 
      125.5000  -0.746506   0.315777  -0.430729 
      126.0000  -0.783349   0.349867  -0.433482 
      126.5000  -0.738268   0.310755  -0.427513 
      127.0000  -0.755249   0.331354  -0.423894 
      127.5000  -0.773543   0.340600  -0.432943 
      128.0000  -0.764271   0.330205  -0.434066 
      128.5000  -0.782822   0.342784  -0.440038 
      129.0000  -0.764789   0.316202  -0.448587 
      129.5000  -0.768281   0.319523  -0.448758 
      130.0000  -0.794789   0.345994  -0.448795 
      130.5000  -0.758651   0.314170  -0.444481 
      131.0000  -0.783834   0.352829  -0.431005 
      131.5000  -0.745532   0.309888  -0.435643 
      132.0000  -0.735593   0.303521  -0.432072 
      132.5000  -0.734102   0.304623  -0.429479 
      133.0000  -0.759572   0.319464  -0.440108 
      133.5000  -0.745910   0.315421  -0.430490 
      134.0000  -0.738117   0.315097  -0.423020 
      134.5000  -0.729387   0.303514  -0.425873 
      135.0000  -0.734485   0.310969  -0.423516 
      135.5000  -0.750136   0.326845  -0.423291 
      136.0000  -0.756360   0.317569  -0.438791 
      136.5000  -0.766865   0.327938  -0.438927 
      137.0000  -0.754712   0.314412  -0.440301 
      137.5000  -0.773045   0.342247  -0.430798 
      138.0000  -0.730813   0.291102  -0.439711 
      138.5000  -0.765798   0.325975  -0.439823 
      139.0000  -0.737047   0.296665  -0.440382 
      139.5000  -0.732953   0.297346  -0.435607 
      140.0000  -0.783553   0.343739  -0.439814 
      140.5000  -0.762451   0.331356  -0.431094 
      141.0000  -0.758200   0.331682  -0.426518 
      141.5000  -0.735862   0.310790  -0.425071 
      142.0000  -0.733297   0.303258  -0.430039 
      142.5000  -0.762010   0.329133  -0.432878 
      143.0000  -0.741940   0.300813  -0.441127 
      143.5000  -0.781689   0.328214  -0.453475 
      144.0000  -0.767066   0.306134  -0.460932 
      144.5000  -0.763206   0.306123  -0.457083 
      145.0000  -0.803139   0.337473  -0.465666 
      145.5000  -0.783757   0.319085  -0.464672 
      146.0000  -0.798065   0.331973  -0.466092 
      146.5000  -0.798803   0.322567  -0.476237 
      147.0000  -0.771156   0.293803  -0.477353 
      147.5000  -0.782743   0.303109  -0.479634 
      148.0000  -0.794750   0.320614  -0.474136 
      148.5000  -0.805639   0.324132  -0.481507 
      149.0000  -0.777270   0.296077  -0.481193 
      149.5000  -0.770099   0.291538  -0.478561 
      150.0000  -0.782055   0.305172  -0.476883 
      150.5000  -0.751324   0.276932  -0.474392 
      151.0000  -0.796256   0.329720  -0.466536 
      151.5000  -0.775399   0.314301  -0.461097 
      152.0000  -0.776037   0.314798  -0.461240 
      152.5000  -0.774040   0.317158  -0.456882 
      153.0000  -0.777479   0.323090  -0.454389 
      153.5000  -0.804755   0.346602  -0.458153 
      154.0000  -0.782682   0.309746  -0.472936 
      154.5000  -0.779242   0.305422  -0.473820 
      155.0000  -0.769662   0.299691  -0.469972 
      155.5000  -0.792454   0.316804  -0.475649 
      156.0000  -0.789456   0.312320  -0.477136 
      156.5000  -0.781843   0.304137  -0.477706 
      157.0000  -0.788556   0.305973  -0.482583 
      157.5000  -0.776156   0.288294  -0.487862 
      158.0000  -0.750317   0.252535  -0.497783 
      158.5000  -0.751421   0.253685  -0.497736 
      159.0000  -0.777130   0.288742  -0.488388 
      159.5000  -0.792743   0.301991  -0.490752 
      160.0000  -0.806728   0.308480  -0.498248 
      160.5000  -0.761524   0.272754  -0.488769 
      161.0000  -0.773089   0.283705  -0.489384 
      161.5000  -0.761275   0.273596  -0.487679 
      162.0000  -0.805563   0.316961  -0.488602 
      162.5000  -0.812562   0.316470  -0.496093 
      163.0000  -0.822141   0.336141  -0.485999 
      163.5000  -0.789021   0.289113  -0.499908 
      164.0000  -0.767398   0.264493  -0.502905 
      164.5000  -0.792696   0.295130  -0.497566 
      165.0000  -0.808519   0.310905  -0.497614 
      165.5000  -0.813537   0.312874  -0.500663 
      166.0000  -0.766719   0.274200  -0.492519 
      166.5000  -0.773280   0.279988  -0.493292 
      167.0000  -0.805880   0.301250  -0.504630 
      167.5000  -0.778152   0.280794  -0.497357 
      168.0000  -0.759544   0.262524  -0.497020 
      168.5000  -0.795989   0.296940  -0.499049 
      169.0000  -0.778474   0.278689  -0.499785 
      169.5000  -0.781625   0.297659  -0.483967 
      170.0000  -0.749417   0.264913  -0.484504 
      170.5000  -0.792289   0.306888  -0.485401 
      171.0000  -0.808028   0.323761  -0.484267 
      171.5000  -0.798761   0.313334  -0.485428 
      172.0000  -0.767243   0.289360  -0.477883 
      172.5000  -0.792649   0.308984  -0.483664 
      173.0000  -0.818657   0.346290  -0.472367 
      173.5000  -0.775114   0.306733  -0.468381 
      174.0000  -0.789184   0.313136  -0.476048 
      174.5000  -0.760509   0.278078  -0.482431 
      175.0000  -0.756939   0.278812  -0.478127 
      175.5000  -0.791176   0.314719  -0.476457 
      176.0000  -0.787189   0.316534  -0.470655 
      176.5000  -0.748023   0.287449  -0.460574 
      177.0000  -0.750399   0.287998  -0.462401 
      177.5000  -0.789548   0.322979  -0.466569 
      178.0000  -0.811351   0.338002  -0.473349 
      178.5000  -0.783058   0.306998  -0.476060 
      179.0000  -0.775994   0.298924  -0.477070 
      179.5000  -0.773969   0.296957  -0.477012 
      180.0000  -0.785078   0.304523  -0.480555 
      180.5000  -0.777518   0.287933  -0.489585 
      181.0000  -0.805560   0.309668  -0.495891 
      181.5000  -0.788823   0.292251  -0.496572 
      182.0000  -0.786084   0.278991  -0.507093 
      182.5000  -0.776505   0.267722  -0.508783 
      183.0000  -0.807945   0.294244  -0.513701 
      183.5000  -0.795118   0.283232  -0.511886 
      184.0000  -0.808171   0.302536  -0.505635 
      184.5000  -0.817426   0.310626  -0.506799 
      185.0000  -0.789135   0.295499  -0.493635 
      185.5000  -0.778301   0.284412  -0.493889 
      186.0000  -0.806074   0.323295  -0.482779 
      186.5000  -0.771120   0.294002  -0.477118 
      187.0000  -0.781593   0.299236  -0.482357 
      187.5000  -0.768615   0.277831  -0.490784 
      188.0000  -0.804689   0.305357  -0.499332 
      188.5000  -0.776519   0.276511  -0.500008 
      189.0000  -0.792769   0.298269  -0.494499 
      189.5000  -0.766852   0.280492  -0.486360 
      190.0000  -0.778462   0.285011  -0.493451 
      190.5000  -0.751616   0.256081  -0.495535 
      191.0000  -0.785894   0.292153  -0.493741 
      191.5000  -0.769288   0.270544  -0.498744 
      192.0000  -0.797187   0.297279  -0.499908 
      192.5000  -0.783564   0.281813  -0.501751 
      193.0000  -0.795745   0.294572  -0.501173 
      193.5000  -0.789687   0.281060  -0.508626 
      194.0000  -0.811786   0.294197  -0.517589 
      194.5000  -0.780769   0.263748  -0.517021 
      195.0000  -0.789693   0.273125  -0.516568 
      195.5000  -0.821354   0.297275  -0.524079 
      196.0000  -0.790921   0.254910  -0.536011 
      196.5000  -0.832933   0.297436  -0.535497 
      197.0000  -0.830380   0.297931  -0.532449 
      197.5000  -0.821612   0.284337  -0.537276 
      198.0000  -0.833550   0.295276  -0.538273 
      198.5000  -0.794635   0.249345  -0.545290 
      199.0000  -0.826831   0.280839  -0.545992 
      199.5000  -0.814143   0.262528  -0.551614 
      200.0000  -0.811776   0.263350  -0.548426 
      200.5000  -0.818622   0.261402  -0.557220 
      201.0000  -0.819430   0.259216  -0.560215 
      201.5000  -0.828422   0.263071  -0.565351 
      202.0000  -0.800341   0.231934  -0.568407 
      202.5000  -0.799770   0.237720  -0.562050 
      203.0000  -0.823488   0.256576  -0.566913 
      203.5000  -0.798670   0.229994  -0.568677 
      204.0000  -0.826717   0.253977  -0.572740 
      204.5000  -0.806287   0.224291  -0.581996 
      205.0000  -0.824452   0.241642  -0.582810 
      205.5000  -0.798789   0.223716  -0.575073 
      206.0000  -0.828942   0.250676  -0.578267 
      206.5000  -0.817716   0.237860  -0.579857 
      207.0000  -0.835688   0.251173  -0.584515 
      207.5000  -0.827902   0.239508  -0.588394 
      208.0000  -0.832060   0.248065  -0.583994 
      208.5000  -0.824299   0.240005  -0.584293 
      209.0000  -0.852339   0.271657  -0.580682 
      209.5000  -0.823800   0.240486  -0.583314 
      210.0000  -0.810101   0.237317  -0.572784 
      210.5000  -0.789410   0.223759  -0.565651 
      211.0000  -0.841597   0.274067  -0.567530 
      211.5000  -0.810139   0.237255  -0.572884 
      212.0000  -0.819309   0.251625  -0.567684 
      212.5000  -0.822024   0.252464  -0.569560 
      213.0000  -0.804294   0.228897  -0.575397 
      213.5000  -0.808343   0.241654  -0.566689 
      214.0000  -0.814018   0.244017  -0.570000 
      214.5000  -0.821668   0.244349  -0.577319 
      215.0000  -0.806227   0.224787  -0.581440 
      215.5000  -0.831614   0.253531  -0.578083 
      216.0000  -0.827980   0.252422  -0.575559 
      216.5000  -0.792305   0.219242  -0.573063 
      217.0000  -0.831321   0.263004  -0.568318 
      217.5000  -0.816311   0.246755  -0.569556 
      218.0000  -0.822718   0.251908  -0.570810 
      218.5000  -0.831431   0.261958  -0.569473 
      219.0000  -0.830435   0.260037  -0.570398 
      219.5000  -0.814492   0.251622  -0.562870 
      220.0000  -0.834534   0.275504  -0.559030 
      220.5000  -0.805503   0.246489  -0.559014 
      221.0000  -0.822304   0.269347  -0.552957 
      221.5000  -0.822400   0.266586  -0.555814 
      222.0000  -0.839861   0.276765  -0.563096 
      222.5000  -0.829891   0.274299  -0.555592 
      223.0000  -0.818134   0.270129  -0.548006 
      223.5000  -0.833900   0.285634  -0.548266 
      224.0000  -0.804690   0.252734  -0.551955 
      224.5000  -0.838722   0.292475  -0.546247 
      225.0000  -0.832898   0.296048  -0.536850 
      225.5000  -0.795038   0.257284  -0.537755 
      226.0000  -0.811940   0.267085  -0.544855 
      226.5000  -0.830323   0.290319  -0.540005 
      227.0000  -0.814944   0.282996  -0.531948 
      227.5000  -0.817246   0.287447  -0.529799 
      228.0000  -0.839783   0.301727  -0.538056 
      228.5000  -0.826513   0.288520  -0.537993 
      229.0000  -0.813574   0.272691  -0.540883 
      229.5000  -0.846777   0.295468  -0.551309 
      230.0000  -0.847010   0.293399  -0.553611 
      230.5000  -0.841525   0.283357  -0.558168 
      231.0000  -0.828311   0.271018  -0.557293 
      231.5000  -0.855623   0.299665  -0.555957 
      232.0000  -0.822379   0.269949  -0.552430 
      232.5000  -0.839136   0.286139  -0.552997 
      233.0000  -0.893788   0.344286  -0.549502 
      233.5000  -0.826235   0.284516  -0.541719 
      234.0000  -0.838329   0.299476  -0.538853 
      234.5000  -0.835692   0.300877  -0.534814 
      235.0000  -0.827310   0.290202  -0.537108 
      235.5000  -0.830582   0.294741  -0.535841 
      236.0000  -0.837342   0.306955  -0.530387 
      236.5000  -0.819297   0.283775  -0.535521 
      237.0000  -0.846591   0.319762  -0.526830 
      237.5000  -0.803135   0.283230  -0.519905 
      238.0000  -0.819641   0.301439  -0.518202 
      238.5000  -0.836179   0.319302  -0.516876 
      239.0000  -0.838818   0.311738  -0.527081 
      239.5000  -0.828604   0.299674  -0.528930 
      240.0000  -0.832385   0.302833  -0.529552 
      240.5000  -0.843969   0.316113  -0.527855 
      241.0000  -0.843107   0.321289  -0.521818 
      241.5000  -0.858085   0.337157  -0.520928 
      242.0000  -0.798819   0.283116  -0.515703 
      242.5000  -0.865773   0.347446  -0.518327 
      243.0000  -0.815181   0.299992  -0.515189 
      243.5000  -0.888868   0.362697  -0.526171 
      244.0000  -0.798720   0.279219  -0.519501 
      244.5000  -0.851885   0.338804  -0.513082 
      245.0000  -0.864297   0.348550  -0.515747 
      245.5000  -0.795345   0.275673  -0.519672 
      246.0000  -0.872709   0.355006  -0.517702 
      246.5000  -0.844842   0.319086  -0.525756 
      247.0000  -0.812132   0.290453  -0.521679 
      247.5000  -0.827930   0.311694  -0.516236 
      248.0000  -0.852025   0.326925  -0.525101 
      248.5000  -0.825634   0.311635  -0.514000 
      249.0000  -0.820119   0.306972  -0.513147 
      249.5000  -0.816047   0.299098  -0.516949 
      250.0000  -0.856216   0.334264  -0.521953 
      250.5000  -0.841216   0.321693  -0.519523 
      251.0000  -0.844813   0.331568  -0.513244 
      251.5000  -0.823033   0.309985  -0.513048 
      252.0000  -0.825603   0.316561  -0.509042 
      252.5000  -0.836538   0.322562  -0.513976 
      253.0000  -0.817296   0.298129  -0.519167 
      253.5000  -0.811120   0.286260  -0.524860 
      254.0000  -0.831531   0.306965  -0.524566 
      254.5000  -0.811444   0.287456  -0.523988 
      255.0000  -0.828822   0.312906  -0.515917 
      255.5000  -0.809115   0.294155  -0.514960 
      256.0000  -0.817365   0.298809  -0.518557 
      256.5000  -0.808719   0.282474  -0.526246 
      257.0000  -0.823212   0.294793  -0.528419 
      257.5000  -0.850748   0.317812  -0.532936 
      258.0000  -0.848856   0.318512  -0.530343 
      258.5000  -0.851736   0.324452  -0.527284 
      259.0000  -0.830617   0.314422  -0.516196 
      259.5000  -0.832673   0.320011  -0.512662 
      260.0000  -0.810767   0.306034  -0.504734 
      260.5000  -0.819976   0.307075  -0.512901 
      261.0000  -0.828368   0.308592  -0.519776 
      261.5000  -0.836010   0.319149  -0.516862 
      262.0000  -0.862188   0.345245  -0.516943 
      262.5000  -0.847302   0.330762  -0.516540 
      263.0000  -0.828542   0.313324  -0.515218 
      263.5000  -0.853502   0.329312  -0.524190 
      264.0000  -0.835555   0.309604  -0.525951 
      264.5000  -0.834386   0.307298  -0.527088 
      265.0000  -0.820738   0.286635  -0.534103 
      265.5000  -0.843860   0.317307  -0.526553 
      266.0000  -0.835324   0.318387  -0.516937 
      266.5000  -0.824138   0.306471  -0.517667 
      267.0000  -0.818943   0.301685  -0.517258 
      267.5000  -0.821245   0.295286  -0.525959 
      268.0000  -0.827516   0.313170  -0.514346 
      268.5000  -0.881177   0.364973  -0.516204 
      269.0000  -0.831655   0.314640  -0.517015 
      269.5000  -0.827613   0.297565  -0.530048 
      270.0000  -0.824807   0.294437  -0.530370 
      270.5000  -0.842350   0.313467  -0.528883 
      271.0000  -0.828839   0.295463  -0.533376 
      271.5000  -0.835671   0.305907  -0.529764 
      272.0000  -0.826462   0.289711  -0.536751 
      272.5000  -0.835396   0.302028  -0.533368 
      273.0000  -0.836041   0.309968  -0.526073 
      273.5000  -0.822238   0.293507  -0.528731 
      274.0000  -0.840637   0.313381  -0.527256 
      274.5000  -0.868471   0.335441  -0.533030 
      275.0000  -0.848708   0.308727  -0.539981 
      275.5000  -0.852007   0.307710  -0.544298 
      276.0000  -0.868670   0.322187  -0.546484 
      276.5000  -0.828099   0.279110  -0.548990 
      277.0000  -0.828583   0.281747  -0.546836 
      277.5000  -0.856451   0.296572  -0.559879 
      278.0000  -0.828133   0.259901  -0.568233 
      278.5000  -0.880843   0.315115  -0.565727 
      279.0000  -0.841830   0.282637  -0.559193 
      279.5000  -0.852619   0.287936  -0.564683 
      280.0000  -0.873145   0.306310  -0.566835 
      280.5000  -0.877998   0.311198  -0.566800 
      281.0000  -0.861679   0.296980  -0.564699 
      281.5000  -0.851610   0.289077  -0.562534 
      282.0000  -0.838112   0.286838  -0.551274 
      282.5000  -0.857999   0.316274  -0.541725 
      283.0000  -0.819898   0.285872  -0.534026 
      283.5000  -0.803259   0.266244  -0.537015 
      284.0000  -0.822530   0.283513  -0.539016 
      284.5000  -0.807768   0.265775  -0.541993 
      285.0000  -0.804247   0.251475  -0.552773 
      285.5000  -0.826446   0.281733  -0.544713 
      286.0000  -0.805392   0.270619  -0.534773 
      286.5000  -0.819120   0.277569  -0.541551 
      287.0000  -0.834170   0.291935  -0.542236 
      287.5000  -0.824467   0.283181  -0.541286 
      288.0000  -0.818469   0.270780  -0.547689 
      288.5000  -0.814002   0.264904  -0.549098 
      289.0000  -0.827130   0.272876  -0.554253 
      289.5000  -0.816741   0.271149  -0.545592 
      290.0000  -0.824265   0.281556  -0.542709 
      290.5000  -0.830769   0.296454  -0.534315 
      291.0000  -0.780658   0.251234  -0.529424 
      291.5000  -0.809125   0.279030  -0.530095 
      292.0000  -0.760170   0.228559  -0.531611 
      292.5000  -0.827471   0.297085  -0.530386 
      293.0000  -0.804978   0.276021  -0.528958 
      293.5000  -0.802129   0.272692  -0.529438 
      294.0000  -0.779472   0.244009  -0.535462 
      294.5000  -0.816715   0.273563  -0.543152 
      295.0000  -0.792137   0.248434  -0.543703 
      295.5000  -0.796332   0.244311  -0.552022 
      296.0000  -0.839111   0.282911  -0.556200 
      296.5000  -0.807434   0.253797  -0.553637 
      297.0000  -0.777475   0.227637  -0.549838 
      297.5000  -0.807126   0.262888  -0.544238 
      298.0000  -0.789803   0.243022  -0.546781 
      298.5000  -0.759517   0.218540  -0.540977 
      299.0000  -0.767635   0.235325  -0.532311 
      299.5000  -0.783132   0.257239  -0.525893 
      300.0000  -0.793075   0.259525  -0.533550 
      300.5000  -0.806235   0.281649  -0.524586 
      301.0000  -0.764390   0.241961  -0.522429 
      301.5000  -0.790261   0.272364  -0.517897 
      302.0000  -0.766906   0.252031  -0.514874 
      302.5000  -0.804451   0.286533  -0.517918 
      303.0000  -0.786391   0.275929  -0.510462 
      303.5000  -0.786776   0.271550  -0.515226 
      304.0000  -0.785072   0.272085  -0.512987 
      304.5000  -0.816381   0.297360  -0.519021 
      305.0000  -0.771456   0.257055  -0.514401 
      305.5000  -0.764705   0.258821  -0.505884 
      306.0000  -0.790958   0.281392  -0.509566 
      306.5000  -0.810495   0.297905  -0.512590 
      307.0000  -0.811909   0.296316  -0.515593 
      307.5000  -0.830150   0.314805  -0.515345 
      308.0000  -0.798061   0.278202  -0.519859 
      308.5000  -0.820758   0.304099  -0.516659 
      309.0000  -0.787691   0.267707  -0.519983 
      309.5000  -0.803202   0.288001  -0.515201 
      310.0000  -0.795008   0.277705  -0.517303 
      310.5000  -0.809423   0.301119  -0.508303 
      311.0000  -0.805964   0.291793  -0.514171 
      311.5000  -0.825063   0.309059  -0.516003 
      312.0000  -0.804642   0.291398  -0.513243 
      312.5000  -0.807691   0.296190  -0.511501 
      313.0000  -0.831537   0.318599  -0.512938 
      313.5000  -0.774310   0.260836  -0.513474 
      314.0000  -0.821638   0.311336  -0.510303 
      314.5000  -0.805037   0.302621  -0.502416 
      315.0000  -0.796074   0.296380  -0.499694 
      315.5000  -0.787713   0.294274  -0.493440 
      316.0000  -0.796587   0.299154  -0.497433 
      316.5000  -0.792090   0.292594  -0.499495 
      317.0000  -0.788329   0.286097  -0.502231 
      317.5000  -0.794531   0.281491  -0.513040 
      318.0000  -0.783355   0.271412  -0.511944 
      318.5000  -0.776152   0.270508  -0.505644 
      319.0000  -0.796007   0.300008  -0.495999 
      319.5000  -0.781970   0.282082  -0.499888 
      320.0000  -0.788115   0.284240  -0.503875 
      320.5000  -0.765886   0.256989  -0.508897 
      321.0000  -0.795616   0.282217  -0.513399 
      321.5000  -0.757833   0.241569  -0.516265 
      322.0000  -0.775338   0.256007  -0.519331 
      322.5000  -0.825089   0.306864  -0.518224 
      323.0000  -0.787772   0.264388  -0.523384 
      323.5000  -0.834585   0.308326  -0.526258 
      324.0000  -0.797552   0.272940  -0.524612 
      324.5000  -0.818734   0.298223  -0.520511 
      325.0000  -0.775819   0.256287  -0.519532 
      325.5000  -0.777414   0.259988  -0.517426 
      326.0000  -0.784376   0.267136  -0.517240 
      326.5000  -0.804356   0.290117  -0.514239 
      327.0000  -0.811378   0.303679  -0.507699 
      327.5000  -0.810444   0.299492  -0.510952 
      328.0000  -0.793134   0.271619  -0.521516 
      328.5000  -0.795117   0.284751  -0.510365 
      329.0000  -0.786556   0.283388  -0.503168 
      329.5000  -0.806269   0.309073  -0.497196 
      330.0000  -0.778175   0.282136  -0.496038 
      330.5000  -0.826380   0.327909  -0.498471 
      331.0000  -0.825092   0.324066  -0.501025 
      331.5000  -0.778563   0.275834  -0.502728 
      332.0000  -0.803653   0.296295  -0.507358 
      332.5000  -0.797202   0.288802  -0.508400 
      333.0000  -0.784385   0.272737  -0.511649 
      333.5000  -0.802702   0.287796  -0.514906 
      334.0000  -0.780933   0.265098  -0.515835 
      334.5000  -0.821136   0.294895  -0.526241 
      335.0000  -0.806348   0.281692  -0.524656 
      335.5000  -0.806638   0.280702  -0.525936 
      336.0000  -0.784306   0.264799  -0.519507 
      336.5000  -0.825126   0.305128  -0.519998 
      337.0000  -0.804235   0.281866  -0.522369 
      337.5000  -0.806869   0.282949  -0.523921 
      338.0000  -0.820228   0.294588  -0.525640 
      338.5000  -0.807404   0.285483  -0.521921 
      339.0000  -0.776538   0.256150  -0.520388 
      339.5000  -0.804963   0.292794  -0.512168 
      340.0000  -0.779645   0.262646  -0.516999 
      340.5000  -0.792760   0.272410  -0.520350 
      341.0000  -0.790338   0.268801  -0.521538 
      341.5000  -0.802736   0.276993  -0.525743 
      342.0000  -0.792622   0.278387  -0.514236 
      342.5000  -0.823189   0.309458  -0.513731 
      343.0000  -0.806870   0.288769  -0.518102 
      343.5000  -0.795917   0.287424  -0.508493 
      344.0000  -0.797631   0.287703  -0.509928 
      344.5000  -0.815945   0.306261  -0.509684 
      345.0000  -0.805300   0.288517  -0.516783 
      345.5000  -0.774952   0.257031  -0.517921 
      346.0000  -0.796971   0.276039  -0.520932 
      346.5000  -0.823246   0.310071  -0.513175 
      347.0000  -0.815006   0.313134  -0.501872 
      347.5000  -0.783104   0.281657  -0.501447 
      348.0000  -0.827920   0.326960  -0.500960 
      348.5000  -0.791332   0.280099  -0.511233 
      349.0000  -0.805124   0.289599  -0.515525 
      349.5000  -0.809877   0.293917  -0.515961 
      350.0000  -0.811906   0.306566  -0.505339 
      350.5000  -0.789433   0.281204  -0.508229 
      351.0000  -0.806984   0.292623  -0.514360 
      351.5000  -0.838829   0.328271  -0.510558 
      352.0000  -0.827110   0.315034  -0.512076 
      352.5000  -0.787508   0.271396  -0.516111 
      353.0000  -0.808507   0.294342  -0.514166 
      353.5000  -0.820893   0.301789  -0.519104 
      354.0000  -0.817383   0.292542  -0.524841 
      354.5000  -0.851728   0.325252  -0.526476 
      355.0000  -0.856238   0.331639  -0.524599 
      355.5000  -0.833840   0.315894  -0.517946 
      356.0000  -0.831796   0.310905  -0.520891 
      356.5000  -0.839889   0.319015  -0.520874 
      357.0000  -0.844015   0.320302  -0.523713 
      357.5000  -0.812932   0.278969  -0.533963 
      358.0000  -0.819726   0.289615  -0.530111 
      358.5000  -0.824635   0.298245  -0.526390 
      359.0000  -0.809981   0.285345  -0.524636 
      359.5000  -0.794484   0.269281  -0.525203 
      360.0000  -0.811146   0.287487  -0.523659 
      360.5000  -0.838269   0.311411  -0.526858 
      361.0000  -0.815185   0.288957  -0.526227 
      361.5000  -0.846921   0.311688  -0.535234 
      362.0000  -0.819782   0.286338  -0.533444 
      362.5000  -0.821101   0.289369  -0.531732 
      363.0000  -0.835457   0.299686  -0.535771 
      363.5000  -0.811365   0.274291  -0.537074 
      364.0000  -0.822004   0.288606  -0.533398 
      364.5000  -0.845562   0.312424  -0.533138 
      365.0000  -0.826804   0.283680  -0.543123 
      365.5000  -0.836895   0.299450  -0.537444 
      366.0000  -0.841126   0.301380  -0.539745 
      366.5000  -0.816163   0.273970  -0.542194 
      367.0000  -0.839598   0.299957  -0.539641 
      367.5000  -0.862139   0.318886  -0.543253 
      368.0000  -0.884374   0.332580  -0.551794 
      368.5000  -0.851930   0.303251  -0.548679 
      369.0000  -0.858278   0.305199  -0.553079 
      369.5000  -0.857249   0.307124  -0.550125 
      370.0000  -0.871133   0.321213  -0.549920 
      370.5000  -0.853466   0.300729  -0.552737 
      371.0000  -0.849879   0.293609  -0.556270 
      371.5000  -0.831086   0.275065  -0.556020 
      372.0000  -0.883608   0.325326  -0.558283 
      372.5000  -0.848566   0.279975  -0.568591 
      373.0000  -0.849392   0.284790  -0.564601 
      373.5000  -0.887173   0.319629  -0.567544 
      374.0000  -0.904179   0.339700  -0.564479 
      374.5000  -0.863333   0.292707  -0.570626 
      375.0000  -0.892528   0.321455  -0.571073 
      375.5000  -0.840019   0.274836  -0.565183 
      376.0000  -0.872808   0.310756  -0.562052 
      376.5000  -0.854885   0.292548  -0.562337 
      377.0000  -0.884045   0.329023  -0.555022 
      377.5000  -0.870191   0.316524  -0.553667 
      378.0000  -0.865160   0.317544  -0.547616 
      378.5000  -0.856052   0.311477  -0.544576 
      379.0000  -0.847203   0.309087  -0.538116 
      379.5000  -0.852311   0.309888  -0.542423 
      380.0000  -0.856040   0.317583  -0.538457 
      380.5000  -0.852521   0.311710  -0.540812 
      381.0000  -0.853011   0.314389  -0.538622 
      381.5000  -0.850130   0.313807  -0.536323 
      382.0000  -0.857148   0.311884  -0.545264 
      382.5000  -0.873402   0.316178  -0.557224 
      383.0000  -0.862690   0.310593  -0.552096 
      383.5000  -0.858899   0.310779  -0.548120 
      384.0000  -0.860295   0.300369  -0.559926 
      384.5000  -0.842330   0.301055  -0.541274 
      385.0000  -0.883395   0.333726  -0.549669 
      385.5000  -0.847133   0.300113  -0.547020 
      386.0000  -0.841350   0.297737  -0.543613 
      386.5000  -0.807164   0.278544  -0.528620 
      387.0000  -0.841674   0.316698  -0.524977 
      387.5000  -0.853978   0.333530  -0.520447 
      388.0000  -0.801655   0.285002  -0.516654 
      388.5000  -0.814424   0.296388  -0.518036 
      389.0000  -0.827175   0.315667  -0.511508 
      389.5000  -0.827263   0.319598  -0.507665 
      390.0000  -0.802032   0.296686  -0.505346 
      390.5000  -0.821582   0.323077  -0.498505 
      391.0000  -0.811047   0.317892  -0.493155 
      391.5000  -0.779767   0.279961  -0.499806 
      392.0000  -0.826612   0.330330  -0.496283 
      392.5000  -0.811798   0.318105  -0.493693 
      393.0000  -0.823338   0.324989  -0.498349 
      393.5000  -0.793792   0.294645  -0.499147 
      394.0000  -0.816671   0.321556  -0.495114 
      394.5000  -0.798435   0.301639  -0.496796 
      395.0000  -0.768801   0.271696  -0.497105 
      395.5000  -0.807329   0.306555  -0.500774 
      396.0000  -0.812942   0.320680  -0.492262 
      396.5000  -0.824226   0.331344  -0.492882 
      397.0000  -0.794123   0.303368  -0.490755 
      397.5000  -0.807391   0.317538  -0.489853 
      398.0000  -0.811726   0.322515  -0.489211 
      398.5000  -0.853351   0.366056  -0.487295 
      399.0000  -0.799833   0.323180  -0.476653 
      399.5000  -0.802365   0.326524  -0.475840 
      400.0000  -0.820024   0.341331  -0.478693 
      400.5000  -0.804934   0.334354  -0.470580 
      401.0000  -0.798415   0.312941  -0.485474 
      401.5000  -0.785161   0.296099  -0.489062 
      402.0000  -0.787541   0.295961  -0.491580 
      402.5000  -0.802083   0.311595  -0.490489 
      403.0000  -0.782899   0.300207  -0.482692 
      403.5000  -0.803066   0.318654  -0.484412 
      404.0000  -0.787453   0.303208  -0.484245 
      404.5000  -0.776388   0.290046  -0.486342 
      405.0000  -0.819532   0.341464  -0.478068 
      405.5000  -0.820341   0.333335  -0.487006 
      406.0000  -0.767804   0.283362  -0.484442 
      406.5000  -0.805138   0.326983  -0.478154 
      407.0000  -0.811778   0.325121  -0.486657 
      407.5000  -0.816533   0.324370  -0.492162 
      408.0000  -0.799808   0.299097  -0.500710 
      408.5000  -0.794095   0.298328  -0.495767 
      409.0000  -0.803438   0.312416  -0.491022 
      409.5000  -0.794814   0.302525  -0.492289 
      410.0000  -0.779002   0.293941  -0.485062 
      410.5000  -0.791415   0.309320  -0.482095 
      411.0000  -0.777828   0.298949  -0.478879 
      411.5000  -0.785093   0.311511  -0.473582 
      412.0000  -0.793084   0.319409  -0.473675 
      412.5000  -0.796890   0.331332  -0.465558 
      413.0000  -0.789156   0.322004  -0.467152 
      413.5000  -0.822557   0.344492  -0.478065 
      414.0000  -0.814671   0.327566  -0.487105 
      414.5000  -0.773864   0.283982  -0.489881 
      415.0000  -0.767516   0.274930  -0.492586 
      415.5000  -0.800049   0.307074  -0.492974 
      416.0000  -0.814760   0.313716  -0.501045 
      416.5000  -0.782320   0.273792  -0.508528 
      417.0000  -0.792751   0.287473  -0.505278 
      417.5000  -0.789913   0.276683  -0.513230 
      418.0000  -0.788670   0.275892  -0.512779 
      418.5000  -0.818610   0.302821  -0.515789 
      419.0000  -0.826527   0.310673  -0.515854 
      419.5000  -0.790234   0.279431  -0.510802 
      420.0000  -0.798571   0.291093  -0.507478 
      420.5000  -0.821468   0.313749  -0.507719 
      421.0000  -0.785048   0.274951  -0.510097 
      421.5000  -0.808762   0.297989  -0.510773 
      422.0000  -0.812155   0.289890  -0.522264 
      422.5000  -0.809227   0.274956  -0.534271 
      423.0000  -0.801552   0.270696  -0.530856 
      423.5000  -0.810978   0.270839  -0.540139 
      424.0000  -0.807246   0.267430  -0.539816 
      424.5000  -0.799327   0.262379  -0.536948 
      425.0000  -0.812766   0.280057  -0.532710 
      425.5000  -0.815483   0.291194  -0.524288 
      426.0000  -0.793558   0.280100  -0.513458 
      426.5000  -0.796170   0.285273  -0.510897 
      427.0000  -0.784292   0.262457  -0.521835 
      427.5000  -0.808740   0.288242  -0.520498 
      428.0000  -0.810961   0.291651  -0.519310 
      428.5000  -0.785480   0.271375  -0.514105 
      429.0000  -0.818400   0.304508  -0.513891 
      429.5000  -0.795191   0.281414  -0.513777 
      430.0000  -0.820858   0.301662  -0.519196 
      430.5000  -0.827688   0.309896  -0.517792 
      431.0000  -0.825203   0.293348  -0.531855 
      431.5000  -0.799211   0.270821  -0.528390 
      432.0000  -0.803142   0.271350  -0.531792 
      432.5000  -0.846994   0.307052  -0.539942 
      433.0000  -0.827876   0.291279  -0.536597 
      433.5000  -0.818875   0.278748  -0.540127 
      434.0000  -0.821779   0.282855  -0.538924 
      434.5000  -0.804433   0.267555  -0.536878 
      435.0000  -0.811507   0.268811  -0.542695 
      435.5000  -0.814275   0.275944  -0.538331 
      436.0000  -0.793607   0.255766  -0.537841 
      436.5000  -0.812883   0.276513  -0.536370 
      437.0000  -0.779591   0.251992  -0.527600 
      437.5000  -0.810268   0.285424  -0.524845 
      438.0000  -0.805546   0.275987  -0.529559 
      438.5000  -0.804338   0.282970  -0.521368 
      439.0000  -0.772135   0.257844  -0.514290 
      439.5000  -0.779908   0.271214  -0.508695 
      440.0000  -0.803675   0.292231  -0.511444 
      440.5000  -0.804262   0.290576  -0.513686 
      441.0000  -0.804121   0.290830  -0.513291 
      441.5000  -0.804806   0.286653  -0.518154 
      442.0000  -0.782456   0.265418  -0.517038 
      442.5000  -0.818338   0.301632  -0.516706 
      443.0000  -0.787153   0.267855  -0.519298 
      443.5000  -0.808123   0.295482  -0.512641 
      444.0000  -0.803357   0.288267  -0.515089 
      444.5000  -0.801310   0.281292  -0.520018 
      445.0000  -0.808334   0.295335  -0.512999 
      445.5000  -0.792054   0.277086  -0.514968 
      446.0000  -0.802360   0.287833  -0.514527 
      446.5000  -0.799761   0.283462  -0.516300 
      447.0000  -0.795486   0.275904  -0.519583 
      447.5000  -0.805148   0.291223  -0.513925 
      448.0000  -0.789160   0.283106  -0.506054 
      448.5000  -0.795301   0.282995  -0.512306 
      449.0000  -0.818586   0.310191  -0.508395 
      449.5000  -0.786809   0.279041  -0.507769 
      450.0000  -0.801549   0.294359  -0.507190 
      450.5000  -0.787121   0.288354  -0.498768 
      451.0000  -0.837404   0.339965  -0.497438 
      451.5000  -0.761951   0.258370  -0.503580 
      452.0000  -0.796612   0.292711  -0.503901 
      452.5000  -0.815140   0.317621  -0.497519 
      453.0000  -0.761616   0.259528  -0.502088 
      453.5000  -0.811952   0.311760  -0.500192 
      454.0000  -0.763252   0.262304  -0.500947 
      454.5000  -0.818705   0.302730  -0.515975 
      455.0000  -0.775289   0.259984  -0.515305 
      455.5000  -0.817528   0.307890  -0.509637 
      456.0000  -0.786835   0.270912  -0.515923 
      456.5000  -0.801250   0.287678  -0.513572 
      457.0000  -0.827328   0.320246  -0.507083 
      457.5000  -0.806485   0.292670  -0.513815 
      458.0000  -0.794548   0.279936  -0.514612 
      458.5000  -0.820114   0.301492  -0.518622 
      459.0000  -0.831236   0.309914  -0.521322 
      459.5000  -0.807010   0.290560  -0.516450 
      460.0000  -0.811435   0.295376  -0.516059 
      460.5000  -0.786824   0.270546  -0.516277 
      461.0000  -0.806884   0.297086  -0.509798 
      461.5000  -0.805393   0.295255  -0.510137 
      462.0000  -0.776090   0.276294  -0.499796 
      462.5000  -0.783590   0.277091  -0.506500 
      463.0000  -0.799621   0.291592  -0.508029 
      463.5000  -0.812428   0.307128  -0.505301 
      464.0000  -0.825241   0.314097  -0.511144 
      464.5000  -0.821586   0.313879  -0.507707 
      465.0000  -0.773866   0.273426  -0.500440 
      465.5000  -0.792334   0.294375  -0.497959 
      466.0000  -0.776511   0.284088  -0.492423 
      466.5000  -0.801305   0.306077  -0.495228 
      467.0000  -0.787458   0.290219  -0.497240 
      467.5000  -0.798478   0.297780  -0.500698 
      468.0000  -0.769225   0.259396  -0.509829 
      468.5000  -0.802334   0.284961  -0.517373 
      469.0000  -0.794569   0.283349  -0.511220 
      469.5000  -0.785958   0.273739  -0.512218 
      470.0000  -0.753853   0.239465  -0.514389 
      470.5000  -0.801127   0.282589  -0.518538 
      471.0000  -0.774656   0.252463  -0.522193 
      471.5000  -0.795523   0.273009  -0.522514 
      472.0000  -0.777929   0.260313  -0.517616 
      472.5000  -0.801804   0.277631  -0.524174 
      473.0000  -0.792250   0.283999  -0.508251 
      473.5000  -0.775028   0.270204  -0.504824 
      474.0000  -0.747988   0.248559  -0.499428 
      474.5000  -0.829627   0.324858  -0.504769 
      475.0000  -0.764336   0.262673  -0.501663 
      475.5000  -0.804779   0.307147  -0.497632 
      476.0000  -0.796071   0.302268  -0.493803 
      476.5000  -0.801847   0.299887  -0.501960 
      477.0000  -0.787381   0.276728  -0.510653 
      477.5000  -0.807027   0.293614  -0.513413 
      478.0000  -0.780963   0.269427  -0.511536 
      478.5000  -0.805200   0.290706  -0.514494 
      479.0000  -0.793690   0.280190  -0.513500 
      479.5000  -0.796337   0.274435  -0.521902 
      480.0000  -0.799546   0.276621  -0.522926 
      480.5000  -0.822437   0.293115  -0.529322 
      481.0000  -0.801668   0.283224  -0.518443 
      481.5000  -0.789749   0.276763  -0.512986 
      482.0000  -0.784891   0.269970  -0.514920 
      482.5000  -0.805247   0.287997  -0.517250 
      483.0000  -0.811424   0.285815  -0.525609 
      483.5000  -0.804021   0.283470  -0.520551 
      484.0000  -0.787520   0.269149  -0.518371 
      484.5000  -0.774476   0.250204  -0.524272 
      485.0000  -0.833044   0.317305  -0.515739 
      485.5000  -0.787637   0.268749  -0.518887 
      486.0000  -0.809535   0.278531  -0.531004 
      486.5000  -0.828470   0.289394  -0.539076 
      487.0000  -0.826151   0.291805  -0.534345 
      487.5000  -0.805595   0.269224  -0.536371 
      488.0000  -0.846901   0.305301  -0.541600 
      488.5000  -0.811636   0.261597  -0.550039 
      489.0000  -0.846244   0.292787  -0.553457 
      489.5000  -0.825359   0.273642  -0.551718 
      490.0000  -0.831556   0.280651  -0.550905 
      490.5000  -0.829148   0.274692  -0.554456 
      491.0000  -0.814343   0.258245  -0.556098 
      491.5000  -0.793613   0.246367  -0.547247 
      492.0000  -0.831746   0.291447  -0.540299 
      492.5000  -0.799136   0.261215  -0.537920 
      493.0000  -0.828831   0.287063  -0.541768 
      493.5000  -0.805940   0.264174  -0.541766 
      494.0000  -0.798095   0.259064  -0.539032 
      494.5000  -0.838836   0.300188  -0.538648 
      495.0000  -0.794729   0.265330  -0.529399 
      495.5000  -0.838186   0.306133  -0.532053 
      496.0000  -0.808696   0.282901  -0.525795 
      496.5000  -0.804526   0.271717  -0.532808 
      497.0000  -0.828831   0.296847  -0.531984 
      497.5000  -0.813264   0.285257  -0.528007 
      498.0000  -0.821462   0.294153  -0.527310 
      498.5000  -0.813381   0.280884  -0.532497 
      499.0000  -0.796343   0.259323  -0.537020 
      499.5000  -0.803845   0.273670  -0.530175 
      500.0000  -0.806026   0.272775  -0.533251 
