t = 100000
b = 30 30 30
E = -0.681183758942226 -0.806025538978624 0.124841780036397
8.37429965650947 19.9954672452753 -2.31116267792496 0.539669694743327 -0.673146967396333 0.505598311120349 -0.437965697300781 -0.737378106455473 -0.514256199339933 0.309996573132614 -0.642908778263003 0.196968058022667 0.199702940347797 -0.422373408646455 0.0126335435500751
8.41651691605223 19.5823498346346 -2.65072552794735 -0.00108364195528244 -0.451992327287141 0.892021083550935 -0.157477678134418 -0.88081423976843 -0.446505123774596 0.100151454347211 0.0331829654651374 -0.106635974955389 0.0605681565891421 0.308214758604715 0.286973984073316
8.48355034821267 19.0691843022659 -2.79320962532741 -0.512846007081092 -0.17019283370588 0.84144118104761 -0.352255384167018 -0.852120995677817 -0.387047475012609 -0.0630410603173772 0.0940856826358307 -0.405179112775949 -0.381530727933183 -0.266293619103496 0.017520430445573
8.5124585234625 18.5540478558202 -2.74366534512161 -0.95504116805559 0.283340361625498 0.087261204685093 -0.275939929752822 -0.741891954400102 -0.611108320479008 -0.177644808120869 0.0577578828514316 -0.126986817514396 -0.306121442908536 0.0530221011867907 0.027310841824233
9.02162135703304 17.824144881359 -3.46524442397317 0.477770613411987 0.172508054426797 -0.861380367654942 0.762396448454404 -0.568567852621373 0.309001813742613 -0.0359007203831613 -0.263893430642209 -0.540821774917156 0.152373602260689 0.585117935345934 -0.0259038656255769
9.32596412761672 17.3617171436016 -3.46004829974816 0.378083637910858 0.793197938547447 -0.477377887648782 0.91139323140113 -0.40943721067835 0.0415144606598929 -0.131901392375926 0.239624255168463 -0.200473152996484 0.176275505576346 0.104351024700268 0.061243046478917
9.81228527671088 17.1553357364396 -3.53260422714799 0.0968678506769163 0.974883848882099 -0.200543873752258 0.945036993424462 -0.153309780703787 -0.288792396569095 0.379957794861267 0.599615842777701 -0.113858378315141 -0.503792331796541 0.358722673250345 0.129376152671379
10.1260772501475 17.1844721143612 -3.95240384527723 0.306840680906058 0.751922027112958 0.583491114951978 0.944508588215592 -0.165029184583944 -0.284022449971448 -0.153964424707193 0.479085092039932 0.00948514620831016 -0.253789031540886 -0.215264595759755 0.222278599408081
10.4533525452075 17.3569056850779 -4.2963364644832 0.304568275131312 0.0549768842116968 0.950902544878465 0.902861615600387 -0.334713121734969 -0.269829466896692 -0.00926914711864449 -0.255496456675948 -0.0176058022378672 -0.5083245401898 0.403084522580094 0.0126711250935132
10.8753921450522 17.4593422552844 -4.35603885522232 -0.0888031579971243 -0.759887066238019 0.643960806464924 0.934963645110943 -0.286518550917816 -0.209164961816321 0.0489422296460877 -0.246450558529199 0.352467242891719 0.269479353512152 -0.270200857685832 0.180856676588129
11.3281365224743 17.4069742676489 -4.25137676664946 -0.342522609072314 -0.924062373394368 -0.16966681429631 0.885644614776414 -0.257306505330073 -0.386557741885268 0.0291334171895825 -0.196201302992188 0.0990473543939088 -0.359851557932622 0.182182148108895 0.547200433822519
11.7214288080428 17.1494701505155 -4.93158824325127 -0.337219441825495 0.0540535580056048 -0.939872937434667 -0.696918551479355 0.656856526609131 0.287826063871648 -0.416679059064362 0.0246277471150423 0.696017597599117 -0.0156175843679417 0.2164942195349 -0.107199994127467
12.3632352357343 17.3884346183528 -5.44589799025025 0.721335769961684 -0.14522268806162 -0.677189009469704 -0.489938397073354 0.584099933176011 -0.647137913884276 0.114629937585631 0.191937813802891 -0.015398730734616 -0.861273464959376 0.347441664739874 0.092643796809088
12.3856711533035 17.8330587810898 -5.77201311577497 -0.121311529709308 -0.759903438802574 -0.638615825460877 -0.397870824199192 0.626647859603393 -0.670082961115627 0.177736684521508 -0.254216830508955 0.272606953642596 0.388064230283357 -0.157877639638077 0.117902774153411
12.7674096843519 18.0297337288725 -4.90881476200873 0.405065773135242 -0.901734049776042 -0.15098761481313 0.20078764136182 -0.073375309143791 0.976882965430343 -0.124938608246503 -0.585397944012558 -0.507179840314384 -0.0249262705540587 0.144660953629591 0.236960749484533
12.8368845536689 17.810490019215 -4.4146206412168 0.782411894808805 -0.427169752208601 -0.453163906935593 0.371171447606169 -0.264436191704546 0.890115249749589 -0.288644874597538 -0.322655850702347 0.0269004381260852 0.0681875357741269 0.229782716505261 0.00485820844874348
12.937591388179 17.430750981558 -4.13442238549136 0.896693808594439 0.354325525117305 -0.26531769358664 0.410968552430398 -0.443713011100916 0.79638147950337 -0.0883824532022631 0.270110062903845 0.141137841444978 0.204203020796727 0.489787585696047 -0.00501785271616169
13.2475695100329 17.1275744580406 -4.13721009543244 0.460817362402229 0.738189937535253 0.492669048215137 0.157104963183859 -0.614206993355597 0.77334833637119 0.203060847467772 -0.10909182620252 -0.0731289575323444 0.269425920142377 -0.106148348445352 -0.396876126526863
12.6064690866137 16.0637481223228 -4.55356275462106 0.0535897308464992 -0.411704522389276 -0.909740323971232 0.926060177130876 0.361304127725988 -0.108957727839264 0.0619722562427548 0.222844381322708 -0.538018297149897 -0.406824761613101 0.109976002277506 0.0968340204141292
13.107548838251 16.0841623957402 -4.62472386654134 -0.457924452291747 0.197957406557666 -0.866670633949399 0.749663054989213 0.609976717375528 -0.256775334971529 0.262075297581153 0.204829724448287 0.532076790075171 -0.0942213974684266 0.318206116343702 0.416477397458918
13.4109801156589 16.0041204787081 -4.97405515417819 -0.459980875489126 0.861730960697244 -0.214096218457924 0.874235680852505 0.397343201972593 -0.278980741626404 -0.0751673452565998 -0.0252995336599617 0.50486037602189 0.0721007953030713 0.175318663490422 -0.141738979604898
13.6615122218989 16.1571145912153 -5.36803562145601 -0.0558681819838744 0.802119235201731 0.594544587385346 0.925121285428446 0.265560713516281 -0.271344731782381 -0.104271483729233 0.228587101034435 -0.344599754989016 -0.257994040490939 -0.00421757550084856 0.0150287839150598
14.1500604618908 16.4553426797287 -5.90209559517531 0.952692206878981 0.101283885251134 0.286564117746116 -0.28526829345119 0.623318045628776 0.728077234654861 0.0406843849442127 -0.327292632041293 0.074082285749765 0.280997441255862 0.662590003409836 -0.0887749869093432
13.057158614732 16.5140056792995 -6.64732396227594 -0.100668005058671 -0.784839928322532 -0.611467197024839 -0.629779717920124 -0.425520497841575 0.649853623424158 -0.796456849358761 0.00869832364571215 0.32113172407695 -0.0298293588197828 -0.0939548798444867 0.0377389868560007
12.548080194275 16.3741547148615 -6.56893316473576 0.49993718744899 -0.852694518114142 -0.151574106217397 -0.715897775416356 -0.505369806009697 0.481758877437049 -0.219018357537296 0.106708041478502 0.188519499956991 0.129665424801748 0.647181818509243 0.106392965039468
7.68096263743469 18.6352775365122 -2.16209346769286 0.940938130334652 -0.191254972073356 -0.279386668025506 0.317448736012032 0.785285961335215 0.531556315494392 0.334839117541834 0.570067007677403 0.148858771845324 -0.0689166180006385 0.32823254437044 -0.385061076015066
7.93805189592336 18.808769498567 -1.76776384029568 0.502106159380339 0.234711741794341 -0.832345889265483 0.258956610246158 0.87749748875472 0.403657550047337 0.466148181085105 -0.219668066452161 -0.0242460751869214 -0.230231928465867 0.0689298263329958 -0.381156160093992
8.35988931546983 19.0382980122117 -1.54387679426205 -0.0457677420463922 0.480856503190717 -0.875603928157299 0.23905869052046 0.856325779273638 0.457773943212613 -0.726516741882513 0.336005832966359 0.164661867734023 0.0617762494745759 -0.263984870456553 -0.145348204692814
8.67659583125254 19.4196771926573 -1.4710500750597 -0.478936232082627 0.556587819324579 -0.678844581923154 0.250849165820526 0.827832216221403 0.501765247573573 -0.235903742950689 -0.110679534936158 0.167036035553427 -0.412364745647782 3.44375279290406e-05 -0.176447230022672
9.11205722196191 19.6601032000995 -1.39726464355257 -0.875903953768354 0.480743697693267 0.040958855903603 0.474145550022125 0.841941002932194 0.257528961979163 0.0155374956621766 -0.186766577479052 0.0651353073189718 -0.0768415388565787 -0.0135048146501869 0.244279782610031
9.23493112227396 20.1701899817026 -1.49310587424265 -0.704095543992372 0.0313872488189212 0.709411178739462 0.369387967233704 0.869406303245409 0.328154021441399 -0.883916250463723 0.316668403451603 0.148546386682601 0.118989187103293 -0.203679406092879 0.079498271140074
9.26344085541295 20.6388071392422 -1.49510511318586 0.0190662002317101 -0.363979048483401 0.931211900218184 0.439092232246281 0.839803848474044 0.319260551778866 -0.320447312151429 0.116442157787671 0.152717430854684 0.00879663596005461 0.147272222947235 -0.194389679878409
9.20997181357531 21.1016710766722 -1.16716202235072 0.378123193679342 -0.659039215703986 0.650146184373652 0.477455147084706 0.740508896143649 0.472951428950457 0.297577056079633 -0.0462442946829755 0.749622529207751 -0.20997114060032 0.583440360699264 -0.320205653090888
8.45110408246329 21.7096531090593 -0.769918532364937 0.174790866826484 0.606669899650231 0.775499624052083 -0.697685948839472 0.632074978609252 -0.337217145525456 -0.0810923014375889 -0.325877482201357 -0.198128668232891 -0.202175351995506 0.213180564849171 -0.520414976052178
8.06688797565249 21.9359695986054 -0.595613264359329 0.470830703563603 0.880644052780344 -0.052766605100986 -0.851072112610615 0.437638948205056 -0.290083232367162 -0.239593052320523 -0.17959450583815 -0.185514479435904 -0.136177942242863 0.176938407652885 -0.505461273190498
7.7722390501826 22.3242239902433 -0.43818986629643 0.334212056099913 0.163006221249082 -0.928294760107683 -0.924430299702489 0.248622582110949 -0.289163219327996 -0.162886416161135 -0.210891870728372 -0.0912691106847162 -0.0577636376028389 0.684757820879401 -0.0890248030753348
7.07230307775923 22.8671274752608 -0.0699670810768787 -0.341322669794566 0.265106729664842 -0.901785525212635 -0.899782450755158 -0.369608604321406 0.231907041168112 0.445723824871522 0.333211241202983 -0.304324294823873 0.0394628372580028 0.247877401536199 0.166496653255293
7.34925256248976 23.0681455802487 0.963439534780644 -0.672226284415213 0.639243014741145 0.373470352161513 -0.492241862729855 -0.00911281659114832 -0.870410723499356 0.303469883670622 -0.213032128546204 -0.0345354500824331 0.0803355711574675 0.0250075522650861 -0.0333393696929899
7.9561764979095 23.3768227696648 0.4530861035622 0.301320588241652 0.682256340205391 0.66613216320131 0.585364733905792 0.419110938771598 -0.694041816195863 -0.168770474154607 -0.163963459057129 0.182714111644234 -0.242824763506055 -0.0145960435990172 -0.573317099280891
7.96270798529369 23.7853315906386 0.142579372493358 0.779885844967418 -0.161343406174528 0.604769597021143 0.618452007695689 0.347456695561632 -0.704833911676913 0.62108825931325 -0.834616108233466 -0.275690492989194 -0.414947251131945 0.333989158803077 0.251783291723365
8.21686314140682 24.1643096027674 -0.00652445416956837 0.598613416748049 -0.800721866277513 0.0225020299499334 0.549678988876363 0.390177801754779 -0.73865701508583 -0.380180687909374 -0.567375999172855 0.232533384298731 0.311795683663095 0.43386411019016 0.152854887656414
8.69165847884922 24.2414780939026 0.0201206886363963 -0.131166100102628 -0.624434570382174 -0.769984907476528 0.593691968085346 0.572538402168597 -0.565446251400608 0.0760031425136635 -0.46622396547297 -0.573013862200046 -0.113711532694873 -0.0548904368142513 -0.119509428585606
9.08607140607004 24.796400975654 -0.438190030348398 0.520575125573761 -0.689422920277187 -0.503683907339279 0.624417453776418 -0.0949344603642724 0.775300084004262 -0.189482527568136 0.739504298665182 -0.210638860831556 -0.188524386109859 0.28546812561901 -0.0755929287539042
9.51260544094435 24.7049180004673 -0.0228877646096919 0.367977352926955 -0.60430840792237 -0.706685145689439 0.788291673668438 -0.200327975564206 0.581777311273435 -0.420297501879813 0.281555094096329 -0.326725170537735 0.236036436424656 -0.939796691430304 0.162792522842784
9.856009442838 24.4036889835603 0.317194600686999 0.536263063938473 0.00126723551520777 -0.844049891606414 0.761345428155532 -0.432433088948843 0.483067941642215 0.148827136087813 -0.00224460386022371 0.489881745285217 -0.583437365107975 0.21981447208444 0.00153936399520478
10.164557358172 24.0383843449419 0.29835239351365 0.560999761453735 0.783028218594024 -0.268599973352575 0.795555203805727 -0.420269583739654 0.436423312391186 0.200887617959954 0.0281427485129854 0.372619512308845 -0.177995274319755 0.376402002055643 -0.45460166212671
10.2240852030235 22.6570937665586 0.695658361741231 0.129156722609339 -0.767923062062443 0.627385464870105 -0.421470564399415 -0.61520450905261 -0.666247559002691 -0.0265598873222616 -0.396467386720061 -0.0757462914965108 -0.0383367806853534 -0.355507741151505 -0.0305143278154788
10.3024844725904 22.3461353601206 0.340052839393962 -0.55210417083292 -0.403358426665446 0.729714247119014 -0.442139569034435 -0.600368965565925 -0.666385482620149 -0.205059059411805 0.0253118476153876 0.110584484091147 -0.254092751487567 -0.355173676642609 -0.0790128460091432
10.312999417323 21.887135573408 0.309675435123342 -0.945529077614344 0.243090124063174 0.216522162171802 -0.322142556691728 -0.602889249069899 -0.729896298940199 -0.169971434596115 -0.123599729247694 -0.0307172810923621 0.324173344146475 -0.0177045488097433 0.0987512036382968
10.1372665683727 21.4845640099042 0.25360678996298 -0.598748376609757 0.660266809228016 -0.453373986034173 -0.408357788287678 -0.738612093567901 -0.536372941046672 0.276115054055107 -0.304219384134363 -0.395902601000035 -0.355949291500516 -0.271605512301322 0.330544164418904
10.0513248530076 20.5374547227199 0.253645047506804 -0.373925859725549 -0.48478975135642 0.790669480179118 -0.680269548841307 -0.436103494157432 -0.589106937872457 0.292754460052974 -0.408368445080796 0.176663387326173 -0.221768577572715 -0.230060909728665 -0.571892316490188
9.97083853213756 20.1390867159628 0.16702813352946 -0.889064529796513 0.214834691455887 0.404240255061605 -0.45713042967326 -0.463727848311345 -0.758938803886997 0.497076726491331 0.267088375292305 -0.0614139756585388 0.251743237919448 0.101282731830967 -0.150661865933315
