t = 0
b =  30.0 30.0 30.0
E = 0. 0. 0.
15.465024791579962 6.516952260178387 19.604746993238642 0.8992516118008493 -0.24304246123369053 -0.3636989149159569 0.43275303278133376 0.37301079437069684 0.8207239242897089 0.0 0.0 0.0 0.0 0.0 0.0
15.713739219482198 6.3196043139394495 20.038198286450346 0.7658459946690481 0.3281803695117865 -0.5529715702606086 0.43275303278133376 0.37301079437069684 0.8207239242897089 0.0 0.0 0.0 0.0 0.0 0.0
16.13702826596662 6.197065093256933 20.345599692821867 0.3414826799002667 0.7747219909965604 -0.5321610808716257 0.43275303278133376 0.37301079437069684 0.8207239242897089 0.0 0.0 0.0 0.0 0.0 0.0
16.638158300079077 6.251123774798746 20.53169496406423 -0.21261561424857092 0.9269337754407871 -0.30917369960071095 0.43275303278133376 0.37301079437069684 0.8207239242897089 0.0 0.0 0.0 0.0 0.0 0.0
17.09082259823361 6.516477039618298 20.647314080754448 -0.6859376818008727 0.72698792108878 0.03127393925711408 0.43275303278133376 0.37301079437069684 0.8207239242897089 0.0 0.0 0.0 0.0 0.0 0.0
17.387127380238578 6.9475472239247456 20.770062092882362 -0.8986605557705599 0.2508472009252812 0.3598400857187802 0.43275303278133376 0.37301079437069684 0.8207239242897089 0.0 0.0 0.0 0.0 0.0 0.0
17.478582460279252 7.435798035575029 20.974835663872256 -0.7699672597997576 -0.3205945648112781 0.5516969674104786 0.43275303278133376 0.37301079437069684 0.8207239242897089 0.0 0.0 0.0 0.0 0.0 0.0
17.394523479221515 7.85096930608906 21.305368575942534 -0.34875052866494033 -0.7702370953207488 0.5339549473015293 0.43275303278133376 0.37301079437069684 0.8207239242897089 0.0 0.0 0.0 0.0 0.0 0.0
17.230966804181154 8.09056500648918 21.757616535051117 0.20496235910758345 -0.9272536756403706 0.3133545154620797 0.43275303278133376 0.37301079437069684 0.8207239242897089 0.0 0.0 0.0 0.0 0.0 0.0
17.11413130534852 8.118793202351002 22.281293665818996 0.6808066198672346 -0.7319910817294911 -0.026294535809528452 0.43275303278133376 0.37301079437069684 0.8207239242897089 0.0 0.0 0.0 0.0 0.0 0.0
17.15248569693623 7.980164008100452 22.79897695632173 0.8980010632596406 -0.25863283763132894 -0.3559538533059024 0.43275303278133376 0.37301079437069684 0.8207239242897089 0.0 0.0 0.0 0.0 0.0 0.0
17.395539459149617 7.782579450373948 23.235520554763283 0.7740298889425816 0.31298434559342503 -0.5503803507003027 0.43275303278133376 0.37301079437069684 0.8207239242897089 0.0 0.0 0.0 0.0 0.0 0.0
17.815033358902355 7.656339684073531 23.54660493494496 0.3559918187266115 0.7656935431080325 -0.5357081509949093 0.43275303278133376 0.37301079437069684 0.8207239242897089 0.0 0.0 0.0 0.0 0.0 0.0
18.31567560493512 7.704639785017173 23.735574625251267 -0.19729349528940807 0.9275029618825437 -0.31751146816389886 0.43275303278133376 0.37301079437069684 0.8207239242897089 0.0 0.0 0.0 0.0 0.0 0.0
18.771344792508817 7.964364215305863 23.8521675663991 -0.6756237118736457 0.7369384984153078 0.02131312993123341 0.43275303278133376 0.37301079437069684 0.8207239242897089 0.0 0.0 0.0 0.0 0.0 0.0
19.073005533702386 8.392073799496124 23.973618836185377 -0.8972731844910036 0.26639877844545135 0.3520405136289597 0.43275303278133376 0.37301079437069684 0.8207239242897089 0.0 0.0 0.0 0.0 0.0 0.0
19.170132824258488 8.880508993615276 24.175317752130344 -0.7780335727125864 -0.30535029140588876 0.5490218203955324 0.43275303278133376 0.37301079437069684 0.8207239242897089 0.0 0.0 0.0 0.0 0.0 0.0
19.089907337433896 9.299339579200597 24.502166209309472 -0.3632059986330107 -0.7610916803675074 0.5374205584385083 0.43275303278133376 0.37301079437069684 0.8207239242897089 0.0 0.0 0.0 0.0 0.0 0.0
18.92688903179262 9.544679292298358 24.951519699694618 0.18960960680771113 -0.9276816151831977 0.3216442411381173 0.43275303278133376 0.37301079437069684 0.8207239242897089 0.0 0.0 0.0 0.0 0.0 0.0
18.80709224198923 9.578553952025567 25.47419200496775 0.6703893525186118 -0.7418297943812989 -0.016330100975581296 0.43275303278133376 0.37301079437069684 0.8207239242897089 0.0 0.0 0.0 0.0 0.0 0.0
18.840110726186293 9.443328486781851 25.99314186320967 0.8964769748954312 -0.2741444319611925 -0.3481003647039284 0.43275303278133376 0.37301079437069684 0.8207239242897089 0.0 0.0 0.0 0.0 0.0 0.0
19.077481165018458 9.245611789646615 26.432742232364337 0.7819780062137474 0.29769298361144825 -0.5476214799535192 0.43275303278133376 0.37301079437069684 0.8207239242897089 0.0 0.0 0.0 0.0 0.0 0.0
19.49310351497202 9.115754217492531 26.747512267932667 0.37039251899640224 0.756431857548834 -0.5390920392258784 0.43275303278133376 0.37301079437069684 0.8207239242897089 0.0 0.0 0.0 0.0 0.0 0.0
19.993156851285228 9.158325311067868 26.9393962561969 -0.1819112788203548 0.927789621937188 -0.3257525196580813 0.43275303278133376 0.37301079437069684 0.8207239242897089 0.0 0.0 0.0 0.0 0.0 0.0
20.45174350586749 9.412386078156729 27.057024947355256 -0.665103940418868 0.7466645971363349 0.011345828419510817 0.43275303278133376 0.37301079437069684 0.8207239242897089 0.0 0.0 0.0 0.0 0.0 0.0
20.758719696303746 9.836649063656651 27.177239920458838 -0.895612495107371 0.28186920831704415 0.3441337065883949 0.43275303278133376 0.37301079437069684 0.8207239242897089 0.0 0.0 0.0 0.0 0.0 0.0
20.86154099029979 10.325164144061471 27.375900182807428 -0.7858628890621866 -0.2900130053437425 0.5461794360156 0.43275303278133376 0.37301079437069684 0.8207239242897089 0.0 0.0 0.0 0.0 0.0 0.0
