t = 0
b =  30.0 30.0 30.0
E = 0. 0. 0.
6.66899182177907 23.95172998914442 -0.27283711326853277 -0.4186623010958144 0.07162209074930077 0.9053132903906009 0.3173584576852931 0.945571799324793 0.07195541437088349 0.0 0.0 0.0 0.0 0.0 0.0
6.445608010211977 24.440122542758274 -0.2888835590637299 0.15980161579462704 -0.1281175582145556 0.9787999462947299 0.3173584576852931 0.945571799324793 0.07195541437088349 0.0 0.0 0.0 0.0 0.0 0.0
6.258650981993435 24.899310694945893 -0.08181252630305924 0.6775542271041514 -0.27918320480135744 0.6804241379390792 0.3173584576852931 0.945571799324793 0.07195541437088349 0.0 0.0 0.0 0.0 0.0 0.0
6.226142461162558 25.29485902681453 0.28036121011040055 0.9378926594342332 -0.32418248418985673 0.12354382349544668 0.3173584576852931 0.945571799324793 0.07195541437088349 0.0 0.0 0.0 0.0 0.0 0.0
6.40742660156055 25.616509951211672 0.6706967649769593 0.8419099897162018 -0.24601941779253228 -0.48027285503668404 0.3173584576852931 0.945571799324793 0.07195541437088349 0.0 0.0 0.0 0.0 0.0 0.0
6.780624150605085 25.882080741581998 0.9515541074260989 0.42607163892059746 -0.07438946135050818 -0.9016258462064496 0.3173584576852931 0.945571799324793 0.07195541437088349 0.0 0.0 0.0 0.0 0.0 0.0
7.250944743147934 26.130694451896805 1.0268858098627807 -0.15163845103886242 0.1255022951840427 -0.9804361040221188 0.3173584576852931 0.945571799324793 0.07195541437088349 0.0 0.0 0.0 0.0 0.0 0.0
7.686699346005163 26.40791641434775 0.8787270715381544 -0.6717385581889566 0.2777136314916972 -0.6867622939022747 0.3173584576852931 0.945571799324793 0.07195541437088349 0.0 0.0 0.0 0.0 0.0 0.0
7.969331123386936 26.748443207835496 0.5740208467094984 -0.9366339562132899 0.32441691607134465 -0.1321760062757143 0.3173584576852931 0.945571799324793 0.07195541437088349 0.0 0.0 0.0 0.0 0.0 0.0
8.038457160978659 27.1629208475495 0.23918509709136931 -0.8456864545875419 0.24786879027389916 0.4726261559999679 0.3173584576852931 0.945571799324793 0.07195541437088349 0.0 0.0 0.0 0.0 0.0 0.0
7.914808944637591 27.633900185805643 0.01208449460463612 -0.4334485297404731 0.0771511669062239 0.8978697397233235 0.3173584576852931 0.945571799324793 0.07195541437088349 0.0 0.0 0.0 0.0 0.0 0.0
7.692356122303704 28.122466134985626 -0.010346672460653683 0.1434637384279594 -0.12287747466784907 0.9819975977442738 0.3173584576852931 0.945571799324793 0.07195541437088349 0.0 0.0 0.0 0.0 0.0 0.0
7.502605863658563 28.583022159948726 0.19106854377846205 0.6658717337818146 -0.27622290921378617 0.6930481502578814 0.3173584576852931 0.945571799324793 0.07195541437088349 0.0 0.0 0.0 0.0 0.0 0.0
7.46464108768067 28.980613164065176 0.550464107675653 0.9353039246902556 -0.3246266423486419 0.1407981233413637 0.3173584576852931 0.945571799324793 0.07195541437088349 0.0 0.0 0.0 0.0 0.0 0.0
7.639878870765301 29.304205514843865 0.941954608218727 0.849398517161157 -0.24969928658722296 -0.4649434646516257 0.3173584576852931 0.945571799324793 0.07195541437088349 0.0 0.0 0.0 0.0 0.0 0.0
8.00873707256318 29.57087890538819 1.227461231364996 0.440792411776645 -0.0799069971018761 -0.8940452569832733 0.3173584576852931 0.945571799324793 0.07195541437088349 0.0 0.0 0.0 0.0 0.0 0.0
8.478073918495099 29.819337493428872 1.3091702100507536 -0.13527810049793226 0.12024329655622065 -0.9834843085474022 0.3173584576852931 0.945571799324793 0.07195541437088349 0.0 0.0 0.0 0.0 0.0 0.0
8.916574117161982 30.095205544703003 1.166693909657753 -0.6599542006641176 0.2747111514918988 -0.6992812283136008 0.3173584576852931 0.945571799324793 0.07195541437088349 0.0 0.0 0.0 0.0 0.0 0.0
9.20463773502199 30.43369401160351 0.8648164312677519 -0.9339026661521793 0.3248116470502819 -0.14940951808479858 0.3173584576852931 0.945571799324793 0.07195541437088349 0.0 0.0 0.0 0.0 0.0 0.0
9.27981821074732 30.846223303669344 0.5288810485291437 -0.85304589474911 0.25151076733312383 0.4572253660583486 0.3173584576852931 0.945571799324793 0.07195541437088349 0.0 0.0 0.0 0.0 0.0 0.0
9.160546847923463 31.31608448306256 0.297170202370153 -0.44810272576406257 0.08265674207032725 0.890152689235467 0.3173584576852931 0.945571799324793 0.07195541437088349 0.0 0.0 0.0 0.0 0.0 0.0
8.939130454662116 31.804787269411502 0.26836968973108133 0.12708216061680222 -0.1175999614520179 0.9848961232127204 0.3173584576852931 0.945571799324793 0.07195541437088349 0.0 0.0 0.0 0.0 0.0 0.0
8.746682443912015 32.26668314084717 0.4640762793681499 0.6539864094789236 -0.273178473452237 0.7054610533964066 0.3173584576852931 0.945571799324793 0.07195541437088349 0.0 0.0 0.0 0.0 0.0 0.0
8.703310655780346 32.66630797066384 0.8205927383242929 0.9324302873103245 -0.3249719160874388 0.15800953471496876 0.3173584576852931 0.945571799324793 0.07195541437088349 0.0 0.0 0.0 0.0 0.0 0.0
8.872486380980027 32.99185544198311 1.2131274756904902 0.8566283095894766 -0.2533030945603279 -0.44947244798322616 0.3173584576852931 0.945571799324793 0.07195541437088349 0.0 0.0 0.0 0.0 0.0 0.0
26.522968270616794 10.96648342030677 19.514519460918223 -0.21014880084100374 0.08513001676777648 0.9739560368672738 0.9729455250074894 0.1160218896173823 0.1997897056845341 0.0 0.0 0.0 0.0 0.0 0.0
26.84446230848832 11.369568680869348 19.66567818031151 -0.11394215443824954 -0.5113103792450457 0.8518091814005398 0.9729455250074894 0.1160218896173823 0.1997897056845341 0.0 0.0 0.0 0.0 0.0 0.0
27.139983228670452 11.656100724394616 20.011006829407265 0.025553021446827945 -0.9134954135290143 0.406045776429694 0.9729455250074894 0.1160218896173823 0.1997897056845341 0.0 0.0 0.0 0.0 0.0 0.0
27.44132896089542 11.734401459662768 20.448893626016417 0.1553401772605198 -0.9686282673844614 -0.1939812077301471 0.9729455250074894 0.1160218896173823 0.1997897056845341 0.0 0.0 0.0 0.0 0.0 0.0
27.778084491414702 11.591903350902703 20.842562400219855 0.22611100258367647 -0.6557630478595421 -0.7203114878804642 0.9729455250074894 0.1160218896173823 0.1997897056845341 0.0 0.0 0.0 0.0 0.0 0.0
28.16638203208753 11.299924034749441 21.072036148096306 0.21097847765093003 -0.09376248267929588 -0.9729833908191393 0.9729455250074894 0.1160218896173823 0.1997897056845341 0.0 0.0 0.0 0.0 0.0 0.0
28.60277212337933 10.986571557719193 21.07971830142057 0.11569170168655575 0.5038600172959273 -0.8560026361708333 0.9729455250074894 0.1160218896173823 0.1997897056845341 0.0 0.0 0.0 0.0 0.0 0.0
29.06553414171083 10.788073987485529 20.89227462689553 -0.02354828601064339 0.910057672610176 -0.41381216844035607 0.9729455250074894 0.1160218896173823 0.1997897056845341 0.0 0.0 0.0 0.0 0.0 0.0
29.522928327505255 10.797024092358361 20.610502455553895 -0.1538418861460524 0.9705092027469329 0.185592460651117 0.9729455250074894 0.1160218896173823 0.1997897056845341 0.0 0.0 0.0 0.0 0.0 0.0
29.945254250512047 11.02720180053447 20.371036091457356 -0.2256883816354039 0.6622480607115584 0.7144874110007613 0.9729455250074894 0.1160218896173823 0.1997897056845341 0.0 0.0 0.0 0.0 0.0 0.0
30.31613449982375 11.408338974987446 20.294437155179818 -0.21179208763294644 0.10238780821474297 0.9719366483187356 0.9729455250074894 0.1160218896173823 0.1997897056845341 0.0 0.0 0.0 0.0 0.0 0.0
30.638736736095478 11.812815453544609 20.439391208468567 -0.11743243856385951 -0.49637128445571843 0.8601309030262334 0.9729455250074894 0.1160218896173823 0.1997897056845341 0.0 0.0 0.0 0.0 0.0 0.0
30.934570244301554 12.104144082191745 20.780412128166205 0.02154175728130861 -0.9065506272761369 0.42154704705225243 0.9729455250074894 0.1160218896173823 0.1997897056845341 0.0 0.0 0.0 0.0 0.0 0.0
31.23531419675772 12.188824466826631 21.217524710503398 0.1523318793763323 -0.9723162300761362 -0.17718957998765777 0.9729455250074894 0.1160218896173823 0.1997897056845341 0.0 0.0 0.0 0.0 0.0 0.0
31.57078220591085 12.051865336221688 21.614246922507128 0.22524857364308212 -0.6686826408097539 -0.7086089231384602 0.9729455250074894 0.1160218896173823 0.1997897056845341 0.0 0.0 0.0 0.0 0.0 0.0
31.957595634513375 11.76247997660403 21.849441708185033 0.21258956882750357 -0.11100533652218403 -0.9708158890795567 0.9729455250074894 0.1160218896173823 0.1997897056845341 0.0 0.0 0.0 0.0 0.0 0.0
32.39286886201927 11.447790947033354 21.86333898140049 0.11916423250630885 0.4888447510204187 -0.864193667583236 0.9729455250074894 0.1160218896173823 0.1997897056845341 0.0 0.0 0.0 0.0 0.0 0.0
32.855305580074486 11.244534093839306 21.680243280898452 -0.019533588063754187 0.9029745446019772 -0.4292498232244301 0.9729455250074894 0.1160218896173823 0.1997897056845341 0.0 0.0 0.0 0.0 0.0 0.0
33.313289616115945 11.24711031649941 21.399300069686042 -0.15081027194422053 0.9740492117599439 0.1687732056516652 0.9729455250074894 0.1160218896173823 0.1997897056845341 0.0 0.0 0.0 0.0 0.0 0.0
33.73689644592247 11.471721087628698 21.156828716012384 -0.22479161209979176 0.6750662981359419 0.7026764719631712 0.9729455250074894 0.1160218896173823 0.1997897056845341 0.0 0.0 0.0 0.0 0.0 0.0
34.10926202067776 11.850213242659065 21.07453248623248 -0.21337086050332021 0.11961441134347456 0.969621198451758 0.9729455250074894 0.1160218896173823 0.1997897056845341 0.0 0.0 0.0 0.0 0.0 0.0
34.432989701067605 12.255971506518849 21.21326143914883 -0.12088695163108944 -0.48128099016468906 0.8681906204465903 0.9729455250074894 0.1160218896173823 0.1997897056845341 0.0 0.0 0.0 0.0 0.0 0.0
34.72916119702943 12.552021753527063 21.549894471313635 0.017523931287841646 -0.8993296969202379 0.43691991036066113 0.9729455250074894 0.1160218896173823 0.1997897056845341 0.0 0.0 0.0 0.0 0.0 0.0
35.0293272736797 12.643069767824862 21.986123410792857 0.14927717972601476 -0.9757080158250911 -0.16034397858262994 0.9729455250074894 0.1160218896173823 0.1997897056845341 0.0 0.0 0.0 0.0 0.0 0.0
35.36352108814553 12.511705109214633 22.385801935308937 0.22431753180492423 -0.6813985465499012 -0.6966905092540193 0.9729455250074894 0.1160218896173823 0.1997897056845341 0.0 0.0 0.0 0.0 0.0 0.0
35.74884809104446 12.225015630478119 22.626669836319167 0.21413590316201098 -0.12821437706423505 -0.9683526674156557 0.9729455250074894 0.1160218896173823 0.1997897056845341 0.0 0.0 0.0 0.0 0.0 0.0
36.18298737980696 11.909099680455542 22.646801716322738 0.12260046474647081 0.4736805778982034 -0.8721214572328608 0.9729455250074894 0.1160218896173823 0.1997897056845341 0.0 0.0 0.0 0.0 0.0 0.0
