        0.0000  -1.017812   0.245016  -0.772796 
        0.5000  -1.065130   0.343432  -0.721698 
        1.0000  -1.004345   0.324595  -0.679749 
        1.5000  -0.920289   0.288569  -0.631721 
        2.0000  -0.942271   0.353745  -0.588527 
        2.5000  -0.957013   0.421702  -0.535311 
        3.0000  -0.939114   0.442572  -0.496542 
        3.5000  -0.940119   0.472228  -0.467891 
        4.0000  -0.906216   0.422789  -0.483428 
        4.5000  -0.910480   0.431512  -0.478968 
        5.0000  -0.867536   0.393010  -0.474527 
        5.5000  -0.865178   0.383950  -0.481228 
        6.0000  -0.854808   0.365503  -0.489305 
        6.5000  -0.863730   0.365572  -0.498157 
        7.0000  -0.834635   0.318639  -0.515996 
        7.5000  -0.837854   0.327230  -0.510624 
        8.0000  -0.867830   0.363490  -0.504340 
        8.5000  -0.865829   0.351901  -0.513929 
        9.0000  -0.910878   0.425996  -0.484882 
        9.5000  -0.934779   0.452842  -0.481937 
       10.0000  -0.892362   0.405175  -0.487187 
       10.5000  -0.795272   0.306405  -0.488867 
       11.0000  -0.798461   0.305862  -0.492599 
       11.5000  -0.886883   0.387673  -0.499210 
       12.0000  -0.886976   0.380447  -0.506529 
       12.5000  -0.927342   0.406826  -0.520515 
       13.0000  -0.905558   0.371407  -0.534151 
       13.5000  -0.945820   0.406279  -0.539542 
       14.0000  -0.922768   0.381112  -0.541656 
       14.5000  -0.925889   0.379201  -0.546689 
       15.0000  -0.863105   0.325644  -0.537461 
       15.5000  -0.859050   0.342442  -0.516608 
       16.0000  -0.850057   0.333376  -0.516681 
       16.5000  -0.797523   0.288394  -0.509129 
       17.0000  -0.839589   0.327917  -0.511672 
       17.5000  -0.820751   0.302539  -0.518212 
       18.0000  -0.804125   0.269440  -0.534684 
       18.5000  -0.846715   0.311864  -0.534851 
       19.0000  -0.810146   0.261827  -0.548318 
       19.5000  -0.862642   0.316963  -0.545679 
       20.0000  -0.834829   0.290811  -0.544018 
       20.5000  -0.821285   0.285403  -0.535882 
       21.0000  -0.853288   0.335198  -0.518090 
       21.5000  -0.814647   0.301479  -0.513168 
       22.0000  -0.857388   0.336176  -0.521212 
       22.5000  -0.824524   0.291930  -0.532594 
       23.0000  -0.845819   0.309525  -0.536294 
       23.5000  -0.808086   0.280709  -0.527378 
       24.0000  -0.849911   0.319960  -0.529952 
       24.5000  -0.848801   0.325557  -0.523244 
       25.0000  -0.814254   0.297223  -0.517030 
       25.5000  -0.801572   0.291109  -0.510463 
       26.0000  -0.793678   0.286927  -0.506751 
       26.5000  -0.883562   0.387325  -0.496237 
       27.0000  -0.776230   0.277016  -0.499215 
       27.5000  -0.744713   0.259915  -0.484798 
       28.0000  -0.793825   0.316400  -0.477425 
       28.5000  -0.816454   0.347240  -0.469214 
       29.0000  -0.834432   0.370492  -0.463940 
       29.5000  -0.771687   0.326840  -0.444847 
       30.0000  -0.796984   0.336809  -0.460175 
       30.5000  -0.802843   0.343809  -0.459034 
       31.0000  -0.805934   0.333236  -0.472699 
       31.5000  -0.786642   0.318098  -0.468544 
       32.0000  -0.784761   0.305925  -0.478836 
       32.5000  -0.830673   0.362676  -0.467997 
       33.0000  -0.796426   0.330100  -0.466326 
       33.5000  -0.798151   0.327372  -0.470779 
       34.0000  -0.811887   0.318270  -0.493616 
       34.5000  -0.820274   0.338245  -0.482029 
       35.0000  -0.803307   0.332456  -0.470850 
       35.5000  -0.804465   0.331332  -0.473133 
       36.0000  -0.804206   0.334216  -0.469989 
       36.5000  -0.849633   0.375833  -0.473800 
       37.0000  -0.844392   0.372436  -0.471956 
       37.5000  -0.815937   0.350383  -0.465554 
       38.0000  -0.784280   0.332676  -0.451603 
       38.5000  -0.806903   0.355473  -0.451430 
       39.0000  -0.790479   0.329784  -0.460695 
       39.5000  -0.770244   0.312450  -0.457795 
       40.0000  -0.815661   0.358698  -0.456962 
       40.5000  -0.816858   0.361420  -0.455438 
       41.0000  -0.786658   0.336161  -0.450497 
       41.5000  -0.806581   0.348127  -0.458454 
       42.0000  -0.829938   0.362873  -0.467064 
       42.5000  -0.821016   0.367720  -0.453296 
       43.0000  -0.796984   0.335080  -0.461904 
       43.5000  -0.767471   0.295677  -0.471794 
       44.0000  -0.816636   0.349615  -0.467021 
       44.5000  -0.805014   0.337752  -0.467262 
       45.0000  -0.801655   0.327476  -0.474180 
       45.5000  -0.785919   0.308739  -0.477180 
       46.0000  -0.856559   0.380392  -0.476168 
       46.5000  -0.776945   0.309608  -0.467338 
       47.0000  -0.763070   0.300189  -0.462882 
       47.5000  -0.844247   0.380888  -0.463359 
       48.0000  -0.767439   0.310750  -0.456689 
       48.5000  -0.735855   0.285903  -0.449952 
       49.0000  -0.752771   0.316586  -0.436185 
       49.5000  -0.748550   0.318002  -0.430548 
       50.0000  -0.728859   0.302482  -0.426377 
       50.5000  -0.778201   0.357774  -0.420428 
       51.0000  -0.824107   0.391803  -0.432304 
       51.5000  -0.777896   0.345365  -0.432530 
       52.0000  -0.768975   0.311167  -0.457808 
       52.5000  -0.767709   0.312730  -0.454979 
       53.0000  -0.796534   0.339848  -0.456686 
       53.5000  -0.787999   0.348465  -0.439534 
       54.0000  -0.793713   0.353294  -0.440419 
       54.5000  -0.758266   0.332380  -0.425886 
       55.0000  -0.762505   0.341082  -0.421424 
       55.5000  -0.747350   0.326834  -0.420515 
       56.0000  -0.753189   0.314044  -0.439146 
       56.5000  -0.783587   0.349449  -0.434138 
       57.0000  -0.720293   0.273648  -0.446645 
       57.5000  -0.715768   0.265773  -0.449995 
       58.0000  -0.744788   0.301265  -0.443522 
       58.5000  -0.743486   0.287682  -0.455805 
       59.0000  -0.800477   0.341836  -0.458642 
       59.5000  -0.763408   0.290666  -0.472742 
       60.0000  -0.744942   0.273451  -0.471491 
       60.5000  -0.824763   0.348969  -0.475795 
       61.0000  -0.745443   0.275737  -0.469706 
       61.5000  -0.791729   0.324675  -0.467054 
       62.0000  -0.820367   0.354524  -0.465843 
       62.5000  -0.805045   0.337103  -0.467941 
       63.0000  -0.790542   0.331139  -0.459403 
       63.5000  -0.793610   0.330129  -0.463481 
       64.0000  -0.789115   0.320500  -0.468614 
       64.5000  -0.803275   0.321006  -0.482269 
       65.0000  -0.798125   0.319568  -0.478557 
       65.5000  -0.851781   0.372234  -0.479547 
       66.0000  -0.823756   0.337724  -0.486032 
       66.5000  -0.810865   0.322231  -0.488634 
       67.0000  -0.799280   0.301761  -0.497519 
       67.5000  -0.851600   0.374080  -0.477520 
       68.0000  -0.805556   0.318109  -0.487447 
       68.5000  -0.787441   0.315276  -0.472166 
       69.0000  -0.841695   0.362013  -0.479682 
       69.5000  -0.814767   0.341950  -0.472817 
       70.0000  -0.847982   0.367640  -0.480342 
       70.5000  -0.864826   0.375556  -0.489270 
       71.0000  -0.841159   0.358278  -0.482881 
       71.5000  -0.842728   0.368723  -0.474005 
       72.0000  -0.873082   0.389904  -0.483178 
       72.5000  -0.830112   0.335618  -0.494494 
       73.0000  -0.882441   0.383579  -0.498862 
       73.5000  -0.854989   0.346063  -0.508927 
       74.0000  -0.880578   0.360249  -0.520328 
       74.5000  -0.848178   0.325552  -0.522626 
       75.0000  -0.813754   0.294733  -0.519021 
       75.5000  -0.905481   0.384247  -0.521234 
       76.0000  -0.877718   0.361232  -0.516487 
       76.5000  -0.912635   0.393233  -0.519402 
       77.0000  -0.905615   0.384043  -0.521573 
       77.5000  -0.856198   0.345032  -0.511166 
       78.0000  -0.868056   0.346362  -0.521694 
       78.5000  -0.916239   0.397411  -0.518829 
       79.0000  -0.882160   0.365935  -0.516225 
       79.5000  -0.876584   0.352536  -0.524048 
       80.0000  -0.886073   0.365485  -0.520588 
       80.5000  -0.860838   0.331220  -0.529618 
       81.0000  -0.891000   0.359587  -0.531413 
       81.5000  -0.919246   0.386893  -0.532353 
       82.0000  -0.874303   0.339914  -0.534390 
       82.5000  -0.932941   0.392464  -0.540477 
       83.0000  -0.877738   0.324938  -0.552800 
       83.5000  -0.908405   0.350109  -0.558296 
       84.0000  -0.919382   0.350622  -0.568760 
       84.5000  -0.950655   0.370791  -0.579864 
       85.0000  -0.941792   0.351226  -0.590566 
       85.5000  -0.904432   0.311776  -0.592656 
       86.0000  -0.923202   0.325497  -0.597706 
       86.5000  -0.951336   0.367327  -0.584008 
       87.0000  -0.924335   0.336070  -0.588265 
       87.5000  -0.928325   0.336100  -0.592225 
       88.0000  -0.940673   0.352961  -0.587712 
       88.5000  -0.933236   0.347675  -0.585561 
       89.0000  -0.920033   0.340751  -0.579282 
       89.5000  -0.854423   0.276346  -0.578077 
       90.0000  -0.957927   0.370517  -0.587410 
       90.5000  -0.873828   0.301613  -0.572215 
       91.0000  -0.892716   0.312792  -0.579924 
       91.5000  -0.930607   0.349375  -0.581232 
       92.0000  -0.919776   0.336390  -0.583385 
       92.5000  -0.949291   0.370929  -0.578363 
       93.0000  -0.933020   0.344214  -0.588806 
       93.5000  -0.908121   0.320532  -0.587589 
       94.0000  -0.864860   0.272329  -0.592531 
       94.5000  -0.958940   0.374307  -0.584633 
       95.0000  -0.880805   0.281056  -0.599749 
       95.5000  -0.925503   0.338719  -0.586784 
       96.0000  -0.908123   0.326833  -0.581290 
       96.5000  -0.862914   0.285000  -0.577913 
       97.0000  -0.904443   0.321465  -0.582977 
       97.5000  -0.885458   0.308674  -0.576784 
       98.0000  -0.870600   0.296760  -0.573840 
       98.5000  -0.888827   0.320761  -0.568065 
       99.0000  -0.905852   0.323934  -0.581918 
       99.5000  -0.895563   0.312170  -0.583392 
      100.0000  -0.948120   0.357596  -0.590524 
      100.5000  -0.882912   0.297808  -0.585104 
      101.0000  -0.885822   0.295985  -0.589836 
      101.5000  -0.905481   0.309407  -0.596074 
      102.0000  -0.883036   0.289872  -0.593164 
      102.5000  -0.880188   0.292800  -0.587388 
      103.0000  -0.924706   0.333891  -0.590815 
      103.5000  -0.912540   0.321645  -0.590895 
      104.0000  -0.913359   0.337478  -0.575881 
      104.5000  -0.881311   0.305824  -0.575487 
      105.0000  -0.933596   0.359301  -0.574295 
      105.5000  -0.909943   0.342003  -0.567940 
      106.0000  -0.901769   0.336824  -0.564944 
      106.5000  -0.900276   0.339033  -0.561243 
      107.0000  -0.880322   0.318691  -0.561631 
      107.5000  -0.918420   0.348415  -0.570006 
      108.0000  -0.867822   0.292856  -0.574966 
      108.5000  -0.871334   0.299533  -0.571802 
      109.0000  -0.902828   0.325316  -0.577513 
      109.5000  -0.926731   0.339845  -0.586886 
      110.0000  -0.912195   0.313614  -0.598582 
      110.5000  -0.851472   0.261095  -0.590376 
      111.0000  -0.922217   0.320490  -0.601728 
      111.5000  -0.919727   0.321468  -0.598259 
      112.0000  -0.938412   0.343641  -0.594771 
      112.5000  -0.947930   0.358969  -0.588961 
      113.0000  -0.894012   0.312575  -0.581437 
      113.5000  -0.920253   0.347714  -0.572538 
      114.0000  -0.910044   0.329059  -0.580985 
      114.5000  -0.896855   0.310718  -0.586137 
      115.0000  -0.900736   0.310334  -0.590402 
      115.5000  -0.952620   0.350213  -0.602406 
      116.0000  -0.880544   0.278697  -0.601847 
      116.5000  -0.893318   0.294419  -0.598899 
      117.0000  -0.887664   0.285725  -0.601939 
      117.5000  -0.910347   0.310493  -0.599854 
      118.0000  -0.912231   0.317917  -0.594314 
      118.5000  -0.901460   0.301753  -0.599708 
      119.0000  -0.918196   0.329165  -0.589030 
      119.5000  -0.913575   0.326331  -0.587243 
      120.0000  -0.886947   0.305077  -0.581869 
      120.5000  -0.904897   0.309631  -0.595266 
      121.0000  -0.904214   0.295272  -0.608942 
      121.5000  -0.917485   0.304374  -0.613111 
      122.0000  -0.909728   0.286057  -0.623671 
      122.5000  -0.912643   0.278064  -0.634579 
      123.0000  -0.925413   0.290809  -0.634604 
      123.5000  -0.944997   0.320257  -0.624740 
      124.0000  -0.951144   0.343221  -0.607922 
      124.5000  -0.938894   0.335051  -0.603843 
      125.0000  -0.976310   0.363577  -0.612734 
      125.5000  -0.961312   0.354899  -0.606412 
      126.0000  -0.909782   0.299439  -0.610342 
      126.5000  -0.927620   0.312563  -0.615056 
      127.0000  -0.896414   0.289938  -0.606477 
      127.5000  -0.926289   0.317306  -0.608983 
      128.0000  -0.971294   0.348199  -0.623095 
      128.5000  -0.992389   0.359117  -0.633272 
      129.0000  -0.952284   0.323362  -0.628921 
      129.5000  -0.929209   0.314598  -0.614611 
      130.0000  -1.003163   0.386041  -0.617122 
      130.5000  -0.930940   0.307084  -0.623856 
      131.0000  -0.953123   0.332761  -0.620362 
      131.5000  -0.958852   0.340455  -0.618397 
      132.0000  -0.949755   0.327005  -0.622750 
      132.5000  -0.948725   0.330311  -0.618413 
      133.0000  -0.939380   0.318326  -0.621054 
      133.5000  -0.935909   0.320439  -0.615470 
      134.0000  -0.887189   0.274831  -0.612358 
      134.5000  -0.913650   0.295792  -0.617858 
      135.0000  -0.910779   0.291087  -0.619692 
      135.5000  -0.889688   0.270915  -0.618773 
      136.0000  -0.952719   0.325531  -0.627188 
      136.5000  -0.964079   0.348480  -0.615599 
      137.0000  -0.908146   0.285160  -0.622986 
      137.5000  -0.978967   0.364462  -0.614505 
      138.0000  -0.921451   0.298835  -0.622616 
      138.5000  -0.941472   0.307321  -0.634151 
      139.0000  -0.945256   0.315467  -0.629789 
      139.5000  -0.905730   0.288268  -0.617462 
      140.0000  -0.982732   0.349913  -0.632820 
      140.5000  -0.960060   0.317228  -0.642832 
      141.0000  -0.946718   0.288778  -0.657940 
      141.5000  -1.001430   0.355420  -0.646010 
      142.0000  -0.922713   0.271564  -0.651149 
      142.5000  -0.931189   0.272552  -0.658636 
      143.0000  -0.902332   0.254264  -0.648068 
      143.5000  -0.972878   0.340383  -0.632495 
      144.0000  -0.964376   0.329344  -0.635032 
      144.5000  -0.975626   0.334833  -0.640793 
      145.0000  -0.943901   0.307026  -0.636875 
      145.5000  -0.923630   0.285156  -0.638474 
      146.0000  -0.965998   0.319888  -0.646109 
      146.5000  -0.972800   0.323142  -0.649658 
      147.0000  -0.926703   0.273328  -0.653375 
      147.5000  -0.972795   0.329781  -0.643014 
      148.0000  -0.892697   0.245351  -0.647346 
      148.5000  -0.961468   0.315894  -0.645574 
      149.0000  -0.895956   0.254143  -0.641813 
      149.5000  -0.956976   0.328018  -0.628958 
      150.0000  -0.906691   0.285865  -0.620826 
      150.5000  -0.899539   0.275630  -0.623910 
      151.0000  -0.948261   0.334798  -0.613463 
      151.5000  -0.932714   0.321960  -0.610753 
      152.0000  -0.908595   0.312576  -0.596019 
      152.5000  -0.944213   0.352455  -0.591758 
      153.0000  -0.971511   0.371537  -0.599974 
      153.5000  -0.902427   0.305477  -0.596950 
      154.0000  -0.911027   0.333151  -0.577877 
      154.5000  -0.936219   0.360655  -0.575564 
      155.0000  -0.835670   0.264024  -0.571646 
      155.5000  -0.923147   0.339092  -0.584055 
      156.0000  -0.892749   0.304411  -0.588338 
      156.5000  -0.949241   0.341605  -0.607636 
      157.0000  -0.920770   0.300076  -0.620694 
      157.5000  -0.948301   0.320794  -0.627507 
      158.0000  -0.967563   0.323427  -0.644136 
      158.5000  -1.004806   0.361655  -0.643151 
      159.0000  -0.928084   0.292957  -0.635127 
      159.5000  -1.013788   0.374959  -0.638830 
      160.0000  -0.938568   0.302437  -0.636132 
      160.5000  -0.949206   0.303038  -0.646167 
      161.0000  -0.981283   0.330760  -0.650523 
      161.5000  -0.936721   0.278369  -0.658351 
      162.0000  -1.006885   0.345641  -0.661244 
      162.5000  -0.986380   0.317950  -0.668430 
      163.0000  -0.976857   0.309071  -0.667787 
      163.5000  -0.993149   0.325667  -0.667481 
      164.0000  -0.982157   0.310378  -0.671779 
      164.5000  -0.983815   0.307897  -0.675917 
      165.0000  -1.007060   0.340460  -0.666600 
      165.5000  -0.951186   0.290150  -0.661036 
      166.0000  -0.971876   0.310357  -0.661519 
      166.5000  -0.961746   0.298305  -0.663441 
      167.0000  -0.952487   0.290884  -0.661603 
      167.5000  -0.998382   0.335730  -0.662652 
      168.0000  -1.040130   0.373097  -0.667033 
      168.5000  -0.974182   0.295519  -0.678663 
      169.0000  -1.023196   0.334416  -0.688780 
      169.5000  -0.980100   0.308806  -0.671293 
      170.0000  -0.956259   0.286771  -0.669488 
      170.5000  -1.009197   0.338578  -0.670620 
      171.0000  -0.945201   0.281250  -0.663951 
      171.5000  -0.982997   0.329409  -0.653588 
      172.0000  -0.936512   0.288780  -0.647732 
      172.5000  -0.951530   0.305576  -0.645955 
      173.0000  -0.938872   0.296534  -0.642338 
      173.5000  -0.992550   0.353099  -0.639451 
      174.0000  -0.928223   0.301161  -0.627061 
      174.5000  -0.965581   0.341638  -0.623943 
      175.0000  -0.931098   0.304824  -0.626274 
      175.5000  -0.917061   0.298728  -0.618333 
      176.0000  -0.906133   0.291938  -0.614195 
      176.5000  -0.933469   0.321485  -0.611984 
      177.0000  -0.942378   0.339704  -0.602674 
      177.5000  -0.941739   0.346470  -0.595269 
      178.0000  -0.919772   0.326970  -0.592802 
      178.5000  -0.885215   0.286296  -0.598919 
      179.0000  -0.937427   0.333703  -0.603723 
      179.5000  -0.945118   0.343022  -0.602095 
      180.0000  -0.902873   0.293083  -0.609790 
      180.5000  -0.880413   0.276470  -0.603943 
      181.0000  -0.872509   0.271003  -0.601506 
      181.5000  -0.881577   0.289408  -0.592170 
      182.0000  -0.911992   0.312021  -0.599971 
      182.5000  -0.959729   0.357647  -0.602082 
      183.0000  -0.955570   0.364273  -0.591297 
      183.5000  -0.922725   0.337921  -0.584803 
      184.0000  -0.929048   0.339186  -0.589861 
      184.5000  -0.905092   0.310982  -0.594109 
      185.0000  -0.891775   0.306746  -0.585029 
      185.5000  -0.945909   0.360182  -0.585727 
      186.0000  -0.870676   0.292932  -0.577745 
      186.5000  -0.815703   0.230998  -0.584706 
      187.0000  -0.875602   0.303045  -0.572557 
      187.5000  -0.903695   0.334702  -0.568992 
      188.0000  -0.931840   0.365694  -0.566146 
      188.5000  -0.912770   0.357353  -0.555417 
      189.0000  -0.873934   0.320240  -0.553694 
      189.5000  -0.910923   0.360457  -0.550466 
      190.0000  -0.891058   0.331715  -0.559343 
      190.5000  -0.909447   0.331595  -0.577852 
      191.0000  -0.881242   0.310463  -0.570779 
      191.5000  -0.864179   0.295813  -0.568366 
      192.0000  -0.936646   0.358206  -0.578441 
      192.5000  -0.903474   0.326619  -0.576855 
      193.0000  -0.899258   0.325158  -0.574101 
      193.5000  -0.919511   0.340012  -0.579499 
      194.0000  -0.918245   0.344402  -0.573842 
      194.5000  -0.930241   0.353789  -0.576452 
      195.0000  -0.861932   0.290035  -0.571897 
      195.5000  -0.901097   0.339529  -0.561568 
      196.0000  -0.948795   0.388782  -0.560013 
      196.5000  -0.924812   0.361084  -0.563728 
      197.0000  -0.903972   0.335986  -0.567986 
      197.5000  -0.915100   0.347586  -0.567515 
      198.0000  -0.954495   0.398016  -0.556479 
      198.5000  -0.890081   0.335373  -0.554708 
      199.0000  -0.860081   0.291172  -0.568909 
      199.5000  -0.943376   0.375161  -0.568215 
      200.0000  -0.929195   0.351481  -0.577714 
      200.5000  -0.889976   0.302421  -0.587555 
      201.0000  -0.928561   0.327777  -0.600783 
      201.5000  -0.920360   0.311149  -0.609211 
      202.0000  -0.935979   0.337569  -0.598410 
      202.5000  -0.898274   0.311211  -0.587063 
      203.0000  -0.915919   0.331515  -0.584404 
      203.5000  -0.950088   0.359845  -0.590244 
      204.0000  -0.922002   0.331552  -0.590451 
      204.5000  -0.938006   0.368552  -0.569454 
      205.0000  -0.937674   0.363152  -0.574522 
      205.5000  -0.855289   0.288616  -0.566673 
      206.0000  -0.873686   0.312576  -0.561110 
      206.5000  -0.860036   0.311861  -0.548175 
      207.0000  -0.871243   0.333201  -0.538041 
      207.5000  -0.861359   0.338643  -0.522716 
      208.0000  -0.920724   0.388030  -0.532694 
      208.5000  -0.874187   0.339833  -0.534354 
      209.0000  -0.826276   0.300901  -0.525376 
      209.5000  -0.883372   0.373736  -0.509636 
      210.0000  -0.910945   0.403518  -0.507426 
      210.5000  -0.859666   0.361940  -0.497726 
      211.0000  -0.900003   0.386937  -0.513066 
      211.5000  -0.851238   0.333665  -0.517573 
      212.0000  -0.842003   0.327911  -0.514092 
      212.5000  -0.840307   0.326179  -0.514128 
      213.0000  -0.811722   0.298211  -0.513511 
      213.5000  -0.857043   0.351057  -0.505986 
      214.0000  -0.837993   0.316161  -0.521832 
      214.5000  -0.818953   0.296767  -0.522186 
      215.0000  -0.810813   0.295867  -0.514945 
      215.5000  -0.870943   0.342176  -0.528767 
      216.0000  -0.871471   0.347258  -0.524213 
      216.5000  -0.903721   0.370524  -0.533198 
      217.0000  -0.847741   0.313813  -0.533928 
      217.5000  -0.863375   0.330636  -0.532739 
      218.0000  -0.865200   0.319599  -0.545601 
      218.5000  -0.900933   0.361729  -0.539204 
      219.0000  -0.894043   0.353830  -0.540213 
      219.5000  -0.866105   0.322583  -0.543522 
      220.0000  -0.819191   0.277118  -0.542073 
      220.5000  -0.884319   0.344666  -0.539653 
      221.0000  -0.851191   0.315240  -0.535950 
      221.5000  -0.850777   0.320891  -0.529886 
      222.0000  -0.823936   0.295757  -0.528179 
      222.5000  -0.819372   0.294000  -0.525372 
      223.0000  -0.882613   0.359679  -0.522935 
      223.5000  -0.870644   0.354856  -0.515788 
      224.0000  -0.835937   0.318537  -0.517400 
      224.5000  -0.903539   0.384687  -0.518852 
      225.0000  -0.884839   0.370216  -0.514623 
      225.5000  -0.836437   0.315712  -0.520725 
      226.0000  -0.826457   0.292487  -0.533970 
      226.5000  -0.890851   0.359953  -0.530898 
      227.0000  -0.894152   0.368771  -0.525381 
      227.5000  -0.798204   0.271130  -0.527075 
      228.0000  -0.766473   0.256694  -0.509779 
      228.5000  -0.918194   0.401534  -0.516660 
      229.0000  -0.890339   0.376328  -0.514011 
      229.5000  -0.849428   0.334911  -0.514517 
      230.0000  -0.847085   0.354409  -0.492676 
      230.5000  -0.794879   0.294727  -0.500153 
      231.0000  -0.853155   0.340523  -0.512632 
      231.5000  -0.839900   0.329744  -0.510156 
      232.0000  -0.896435   0.389396  -0.507039 
      232.5000  -0.926296   0.416350  -0.509946 
      233.0000  -0.866019   0.364140  -0.501880 
      233.5000  -0.837350   0.344363  -0.492986 
      234.0000  -0.901428   0.401305  -0.500122 
      234.5000  -0.820653   0.316204  -0.504449 
      235.0000  -0.849808   0.346504  -0.503304 
      235.5000  -0.819313   0.315681  -0.503631 
      236.0000  -0.890244   0.386511  -0.503733 
      236.5000  -0.858764   0.342372  -0.516392 
      237.0000  -0.835822   0.314447  -0.521376 
      237.5000  -0.847517   0.334772  -0.512745 
      238.0000  -0.877992   0.372821  -0.505171 
      238.5000  -0.890495   0.392043  -0.498452 
      239.0000  -0.884583   0.393652  -0.490932 
      239.5000  -0.892129   0.400161  -0.491968 
      240.0000  -0.900737   0.424322  -0.476415 
      240.5000  -0.851954   0.391161  -0.460793 
      241.0000  -0.871401   0.401171  -0.470229 
      241.5000  -0.907988   0.442923  -0.465065 
      242.0000  -0.859163   0.396088  -0.463075 
      242.5000  -0.889484   0.439222  -0.450262 
      243.0000  -0.870019   0.416125  -0.453894 
      243.5000  -0.783817   0.342806  -0.441011 
      244.0000  -0.763552   0.347973  -0.415579 
      244.5000  -0.774505   0.363520  -0.410985 
      245.0000  -0.855465   0.449275  -0.406190 
      245.5000  -0.801127   0.388629  -0.412498 
      246.0000  -0.828786   0.409673  -0.419113 
      246.5000  -0.827752   0.415162  -0.412590 
      247.0000  -0.726291   0.308477  -0.417814 
      247.5000  -0.795579   0.383717  -0.411862 
      248.0000  -0.828100   0.394411  -0.433690 
      248.5000  -0.840504   0.417336  -0.423168 
      249.0000  -0.788048   0.363449  -0.424599 
      249.5000  -0.794208   0.357687  -0.436521 
      250.0000  -0.760531   0.322648  -0.437883 
      250.5000  -0.788916   0.354569  -0.434347 
      251.0000  -0.843869   0.400703  -0.443166 
      251.5000  -0.769189   0.328498  -0.440691 
      252.0000  -0.830054   0.380387  -0.449667 
      252.5000  -0.786202   0.337758  -0.448444 
      253.0000  -0.847086   0.399533  -0.447553 
      253.5000  -0.779415   0.344512  -0.434903 
      254.0000  -0.778463   0.347039  -0.431424 
      254.5000  -0.727203   0.316606  -0.410597 
      255.0000  -0.768287   0.351236  -0.417051 
      255.5000  -0.757252   0.352299  -0.404954 
      256.0000  -0.722697   0.323358  -0.399339 
      256.5000  -0.713254   0.297666  -0.415587 
      257.0000  -0.741983   0.318130  -0.423852 
      257.5000  -0.808295   0.387116  -0.421179 
      258.0000  -0.792901   0.372992  -0.419909 
      258.5000  -0.798137   0.384047  -0.414089 
      259.0000  -0.749683   0.320668  -0.429015 
      259.5000  -0.747234   0.324262  -0.422972 
      260.0000  -0.777245   0.364078  -0.413166 
      260.5000  -0.781863   0.365021  -0.416841 
      261.0000  -0.759475   0.351143  -0.408331 
      261.5000  -0.732912   0.315180  -0.417732 
      262.0000  -0.728445   0.321867  -0.406578 
      262.5000  -0.709793   0.301396  -0.408398 
      263.0000  -0.699989   0.301099  -0.398890 
      263.5000  -0.720886   0.316113  -0.404773 
      264.0000  -0.718741   0.324073  -0.394669 
      264.5000  -0.766916   0.367206  -0.399709 
      265.0000  -0.837306   0.423719  -0.413587 
      265.5000  -0.762363   0.344835  -0.417528 
      266.0000  -0.729801   0.308960  -0.420841 
      266.5000  -0.774119   0.347166  -0.426953 
      267.0000  -0.753700   0.331110  -0.422590 
      267.5000  -0.791486   0.371148  -0.420338 
      268.0000  -0.804799   0.394389  -0.410410 
      268.5000  -0.756735   0.345577  -0.411158 
      269.0000  -0.778805   0.383205  -0.395599 
      269.5000  -0.835948   0.422231  -0.413717 
      270.0000  -0.792077   0.364008  -0.428069 
      270.5000  -0.800182   0.370690  -0.429492 
      271.0000  -0.726760   0.302575  -0.424186 
      271.5000  -0.746274   0.331874  -0.414400 
      272.0000  -0.860371   0.452498  -0.407872 
      272.5000  -0.775522   0.367142  -0.408380 
      273.0000  -0.807580   0.403492  -0.404087 
      273.5000  -0.776264   0.371039  -0.405225 
      274.0000  -0.815119   0.421823  -0.393296 
      274.5000  -0.758402   0.369031  -0.389371 
      275.0000  -0.742742   0.354755  -0.387987 
      275.5000  -0.777844   0.367250  -0.410593 
      276.0000  -0.750656   0.360046  -0.390610 
      276.5000  -0.744802   0.353577  -0.391225 
      277.0000  -0.775904   0.383116  -0.392789 
      277.5000  -0.745757   0.355486  -0.390271 
      278.0000  -0.739840   0.358896  -0.380944 
      278.5000  -0.687636   0.288702  -0.398934 
      279.0000  -0.723820   0.321837  -0.401982 
      279.5000  -0.741514   0.329251  -0.412263 
      280.0000  -0.754527   0.345496  -0.409030 
      280.5000  -0.767424   0.352247  -0.415177 
      281.0000  -0.666201   0.257957  -0.408244 
      281.5000  -0.724749   0.313142  -0.411607 
      282.0000  -0.734728   0.318808  -0.415921 
      282.5000  -0.748901   0.341249  -0.407652 
      283.0000  -0.766924   0.343140  -0.423783 
      283.5000  -0.755161   0.334826  -0.420336 
      284.0000  -0.799047   0.371560  -0.427487 
      284.5000  -0.767392   0.333999  -0.433394 
      285.0000  -0.780675   0.342807  -0.437869 
      285.5000  -0.762921   0.330326  -0.432595 
      286.0000  -0.736722   0.310764  -0.425958 
      286.5000  -0.733261   0.307428  -0.425833 
      287.0000  -0.788193   0.371867  -0.416326 
      287.5000  -0.761651   0.342022  -0.419629 
      288.0000  -0.753518   0.316358  -0.437160 
      288.5000  -0.792936   0.350961  -0.441975 
      289.0000  -0.798842   0.354678  -0.444164 
      289.5000  -0.797897   0.339122  -0.458776 
      290.0000  -0.786874   0.322985  -0.463889 
      290.5000  -0.755100   0.299355  -0.455745 
      291.0000  -0.739621   0.282191  -0.457430 
      291.5000  -0.817787   0.370768  -0.447019 
      292.0000  -0.791878   0.351090  -0.440788 
      292.5000  -0.800181   0.373326  -0.426855 
      293.0000  -0.814642   0.383806  -0.430836 
      293.5000  -0.747722   0.305951  -0.441771 
      294.0000  -0.774311   0.338466  -0.435845 
      294.5000  -0.782416   0.346098  -0.436319 
      295.0000  -0.804801   0.355373  -0.449428 
      295.5000  -0.773662   0.320822  -0.452840 
      296.0000  -0.774736   0.325057  -0.449679 
      296.5000  -0.792165   0.347100  -0.445065 
      297.0000  -0.801017   0.367637  -0.433380 
      297.5000  -0.800635   0.366304  -0.434331 
      298.0000  -0.770886   0.325348  -0.445538 
      298.5000  -0.795325   0.349063  -0.446261 
      299.0000  -0.734581   0.299266  -0.435315 
      299.5000  -0.737396   0.303954  -0.433442 
      300.0000  -0.813264   0.375772  -0.437493 
      300.5000  -0.795006   0.361341  -0.433666 
      301.0000  -0.776861   0.347441  -0.429419 
      301.5000  -0.761156   0.335616  -0.425540 
      302.0000  -0.734927   0.303732  -0.431195 
      302.5000  -0.762996   0.315800  -0.447196 
      303.0000  -0.761074   0.315616  -0.445458 
      303.5000  -0.761162   0.312895  -0.448266 
      304.0000  -0.780915   0.328362  -0.452553 
      304.5000  -0.774065   0.313782  -0.460283 
      305.0000  -0.795601   0.336819  -0.458783 
      305.5000  -0.787696   0.324974  -0.462722 
      306.0000  -0.755023   0.293189  -0.461834 
      306.5000  -0.777904   0.304438  -0.473467 
      307.0000  -0.852753   0.381086  -0.471668 
      307.5000  -0.762049   0.281753  -0.480296 
      308.0000  -0.807353   0.326950  -0.480403 
      308.5000  -0.829368   0.351822  -0.477546 
      309.0000  -0.809757   0.328389  -0.481368 
      309.5000  -0.779451   0.298502  -0.480949 
      310.0000  -0.808283   0.306808  -0.501475 
      310.5000  -0.840874   0.356894  -0.483980 
      311.0000  -0.816498   0.325171  -0.491327 
      311.5000  -0.828387   0.329452  -0.498935 
      312.0000  -0.774656   0.288022  -0.486635 
      312.5000  -0.777640   0.307968  -0.469672 
      313.0000  -0.808646   0.331636  -0.477009 
      313.5000  -0.788112   0.312692  -0.475420 
      314.0000  -0.807216   0.342047  -0.465169 
      314.5000  -0.802780   0.339276  -0.463503 
      315.0000  -0.802590   0.339490  -0.463100 
      315.5000  -0.760401   0.299738  -0.460663 
      316.0000  -0.771709   0.312588  -0.459121 
      316.5000  -0.752375   0.290989  -0.461386 
      317.0000  -0.812198   0.346048  -0.466151 
      317.5000  -0.763690   0.306096  -0.457594 
      318.0000  -0.752811   0.299252  -0.453559 
      318.5000  -0.752684   0.289903  -0.462781 
      319.0000  -0.791370   0.334180  -0.457190 
      319.5000  -0.744920   0.287234  -0.457686 
      320.0000  -0.812234   0.344430  -0.467804 
      320.5000  -0.775662   0.304108  -0.471554 
      321.0000  -0.772430   0.295038  -0.477391 
      321.5000  -0.792136   0.311865  -0.480272 
      322.0000  -0.785484   0.300103  -0.485380 
      322.5000  -0.822607   0.335300  -0.487307 
      323.0000  -0.818788   0.322724  -0.496064 
      323.5000  -0.833693   0.337973  -0.495720 
      324.0000  -0.776611   0.289862  -0.486749 
      324.5000  -0.812457   0.333316  -0.479141 
      325.0000  -0.820526   0.330760  -0.489766 
      325.5000  -0.863487   0.361451  -0.502036 
      326.0000  -0.822617   0.308333  -0.514284 
      326.5000  -0.864800   0.346165  -0.518634 
      327.0000  -0.859190   0.330740  -0.528450 
      327.5000  -0.840381   0.303045  -0.537336 
      328.0000  -0.855863   0.333176  -0.522687 
      328.5000  -0.827767   0.301128  -0.526639 
      329.0000  -0.850659   0.328363  -0.522296 
      329.5000  -0.820536   0.296507  -0.524029 
      330.0000  -0.834516   0.313259  -0.521257 
      330.5000  -0.852498   0.334371  -0.518126 
      331.0000  -0.838559   0.311044  -0.527515 
      331.5000  -0.853149   0.312384  -0.540764 
      332.0000  -0.850662   0.314589  -0.536073 
      332.5000  -0.864200   0.323439  -0.540761 
      333.0000  -0.852538   0.316822  -0.535716 
      333.5000  -0.885717   0.336142  -0.549575 
      334.0000  -0.849531   0.296476  -0.553054 
      334.5000  -0.912579   0.368898  -0.543682 
      335.0000  -0.862265   0.318652  -0.543613 
      335.5000  -0.913595   0.363674  -0.549921 
      336.0000  -0.840093   0.282308  -0.557785 
      336.5000  -0.912459   0.365810  -0.546649 
      337.0000  -0.864375   0.326359  -0.538016 
      337.5000  -0.937169   0.404806  -0.532363 
      338.0000  -0.797935   0.279696  -0.518239 
      338.5000  -0.913704   0.390425  -0.523279 
      339.0000  -0.828468   0.302591  -0.525877 
      339.5000  -0.864716   0.347160  -0.517556 
      340.0000  -0.807167   0.287713  -0.519454 
      340.5000  -0.865446   0.347846  -0.517600 
      341.0000  -0.833399   0.318060  -0.515339 
      341.5000  -0.861250   0.337849  -0.523401 
      342.0000  -0.833111   0.306706  -0.526405 
      342.5000  -0.860750   0.336700  -0.524051 
      343.0000  -0.857397   0.341434  -0.515963 
      343.5000  -0.836489   0.336529  -0.499960 
      344.0000  -0.822367   0.316708  -0.505660 
      344.5000  -0.855976   0.338368  -0.517608 
      345.0000  -0.818061   0.300046  -0.518015 
      345.5000  -0.920922   0.397241  -0.523681 
      346.0000  -0.826879   0.294955  -0.531923 
      346.5000  -0.840996   0.305368  -0.535628 
      347.0000  -0.787414   0.252819  -0.534594 
      347.5000  -0.860587   0.328415  -0.532172 
      348.0000  -0.809312   0.258066  -0.551246 
      348.5000  -0.840446   0.294477  -0.545969 
      349.0000  -0.789056   0.242222  -0.546834 
      349.5000  -0.805006   0.262396  -0.542610 
      350.0000  -0.819867   0.284634  -0.535233 
      350.5000  -0.788925   0.252187  -0.536738 
      351.0000  -0.814151   0.281913  -0.532238 
      351.5000  -0.855364   0.310823  -0.544541 
      352.0000  -0.828936   0.287852  -0.541084 
      352.5000  -0.846890   0.301979  -0.544910 
      353.0000  -0.847100   0.300479  -0.546622 
      353.5000  -0.787313   0.234338  -0.552975 
      354.0000  -0.818583   0.255500  -0.563083 
      354.5000  -0.811342   0.260357  -0.550985 
      355.0000  -0.838808   0.284567  -0.554241 
      355.5000  -0.863805   0.310790  -0.553016 
      356.0000  -0.850187   0.304615  -0.545573 
      356.5000  -0.833931   0.288788  -0.545143 
      357.0000  -0.853937   0.310936  -0.543001 
      357.5000  -0.853925   0.312467  -0.541458 
      358.0000  -0.853039   0.306254  -0.546786 
      358.5000  -0.817730   0.287011  -0.530719 
      359.0000  -0.832182   0.287554  -0.544628 
      359.5000  -0.834959   0.285296  -0.549662 
      360.0000  -0.842884   0.297947  -0.544937 
      360.5000  -0.848485   0.307756  -0.540730 
      361.0000  -0.858299   0.308719  -0.549579 
      361.5000  -0.843739   0.304195  -0.539544 
      362.0000  -0.871870   0.333770  -0.538100 
      362.5000  -0.831338   0.291727  -0.539611 
      363.0000  -0.849366   0.311443  -0.537923 
      363.5000  -0.811016   0.284716  -0.526300 
      364.0000  -0.859110   0.334176  -0.524935 
      364.5000  -0.833392   0.307488  -0.525905 
      365.0000  -0.834762   0.312547  -0.522215 
      365.5000  -0.798952   0.283274  -0.515678 
      366.0000  -0.813535   0.289629  -0.523906 
      366.5000  -0.820278   0.298419  -0.521859 
      367.0000  -0.860137   0.328221  -0.531915 
      367.5000  -0.866476   0.338992  -0.527484 
      368.0000  -0.840720   0.311905  -0.528814 
      368.5000  -0.839996   0.313961  -0.526034 
      369.0000  -0.831852   0.313227  -0.518625 
      369.5000  -0.827843   0.299352  -0.528491 
      370.0000  -0.865834   0.343206  -0.522628 
      370.5000  -0.870928   0.349719  -0.521210 
      371.0000  -0.805493   0.279019  -0.526474 
      371.5000  -0.859830   0.323757  -0.536073 
      372.0000  -0.861626   0.317505  -0.544121 
      372.5000  -0.873652   0.330639  -0.543012 
      373.0000  -0.855273   0.306385  -0.548887 
      373.5000  -0.903924   0.344862  -0.559062 
      374.0000  -0.900957   0.347743  -0.553215 
      374.5000  -0.810156   0.258741  -0.551415 
      375.0000  -0.839908   0.286000  -0.553909 
      375.5000  -0.839198   0.283559  -0.555639 
      376.0000  -0.957757   0.395482  -0.562275 
      376.5000  -0.893086   0.354975  -0.538111 
      377.0000  -0.835680   0.311412  -0.524268 
      377.5000  -0.836663   0.308704  -0.527958 
      378.0000  -0.808387   0.283840  -0.524547 
      378.5000  -0.874381   0.348731  -0.525650 
      379.0000  -0.878252   0.359031  -0.519221 
      379.5000  -0.880958   0.351710  -0.529248 
      380.0000  -0.885859   0.344528  -0.541331 
      380.5000  -0.876974   0.322133  -0.554840 
      381.0000  -0.879420   0.318734  -0.560686 
      381.5000  -0.857871   0.300050  -0.557821 
      382.0000  -0.845679   0.290611  -0.555067 
      382.5000  -0.868974   0.302212  -0.566762 
      383.0000  -0.906124   0.338111  -0.568013 
      383.5000  -0.902256   0.329489  -0.572767 
      384.0000  -0.860050   0.299042  -0.561008 
      384.5000  -0.838952   0.290974  -0.547978 
      385.0000  -0.848054   0.303694  -0.544359 
      385.5000  -0.843870   0.300547  -0.543323 
      386.0000  -0.847999   0.295620  -0.552379 
      386.5000  -0.885309   0.339470  -0.545838 
      387.0000  -0.867094   0.328867  -0.538227 
      387.5000  -0.849450   0.326580  -0.522869 
      388.0000  -0.871149   0.335426  -0.535723 
      388.5000  -0.823695   0.296743  -0.526952 
      389.0000  -0.854680   0.336916  -0.517764 
      389.5000  -0.891654   0.371428  -0.520226 
      390.0000  -0.853211   0.330288  -0.522923 
      390.5000  -0.888540   0.354162  -0.534378 
      391.0000  -0.844047   0.305621  -0.538426 
      391.5000  -0.900096   0.362752  -0.537345 
      392.0000  -0.891046   0.354223  -0.536823 
      392.5000  -0.908137   0.358665  -0.549472 
      393.0000  -0.851143   0.302090  -0.549053 
      393.5000  -0.886253   0.331054  -0.555199 
      394.0000  -0.875539   0.316913  -0.558627 
      394.5000  -0.922823   0.380190  -0.542633 
      395.0000  -0.870749   0.318648  -0.552101 
      395.5000  -0.860052   0.328619  -0.531433 
      396.0000  -0.792887   0.261524  -0.531363 
      396.5000  -0.814211   0.299198  -0.515012 
      397.0000  -0.841139   0.322323  -0.518816 
      397.5000  -0.805927   0.288721  -0.517205 
      398.0000  -0.835911   0.315426  -0.520485 
      398.5000  -0.817216   0.296326  -0.520890 
      399.0000  -0.882473   0.358351  -0.524122 
      399.5000  -0.844531   0.327809  -0.516722 
      400.0000  -0.816558   0.309679  -0.506879 
      400.5000  -0.842571   0.329306  -0.513264 
      401.0000  -0.899427   0.375410  -0.524017 
      401.5000  -0.844175   0.315656  -0.528519 
      402.0000  -0.802222   0.271675  -0.530547 
      402.5000  -0.852689   0.322175  -0.530514 
      403.0000  -0.850374   0.319526  -0.530848 
      403.5000  -0.872653   0.340437  -0.532217 
      404.0000  -0.863439   0.337049  -0.526390 
      404.5000  -0.851856   0.320359  -0.531497 
      405.0000  -0.842354   0.316101  -0.526253 
      405.5000  -0.872658   0.347748  -0.524911 
      406.0000  -0.865513   0.339924  -0.525590 
      406.5000  -0.856353   0.320030  -0.536323 
      407.0000  -0.875755   0.351035  -0.524720 
      407.5000  -0.844785   0.309369  -0.535415 
      408.0000  -0.836939   0.294381  -0.542558 
      408.5000  -0.899683   0.352619  -0.547063 
      409.0000  -0.873405   0.322962  -0.550442 
      409.5000  -0.890981   0.343897  -0.547084 
      410.0000  -0.908901   0.373586  -0.535315 
      410.5000  -0.895322   0.361701  -0.533620 
      411.0000  -0.891922   0.362533  -0.529390 
      411.5000  -0.818690   0.300043  -0.518647 
      412.0000  -0.845593   0.317951  -0.527641 
      412.5000  -0.853541   0.320374  -0.533167 
      413.0000  -0.872565   0.344709  -0.527856 
      413.5000  -0.835319   0.313337  -0.521982 
      414.0000  -0.882959   0.348320  -0.534639 
      414.5000  -0.850122   0.307700  -0.542422 
      415.0000  -0.855802   0.306644  -0.549158 
      415.5000  -0.885399   0.343846  -0.541553 
      416.0000  -0.865278   0.319312  -0.545966 
      416.5000  -0.886446   0.352498  -0.533948 
      417.0000  -0.914036   0.369072  -0.544964 
      417.5000  -0.888463   0.345115  -0.543348 
      418.0000  -0.849038   0.305957  -0.543082 
      418.5000  -0.853522   0.303651  -0.549872 
      419.0000  -0.856529   0.310856  -0.545673 
      419.5000  -0.916240   0.373741  -0.542500 
      420.0000  -0.861116   0.303833  -0.557283 
      420.5000  -0.888580   0.324858  -0.563722 
      421.0000  -0.875318   0.307949  -0.567369 
      421.5000  -0.864822   0.303647  -0.561175 
      422.0000  -0.899536   0.335987  -0.563549 
      422.5000  -0.846999   0.279845  -0.567154 
      423.0000  -0.936726   0.366505  -0.570221 
      423.5000  -0.860075   0.289229  -0.570846 
      424.0000  -0.908942   0.341256  -0.567686 
      424.5000  -0.889197   0.308364  -0.580833 
      425.0000  -0.904269   0.321330  -0.582939 
      425.5000  -0.864191   0.292584  -0.571607 
      426.0000  -0.869820   0.317726  -0.552095 
      426.5000  -0.839201   0.284403  -0.554798 
      427.0000  -0.873846   0.315075  -0.558771 
      427.5000  -0.853182   0.298896  -0.554286 
      428.0000  -0.955547   0.402275  -0.553272 
      428.5000  -0.902802   0.352669  -0.550134 
      429.0000  -0.840696   0.307162  -0.533534 
      429.5000  -0.879353   0.345209  -0.534144 
      430.0000  -0.824388   0.293575  -0.530813 
      430.5000  -0.868018   0.325421  -0.542597 
      431.0000  -0.818900   0.269659  -0.549241 
      431.5000  -0.891493   0.352569  -0.538923 
      432.0000  -0.847108   0.309293  -0.537816 
      432.5000  -0.903555   0.363905  -0.539649 
      433.0000  -0.849395   0.317871  -0.531524 
      433.5000  -0.851743   0.309913  -0.541830 
      434.0000  -0.853413   0.309052  -0.544361 
      434.5000  -0.822154   0.280606  -0.541549 
      435.0000  -0.841672   0.304619  -0.537053 
      435.5000  -0.856881   0.336115  -0.520766 
      436.0000  -0.811194   0.301850  -0.509344 
      436.5000  -0.825509   0.321813  -0.503696 
      437.0000  -0.828263   0.325681  -0.502583 
      437.5000  -0.816532   0.316401  -0.500131 
      438.0000  -0.827882   0.331230  -0.496652 
      438.5000  -0.895456   0.393973  -0.501484 
      439.0000  -0.887061   0.382202  -0.504859 
      439.5000  -0.885761   0.370937  -0.514824 
      440.0000  -0.855564   0.333696  -0.521867 
      440.5000  -0.883458   0.354873  -0.528584 
      441.0000  -0.816971   0.289512  -0.527459 
      441.5000  -0.921040   0.397477  -0.523563 
      442.0000  -0.842263   0.324185  -0.518078 
      442.5000  -0.868415   0.352426  -0.515989 
      443.0000  -0.872690   0.357377  -0.515313 
      443.5000  -0.849282   0.340201  -0.509081 
      444.0000  -0.887163   0.377732  -0.509431 
      444.5000  -0.859399   0.356261  -0.503138 
      445.0000  -0.854563   0.363051  -0.491512 
      445.5000  -0.845883   0.368143  -0.477740 
      446.0000  -0.782086   0.304754  -0.477332 
      446.5000  -0.783832   0.295945  -0.487886 
      447.0000  -0.785233   0.305099  -0.480134 
      447.5000  -0.906577   0.420576  -0.486001 
      448.0000  -0.809775   0.317233  -0.492542 
      448.5000  -0.847806   0.353608  -0.494198 
      449.0000  -0.823778   0.314555  -0.509223 
      449.5000  -0.850669   0.341275  -0.509394 
      450.0000  -0.829631   0.323374  -0.506257 
      450.5000  -0.800200   0.298435  -0.501766 
      451.0000  -0.849488   0.355846  -0.493642 
      451.5000  -0.773443   0.289299  -0.484144 
      452.0000  -0.823155   0.342174  -0.480981 
      452.5000  -0.832997   0.351768  -0.481229 
      453.0000  -0.788569   0.305862  -0.482707 
      453.5000  -0.800303   0.318694  -0.481610 
      454.0000  -0.818653   0.341516  -0.477137 
      454.5000  -0.767232   0.293108  -0.474124 
      455.0000  -0.817677   0.344218  -0.473459 
      455.5000  -0.803055   0.330338  -0.472716 
      456.0000  -0.760984   0.300243  -0.460741 
      456.5000  -0.785354   0.323487  -0.461866 
      457.0000  -0.807505   0.348647  -0.458857 
      457.5000  -0.801511   0.341378  -0.460133 
      458.0000  -0.799748   0.353845  -0.445903 
      458.5000  -0.805048   0.353350  -0.451698 
      459.0000  -0.772488   0.315123  -0.457364 
      459.5000  -0.812235   0.361887  -0.450348 
      460.0000  -0.815384   0.370409  -0.444976 
      460.5000  -0.790134   0.348812  -0.441322 
      461.0000  -0.737067   0.306212  -0.430854 
      461.5000  -0.773023   0.334156  -0.438867 
      462.0000  -0.765197   0.321809  -0.443388 
      462.5000  -0.795362   0.354808  -0.440554 
      463.0000  -0.797393   0.356560  -0.440833 
      463.5000  -0.746479   0.307171  -0.439308 
      464.0000  -0.763891   0.311965  -0.451926 
      464.5000  -0.805410   0.347141  -0.458270 
      465.0000  -0.763517   0.318899  -0.444619 
      465.5000  -0.780319   0.328770  -0.451550 
      466.0000  -0.808583   0.363398  -0.445184 
      466.5000  -0.795816   0.344976  -0.450840 
      467.0000  -0.775465   0.306931  -0.468533 
      467.5000  -0.797816   0.333624  -0.464192 
      468.0000  -0.790221   0.329666  -0.460555 
      468.5000  -0.768603   0.312263  -0.456340 
      469.0000  -0.845404   0.382174  -0.463231 
      469.5000  -0.750174   0.293852  -0.456322 
      470.0000  -0.765405   0.310392  -0.455014 
      470.5000  -0.796112   0.354124  -0.441989 
      471.0000  -0.686403   0.264330  -0.422073 
      471.5000  -0.744155   0.334974  -0.409180 
      472.0000  -0.727220   0.297805  -0.429414 
      472.5000  -0.771688   0.342010  -0.429678 
      473.0000  -0.759018   0.317646  -0.441372 
      473.5000  -0.774167   0.330068  -0.444099 
      474.0000  -0.750840   0.287427  -0.463413 
      474.5000  -0.729845   0.265349  -0.464496 
      475.0000  -0.794744   0.328710  -0.466034 
      475.5000  -0.783866   0.307847  -0.476019 
      476.0000  -0.780971   0.294940  -0.486031 
      476.5000  -0.804395   0.316386  -0.488009 
      477.0000  -0.754054   0.278233  -0.475821 
      477.5000  -0.793978   0.312362  -0.481616 
      478.0000  -0.753935   0.272155  -0.481781 
      478.5000  -0.797594   0.313579  -0.484015 
      479.0000  -0.751973   0.284099  -0.467874 
      479.5000  -0.750695   0.289941  -0.460754 
      480.0000  -0.765311   0.298484  -0.466827 
      480.5000  -0.737467   0.282591  -0.454876 
      481.0000  -0.786206   0.340042  -0.446164 
      481.5000  -0.730779   0.292014  -0.438766 
      482.0000  -0.764517   0.329860  -0.434657 
      482.5000  -0.759646   0.321459  -0.438187 
      483.0000  -0.793113   0.357216  -0.435897 
      483.5000  -0.734815   0.296935  -0.437880 
      484.0000  -0.755659   0.319644  -0.436015 
      484.5000  -0.768247   0.331988  -0.436259 
      485.0000  -0.752179   0.306136  -0.446043 
      485.5000  -0.787535   0.342449  -0.445086 
      486.0000  -0.717537   0.268228  -0.449308 
      486.5000  -0.729952   0.283714  -0.446238 
      487.0000  -0.774781   0.322245  -0.452536 
      487.5000  -0.771432   0.325515  -0.445917 
      488.0000  -0.719693   0.287497  -0.432196 
      488.5000  -0.757039   0.328405  -0.428634 
      489.0000  -0.783048   0.340348  -0.442700 
      489.5000  -0.742060   0.293391  -0.448669 
      490.0000  -0.796043   0.343883  -0.452160 
      490.5000  -0.685159   0.237458  -0.447702 
      491.0000  -0.745728   0.297901  -0.447827 
      491.5000  -0.796337   0.345033  -0.451304 
      492.0000  -0.774645   0.316917  -0.457728 
      492.5000  -0.708612   0.248821  -0.459790 
      493.0000  -0.800847   0.342535  -0.458312 
      493.5000  -0.715150   0.249402  -0.465748 
      494.0000  -0.782540   0.311763  -0.470777 
      494.5000  -0.780823   0.321942  -0.458881 
      495.0000  -0.789195   0.336076  -0.453120 
      495.5000  -0.754742   0.294382  -0.460360 
      496.0000  -0.746785   0.276842  -0.469943 
      496.5000  -0.774526   0.311309  -0.463217 
      497.0000  -0.804253   0.335572  -0.468682 
      497.5000  -0.777198   0.313598  -0.463600 
      498.0000  -0.784516   0.313977  -0.470539 
      498.5000  -0.741594   0.257937  -0.483657 
      499.0000  -0.785811   0.303781  -0.482031 
      499.5000  -0.777685   0.291596  -0.486089 
      500.0000  -0.761815   0.271292  -0.490523 
