t = 100000
b = 30 30 30
E = -0.621035609167871 -0.761814670792884 0.140779061625013
28.5204470033803 18.3952911566375 21.7423099964713 0.655899478706934 -0.359623986884119 -0.663676382524785 -0.37175765592657 -0.919093703416716 0.130624691814991 -0.147194358944156 -0.0496588659806243 -0.00849467144308873 0.0684730219782351 -0.379267460024037 0.34282285415036
28.1503838405237 18.0880210645476 21.4413754572741 0.839244250123809 -0.522575616613032 0.150278704000362 -0.497369559996253 -0.849447344672397 -0.176245715327986 -0.341156667125833 0.16656983316875 -0.763123403986458 0.0525357012942341 -0.0192361445399976 0.363366412486124
28.1606565296337 17.7031810823897 21.0781798533314 0.349721267539942 -0.470691458238872 0.810027452378662 -0.384033710927803 -0.860668966795907 -0.334315583023482 0.176541119510962 -0.0244447537302695 0.249254838111629 0.297764493487735 0.570311547877615 0.0209154146107268
28.2092198961073 17.2102597915716 20.9195494819904 -0.206559266319102 -0.153187582476325 0.966367806052972 -0.519390411666339 -0.81985453726777 -0.240981187320467 -0.00721645904031265 0.532412413118287 -0.126010812623657 -0.225922921674362 0.0963633608446571 0.555662907803644
28.2192816500651 16.6835698977757 20.9801390773277 -0.745376994575309 0.272586791474844 0.60836624819408 -0.559074710963328 -0.752669867910915 -0.347740439535594 -0.00490463108669445 0.289147974522073 0.0545904480309261 -0.304871057894032 -0.422554234338172 -0.233200465864833
28.0309533703993 16.2869408200369 21.1942520534309 -0.755630093940027 0.588625420295649 -0.287303194959889 -0.466820740195002 -0.791653599661184 -0.394160880383141 -0.0652295668370532 0.179425707756434 0.366865292212527 -0.245231427433782 0.178269562615715 0.149199271664261
28.6443281080945 16.3148894896778 22.2459234228027 -0.222253427577723 -0.139801731668939 0.964913867927155 0.405788203336624 -0.913141666549965 -0.0388334984344577 0.51523500007425 -0.15535695474096 0.176335299879114 0.267307282477722 0.341698703154023 -0.0362486499987864
28.327716062285 16.8869404087653 21.7702284139642 0.454345711323822 0.138726391068411 -0.879957308066154 0.341919169525249 0.884983971660699 0.316060939289906 -0.172963338267561 0.289581023214253 0.479678549845657 0.635601726088667 -0.20740618610286 -0.0852615133487221
28.7723828863944 17.1524252467149 21.8945423454108 -0.424802300627618 0.362362189460207 -0.82960022175984 0.541234462941486 0.836241498733124 0.08812038052851 0.0838260885513658 0.411118102045494 0.213880368230603 -0.226317053206415 0.209646628393586 0.175149712996409
29.1671132723186 17.3876155297264 21.6740715572294 -0.777465321839686 0.566567310520821 -0.273036723531582 0.521445848719894 0.823407879791178 0.223815902326265 0.634669619317773 -0.256742925727099 0.0224176190908896 -0.35882804154064 0.246231088571682 0.296070157185152
29.3290791586407 17.8914474889628 21.4433799464245 -0.808595165140081 0.2722101202043 0.521608464384606 0.368796102719127 0.925254298143965 0.0888466005984305 -0.150135331863341 -0.00179797797535361 0.00331372609179249 -0.272639585064413 0.0233700176060228 -0.0419169152028343
29.2794406175715 18.4067953051216 21.3197336341985 0.0303154923043861 -0.129777326132557 0.991079562185388 0.539981773794786 0.836520490607301 0.0930213812128324 0.218440858108219 0.83666151528042 -0.033193027218553 -0.398269553186001 0.579378647861219 0.495567237109052
29.3133935448868 18.8197107601445 21.6629982555027 0.369758065879418 -0.670652463075132 0.643042864575307 0.53395103324886 0.71977266401658 0.443647939587318 -0.124921199000032 -0.190441639033318 -0.0180709963478609 -0.0791151842942215 -0.124008952180187 0.51156629059293
29.7346404268888 19.1426525000921 21.9180221378922 0.112601410507543 -0.814893789560126 0.56856736102414 0.633140955547503 0.499843680624379 0.591006493129754 -0.369558786905815 0.215767327784515 -0.0848922601635232 0.240316394668308 -0.743410999817313 -0.0579688259978262
29.8285747973774 19.3418255308174 22.3542767711203 0.526807546745442 -0.845221998436915 -0.089852367122491 0.6894105754221 0.363059139999978 0.62681817986399 -0.130413738147731 0.285737466998391 -0.242187073548672 -0.120364453820894 -0.289454172846468 -0.0182931113348643
30.0359459402347 19.2845279407594 22.8695855819723 0.663499401470337 -0.321245492156315 -0.675699460197791 0.733730612343865 0.10277025227144 0.671623075043574 0.303137540722708 0.518418971757153 -0.326150591693733 0.00922926602479171 -0.338301073065884 0.240330780058389
30.4160220563132 19.2136829224703 23.1705432364158 0.562602546013472 0.335719910038147 -0.755493479274054 0.703125927718558 0.286358874572737 0.650855138640432 -0.805902256216486 -0.258895274388403 -0.0662305255059978 0.023060788827946 -0.23491658284902 0.0210173901605694
30.8552491003573 19.1623313123074 23.3339446834634 0.200747444809959 0.723244796774392 -0.660770229201701 0.701114545250672 0.365019015616317 0.612535248430707 -0.0832944752680693 0.0479086465796352 -0.330915900025496 -0.175034374807995 0.0622405296289151 -0.319305081981135
30.1313770203853 19.0802053430002 24.0241121170824 -0.667228069467705 0.630544005992629 -0.396510763454049 0.603344583743624 0.145360315135573 -0.784120894363145 -0.236224866635827 -0.19681775871918 -0.243490365341579 -0.0669687769447266 -0.557601591207318 -0.132075004916754
30.2601397026577 18.6385588525149 24.9259341408737 -0.49512469146357 -0.863763683451616 -0.0936146525988971 0.431380074810518 -0.150874549774826 -0.889465019016244 -0.0493140450559076 -0.155746074633801 0.333175579642593 -0.294712961118544 0.0174637733805374 -0.0843376287814657
30.7077398897536 19.0355405096273 25.7101196960489 0.382616146070468 0.922969828533437 0.0416098736429239 -0.72078626136621 0.326369788147657 -0.611514355787313 0.163091913078827 -0.187586151662806 0.149298296703833 0.425093197121261 -0.160371646677186 0.457667682075945
30.2910391476226 19.3181888264957 25.5819229865725 0.703055049223739 0.695848537295939 -0.146656943392111 -0.568764123119864 0.426420784427362 -0.703329624170399 0.409475884245681 -0.149831711457471 -0.218288872836187 0.550902929557212 -0.0208053701187919 0.0980865562790066
29.5842376968403 18.8256788291318 26.2510764033432 -0.136317052240435 -0.969685756435788 -0.202798040273678 -0.43349213995206 -0.125684416579248 0.892349646050484 -0.242655159208123 -0.0996014366569806 -0.258057648700811 0.130295901495033 -0.495541655840952 0.152150579850143
29.1454948307126 18.6571335332918 26.5281328332152 0.418069759809837 -0.88940186990305 -0.184883132105129 -0.33657976497485 -0.340695836143564 0.87786120386927 -0.0724160949175365 0.517095518643509 -0.336984251260919 0.758241787852469 0.0140826875281775 0.0977004063616642
28.958260021809 18.2741248002944 26.7419422535186 0.917003451794844 -0.119321027531105 0.380614089100567 -0.398829880516662 -0.289279980850514 0.870202122111659 -0.227403588297994 -0.426063992369089 -0.0774118281269777 0.156324337746262 0.269716641893438 -0.608331577763653
28.1905440692737 17.3769365113267 26.5990086551046 -0.24857309317401 -0.954295348584292 -0.165926494992441 0.0843757725813702 0.149318877803764 -0.98518247270233 -0.321556202403484 -0.197934934656488 -0.286434861299092 -0.38576269800188 -0.162551231547853 0.0200196939552196
28.5554007273002 17.1982372646837 27.3528391971339 0.343217167231703 -0.914079124998804 -0.216011887816684 -0.241682738801698 0.136291013854742 -0.960736226458216 -0.456175019003824 0.00258470278800796 -0.0753904086777487 0.221737262394529 0.0372843321131242 -0.182015725683356
