t = 0
b =  30.0 30.0 30.0
E = 0. 0. 0.
6.842452356872286 2.582649143111272 6.348671813512926 0.21096635352922413 0.8929059524301299 -0.39775891918777234 0.5837349195669244 0.2113108152217702 0.7839651032083681 0.0 0.0 0.0 0.0 0.0 0.0
7.369865355371106 2.626902663596592 6.441204278396871 -0.28885832915269677 0.9564185960558487 -0.04271223241264199 0.5837349195669244 0.2113108152217702 0.7839651032083681 0.0 0.0 0.0 0.0 0.0 0.0
7.831433088650629 2.8891718331465968 6.524000488558412 -0.6789409031357885 0.6565718245737595 0.32856154556649503 0.5837349195669244 0.2113108152217702 0.7839651032083681 0.0 0.0 0.0 0.0 0.0 0.0
8.138236221697442 3.3011065707672516 6.681692313370039 -0.8110824767310318 0.10728243964058652 0.5750092991288216 0.5837349195669244 0.2113108152217702 0.7839651032083681 0.0 0.0 0.0 0.0 0.0 0.0
8.260153078652671 3.737496343879625 6.970457526010775 -0.6350802568403 -0.48276533777878383 0.603001406309301 0.5837349195669244 0.2113108152217702 0.7839651032083681 0.0 0.0 0.0 0.0 0.0 0.0
8.237303371078323 4.063839743055091 7.396676928193182 -0.21780042940027639 -0.8894024919699762 0.4019031975869947 0.5837349195669244 0.2113108152217702 0.7839651032083681 0.0 0.0 0.0 0.0 0.0 0.0
8.164806048769083 4.187443816200912 7.914510176911446 0.2822254225979027 -0.9581407694450931 0.048115244638259225 0.5837349195669244 0.2113108152217702 0.7839651032083681 0.0 0.0 0.0 0.0 0.0 0.0
8.156642020421272 4.092639670803782 8.443311297158951 0.6750291179937026 -0.6628653493486246 -0.32395249419254213 0.5837349195669244 0.2113108152217702 0.7839651032083681 0.0 0.0 0.0 0.0 0.0 0.0
8.302350900759947 3.8467353481655455 8.898267436162087 0.8113779655786926 -0.11575630051697804 -0.5729452642827273 0.5837349195669244 0.2113108152217702 0.7839651032083681 0.0 0.0 0.0 0.0 0.0 0.0
8.633013413882328 3.574444373182186 9.222620684144225 0.6394707585241708 0.4753305022232057 -0.6042665493379189 0.5837349195669244 0.2113108152217702 0.7839651032083681 0.0 0.0 0.0 0.0 0.0 0.0
9.10944330653127 3.4105050011369022 9.409231353191512 0.22461791892538102 0.8858313000665972 -0.40601686950168947 0.5837349195669244 0.2113108152217702 0.7839651032083681 0.0 0.0 0.0 0.0 0.0 0.0
9.637074860866866 3.448490901814521 9.503290464060548 -0.2755710234844978 0.9597899767051513 -0.05351459270171166 0.5837349195669244 0.2113108152217702 0.7839651032083681 0.0 0.0 0.0 0.0 0.0 0.0
10.101889991728315 3.7052609578819133 9.585150921839391 -0.6710659267708001 0.669108394360749 0.31931877258192315 0.5837349195669244 0.2113108152217702 0.7839651032083681 0.0 0.0 0.0 0.0 0.0 0.0
10.413735623467241 4.114554293497364 9.739800103875664 -0.8116116648528968 0.12422134610291626 0.5708375974365097 0.5837349195669244 0.2113108152217702 0.7839651032083681 0.0 0.0 0.0 0.0 0.0 0.0
10.540574350665553 4.552163888865604 10.024571734209019 -0.6438125620339683 -0.4678594684095664 0.6054856751292914 0.5837349195669244 0.2113108152217702 0.7839651032083681 0.0 0.0 0.0 0.0 0.0 0.0
10.520655984090629 4.883124903688666 10.44736384323973 -0.2314183029263162 -0.8821926486800828 0.4100996216598133 0.5837349195669244 0.2113108152217702 0.7839651032083681 0.0 0.0 0.0 0.0 0.0 0.0
10.447985808082066 5.0129900764868704 10.9636381739316 0.26889563857073767 -0.9613660922425058 0.05890986542173937 0.5837349195669244 0.2113108152217702 0.7839651032083681 0.0 0.0 0.0 0.0 0.0 0.0
10.436610401346515 4.923711818308969 11.493341010299954 0.6670516312794366 -0.6753004841780849 -0.31466073361047964 0.5837349195669244 0.2113108152217702 0.7839651032083681 0.0 0.0 0.0 0.0 0.0 0.0
10.57728943494992 4.680498793514313 11.951316922540986 0.8117835567565403 -0.13267693175240655 -0.5686864590971605 0.5837349195669244 0.2113108152217702 0.7839651032083681 0.0 0.0 0.0 0.0 0.0 0.0
10.903014555858785 4.40704205795201 12.279660738537077 0.6481053367245452 0.4603528052860162 -0.6066586908422703 0.5837349195669244 0.2113108152217702 0.7839651032083681 0.0 0.0 0.0 0.0 0.0 0.0
11.376475308666674 4.238522758839677 12.469716686867129 0.23820106352751078 0.8784868149078238 -0.4141511431439829 0.5837349195669244 0.2113108152217702 0.7839651032083681 0.0 0.0 0.0 0.0 0.0 0.0
11.904234001400667 4.270254556827209 12.565366869086224 -0.262199776213029 0.9628689960298558 -0.06430065192743689 0.5837349195669244 0.2113108152217702 0.7839651032083681 0.0 0.0 0.0 0.0 0.0 0.0
12.37222424689677 4.521472372756462 12.646359715675239 -0.6629865372237561 0.681441147249018 0.3099787320059126 0.5837349195669244 0.2113108152217702 0.7839651032083681 0.0 0.0 0.0 0.0 0.0 0.0
12.68908669037182 4.928024719642706 12.798012223978496 -0.8118936281993894 0.1411224135398639 0.5664920130821911 0.5837349195669244 0.2113108152217702 0.7839651032083681 0.0 0.0 0.0 0.0 0.0 0.0
12.820877955752547 5.366745925135784 13.078796604488536 -0.6523487556844891 -0.45281108451401525 0.6077855071471663 0.5837349195669244 0.2113108152217702 0.7839651032083681 0.0 0.0 0.0 0.0 0.0 0.0
12.803966301748813 5.702248829666172 13.498125710476769 -0.2449656841954854 -0.8747140809634097 0.41817112541515 0.5837349195669244 0.2113108152217702 0.7839651032083681 0.0 0.0 0.0 0.0 0.0 0.0
12.731214712324862 5.838360631918032 14.01277693766116 0.2554839463272134 -0.9642985736152593 0.06968654168953936 0.5837349195669244 0.2113108152217702 0.7839651032083681 0.0 0.0 0.0 0.0 0.0 0.0
