t = 100000
b = 30 30 30
E = -0.577701659987569 -0.749981404545655 0.172279744558085
24.1923948220287 7.37294605232391 4.62160137455799 0.525341876725098 0.833689385142048 -0.170228700178008 -0.0719393078500861 0.242860547804894 0.967389991528608 -0.334592332833052 -0.0757297284845455 -0.56594795709296 -0.284438261097514 -0.242127474594677 -0.749026338309001
24.4273101142926 7.34089019198119 4.95422216316725 -0.420526334318814 0.906125517478063 -0.0457606574458475 0.0207001957056669 0.060006417592148 0.997983295496265 0.208140707619364 -0.435756262997218 0.038909954255265 -0.338414611142303 -0.302876601560458 -0.439315907073039
24.5882119273632 7.58241275384252 5.38360896851145 -0.919034454232391 0.367357199836069 0.142913444644393 0.075833574705739 -0.191010738426382 0.978654217319266 0.391650885619063 -0.17483849700092 0.532272469897087 0.473656590341771 0.15761131126209 0.0141083607010212
24.8431244583293 6.50682973852224 5.9000407855769 -0.308088911404637 -0.519059907320107 0.797281562513928 0.768283297306571 -0.630007446599357 -0.11327501323756 0.0179019455405799 -0.350598663365599 -0.131129653552525 -0.291453842541799 0.125925593334492 0.0681899027795176
25.2226832320643 6.33270997730083 6.08349483961781 -0.615250410868057 -0.788104671319614 0.0189155447104831 0.717986823780021 -0.570096435157287 -0.39935553639239 -0.266387487904643 -0.00525319081043992 0.109983608713155 -0.148813420688955 -0.303212726069554 0.174712616843427
25.7007959005094 7.47699458648556 6.27783246463935 0.82598289202218 0.305203151322701 0.473923235586616 -0.544012601351918 0.211370977198404 0.812017560565121 0.179016037441992 -0.0312286501011473 -0.0293795189565913 -0.456709476198928 -0.240003759005261 -0.461432070752191
25.5560092858695 7.46394222950003 6.74206333181892 0.844749942205411 0.518205647761455 0.133642700846589 -0.371733919095613 0.38854394270636 0.843117678683961 -0.138179337824284 0.546241526159394 -0.170075696617754 0.421124842314335 -0.563245920475114 0.128106179085032
25.6836923655372 7.54415906547693 7.21843148297005 0.297754750212149 0.889664138972798 -0.346178663146656 -0.423921582530982 0.448133895571696 0.787061876230013 0.691022086391532 0.543449136736458 -0.287722824449584 0.607412744563609 0.365623400731231 -0.119514281669257
25.6803664935667 7.87664212452446 7.6809674421284 -0.0920907121260475 0.691845640109422 -0.716148547118016 -0.301848115558029 0.665968086700933 0.682183301465653 0.537225106798024 0.290747843141881 -0.0151934073661424 -0.53374706316239 0.270548228110662 -0.360631830298643
25.7340524605894 8.30643963026387 7.94564705546199 -0.640849648014662 0.168305807957046 -0.748989169204457 -0.450805364422384 0.707210403532604 0.544635486014327 -0.00114840269892909 0.261382043479231 -0.089166177646216 -0.0574321204363258 0.0402031095086289 -0.192197093392657
25.71948937179 8.77386066653349 8.01021639252305 -0.932870360537918 -0.251672521771066 -0.257708704977969 -0.354172983466771 0.771306514339125 0.528817212148572 -0.279030019097331 -0.0187481252530305 -0.10570082690062 0.163861544104422 -0.0789945841056164 -0.593380936499317
25.7647628042708 9.29819220382041 8.49635407562918 0.426094200794974 -0.0652591260781796 0.902321954204134 0.407610267038444 0.904269888656224 -0.127081581772999 0.275816603961935 -0.256196359187938 -0.112479948530151 -0.129780605771658 -0.190338099686483 0.141419390309556
25.9244094332157 9.74453532187743 8.35616313034568 0.761939294430822 -0.530995216023244 0.370799777501638 0.647601480065042 0.617765360367418 -0.44606967775422 0.200453524764213 -0.0846729981268624 0.289600417718043 -0.221444280149383 0.0500573779681778 -0.0509573751682333
25.4190227463853 10.6011324101504 7.27439435316559 -0.0513109310536075 0.269737206765123 -0.961565861936931 -0.597471064762728 -0.779812657168659 -0.186869899705155 -0.50989667129905 0.0889352481593633 0.0977038036229158 0.0122225407724239 -0.422349461091276 0.529374192856306
24.9500759777149 10.4645332701988 7.07113691254265 0.615205963594221 -0.139575169333747 -0.775912550443202 -0.551449367044938 -0.779545785608236 -0.297004714165529 0.0401408501122111 0.286103804366188 0.57717062162164 0.0207558394405141 -0.041210218048038 0.00204066180149744
24.6894331491321 10.1925830737311 6.66235056833956 0.824407805422442 -0.564832043936542 0.0362829941556974 -0.47078019525698 -0.719895001874663 -0.510016751311884 -0.120241310416373 0.24575122346377 -0.632565275887 0.488801794576156 -0.391581735097261 0.19208986367518
24.5794519797782 9.91686031165017 6.27355640687059 0.516997398053643 -0.641011713712207 0.567289684297053 -0.467024305635849 -0.766632451040344 -0.440639178544919 -0.0683161305633241 0.642436399599004 -0.39582705700947 0.552924411653882 0.104933221360647 -0.00547868795485309
24.5750933496503 9.46191958681575 6.08862139448907 -0.05382074866014 -0.406621450794911 0.912009990179148 -0.539179927608713 -0.756908919625739 -0.369288169085435 -0.0628347462704466 -0.20889566338475 0.219901613520009 0.37369669561096 0.359362127791968 -0.276922156823973
24.5249823029506 9.0007680366378 6.04336173782621 -0.716529638849969 0.23586585770184 0.656469688251198 -0.604058113352268 -0.680457801097036 -0.414838290099944 -0.182246009885482 -0.190288793055497 -0.167839475639528 -0.334756255651826 0.00337068383950083 -0.0441234135781359
24.2287602666709 8.5582524066339 6.03192270388217 -0.457519193211149 0.835253428819748 -0.305004463267558 -0.652800537531536 -0.548409084739033 -0.52258855788177 -0.00882026970303464 0.250984600589495 -0.394269460518287 0.28010102679057 -0.324148340438729 0.159745609920154
24.6758054034707 8.03326222364824 7.33970694949027 -0.0103055566111379 -0.264740536318277 0.964264562712787 -0.998304776365955 0.0579656243754382 0.00524520499511964 -0.112656921140606 -0.213762216594926 0.247433061571908 0.85843237662429 -0.244324038578654 0.00635679355064935
25.2722482260911 8.751409335968 7.26877840448205 0.810656472768885 -0.104981288125393 0.576033813587584 0.473216151899125 -0.461902715523251 -0.75014150424143 0.0510149854008791 -0.245561479205554 0.233170030771818 -0.914926264188978 -0.0846469937719032 0.202667962164623
25.5029904113666 8.69026104112335 6.85382635946633 0.231784138232481 -0.683228181635386 0.692441504024324 0.455064549844872 -0.552979022321897 -0.697947234011024 0.0256616313610719 -0.25311181717239 0.879438488048394 0.0678222012840886 0.514947782962695 0.172609482542393
25.9593151802804 8.59343932402739 6.70249344227132 -0.463568654379729 -0.842052926561851 0.275773047730438 0.627277314661453 -0.531695650705504 -0.56905426568238 -0.114711578163464 0.667258607547417 -0.12494790158029 0.178452631018267 -0.150233537486174 -0.667021510316053
26.3352577000408 8.34088667295301 6.72708545377303 -0.793292775156353 -0.504496911607513 -0.340836199430458 0.572866289094138 -0.42892028414703 -0.698463656230564 0.207138774446395 0.187405247623076 0.0385707458628486 0.37957195766787 0.281061129464903 0.190388051785682
27.0860539788843 7.85903459711804 7.29059561006219 0.380935326177473 0.031969293110197 0.924048783415441 0.754640710673113 -0.588203385804704 -0.290747468554243 0.28237365738739 -0.0377848283200429 -0.196209946581772 0.520172243671838 0.404819072824476 -0.0395446960514554
27.0124420548413 7.91460619664637 7.9594407301444 0.683869674132294 -0.282685009093391 0.672615334810864 -0.712477559087769 -0.0601713560017588 0.699110202048904 -0.137781356364469 0.289502197177331 -0.522448205711594 -0.182011759172334 0.250486845258425 -0.0834187393634017
