#id1 id2 FENE BEXC STCK NEXC HB CRSTCK CXSTCK total, t = 100000
0 1 0.0927533 0 -1.16935 0 0 0 0 -1.0766
1 2 0.0849841 0 -0.939 0 0 0 0 -0.854016
2 3 0.0024031 0 0 0 0 0 0 0.0024031
3 4 0.0317672 0 -1.20837 0 0 0 0 -1.1766
4 5 0.0241527 0 0 0 0 0 0 0.0241527
5 6 0.288315 0 -1.18861 0 0 0 0 -0.900299
6 7 0.000182026 0 -1.21759 0 0 0 0 -1.21741
7 8 4.55966e-06 0 -1.16704 0 0 0 0 -1.16704
8 9 0.000242885 0 -1.31524 0 0 0 0 -1.31499
9 10 0.157836 0 -1.36053 0 0 0 0 -1.20269
10 11 0.110512 0 0 0 0 0 0 0.110512
11 12 0.238817 0 -0.448978 0 0 0 0 -0.210161
12 13 0.0206028 0 0 0 0 0 0 0.0206028
13 14 0.0188169 0 -1.36163 0 0 0 0 -1.34281
14 15 0.068486 0 -1.02903 0 0 0 0 -0.960541
15 16 0.186315 0 -1.3995 0 0 0 0 -1.21318
16 17 0.101403 0 -1.202 0 0 0 0 -1.1006
17 18 8.01439e-06 0 -1.34077 0 0 0 0 -1.34076
18 19 0.271379 0 -0.986402 0 0 0 0 -0.715024
19 20 0.158056 0 0 0 0 0 0 0.158056
10 21 0 0 0 0 0 -1.08249e-06 -0 -1.08249e-06
8 21 0 0 0 0 -0 -0.0983306 -0 -0.0983306
20 21 0.0265359 0 0 0 0 0 0 0.0265359
7 22 0 0 0 0 -3.54288e-29 -0.192455 0 -0.192455
9 22 0 0 0 0 -0 -0.154366 -0 -0.154366
8 22 0 0 0 0 -0.833834 0 -0 -0.833834
21 22 0.100964 0 -0.933159 0 0 0 0 -0.832194
6 23 0 0 0 0 0 -0.12616 0 -0.12616
8 23 0 0 0 0 0 -0.136188 0 -0.136188
22 23 0.00470058 0 -1.24576 0 0 0 0 -1.24106
6 24 0 0 0 0 0 -0.00579222 -0 -0.00579222
5 24 0 0 0 0 0 -0.0536738 -0 -0.0536738
7 24 0 0 0 0 -0 -0.138953 0 -0.138953
23 24 0.056254 0 -1.10507 0 0 0 0 -1.04882
24 25 8.58868e-06 0 0 0 0 0 0 8.58868e-06
25 26 0.0627703 0 -0 0 0 0 0 0.0627703
#Total energy per particle is  -0.749982 and should be -0.74998210

