t = 100
b = 30 30 30
E = -0.752639095022254 -0.973346249065221 0.220707154042967
19.6886300259605 3.65472996148457 16.4627195427554 -0.811286581742021 0.261691232124305 0.522811315784257 0.452440148974617 0.847378570886773 0.277934095656532 -0.438582550246024 0.243193643893134 0.584242570874975 0.385194885802024 0.405177121941215 -0.76798533618326
19.7658230575822 4.08988171411013 16.4162906776423 -0.208935725860476 -0.270109710153014 0.939886422786433 0.578604049670321 0.740679548479311 0.341483595971801 0.0315908521264125 0.160557615445207 -0.625180132662805 0.374228903745738 0.368636077374109 0.307919912346569
19.9837533155552 4.3638992974664 16.7314348381146 0.192239008967981 -0.768562559701957 0.610209502701215 0.70487205721902 0.540771652389891 0.459043881231971 -0.0442922063420243 -0.0392867845115764 -0.342171648941583 0.215852066276157 0.255352515814561 -0.0409677198545136
20.1840933626797 4.55306240414651 17.1418700875529 0.579889804916876 -0.813565059443651 0.0428904709974726 0.682542243672839 0.513895930558686 0.519660413801177 0.199873823107749 0.0226601635246955 0.159378760021032 0.574900850444993 0.379620987185868 0.355954642335243
20.4940786927851 4.6095359613023 17.5567551106353 0.660648062260742 -0.621640876847934 -0.420840396421507 0.737962717876093 0.434980499018666 0.515948527206844 0.626353565201821 -0.090197785927398 0.405280435411676 0.637214927097541 0.482736141116807 0.466254506854782
20.9965102212485 4.64219698658344 17.7700127921358 0.519666653489463 -0.378391395784276 -0.766006790706149 0.84559904092781 0.355925826053579 0.397842882321629 0.617173993632486 -0.00581841632725946 -0.116988068716324 0.482462745722171 -0.0872140602511028 -0.282456836535628
21.4360958529699 4.67827839575232 17.9223659018089 0.256862439020921 0.215939739584911 -0.942014648339912 0.793450585325224 0.509379792314185 0.333119014616571 -0.0598984293787741 -0.302772513510613 -0.359400424030922 0.429665572872729 0.0707063594259869 -0.0187545375119788
21.8897186141534 4.93930841159351 17.9623519086089 -0.242499800300206 0.397603834108094 -0.884932157789014 0.7380361887814 0.667646005631053 0.0977306343504499 0.35844903441434 0.927189110606864 -0.0947690252860896 0.187794660603583 0.636436668229296 -0.452320597348011
22.2445998042192 4.98516880387164 17.8422809728126 -0.533534805754795 0.831008409033971 -0.157370633655604 0.757796425661564 0.552318921862728 0.347402168798302 0.272802708179172 0.254600089360335 0.0737588436915255 0.513803951756987 0.0700687150562538 0.080101747959445
22.448477783745 5.3678157016735 17.6741162559721 -0.578815137278525 0.684744474402095 0.442829451206302 0.76612129274824 0.64265029604889 0.00765838887668587 0.214976157000701 0.416423134400499 0.259722638066957 0.41305319739987 -0.0294232528483204 0.343056843855395
22.7002618945878 5.7643159677499 17.5719589818512 -0.570476723029676 0.337739778868603 0.748657486808681 0.653747377664356 0.738505818645634 0.164995174245286 0.114088629300274 0.0497642915141169 0.0991087773300993 0.781973447703702 0.201779598325126 -0.217689154991578
22.808494618244 6.24018895396283 17.5817350141391 -0.33675490636931 -0.111047974090753 0.935021050965159 0.481073540835195 0.833340686966107 0.272234168210846 0.351908118220788 0.0118046519814812 -0.0300188857334858 0.527704796182505 0.263824759340706 -0.0626176329627019
22.825401169302 6.68745062663086 17.7958186938713 0.298325782733953 -0.583447136103639 0.755374772891839 0.591904427788554 0.733944186043822 0.333129051463499 -0.142292346267408 0.141945234152925 0.163008183887491 0.438676644497717 0.0279393713831812 0.0583813692327301
23.0331765480464 6.94056855494256 18.1684538486663 0.479866177931382 -0.849985189459622 0.217378724302515 0.680645292584355 0.517010239532728 0.519059038390585 -0.301506413605763 -0.314939673134673 0.0312040811497768 0.380049538293665 -0.0187856753812934 -0.335663045994273
23.3222842376378 7.06750498092194 18.5050770978332 0.533374071559797 -0.81765996608475 -0.216666021389236 0.829700564438341 0.455861331847207 0.322160366134592 0.451800231263827 0.155499255343616 -0.174299146239778 0.651920112834435 0.133841987141308 -0.302941750214112
23.5893219625956 7.12536548891313 18.8738029367887 0.550660580583306 -0.317864170557783 -0.771838827362433 0.764320079403834 0.563693592051528 0.313152090274093 0.0183199789092306 -0.0584304360181791 -0.564001677428465 0.320386823694316 -0.0267940397948087 -0.124413288712055
24.0419867146334 7.24963632589268 19.0524290110236 0.103480113677814 0.101772756119041 -0.989410962752727 0.809608890502685 0.569227014149437 0.143226856198532 0.0415016315919596 0.491046636400632 -0.338310455459849 0.467874966937458 0.252934364875421 -0.0157565559673911
24.5052298304939 7.24423266084265 19.0001277334367 -0.310429638728761 0.703161918581713 -0.639684796659734 0.896240480621076 0.440787072695976 0.0495948644974872 0.242129355304487 0.0897849025269401 -0.448075135907611 0.60269680675625 0.189413386436321 0.228283477765419
24.9630427950486 7.42902524972857 18.9231832702817 -0.587410437124951 0.750294861019352 -0.303325701005843 0.799939674354815 0.595106091888456 -0.0771048184423035 -0.221526651380947 0.0512909751015488 0.389535221841866 0.567014837654869 -0.220529371620297 -0.0654806028773205
25.2775635813003 7.72496803261343 18.7200813762356 -0.641980716684857 0.661100689902006 0.38833814927212 0.741026146283192 0.665016876311098 0.0929122722124909 -0.335444273367956 0.035086528985996 -0.380630892941331 0.693190278662112 0.0178169878617353 0.117314818405594
25.5334346957438 8.08821781680402 18.6326703938496 -0.550969752600562 0.231421764199668 0.801795597152011 0.497408419052842 0.862533089536716 0.0928516739831588 -0.255973957147245 -0.0661319025249193 -0.267059430443794 0.350518305310766 0.112079062705026 -0.0294895694215501
25.6266636811041 8.50980736235404 18.7287594825867 -0.279763713317664 -0.222131475293114 0.934018069174911 0.534232382879491 0.772315684973799 0.34369191562918 -0.151069634813202 -0.107875808109683 -0.144221845418679 0.696414014806274 0.154309433290587 -0.149601791881211
25.7544514100757 8.88050107260202 18.9695905805358 0.154392140232933 -0.630469857436163 0.760704086346424 0.562524325006764 0.689053032812089 0.456915955421975 -0.258919308212885 -0.159419761906117 0.14916990528131 0.620808454891083 0.107334215748234 -0.208647146358742
25.7967192993904 9.18660267268668 19.2830603959126 0.622161004336459 -0.724844765538498 0.295830409812319 0.605619721669721 0.685062319681477 0.404863254466192 -0.353314506695556 -0.39627223751811 -0.0156639690167562 0.63783893217884 -0.109723262931184 0.139344960794397
25.9258243221937 9.34546094388307 19.7147227487237 0.834154746629238 -0.342815956092352 -0.432045096846164 0.507667161582107 0.783398304809155 0.358554082256914 -0.444304232122502 -0.528812649091193 -0.035960623812393 0.0489313494040093 -0.782687268588693 0.740036166616804
