t = 100
b = 30 30 30
E = -0.624523949014652 -0.807636119418382 0.18311217040373
24.6105767280176 8.25526550745952 11.0717727519311 -0.827805376856786 -0.291455869182629 0.479365846884696 0.152787003340173 0.705041610063177 0.692511617756827 2.59162756971407 2.64293936155295 3.56573402106668 -0.068210084552991 0.276983540199499 0.0678029840403683
23.7655742203849 8.19711860557128 10.4094945507587 -0.490699024748953 -0.504175154422629 0.710648833747582 0.230032632346478 0.711697642860724 0.663755477844526 0.272273304579955 -0.195659311913113 0.3851543235442 0.263854142200587 0.295549897576007 -0.616979887952016
23.6028602818986 8.56076578888367 10.7238659758968 0.105723237346573 -0.685624451678364 0.720237177726284 -0.187906486115423 0.697472664361518 0.691536646191823 0.719056678567984 0.310227194222238 -0.224360187777351 0.456344758376729 0.221481915941462 -0.257906404578834
23.3199531202138 8.73516641043985 11.1012531892381 0.755030623599073 -0.44657518494779 0.480103366711561 -0.0640174397013145 0.678506650654202 0.731799413150331 0.3124614432403 -0.355678944833384 0.00216029887703188 0.598329068000245 -0.123209584000195 -0.159335004626161
23.3955589604018 8.81675965688261 11.6912322688471 0.97681669359086 -0.214057703061004 0.00288597424724566 0.145797388343615 0.675072467312868 0.723201333032229 0.457266787865381 0.158198368019782 0.165799813774357 0.547917108636625 0.0446884470468235 -0.179732869833981
23.509003633295 8.98500436132542 12.0658515237543 0.929240305831074 0.0463031128225813 -0.366562907305198 0.233196466225102 0.696041463300922 0.679076999474157 -0.102811028101914 0.384776809885771 0.220216837665467 0.338628674880036 0.451255504122445 -0.262788706827093
23.7352652560728 9.13613168670776 12.4538420580168 0.471358460364236 0.329352013310438 -0.81813711452502 0.42359562782461 0.72910608435737 0.537560180649169 -0.0557636170827717 0.411256263556541 -0.376359924867042 0.277740363083181 0.157970949647365 -0.542830161308468
24.1435785098466 9.22096765129398 12.6940608757205 -0.362033136314206 0.666674913498216 -0.651518572462967 0.329677004768753 0.745331759857502 0.579476939673544 -0.200184513665649 -0.142350672353411 -0.419703145371347 0.440932329086123 -0.307074612938529 -0.137239872801774
24.3927255641682 9.6136582388404 12.7447148289861 -0.797757845273534 0.516969951359113 -0.310361677816617 0.295637744965812 0.783949061998115 0.545913981133304 0.0334460270004657 0.572628168828651 -0.0981449753220138 0.443475457739051 -0.0663924609817022 0.194677388002175
24.5184584036466 10.0671341248894 12.8465225804068 -0.98615085727765 0.1367078998293 -0.0939005808906311 0.0696858815606767 0.855318670591165 0.513394325058108 -0.0918478778695889 -0.00773236189825596 0.438387574995553 0.649740796266308 0.425191492630274 -0.0622285190665177
24.4512881173274 10.4836330081775 12.7811768270867 -0.740376094435511 -0.155728253091902 0.653905063037024 0.176627635327112 0.893539887862917 0.412782065606699 -0.42247047233961 0.0673482278881082 0.030638707384251 0.2208922200207 -0.43633109668099 0.163932354237956
24.4385812324401 10.9323144821459 12.9332511771729 -0.399194305045356 -0.587080856616584 0.704258372735281 0.203969285757204 0.692002689290633 0.692480100444587 0.181136545307942 0.185164311828024 0.27334692519468 0.37199629290424 -0.321076678587322 -0.25047958753081
24.2626923557685 11.2719008063635 13.207223873775 0.213538031505983 -0.697601426999106 0.683925170644224 0.070393889408649 0.70923993502168 0.701443724042395 -0.174111061738315 0.0380840729630724 0.522448554600224 0.202724541109512 0.0486850643475057 -0.0325313226402539
24.1577023085194 11.4867082417563 13.6367484420999 0.752145274578159 -0.556264260491885 0.353337571201575 0.201761450517178 0.704807771252924 0.680101612804341 0.412766424966672 -0.100763515668728 0.185536910770751 0.337596460659926 -0.0375330931655498 0.181529751623002
24.1967888257486 11.7966628871035 13.9992581969811 0.883946622789057 -0.463443838726747 -0.0621132971433893 0.349339890701653 0.566256381770122 0.746535489106577 0.390074826078354 -0.198414969850666 -0.0689675951774872 0.367049018849186 0.461597519366067 -0.635717685564208
24.32897485877 11.8662041276218 14.4524829845457 0.856096718973963 0.0509347047419267 -0.514299471302653 0.396109574899339 0.574518716475334 0.716257871595057 0.0194655955067032 0.201025940558339 -0.608414544328574 0.526273026081232 0.194297824883927 -0.103980267486808
24.571243210484 11.9072268227566 14.8501506660932 0.302353870013985 0.603881805529001 -0.737501717724175 0.36266181805441 0.642647013805974 0.67489340433014 0.325538836955124 -0.429789835148864 -0.252614989738692 0.537178111285808 -0.126678540299395 -0.0354596362977373
24.827873779711 12.2374704351458 15.0417587785048 -0.244073553488466 0.59236961547344 -0.767806108318304 0.464481125805974 0.766434965036527 0.443660479308978 0.0508256211129293 0.236846536298609 -0.394764174068118 0.407721207625339 0.324981797025786 -0.139418758903473
25.1426855259282 12.6424304647928 15.1240617898903 -0.741912532421763 0.467919976127302 -0.480225541994872 0.302507903288308 0.872782577259996 0.383065831769903 -0.4177769114437 0.557663996074269 -0.100248246309153 0.684497488920889 0.192604824891461 0.0817222844297905
25.1637514098363 13.0852830082731 15.0168454374716 -0.898798140668698 0.245617128775617 0.363089538924566 0.40783951620757 0.772203485508381 0.487204873675312 -0.527369853020693 0.187118652702595 -0.649503516883547 0.508084555541412 -0.281571808239121 0.764773942514451
23.7616801792679 13.9167500310995 15.1825701301842 -0.87269749184116 0.105004357564946 0.476836513209156 0.352844815053499 0.810662908704681 0.467253749018332 -6.47310094410435 1.82221905358227 -0.0865412191278045 0.161319423713538 -0.580752366886043 -0.649348969371727
25.1203308246824 14.1089916180854 15.2872075489197 -0.433163490385773 -0.556183762443791 0.709245299053249 0.0822224756371115 0.759235014417636 0.645601687823864 0.15975254628722 -0.105676867699767 -0.232369292459967 0.120628194633654 -0.051829452668219 -0.279578827799397
24.8825563612694 14.3790796938396 15.585407617314 0.330972335010139 -0.623934673174821 0.707928470191054 0.00368778718055558 0.75105947071658 0.660224171556432 -0.669862888830889 -0.115488421794376 -0.249484693203195 0.470656446090124 0.121615940507612 0.0813269577025569
24.8694569081623 14.6289705798536 15.9996472290915 0.726867209841557 -0.533018167738729 0.433076867401273 0.00350966316555091 0.633466910974654 0.773761748891174 0.244881645432057 0.508890172198004 -0.103577523961453 0.294719507379588 0.162071970613793 0.233153557922359
24.8767073122506 14.8177257573965 16.4506674473836 0.939821423109039 -0.337641117169194 -0.0522881505720475 0.257654609149853 0.599875131924729 0.757471988713395 -0.0453891804464489 -0.164014396403828 0.361180745607485 0.611803708312201 0.455940340257156 -0.140214495289823
24.979062219603 14.7751377456265 16.9144005815671 0.739682043384424 0.505310779887392 -0.444445020011049 0.179462442556396 0.48840284774183 0.853964742266428 0.00895373758516401 0.594996708596283 0.235307037282451 0.490817018624233 -0.838540807137861 0.320063476804326
25.2506028773694 14.9911287046813 17.2600968978166 0.225682265690824 0.663245764782993 -0.713563210220177 0.295585053268278 0.651312826106661 0.698871205719248 0.58589299785085 0.445782942921236 -0.574748425978704 0.233586675685569 -0.197567138967191 0.473878764943461
5.61870336403813 21.1232701014244 14.3045032197072 0.514529581248458 0.619714227631476 -0.592632658352384 0.774512425417076 -0.0393070262119395 0.63133616186029 -0.166437435248971 0.122516672431302 -0.600708136171994 0.393285871630125 -0.36132657466281 -0.322256565897681
6.11885557307277 21.1121943765887 14.4617283839341 -0.0286942680085214 0.941972121079483 -0.334462319202401 0.76236917771824 0.23703323995298 0.60216971117908 -0.0246683280967812 -0.0289648618642173 0.0792753300315587 0.58060794297778 0.164519343491337 0.138043605404029
6.54500873268826 21.3424220023566 14.4459213638328 -0.447411626351549 0.846843314326701 0.287539771404436 0.87385921743348 0.345566130354701 0.341985394131641 -0.58523224960264 0.125616383611661 -0.204604878968123 0.491845331052476 0.0524396632487306 0.128634889281216
6.93782325929583 21.6463492253762 14.4730653295972 -0.604486642728863 0.420598066703385 0.676530152446463 0.782906419168983 0.470539897830374 0.407000777626282 -0.271644340444472 -0.0672244049260486 0.494668029402698 0.824256376812115 -0.595244225429092 0.179215691796598
7.33966658556173 21.9489940823443 14.6239202519054 -0.665863228393846 -0.0231472265930653 0.74571458920598 0.578406840521484 0.615312772978702 0.535570363813566 0.25372237607079 -0.30513625071396 0.499378605349713 0.401258850346912 0.0709713710375162 0.00090869681568958
7.5102602810913 22.3935235832249 14.8635043740718 -0.329938733639997 -0.685563253820149 0.648955574962531 0.603607551736038 0.375345192938863 0.703401587779903 0.0456980404031229 -0.15772365594035 0.54010228850149 0.426799849197118 -0.0158515254714666 0.0913305551983465
9.12017397509615 21.7051791721879 15.4703084954352 -0.0209800144729301 -0.958712865155061 0.283600708721743 0.63895010825519 0.205316816880556 0.741341788004239 6.25605680347404 -3.76140238470879 0.479688979065871 0.262124730932046 0.279549043954212 0.114688136797735
7.64131096794936 22.6972641753051 15.7525488214608 0.374261421410793 -0.910081779814851 0.177987172017367 0.601902097758171 0.384417868111933 0.699954747952671 0.152608217673681 -0.193594914814394 -0.402486127859197 0.314476093705656 -0.199103355058404 -0.648366077032855
7.73165195050227 22.7509256125206 16.2371034324598 0.695542560791029 -0.455157628175858 -0.555924419823185 0.67899234706982 0.163410434016849 0.715727816078741 0.107858630987773 -0.364656692356403 0.0226898366202936 0.177295132964267 -0.0493338765608571 -0.102756569435156
8.07729884315199 22.5981339730097 16.5788188497411 0.562548790215044 0.169675760602019 -0.809165543602853 0.818245860538978 0.0258683655063443 0.574286016696598 -0.144776718210425 0.135000779145636 -0.393838283335316 0.392912137149104 -0.306373035661969 -0.137873748665743
8.60901281915618 22.5129655188256 16.7080597888537 0.310798368379475 0.618580428145293 -0.721638766227762 0.826831618861191 0.198502002445902 0.52625688863454 0.568356520760896 0.12914271860825 -0.442558691871226 0.771415244447182 0.153183677632061 0.0331477742288937
9.04668951110259 22.355788563362 16.7481983549267 0.0111963851674695 0.979386214077155 -0.201685809929725 0.790712472095701 0.114792672988392 0.601328787371507 0.19142097502166 0.672910527179638 0.122420121007298 0.41585068979854 -0.0750882340685987 0.456210253933774
9.49039391083949 22.5982001977727 16.8645662403379 -0.468867558239263 0.874531739345726 0.123924696963543 0.758501659009889 0.326763120924717 0.563827081189267 -0.352501910790105 0.521048072749792 -0.197190171747052 0.265161453145072 -0.212197401335837 -0.251668810111749
9.95408754630731 22.8021859456715 16.9214580492098 -0.74947181143597 0.545445300455521 0.375208356445103 0.648981325865637 0.493311307448837 0.579195197757691 0.208775585677848 0.111943603694892 0.444947805433565 0.642053073626052 0.609981551360481 -0.0763505901174423
10.1303481861441 23.2340041417216 17.0042008847479 -0.619154599543034 -0.0852249733337065 0.780630621096759 0.636074950915049 0.528523767067145 0.562202075123333 -0.0980192974692645 -0.417181254782934 0.288018849226981 0.582624088138166 -0.24978597976968 -0.0287727442590878
10.2439094319073 23.6169827415466 17.1986741575725 -0.157006612721531 -0.67234833326361 0.723392373170813 0.585575732548101 0.526452652213867 0.61639967145749 -0.493136817046561 -0.123223151249051 0.0322458563339112 0.428589782033121 -0.429830987639231 0.168257913729386
10.4749685760321 23.8445842943146 17.5798055532961 0.0248767181415128 -0.930802780671068 0.364674119267218 0.612332848174936 0.302534602896951 0.730425342467557 0.358168973779121 -0.0607204225684625 -0.232207538888318 0.472362454467366 0.0390387773531866 -0.117658557161534
10.5503402851113 23.8795001460936 18.0287797751937 0.465188508241458 -0.881540706908372 -0.0805326932850468 0.664841372131954 0.287866811807702 0.689288423147003 0.366080863376062 -0.127570306354555 -0.148417830542037 0.74000216974331 0.0931608560509375 -0.052724185339322
10.6211357973491 23.7281066715835 18.4733514134109 0.795628679777558 -0.457660784176347 -0.396889772376094 0.522431336964862 0.186720329204231 0.831986120220473 0.0215352011342387 -0.343082179558922 -0.159754969225012 0.58824267913687 0.120555571725295 0.270278684134857
10.9111516443241 23.6634706410837 18.859305262298 0.669212726722681 -0.174277649947547 -0.722344457464141 0.739108501006407 0.0558627595230153 0.671265866216943 -0.307053762702441 0.332783648805472 -0.765959210977983 0.192430197315635 0.162556875484056 -0.265320217452749
11.2926786723316 23.5377786203718 19.0416466906047 0.32493039184585 0.644748641908728 -0.691895447474383 0.748017979283379 0.272454302456728 0.605175707241861 -0.313019038056664 -0.0111454470575091 -0.72914797080703 0.393729832300222 -0.183230882333604 -0.414637862140592
11.742785849603 23.5446670507567 19.1177694156643 -0.0640136931246787 0.924464319360121 -0.375856156146587 0.78939179688946 0.277327698132451 0.547676748361577 -0.132390425701548 0.270472454300853 -0.209818538020506 0.55457405782813 0.166248328548023 0.177508707598799
12.2198068537739 23.6318624403302 19.0151607314467 -0.383532964790672 0.885146647623306 0.263472501199081 0.792160661930273 0.168650591932913 0.586547819319636 -0.155244427265825 0.150834292466708 -0.0250374439900906 0.142939431124622 -0.2881369606106 0.390343127941593
12.6246809035943 23.7830554880704 19.2895110552258 -0.777499191200449 0.56204480514688 0.28213565697297 0.55230402299482 0.395698016719676 0.733746023189665 -0.268799054671916 -0.333730574454339 0.118174717589385 0.0489296678895997 0.339407714190941 -0.190516887310516
12.7600452188658 24.1860973066019 19.4065244637259 -0.53667078461601 -0.334874717759666 0.774495502301056 0.655648598231938 0.412275484564316 0.632577049357545 -0.849907972914312 0.0393903034042176 0.205030777301504 0.243253033125219 -0.010243556380581 0.559907975492569
29.5875291497057 8.79560825070262 18.876823408682 0.0336044475239737 -0.310001618208049 0.950141896032353 0.320222559165683 0.903899800110156 0.283588691052493 0.0840288639179493 -0.235001397468755 0.35072303882847 -0.212805676122156 -0.344439790359379 -0.360885923341502
29.4882780264251 9.18557756612082 19.1648624348114 0.801092257737977 -0.383871499938794 0.459231694438638 0.302230297514257 0.921683935857362 0.243218939516319 -0.442343907819547 -0.328688831007932 -0.310649552405055 -0.196468568962374 -0.143419377110811 0.0849113501456224
29.5987685814473 9.54814203658705 19.431866255517 0.93890855457453 -0.333595469013341 -0.0846443770624479 0.343553224764824 0.893772175810842 0.28834417145864 -0.117699141700661 -0.227398059423056 0.0774500177176371 0.237239146241336 0.405090105506143 0.00979501408584617
29.8565274852195 9.76232285578657 19.8381021341695 0.78620792356351 0.112186387344361 -0.607693342617027 0.283479753900682 0.808333480970654 0.515980713449268 0.129174731831446 -0.0685913371327052 -0.446219572366625 0.341748655764445 -0.157337729581407 0.272442656213137
30.0313620286697 10.0114796972032 20.1934940984404 0.421099535067918 0.254985473368701 -0.870435219150653 0.420488311290914 0.795431588585537 0.436437915131443 -0.196319122073607 -0.557742917819242 -0.393639407642597 0.5395430923879 0.311330749564661 -0.0507626588723764
30.3924957723238 10.2308700344678 20.4088354034553 -0.150896938515413 0.478427094475245 -0.86506503225625 0.480002625812628 0.800461499949431 0.358969015015805 -0.123781012652397 0.04902356536318 -0.0203110387106081 0.377318546303673 -0.661817504684244 -0.192482271532316
30.7460677487743 10.5735834763259 20.5141320110912 -0.639409061676847 0.478950446933599 -0.601466875841158 0.380360436837322 0.876891319159669 0.293917395955204 -0.47309064108611 0.155335592162457 -0.20194774911625 0.528137528629159 -0.258278264440819 -0.334666353964368
30.9665650516442 10.9542871795478 20.431836251968 -0.936098023154142 0.3508758111171 -0.0246279742351376 0.341042431204113 0.922539049329343 0.180586954324133 -0.40049201668696 0.301739040245762 -0.0790348684710941 0.58853465980075 0.312175174819459 0.119050053773149
30.9731290253336 11.4062729571338 20.2788147853573 -0.790041689329956 0.146397228633522 0.595316606045795 0.290260556859093 0.944653703161024 0.152898903021884 -0.338788885875669 0.547405938199546 0.467481663940001 0.439327657197814 -0.170359093908963 0.275087791339438
30.8516225203587 11.8876750081013 20.3250781704019 -0.375123048984713 -0.166541691560312 0.911891684317562 0.19407743018345 0.947816033837055 0.25293991231074 -0.522381215811742 -0.55739807174447 0.452663172017589 0.419289466306662 -0.364365002768023 -0.22445684286526
30.7255608666537 12.3167666883396 20.4287700344664 0.0623453598378932 -0.297749947832499 0.95260585124947 0.253352396156825 0.927920225315675 0.273452920379159 0.153519482983144 -0.337217945255281 0.843932891780999 0.41515602245226 -0.014789478141257 -0.09376297008704
30.5414470767248 12.7182227082436 20.640864668197 0.686486116511728 -0.370723394435093 0.625540452455842 0.203220319123675 0.923807630060444 0.324470099289322 0.421248319082732 -0.369263840108173 0.0650577462253754 -0.0278115520334507 -0.245198337647458 -0.121892944637631
30.5941302608087 13.04664208532 21.0023849409909 0.914726571276641 -0.387495961123626 0.114551570999865 0.355421704853076 0.906444889307202 0.228107338531898 0.0423213274845331 -0.330494810982581 0.276657080074597 0.352831570587239 0.526677411436209 -0.249959933870371
30.7629626599256 13.3076259785209 21.4133900711009 0.878386703314551 -0.274565825521825 -0.391216427973661 0.419635481697198 0.834849125125546 0.356276413149252 0.0267524073669576 0.173914788342495 -0.696762437893705 0.282823137475481 0.445587954899501 -0.227120888760259
31.0574804205416 13.4850866009766 21.6745744845876 0.52390294142994 0.0607715957964437 -0.849607206297558 0.37926748694866 0.876473089320166 0.296565302918431 0.0705111733837043 -0.376554758051355 -0.806338627814204 0.544164072537378 0.387731030412629 -0.423349985287219
31.4717231197036 13.6447158277115 21.8892901115809 -0.0542703942348046 0.434517174704958 -0.899026935795606 0.256855240122198 0.876130952853845 0.407945854083491 -0.445894611199172 0.143015078028031 -0.0624974980156401 0.601027817468348 -0.0343563930650692 -0.0271432107125765
31.80051724238 13.941722022281 21.8810797529625 -0.731359446926679 0.518226384116953 -0.443344850542595 0.461211512516247 0.854708671472659 0.238237098300241 0.220462843663212 0.5940975130573 -0.233808414787816 0.26244209424128 -0.00546906469843784 0.374348511178122
31.9949136390564 14.4189283957264 21.7501598321207 -0.975962640369891 0.211152654077199 0.0539570536340042 0.217691470907482 0.956274107910755 0.195320604918484 -0.376003075353271 0.228384828430507 -0.177807806203639 0.500206501504486 -0.0938132303378416 0.456514334546229
31.3333321715668 14.5059936561982 20.8621612791281 -0.69775144665935 0.438284376244936 0.56661239448908 0.540036171438799 0.841523767711081 0.0140912930005902 -2.95079808598434 -1.79004483127042 -2.87981056059336 0.295767078468885 -0.741183077451408 -0.134478758718584
31.8653103232009 15.2393396875924 21.5567353950679 -0.61729921236949 -0.127362673528864 0.77635064179753 0.24795465292447 0.905019447523787 0.345627213214569 -0.222706205728405 -0.678113418996703 -0.047142628779031 0.152076773069611 -0.435605290544285 -0.610394857677658
31.7812032214794 15.7099428053226 21.7552797716787 0.148284937179469 -0.337331948702991 0.929633591628832 0.135518705847247 0.938089266820949 0.318783766730476 0.0612280359754337 -0.501573498457659 -0.160583197805681 0.315555811545221 -0.0178394868191265 -0.149857582430947
31.7243241115052 16.1806041588298 22.0515299355558 0.586808093891359 -0.435442805827558 0.682675403808375 0.120558479611734 0.880681119924432 0.45811166932654 0.461028527638885 -0.363081744546351 0.195181359373334 0.377994847866733 -0.139492809746293 -0.458320803115544
31.5951869995999 16.4525753991326 22.423408436662 0.993099136607189 -0.0415889361199833 0.109655579788348 0.00287479398620998 0.943362145557411 0.331752134452302 0.180407719306553 -0.31632760977972 -0.312385765340245 0.424694080192074 -0.286690030276018 0.256506907584931
31.6347293282812 16.8607573350851 22.7107172336644 0.906091283243781 -0.005557623627433 -0.423045601145978 0.227888911745386 0.848874465459784 0.47694723775029 -0.132170700944507 0.490706099392191 -0.146748252210529 0.158857913395402 0.122834079885534 -0.0890017151609718
31.9138034264068 17.1657165946776 23.0566299566752 0.402587707216434 0.246848347731045 -0.881469745494338 0.469636280689936 0.77086052268691 0.430366944575063 0.0824266736884864 0.322528403755988 -0.586957742930399 0.286709723169928 0.102614289105884 0.131061406788486
