t = 0
b =  30.0 30.0 30.0
E = 0. 0. 0.
23.946025957537145 7.658546148468768 10.290932656703754 -0.8127981697910521 -0.23682842492604828 0.5322324983795738 0.19141091069325472 0.7543318014627982 0.6279692640324593 0.0 0.0 0.0 0.0 0.0 0.0
23.734418587558057 8.140981176561024 10.396591857715858 -0.33577778140107234 -0.5508692773235876 0.7640656521650229 0.19141091069325472 0.7543318014627982 0.6279692640324593 0.0 0.0 0.0 0.0 0.0 0.0
23.446270661743327 8.49784553555424 10.676419848180338 0.2688102000483029 -0.65562568122273 0.7056174901965102 0.19141091069325472 0.7543318014627982 0.6279692640324593 0.0 0.0 0.0 0.0 0.0 0.0
23.219398029487735 8.705259999883445 11.117093367737398 0.771272692232452 -0.5112989273485182 0.3790934464070299 0.19141091069325472 0.7543318014627982 0.6279692640324593 0.0 0.0 0.0 0.0 0.0 0.0
23.168337031694662 8.79612385763551 11.644181250331133 0.980715793645739 -0.17272116251240932 -0.09145453577690849 0.19141091069325472 0.7543318014627982 0.6279692640324593 0.0 0.0 0.0 0.0 0.0 0.0
23.3408302299214 8.847615920958194 12.150422068616901 0.8175685683593382 0.23147625970600405 -0.5272574107809016 0.19141091069325472 0.7543318014627982 0.6279692640324593 0.0 0.0 0.0 0.0 0.0 0.0
23.69968820903048 8.951873004964273 12.536474543524985 0.3438133749356994 0.5477319807854262 -0.7627463801554206 0.19141091069325472 0.7543318014627982 0.6279692640324593 0.0 0.0 0.0 0.0 0.0 0.0
24.136918457774257 9.1809856112248 12.748658957076792 -0.26056226787909936 0.6558951647740995 -0.708455247269478 0.19141091069325472 0.7543318014627982 0.6279692640324593 0.0 0.0 0.0 0.0 0.0 0.0
24.51475352935639 9.559609540933355 12.799350974721944 -0.7659459487578246 0.514872809682728 -0.3850101212057795 0.19141091069325472 0.7543318014627982 0.6279692640324593 0.0 0.0 0.0 0.0 0.0 0.0
24.717991197818655 10.055598743809583 12.76227992312388 -0.9803339577701005 0.1782416659785664 0.08470678692994893 0.19141091069325472 0.7543318014627982 0.6279692640324593 0.0 0.0 0.0 0.0 0.0 0.0
24.69776170976097 10.592218140054008 12.7445177862718 -0.8222767059157993 -0.22610646667258916 0.5222421704890359 0.19141091069325472 0.7543318014627982 0.6279692640324593 0.0 0.0 0.0 0.0 0.0 0.0
24.49009422071681 11.077296560105966 12.845800768615069 -0.35182278575069836 -0.5445529723363003 0.7613690220558743 0.19141091069325472 0.7543318014627982 0.6279692640324593 0.0 0.0 0.0 0.0 0.0 0.0
24.202228716590653 11.438244112979481 13.120637843492487 0.252294492884388 -0.6561146993692728 0.7112390527324676 0.19141091069325472 0.7543318014627982 0.6279692640324593 0.0 0.0 0.0 0.0 0.0 0.0
23.971873750055952 11.649630299487093 13.557601882819437 0.7605608755337181 -0.5184074824590721 0.39089747599316954 0.19141091069325472 0.7543318014627982 0.6279692640324593 0.0 0.0 0.0 0.0 0.0 0.0
23.914888659030247 11.742845484056444 14.083671014098638 0.9798774656680596 -0.18374859565177137 -0.07795258733321137 0.19141091069325472 0.7543318014627982 0.6279692640324593 0.0 0.0 0.0 0.0 0.0 0.0
24.081266667135463 11.794175170465316 14.591970850642452 0.8269222239175301 0.22071945475632745 -0.5171871594339471 0.19141091069325472 0.7543318014627982 0.6279692640324593 0.0 0.0 0.0 0.0 0.0 0.0
24.436141622201824 11.89581786353084 14.98237785791998 0.3598054038984243 0.5413324940700054 -0.7599336827575408 0.19141091069325472 0.7543318014627982 0.6279692640324593 0.0 0.0 0.0 0.0 0.0 0.0
24.873034230408123 12.120857315652675 15.19955795830158 -0.24400750468724658 0.6562842682898349 -0.7139686945879201 0.19141091069325472 0.7543318014627982 0.6279692640324593 0.0 0.0 0.0 0.0 0.0 0.0
25.254305320243258 12.495496787381189 15.253988872286808 -0.7551178826543092 0.5219026764985277 -0.396755062424344 0.19141091069325472 0.7543318014627982 0.6279692640324593 0.0 0.0 0.0 0.0 0.0 0.0
25.463447264967524 12.989103990639236 15.21797945730849 -0.9793463521032589 0.1892415321580029 0.07119245134514018 0.19141091069325472 0.7543318014627982 0.6279692640324593 0.0 0.0 0.0 0.0 0.0 0.0
25.449347177914678 13.525848807107193 15.198198363854369 -0.8315047685903509 -0.2153156341990389 0.5120927625742935 0.19141091069325472 0.7543318014627982 0.6279692640324593 0.0 0.0 0.0 0.0 0.0 0.0
25.245705552698325 14.013512417984563 15.29514883174208 -0.36776062147160077 -0.538070791238436 0.7584404715670601 0.19141091069325472 0.7543318014627982 0.6279692640324593 0.0 0.0 0.0 0.0 0.0 0.0
24.958232882245916 14.37852277506871 15.564985828987869 0.23570193437390896 -0.6564038586224616 0.7166439649630352 0.19141091069325472 0.7543318014627982 0.6279692640324593 0.0 0.0 0.0 0.0 0.0 0.0
24.724488475150412 14.59390585192609 15.998181840596214 0.7496173846245779 -0.5253581256285427 0.40258243442141284 0.19141091069325472 0.7543318014627982 0.6279692640324593 0.0 0.0 0.0 0.0 0.0 0.0
24.661619374466827 14.689533527516026 16.523146530798194 0.9787406575220516 -0.19472005718888513 -0.0644268937762687 0.19141091069325472 0.7543318014627982 0.6279692640324593 0.0 0.0 0.0 0.0 0.0 0.0
24.821854237461512 14.740774759942882 17.03342510853668 0.8360239909557413 0.209895416522575 -0.5069593678681246 0.19141091069325472 0.7543318014627982 0.6279692640324593 0.0 0.0 0.0 0.0 0.0 0.0
25.17266079550009 14.839861659170428 17.428142282418126 0.37568783264960837 0.5347681122328855 -0.7568895021982502 0.19141091069325472 0.7543318014627982 0.6279692640324593 0.0 0.0 0.0 0.0 0.0 0.0
5.678309540452613 21.167444565542702 14.40903281305375 0.33358836732994707 0.6393467710704375 -0.6927874908685534 0.7291583668880168 0.2908120870862764 0.6194807551504118 0.0 0.0 0.0 0.0 0.0 0.0
6.210755577502804 21.10323278174429 14.441639048183433 -0.08015694955298933 0.9352793263497129 -0.3447135697085143 0.7291583668880168 0.2908120870862764 0.6194807551504118 0.0 0.0 0.0 0.0 0.0 0.0
6.724929835380248 21.252217949815897 14.395667814251633 -0.463449301148016 0.8758836285122833 0.13432279988733092 0.7291583668880168 0.2908120870862764 0.6194807551504118 0.0 0.0 0.0 0.0 0.0 0.0
7.13346081047855 21.6008608185666 14.380315466780623 -0.6706695147778041 0.4837250962096994 0.562327692048526 0.7291583668880168 0.2908120870862764 0.6194807551504118 0.0 0.0 0.0 0.0 0.0 0.0
7.389112648580605 22.059768838218734 14.49314573440574 -0.6230911667471811 -0.09220868759527265 0.7766948923828416 0.7291583668880168 0.2908120870862764 0.6194807551504118 0.0 0.0 0.0 0.0 0.0 0.0
7.502730835617049 22.497657884632172 14.783023627188266 -0.33879006694053937 -0.6331108493357566 0.6959827174548099 0.7291583668880168 0.2908120870862764 0.6194807551504118 0.0 0.0 0.0 0.0 0.0 0.0
7.539121816234352 22.791229293018667 15.231550802313743 0.07422304356466985 -0.9334836143646623 0.3508550719551925 0.7291583668880168 0.2908120870862764 0.6194807551504118 0.0 0.0 0.0 0.0 0.0 0.0
7.592431941967654 22.872013082138633 15.760055402131076 0.45903757887654906 -0.8792103472826873 -0.1275682813641862 0.7291583668880168 0.2908120870862764 0.6194807551504118 0.0 0.0 0.0 0.0 0.0 0.0
7.750379698249502 22.752380844931118 16.2594808081975 0.6694560632741826 -0.49091036965490986 -0.5575263117653851 0.7291583668880168 0.2908120870862764 0.6194807551504118 0.0 0.0 0.0 0.0 0.0 0.0
8.060929985219166 22.52084557351425 16.631818073954417 0.6255369965254576 0.08389466498845677 -0.7756707749840677 0.7291583668880168 0.2908120870862764 0.6194807551504118 0.0 0.0 0.0 0.0 0.0 0.0
8.514071450229357 22.308434093621248 16.8273411621472 0.34396596637585286 0.6268267137587097 -0.6991249422625272 0.7291583668880168 0.2908120870862764 0.6194807551504118 0.0 0.0 0.0 0.0 0.0 0.0
9.04561996809783 22.238907782852674 16.86349869775324 -0.06828348520421895 0.9316168139882484 -0.35696985522975233 0.7291583668880168 0.2908120870862764 0.6194807551504118 0.0 0.0 0.0 0.0 0.0 0.0
9.561603263365457 22.38174355414609 16.81828494362759 -0.4545908991162166 0.8824701107811436 0.12080404802251321 0.7291583668880168 0.2908120870862764 0.6194807551504118 0.0 0.0 0.0 0.0 0.0 0.0
9.97396254887582 22.725738414959025 16.800608476049774 -0.6681916300994402 0.49805825837483314 0.5526824736950509 0.7291583668880168 0.2908120870862764 0.6194807551504118 0.0 0.0 0.0 0.0 0.0 0.0
10.234007531280337 23.183265671439933 16.908915995740923 -0.6279351892395856 -0.07557425347809166 0.7745875872526455 0.7291583668880168 0.2908120870862764 0.6194807551504118 0.0 0.0 0.0 0.0 0.0 0.0
10.35091466753968 23.62356577446256 17.193790780318746 -0.3491156714711105 -0.6204948429005528 0.7022139259991171 0.7291583668880168 0.2908120870862764 0.6194807551504118 0.0 0.0 0.0 0.0 0.0 0.0
10.388240875502245 23.922424058522108 17.638735251423263 0.06233872679199748 -0.9296790673845489 0.36305745386776966 0.7291583668880168 0.2908120870862764 0.6194807551504118 0.0 0.0 0.0 0.0 0.0 0.0
10.439777198198534 24.009361969918956 18.166438680560553 0.45010960049889415 -0.8856626707640427 -0.11403061498487327 0.7291583668880168 0.2908120870862764 0.6194807551504118 0.0 0.0 0.0 0.0 0.0 0.0
10.593916018491267 23.894413047647724 18.668148827424066 0.6668763115450544 -0.5051682180300713 -0.5477965467145492 0.7291583668880168 0.2908120870862764 0.6194807551504118 0.0 0.0 0.0 0.0 0.0 0.0
10.90006931498399 23.664311014181397 19.044988734227555 0.6302855622579009 0.0672480866957256 -0.773445411677518 0.7291583668880168 0.2908120870862764 0.6194807551504118 0.0 0.0 0.0 0.0 0.0 0.0
11.349896225225361 23.449538184193322 19.24552173510266 0.3542387900563271 0.6141157189577645 -0.7052494334265125 0.7291583668880168 0.2908120870862764 0.6194807551504118 0.0 0.0 0.0 0.0 0.0 0.0
11.880471878806214 23.37475305166485 19.285293105437482 -0.05638922104437882 0.9276705221204682 -0.36911740427504275 0.7291583668880168 0.2908120870862764 0.6194807551504118 0.0 0.0 0.0 0.0 0.0 0.0
12.398193607675712 23.511430443842936 19.240924151853516 -0.44559402429282574 0.8887877841055797 0.10724849807441278 0.7291583668880168 0.2908120870862764 0.6194807551504118 0.0 0.0 0.0 0.0 0.0 0.0
12.814342164687023 23.850707039373635 19.22100249678019 -0.6655102077776303 0.5122397071696672 0.5428689029061328 0.7291583668880168 0.2908120870862764 0.6194807551504118 0.0 0.0 0.0 0.0 0.0 0.0
13.078787648895116 24.306748692271302 19.324827825205713 -0.6325879365904028 -0.05891679871119704 0.7722443352397736 0.7291583668880168 0.2908120870862764 0.6194807551504118 0.0 0.0 0.0 0.0 0.0 0.0
29.78251913274725 8.957742009858869 18.76715542814868 0.19002130971042 -0.4218180750301058 0.8865446483025166 0.25063724845118684 0.8939186367205344 0.37160522145486496 0.0 0.0 0.0 0.0 0.0 0.0
29.567898026969313 9.311413846417834 19.109995208655587 0.7105383019375436 -0.4305773357910613 0.5565415342836362 0.25063724845118684 0.8939186367205344 0.37160522145486496 0.0 0.0 0.0 0.0 0.0 0.0
29.515244149475166 9.566935565735092 19.579698649414055 0.9611099136916963 -0.27575306781583736 0.015098986512157242 0.25063724845118684 0.8939186367205344 0.37160522145486496 0.0 0.0 0.0 0.0 0.0 0.0
29.6816753070484 9.759599364567146 20.052843904623057 0.8465398003335346 -0.01616559903194209 -0.5320799186768824 0.25063724845118684 0.8939186367205344 0.37160522145486496 0.0 0.0 0.0 0.0 0.0 0.0
30.04107523874408 9.948578214591217 20.404701525627743 0.4103550634379697 0.2495634510985907 -0.8771127668587324 0.25063724845118684 0.8939186367205344 0.37160522145486496 0.0 0.0 0.0 0.0 0.0 0.0
30.494015620062285 10.194445061145737 20.556621263828593 -0.18173042282847124 0.4204791736783754 -0.8889158103675148 0.25063724845118684 0.8939186367205344 0.37160522145486496 0.0 0.0 0.0 0.0 0.0 0.0
30.905530545778586 10.536160148570639 20.50591261508639 -0.7047734830917356 0.43164782814085734 -0.5630048756378792 0.25063724845118684 0.8939186367205344 0.37160522145486496 0.0 0.0 0.0 0.0 0.0 0.0
31.15639233384839 10.976269372002069 20.326866987227557 -0.9600613139441827 0.2788262559257949 -0.0231989757138632 0.25063724845118684 0.8939186367205344 0.37160522145486496 0.0 0.0 0.0 0.0 0.0 0.0
31.188408115196253 11.479937049245063 20.142533152124795 -0.8506058002600486 0.020073927358123293 0.5254206029500392 0.25063724845118684 0.8939186367205344 0.37160522145486496 0.0 0.0 0.0 0.0 0.0 0.0
31.026528277610485 11.988180578860968 20.077968959996877 -0.417990921686535 -0.24630482183106694 0.8744241099892013 0.25063724845118684 0.8939186367205344 0.37160522145486496 0.0 0.0 0.0 0.0 0.0 0.0
30.769367396274166 12.44027891659049 20.21272977125479 0.17342569647122635 -0.41910825120961714 0.8912192780519763 0.25063724845118684 0.8939186367205344 0.37160522145486496 0.0 0.0 0.0 0.0 0.0 0.0
30.551738907905314 12.796841515269518 20.550644044986907 0.6989549930165488 -0.432685448837347 0.5694253419910805 0.25063724845118684 0.8939186367205344 0.37160522145486496 0.0 0.0 0.0 0.0 0.0 0.0
30.493437232187233 13.054773452271608 21.018358843342885 0.9589396018105838 -0.281878210336843 0.03129719822375032 0.25063724845118684 0.8939186367205344 0.37160522145486496 0.0 0.0 0.0 0.0 0.0 0.0
30.653725868874954 13.248451242358103 21.49320783901873 0.8546070232616185 -0.023980726977015823 -0.5187212744100325 0.25063724845118684 0.8939186367205344 0.37160522145486496 0.0 0.0 0.0 0.0 0.0 0.0
31.008822203405405 13.436662624975632 21.849814303871224 0.4255949483080964 0.24302743549775374 -0.8716688623382234 0.25063724845118684 0.8939186367205344 0.37160522145486496 0.0 0.0 0.0 0.0 0.0 0.0
31.460932919794054 13.680272119161744 22.00772382412662 -0.1651077630757501 0.41770541202488654 -0.893454875937918 0.25063724845118684 0.8939186367205344 0.37160522145486496 0.0 0.0 0.0 0.0 0.0 0.0
31.875407316394462 14.019097575162048 21.96197027729937 -0.6930832748125292 0.43369011886169884 -0.575802444399869 0.25063724845118684 0.8939186367205344 0.37160522145486496 0.0 0.0 0.0 0.0 0.0 0.0
32.13189335869346 14.456782707402954 21.78496254515352 -0.9577448627136211 0.2849086986308391 -0.03939303733082039 0.25063724845118684 0.8939186367205344 0.37160522145486496 0.0 0.0 0.0 0.0 0.0 0.0
32.1700614294014 14.959412786461428 21.598975168908602 -0.8585431646296214 0.02788570037070491 0.5119824432366686 0.25063724845118684 0.8939186367205344 0.37160522145486496 0.0 0.0 0.0 0.0 0.0 0.0
32.012524558717914 15.468399411796826 21.52969420670904 -0.4331665642265861 -0.23973154168430744 0.8688472337285758 0.25063724845118684 0.8939186367205344 0.37160522145486496 0.0 0.0 0.0 0.0 0.0 0.0
31.756247356089382 15.922739224662124 21.658466998776216 0.1567772560848752 -0.41627076295581705 0.8956224337759062 0.25063724845118684 0.8939186367205344 0.37160522145486496 0.0 0.0 0.0 0.0 0.0 0.0
31.535707533918394 16.282190104013665 21.991396952803417 0.6871587756337519 -0.4346617617043987 0.582135697223207 0.25063724845118684 0.8939186367205344 0.37160522145486496 0.0 0.0 0.0 0.0 0.0 0.0
31.471805576274605 16.542559821108036 22.45702475732957 0.9564771876373029 -0.28791749002436445 0.047485876505581615 0.25063724845118684 0.8939186367205344 0.37160522145486496 0.0 0.0 0.0 0.0 0.0 0.0
31.625932623648332 16.737298737292015 22.933476968899317 0.8624139246116528 -0.031788550160345805 -0.5052046226180312 0.25063724845118684 0.8939186367205344 0.37160522145486496 0.0 0.0 0.0 0.0 0.0 0.0
31.976646952273178 16.924791452466717 23.294767770846995 0.44070519283413756 0.23641739138580453 -0.8659594390382002 0.25063724845118684 0.8939186367205344 0.37160522145486496 0.0 0.0 0.0 0.0 0.0 0.0
