t = 100
b = 30 30 30
E = -0.526998019953659 -0.75097454223317 0.22397652227951
10.7516568538982 20.2693931452608 15.3040154014825 0.80644247551497 0.0917978948895841 -0.584143443130031 0.507385667006201 0.399885546029914 0.763315940128068 0.00966890417423838 0.215097890078667 -0.650065393655773 0.428945835988924 0.128697003603336 -0.152787646341591
11.164008402967 20.2275161551191 15.5988289099633 0.188100975453202 0.772216734098225 -0.606876613992116 0.48497783908351 0.464289780470122 0.741101464401599 0.253418009462377 -0.452842153367976 0.189555948527216 0.609924578666307 0.0418255782608317 0.422960159783236
11.5296021887527 20.6197880802965 15.7271794901694 -0.323396923214509 0.76356716639231 -0.558909200212155 0.592458064735703 0.623939426778849 0.509600750377427 -0.106967019349533 -0.186678473376651 -0.329531690203241 0.524505888157221 0.799345385253568 0.303625618066291
11.8659821086503 21.0461470367544 15.7208306381292 -0.785190094990293 0.603861137093101 -0.137215611908393 0.47881206307547 0.732539626805222 0.483864230082502 0.0361854018451413 0.544033359339326 -0.610850223579071 0.648223850951314 -0.105563974703719 0.113850227575992
12.1579752304263 21.5468379862284 15.8806380370944 -0.957870225223074 0.270514226211325 0.096470547667735 0.259368327398523 0.670529134054203 0.69506735795418 -0.160745585355265 -0.181866425139304 0.674664685769316 0.588516959970904 -0.288317251178293 -0.137243581105594
12.1756474972304 21.9976330139606 16.0154046656155 -0.778661230077393 -0.27804575450315 0.562474113476516 0.209585471762951 0.729703084899355 0.650851152289227 -0.372663462666924 0.292197875094037 0.328393250282431 0.196894573501223 0.164035991779532 0.232877435030381
12.1222704948094 22.3937253457608 16.27474082327 -0.261482476563395 -0.713513666645398 0.650019264794838 0.242138893644685 0.603422202322075 0.759769888601026 0.0412711785476862 0.227531082625431 0.427380990775742 0.241414711780822 0.278971139607823 0.155656679012273
12.0040068393731 22.603186054919 16.6323584451286 0.348569323111266 -0.788335019618751 0.506978507310629 0.326934883445785 0.609193119611024 0.722493741079284 -0.229451913215479 0.106502202771862 -0.00127654698310441 0.33289233365541 0.184611941426095 0.33611810695812
12.0666415799896 22.7819141669744 17.0861124956293 0.68973082560409 -0.718817097605531 0.0870244188717052 0.437521780379487 0.509518448128725 0.740922076569563 0.433233179156667 0.0551911144435331 0.126084408293213 0.332185018721959 0.348451355950621 0.235605549244297
12.1099273151868 22.8048982101884 17.5561655149684 0.896781502255015 -0.280781946418079 -0.341971223110854 0.434306483561829 0.410763761033012 0.801655098641842 0.391046627726929 -0.503416038703866 0.139991979055296 0.59493505537773 -0.0890294052067418 -0.207928463346007
12.3295845895063 22.8578795522853 18.0090807092948 0.786062368965028 -0.0459945447907065 -0.61643356326142 0.598191775700963 0.307939178100653 0.73982427610753 0.32069851008008 0.308993761199067 -0.142056196304837 0.799840621214429 0.251804144419429 -0.270721205782557
12.5720033606515 22.8456775706111 18.3796855474492 0.480642451297087 0.463225229924793 -0.744583846899284 0.592495445804416 0.454417715443376 0.665171840564366 -0.0997100062625169 0.23896584127644 0.0244559922337782 0.561039259032507 0.197676929795219 -0.0236670343825742
12.9509365681817 23.0265822354056 18.5575097334392 -0.260483638600242 0.763888853101634 -0.590442186018406 0.604060235719748 0.606016685594443 0.517547003142474 0.485107694349957 0.220642145115942 -0.245614371117718 0.449983711042121 0.338165830878138 0.10446327380836
13.2875289211065 23.3512024007985 18.5209718131823 -0.757728557335744 0.638354079257915 0.13546731420305 0.602922567970246 0.605409245584011 0.519580515372829 0.0284458585194411 -0.12960782443118 -0.124773892845798 0.452256047254725 -0.208304034935517 0.646101939879861
13.3768373404125 23.747415864395 18.8336445206369 -0.960244063898237 0.262250513927851 0.0956863984388349 0.248008457595042 0.644057293257384 0.723658682498202 -0.304016600699831 -0.080671037188975 0.394479917769244 0.379203215659279 0.249930772381506 -0.249116397996163
13.3685600893163 24.1944313694479 18.9543361904719 -0.860678609671496 -0.275457737018796 0.428200007993767 0.0959285038804668 0.738218534518773 0.667705776942384 -0.629399716389729 -0.672454020684137 0.0867037512119699 0.591542729669167 0.393266129738248 -0.377952174005836
13.2200681519031 24.6561883330525 19.0069337076771 -0.440666169040292 -0.549634947505282 0.709728563468706 0.163733532197565 0.728156323042268 0.665567116126879 -0.684909945395718 -0.00387307890901058 -0.161258320467756 0.523139409686612 -0.0380472599676003 0.104529057907633
13.2724659008074 25.028233871192 19.3675367036704 -0.162528868324267 -0.834635792159653 0.526276879734165 0.339968972490811 0.453340475798997 0.823955940469502 0.060055748690943 -0.485790655688515 -0.175936730021252 0.318756351235479 0.392955488241489 -0.46994251278372
13.157562649826 25.1109564329211 19.7172828729265 0.78072393936331 -0.590358082319376 0.204810514977703 0.273704131571277 0.617725000620452 0.737225713980231 -0.010294406753516 -0.652939161310209 0.413385271686819 0.288812285171367 0.0974246223593901 0.0205688288497122
13.3675886062695 25.0524139940301 20.1578318634215 0.964152349157886 -0.0781832258417529 -0.253569548934521 0.238117455620274 0.676607632452403 0.696779785866913 0.449493751923413 -0.311073907713599 0.0175930186467194 0.213735136598159 -0.278256560180937 0.946720407108576
14.7326765743036 24.3301481241632 20.0061518843006 0.889003304452625 0.0771075994343792 -0.451361747541819 0.27058452134284 0.706744048745124 0.653679393200422 5.06786242197582 -3.77193729116414 -2.70325880387914 -0.200177162326969 -0.14857780403994 -0.450557391227186
13.8965787840055 25.2495104879015 20.9848561334461 0.335446779466291 0.579534182867127 -0.742708199681754 0.276238683571207 0.693221869117982 0.665684243414092 -0.0469398138319953 0.068063921953152 -0.40928774261195 -0.00611022439759242 -0.387331521961622 -0.312532475421287
14.2820258157785 25.4111031409951 21.1587373015744 -0.39901722916328 0.815968081320219 -0.418307577211452 0.469164758524459 0.573638420747697 0.671433745214234 0.31577657565617 -0.178033051897266 -0.509207910885246 0.46168340461397 -0.0656422049347235 0.475770872603203
14.580484180998 25.7350484592197 21.479476447131 -0.682068710901133 0.666500548729131 -0.30093051234576 0.506131580193175 0.727267266725467 0.463587141626989 -0.448131757991399 -0.0611291084018613 0.174144862360224 0.478259256310857 0.468656690091167 -0.0450473104098145
14.7697255570186 26.1926612631432 21.5273405876004 -0.912332775471083 0.400208334524888 0.0864990126864265 0.39553005127206 0.806811968647494 0.438873921374217 -0.514309753338959 0.389669951868763 0.18393749311762 0.578090458434979 -0.410617267614619 -0.561644886731912
14.9810710890402 26.6401915838391 21.5536725433173 -0.774758655551308 0.0688952822248152 0.628492123279376 0.53605307918766 0.598671352689065 0.595180299508195 0.273040277191627 -0.276408173996747 0.120797754338463 0.287876388959043 -0.33695401850217 0.165918957194513
15.0805921601982 27.0554659592762 21.8150462905539 -0.334609373477453 -0.586905774840421 0.737277464435439 0.58916104225894 0.480327505211459 0.649749677770815 0.0616391854407694 -0.0186023417788911 0.427702052242027 -0.528205910872945 -0.0166128002646067 0.136960845841342
26.132184823929 12.7825715773809 12.7349298308207 -0.199642637149731 0.105710352853126 0.974149895946673 0.753651295471816 0.651921967407594 0.0837099419122318 -0.128857189158746 -0.146652772657799 0.333877604109577 0.14612285694663 -0.202699270412204 -0.188683446639663
26.233913454337 13.2514564242754 12.8112813989084 0.33181130056675 -0.399687026927472 0.854488985280711 0.577556220894601 0.802266731175253 0.150986053803084 -0.648180347172368 0.022583002752221 -0.099371836847852 0.118311501885142 0.171084099256784 0.364347999527439
26.5040393091717 13.6178355299393 12.9766246868743 0.526579918226348 -0.687467491336505 0.500101908744206 0.711894067000294 0.678130162260646 0.182609423981121 0.227187466548563 -0.0734231014526257 -0.277666891049709 0.178771803455654 0.223235442001705 0.26233943027178
26.81305993991 13.8602822078942 13.2414692081848 0.591799483155275 -0.799139219686099 -0.105592425608324 0.797501913102113 0.561387578176768 0.220985448850215 0.151503961274478 -0.0889610642884753 -0.0731776070735547 0.566552337446492 0.635196324406561 -0.216995840528773
26.9693393629238 13.8121413799316 13.6524564088386 0.849277050563261 -0.130933003444496 -0.511453732801767 0.420617039952408 0.753295001618721 0.505596509871495 -0.285084581061169 -0.0167451531774178 0.23570635794103 0.710356319744345 -1.15560774140692 0.386967974262305
27.2927091595347 14.0937727341621 13.9611196462075 0.512924906728298 0.0117171664426265 -0.858353441189248 0.615169905442883 0.692382409816913 0.377057643898115 0.0312101398908712 0.222150522132581 0.278200640061476 -0.129376752793693 -0.394794144883405 -0.0371135151107815
27.1024856298388 15.1883728603219 14.4792563836479 -0.264550979085731 0.22084557057568 -0.938743785179571 0.701268172647927 0.712263348458721 -0.030062490465995 -3.8717753812047 3.94657234812555 1.98916792224637 0.0727102507293111 0.279220725642381 0.109095760650126
28.2706835084008 14.4826680925634 13.8562569319346 -0.470336309219759 0.60487726249677 -0.642578505652473 0.864606286798202 0.461682569792516 -0.198255069482004 -0.391051939133581 0.845962148817376 0.29625683911004 0.93080365049828 -0.0272454500815623 -0.313741440562722
28.6502517066318 14.6495301283411 13.5447626020346 -0.636951769540197 0.767242292307181 0.0750439142834371 0.668376946027333 0.598124559151641 -0.442175511947915 -0.628919939066399 0.373375710942578 0.185447025125118 0.662346203458069 -0.452508789292283 -0.00246017826449375
29.0315849142229 15.0041893514493 13.2952763059827 -0.684550916388675 0.488620936923202 0.540961647742918 0.506539218403817 0.85250736257215 -0.129031433959558 -0.313831959853421 0.656913743879556 0.283007941754973 0.667524869611268 0.111825295038161 -0.0161936207342974
29.0924222920586 15.5085370571743 13.2013034588891 -0.0973958514370299 0.0436939487804988 0.994286061244153 0.543932084773011 0.838968652207446 0.0164126510736156 -0.0930072248993056 -0.0349300793355693 0.573578750872136 0.589370940589654 -0.522257536367969 0.0451336495511168
29.2798323768782 15.9784630889961 13.3462698938364 0.141106328077763 -0.346577217891692 0.927347355101324 0.559253071407795 0.800845167894277 0.214202953810986 0.124619327637975 0.393686897312121 0.847341602293274 0.465961091394754 0.350322302505388 0.0203741595232353
29.4119185236754 16.4137069183705 13.5536177000516 0.433914030948727 -0.682770917811582 0.587828519756402 0.728477115160459 0.649791716179558 0.21700622057403 0.6196529769563 0.109784636392467 0.352284998095093 0.433650178239483 0.40983353928692 0.389682604934652
28.6070726210833 16.9511393442738 15.7251784086824 0.530765101547677 -0.847219748704614 -0.0225163330848659 0.842784164736825 0.524809307610377 0.119540466889978 -2.80805234453445 1.76456090336187 7.89115074101324 0.0899971105374635 0.687028708638597 -0.111895012945931
29.849391580208 17.1161444023093 14.3269867053264 0.411731636865463 -0.779008984639351 -0.472886820431546 0.909242654889725 0.386054658780176 0.155690348049545 0.663978424202592 0.598802365538626 0.595916109702902 0.353864185745105 1.12663691015059 -0.246269496463811
30.2885740469771 16.8251067757826 14.349683046197 0.0858825956570021 -0.00734111645700884 -0.996278161164518 0.712118115210748 0.699804117531549 0.0562304890215173 -0.272211043613631 0.286216696185082 0.375179526897203 0.569057437044853 -0.105091322827865 -0.3238896058747
30.7877190061101 16.7954872687805 14.2183401383373 -0.168351890368755 0.339968165257397 -0.925245463934676 0.79888611150554 0.596916724612331 0.0739681519923063 0.143494680935951 0.070227457816038 -0.209177319763199 0.365082791939643 -0.0013639239169531 0.317768180952369
31.2653171272007 16.9107793826745 14.1278042339388 -0.553150602526314 0.636576336018593 -0.53739637168164 0.719240867409439 0.690422579783275 0.0775184933399915 0.213485030796297 0.0457801298915859 -0.316753658521558 0.345508886931311 -0.200823871387025 -0.0292543739410516
31.5910775590356 17.1620898152995 13.9049113900575 -0.696685400840464 0.704042697321558 0.137670676075873 0.715794139128059 0.694967843409915 0.0682519443044903 -0.249324205216873 0.113972627547897 -0.219498285273295 0.498512797138551 0.151760302088184 0.162329263914736
31.8370408993662 17.5564601508725 13.6791328603788 -0.561902389455799 0.43028130727095 0.706486790187685 0.571320406744578 0.819507892597921 -0.0447179339105516 0.110354147249224 0.411355484819312 0.423916191985495 0.315505463835579 0.291301087500901 0.443720285245144
31.9548982475451 18.0451957935384 13.6175529279985 -0.281246580386269 -0.0169664270246569 0.959485478582321 0.544441338390327 0.820532550595767 0.174097234102498 -0.304483220035417 0.049696099993761 0.405925443629459 0.629660608047496 -0.27899897315505 -0.235489240497429
31.9701429462654 18.5386704187048 13.6256712087855 -0.0451404531573822 -0.297560808382512 0.953635039207599 0.612119932249045 0.746169876837243 0.261800662993916 0.0469588247549782 -0.303990810021104 0.833943462550567 0.749626934626023 0.115594908074188 -0.36220493373068
31.9824635169438 18.9599042601954 13.8153207243138 0.445360600829269 -0.609524643965122 0.655845657044461 0.65166617941436 0.72298477804746 0.229399399899274 0.396040157344454 -0.398271384270316 0.432661701681563 0.530530797130268 0.240064847244051 0.101490578526649
32.1845403186559 19.3310186494135 14.0594000519361 0.653907088042955 -0.75651745023324 0.00931389140242656 0.734769131802083 0.637946629599766 0.23051746949783 0.412583316902226 0.236481948071546 0.146378105816235 0.294674839097458 -0.139584955194656 -0.0998598712732386
32.5323690825043 19.5713983842906 14.3278093926917 0.509512633555858 -0.542918973358186 -0.667559545177534 0.795315648193952 0.593267852509732 0.124523720290597 0.103062922243182 0.110762692516832 -0.441128534548404 0.339185740315992 0.171717205563398 0.412375205881303
17.4480550547024 22.3247521687402 28.7265269205623 -0.136766481332265 0.895182716541439 -0.424196558459473 0.548274993923859 0.425055269188262 0.720223874897371 -0.336675493620591 0.485868410661654 -0.233999021753154 0.083933579357477 -0.0920496047073026 -0.717562905175872
17.8412477520887 22.6346399032135 28.8984401731703 -0.642157233389747 0.76628679495097 0.0209408419471715 0.593594066441935 0.479782099861704 0.64610765668221 -0.44589049612293 -0.219333178067914 -0.00198986239383472 0.294516822123294 0.802619980661049 0.0492356972937007
18.1187670267358 22.9845447184157 29.165745558058 -0.898886284866395 0.376730043128051 0.223780719807712 0.424693244045229 0.623294740189787 0.656611913704613 -0.0518130004305987 -0.693460613936806 0.336415026193315 0.583433248560912 0.338886944971757 -0.675371743085925
18.2698916168431 23.4346643867765 29.3215561145693 -0.743053582288599 -0.230397955500861 0.628321604984277 0.312793682960457 0.710443113453676 0.630420969161367 -0.219390582173093 -0.118892890762975 0.105811478798445 0.639141522851027 0.373538296880366 -0.0822233515930256
18.1769089794728 23.8345393658467 29.5703933350665 -0.040207900401575 -0.765518671178008 0.642156033372315 0.325731773972268 0.597525014276935 0.732709056460321 -0.496990129674933 -0.378351347864606 0.504401184068016 0.494755934872841 -0.481008106687141 0.0564679571616266
18.2754898738667 24.0075730148413 30.083355414668 0.211290410509432 -0.962694949100273 0.169040463189022 0.46128890872268 0.250687868018876 0.85109812577742 -0.0633665765539057 -0.304247010743082 0.115904025427943 0.280048105679894 0.115127938832165 0.0639408710933394
18.5001454648421 24.051006274093 30.5841157047135 0.550136599704574 -0.780117009564263 -0.29793800337094 0.665084426215287 0.193561385864058 0.721246543812024 0.0546951665649007 -0.330521664331839 -0.194393098507278 0.52657280837309 0.517786801960969 -0.324621032901387
18.6982445371367 23.9206625992791 31.0428769246525 0.746149839874109 -0.323452731287812 -0.581926651894073 0.651275786026118 0.173165655990757 0.738818915791981 0.828556327544994 -0.0761702958982213 0.126943470146047 0.565162076090693 0.0333783916013363 -0.14298270211045
18.934701605869 23.7828283317232 31.3937898801405 0.644176322461946 0.223094025054722 -0.731618618784661 0.700483650784818 0.212073159989758 0.681430491452687 0.203507271306242 0.333108829203067 0.0896908548677022 0.545094859440563 0.200796224010539 0.167138142993772
19.3762343242928 23.8182286748661 31.5788316956942 0.283096467936767 0.63156876289409 -0.721787483634094 0.765446647295088 0.304667261230948 0.566806119831759 0.463442203116716 0.267194031618562 -0.0634679513774889 0.375177602123731 0.237920927559061 -0.452685510859595
19.809222090192 23.8723020236527 31.5911171085059 -0.190937211293559 0.949923711478391 -0.247361688307808 0.67672586663987 0.309925976033067 0.667823235021359 0.481919356159697 0.0331547883450893 -0.293182095342661 0.45909116451945 0.12309590948212 0.0862931332652947
20.212988964509 24.0852781179489 31.7456876937871 -0.644710632443459 0.759189879281145 0.089324180140044 0.575760233686888 0.405399717187154 0.710035987557953 0.323339352804964 -0.121337232204534 0.0378583600757785 0.574530245341376 0.0311238003640886 -0.117131332340639
20.5117520508929 24.4637617178244 31.8214312813014 -0.711531484646169 0.184409041299213 0.678023697579279 0.656432909494519 0.518651166123933 0.547810815949544 -0.232617994200412 0.168147481236113 -0.0392881370942818 0.16489037544145 -0.106395371368975 0.309701084871476
20.7371362877238 24.8639677213902 32.0479023787757 -0.5608141530845 -0.459579477221807 0.688675593980919 0.568098299549041 0.391488771318766 0.723878957361262 -0.369316400672194 -0.303198776087745 0.00849907415087953 0.260042342100085 -0.285967817237053 0.00972042176467599
20.8608586895074 25.1102445296237 32.474371218417 -0.328147449922004 -0.84026851201936 0.43158771955387 0.408308926783615 0.285831184528994 0.866939581191205 0.403322707917259 -0.343682011777336 0.281037109767127 0.46401901743557 0.150688309430813 -0.11442121437028
20.7709190317182 25.3408999540097 32.9064545313059 0.272517758153329 -0.926777499972491 0.258490653304982 0.448150520789042 0.360003329565695 0.818265602951072 0.0465738125603532 -0.427974982100558 0.173356676343693 0.658596106727695 0.0342262000696596 0.225920946513952
20.6563443288428 25.3851463329415 33.3478889091116 0.831547825995133 -0.540473359518726 -0.12812745611393 0.405856036499801 0.433720521151901 0.804467071297079 0.203786028301612 -0.565455464832407 -0.0903582536194649 0.44445332765426 -0.726287642612793 0.0947351820327739
20.82718897539 25.4381664683719 33.8007507211104 0.786677990644246 -0.30868830750629 -0.53464862184551 0.60979318100822 0.253319279963648 0.750987017730558 0.539573063671203 -0.0128639994138324 -0.360753775304811 0.180695284205254 0.194915406340855 0.0329646690801341
21.0791448962276 25.3677486442431 34.1663453993023 0.569929011170722 0.338553573845154 -0.748707072982223 0.711133871382716 0.25327046398881 0.655852553993467 -0.495137348959214 -0.106300988795934 -1.08238610987595 0.592921951209376 0.486731584704125 -0.132829300717166
21.4685452050302 25.1889682397357 34.2304871841591 0.303496884691743 0.87271059783468 -0.382447035618786 0.695313438873254 0.0715870925545561 0.715132433921312 0.0668692804847684 0.0646205497664258 -0.879935832099524 0.637509841243272 -0.285593289626761 0.456384432926202
21.8831675288703 25.1545607634585 34.5433813703489 -0.250476420080734 0.905691215978494 -0.34203050352373 0.685291142652516 0.41541818959359 0.598166918067818 -0.38024126483404 -0.201189085740814 0.17441731308965 0.144658383300945 -0.293899954164842 -0.106619521478042
22.3020577251477 25.3929782686438 34.6183238299824 -0.7605450887443 0.628759639155322 0.161964090375262 0.538022204559931 0.470655623741753 0.699296269547161 -0.0723847920446176 0.155357846604928 -0.144699662693466 0.220748692044417 -0.295926545909436 -0.00939113192219413
22.6106573635001 25.714598254175 34.8357235660771 -0.895745457768124 0.122496462468508 0.427357664342979 0.438922928351385 0.396374254171743 0.806370878931199 -0.371302995581318 -0.896823621545401 -0.101544239820284 0.419619620426243 0.21455377033984 0.203986304602278
22.6565123101097 26.1071185873452 34.9887556692228 -0.333232180801991 -0.519178015309707 0.787026300115882 0.643987056356444 0.484354977994718 0.592183086762662 -0.776998258396936 -0.00241755681737567 0.171797671273919 0.274874100328811 -0.537639122965719 0.651869193980973
22.8696822237312 26.7361059088983 34.9762550305955 0.0340033806345652 -0.789562161828888 0.612727712603668 0.620627055147303 0.497228794643257 0.606288268887528 0.179751996381048 0.136215400138884 -0.289557182330368 -0.0658649366000013 -0.598518280856655 0.651634842822106
23.9521797357668 26.2004757128001 33.8861209045059 0.212882874644532 -0.93891723159212 0.270398215160726 0.576859266923857 0.344138546959762 0.740811668005506 3.89878677347838 -3.18920435881204 -7.74763077019745 -0.0305573286239534 0.148389793055587 -0.103226669160262
