t = 0
b =  30.0 30.0 30.0
E = 0. 0. 0.
10.68611440581101 20.416007134157393 15.302567204359601 0.7866773877743105 0.21263353546715605 -0.579590948134393 0.350854090948699 0.6184882474141602 0.7031171272804573 0.0 0.0 0.0 0.0 0.0 0.0
11.091243881732565 20.41515904683551 15.655489987140456 0.33937808160891375 0.6158199229647721 -0.7110473544027258 0.350854090948699 0.6184882474141602 0.7031171272804573 0.0 0.0 0.0 0.0 0.0 0.0
11.573734602035417 20.554687130330244 15.846329503112072 -0.23685663185864703 0.7850460257680192 -0.5723649826556616 0.350854090948699 0.6184882474141602 0.7031171272804573 0.0 0.0 0.0 0.0 0.0 0.0
12.002233845653386 20.87316648010031 15.90669840327784 -0.7231055508514026 0.6560200181123857 -0.21623158456551755 0.350854090948699 0.6184882474141602 0.7031171272804573 0.0 0.0 0.0 0.0 0.0 0.0
12.265901156202228 21.341185613640793 15.917777306938161 -0.9346345813956152 0.27776103750605624 0.22205180770037022 0.350854090948699 0.6184882474141602 0.7031171272804573 0.0 0.0 0.0 0.0 0.0 0.0
12.316518484513622 21.872520384420547 15.97947292715065 -0.7910803082107453 -0.20602400516572159 0.5759740057126421 0.350854090948699 0.6184882474141602 0.7031171272804573 0.0 0.0 0.0 0.0 0.0 0.0
12.186809031676999 22.356891976740215 16.172461840088385 -0.3469813997791808 -0.6115370837373647 0.7110740491828396 0.350854090948699 0.6184882474141602 0.7031171272804573 0.0 0.0 0.0 0.0 0.0 0.0
11.978005157842926 22.701863671579915 16.527540104911324 0.22894154364813293 -0.7847169998423844 0.5760251728443618 0.350854090948699 0.6184882474141602 0.7031171272804573 0.0 0.0 0.0 0.0 0.0 0.0
11.8213885160871 22.86795910161438 17.013923326008793 0.7178857669450336 -0.6597698079386923 0.22213470271500046 0.350854090948699 0.6184882474141602 0.7031171272804573 0.0 0.0 0.0 0.0 0.0 0.0
11.828413957494705 22.88365998316954 17.550942159579627 0.9340931849695537 -0.2841650352361478 -0.21614845486996542 0.350854090948699 0.6184882474141602 0.7031171272804573 0.0 0.0 0.0 0.0 0.0 0.0
12.048365969807403 22.834585436001355 18.03868994606173 0.7954229848189177 0.19939878533863917 -0.5723132006403822 0.350854090948699 0.6184882474141602 0.7031171272804573 0.0 0.0 0.0 0.0 0.0 0.0
12.449634676537592 22.830963848225203 18.395978920449995 0.3545582939724616 0.6072076735933685 -0.7110465929210729 0.350854090948699 0.6184882474141602 0.7031171272804573 0.0 0.0 0.0 0.0 0.0 0.0
12.931724957534996 22.965755268750474 18.59118480160879 -0.22100902065268654 0.7843282146790562 -0.5796414964859778 0.350854090948699 0.6184882474141602 0.7031171272804573 0.0 0.0 0.0 0.0 0.0 0.0
13.363436225320562 23.279334330490762 18.654261385405164 -0.7126113132581037 0.6634693537397218 -0.22802090444684225 0.350854090948699 0.6184882474141602 0.7031171272804573 0.0 0.0 0.0 0.0 0.0 0.0
13.632707721826597 23.74415125229211 18.66536059685819 -0.933480653730968 0.2905473926986165 0.2102286414978695 0.350854090948699 0.6184882474141602 0.7031171272804573 0.0 0.0 0.0 0.0 0.0 0.0
13.689192273942645 24.275198461401196 18.724381433755507 -0.7997050868871911 -0.1927583805220494 0.5686088117020929 0.350854090948699 0.6184882474141602 0.7031171272804573 0.0 0.0 0.0 0.0 0.0 0.0
13.563384026340003 24.762306391605126 18.913016667171618 -0.36210818717892806 -0.6028320222341281 0.7109649877083266 0.350854090948699 0.6184882474141602 0.7031171272804573 0.0 0.0 0.0 0.0 0.0 0.0
13.355033206076174 25.111998743372652 19.26371639190639 0.2130596669646465 -0.78387969988553 0.5832136781834633 0.350854090948699 0.6184882474141602 0.7031171272804573 0.0 0.0 0.0 0.0 0.0 0.0
13.195249343600867 25.283005692886462 19.747359692933927 0.7072825914606825 -0.6671183737807378 0.23388974150399167 0.350854090948699 0.6184882474141602 0.7031171272804573 0.0 0.0 0.0 0.0 0.0 0.0
13.196690570103703 25.301942988106045 20.284318167896647 0.9327970343264835 -0.29690762385223096 -0.20429281840079003 0.350854090948699 0.6184882474141602 0.7031171272804573 0.0 0.0 0.0 0.0 0.0 0.0
13.41076290993176 25.2532001811263 20.774708088476824 0.8039262883169138 0.18610329640848874 -0.5648611210013338 0.350854090948699 0.6184882474141602 0.7031171272804573 0.0 0.0 0.0 0.0 0.0 0.0
13.808090272477235 25.246879626418615 21.13633789875137 0.36963050444498213 0.5984104628824358 -0.7108292397591534 0.350854090948699 0.6184882474141602 0.7031171272804573 0.0 0.0 0.0 0.0 0.0 0.0
14.289674920141383 25.376966755553994 21.335934161456542 -0.205094087958073 0.7833714896179441 -0.5867414459013514 0.350854090948699 0.6184882474141602 0.7031171272804573 0.0 0.0 0.0 0.0 0.0 0.0
14.724508364002196 25.685623440396604 21.401782693106654 -0.7019000073555657 0.6707165901747368 -0.23974076695178448 0.350854090948699 0.6184882474141602 0.7031171272804573 0.0 0.0 0.0 0.0 0.0 0.0
14.99934367910099 26.147169993073675 21.412982309386653 -0.9320423788163645 0.30324524434076483 0.19834143761463782 0.350854090948699 0.6184882474141602 0.7031171272804573 0.0 0.0 0.0 0.0 0.0 0.0
15.061719904621839 26.677841308739843 21.46939386261173 -0.808086267647254 -0.1794340398083781 0.5610704139392619 0.350854090948699 0.6184882474141602 0.7031171272804573 0.0 0.0 0.0 0.0 0.0 0.0
14.939892840006026 27.167610629385795 21.65370143434837 -0.3771246729170399 -0.5939433322571545 0.7106393594112852 0.350854090948699 0.6184882474141602 0.7031171272804573 0.0 0.0 0.0 0.0 0.0 0.0
26.33167857343664 12.639693150986716 12.618273556118222 -0.24778754318493035 0.12113157087042223 0.9612119828533351 0.7131892153935121 0.6943178345690192 0.09635293273053452 0.0 0.0 0.0 0.0 0.0 0.0
26.350715674628276 13.173702333860852 12.674459706570767 0.1837750628955498 -0.3178515646372779 0.9301597223678151 0.7131892153935121 0.6943178345690192 0.09635293273053452 0.0 0.0 0.0 0.0 0.0 0.0
26.411644307189444 13.635257242574708 12.942675795004572 0.5455184500268112 -0.6360775765445092 0.5457242319135271 0.7131892153935121 0.6943178345690192 0.09635293273053452 0.0 0.0 0.0 0.0 0.0 0.0
26.596923887598987 13.951818247701032 13.335289739274303 0.7000102574107825 -0.7126470824725234 -0.046041018267303946 0.7131892153935121 0.6943178345690192 0.09635293273053452 0.0 0.0 0.0 0.0 0.0 0.0
26.94177082821117 14.105931327954272 13.717408631981321 0.5885564644570171 -0.5184700469453974 -0.6203145158436106 0.7131892153935121 0.6943178345690192 0.09635293273053452 0.0 0.0 0.0 0.0 0.0 0.0
27.420779233415285 14.141859144692626 13.958126811283563 0.25350023051669746 -0.12731757222679385 -0.9589201577452922 0.7131892153935121 0.6943178345690192 0.09635293273053452 0.0 0.0 0.0 0.0 0.0 0.0
27.95757302414208 14.148764916835828 13.980259110455298 -0.17786497929475104 0.31220497681706094 -0.9332159994294653 0.7131892153935121 0.6943178345690192 0.09635293273053452 0.0 0.0 0.0 0.0 0.0 0.0
28.453822487242103 14.226837823268024 13.789664793193406 -0.5416563097282527 0.6331156353792614 -0.5529674803909219 0.7131892153935121 0.6943178345690192 0.09635293273053452 0.0 0.0 0.0 0.0 0.0 0.0
28.82660137749633 14.449229458705934 13.473021521377255 -0.699663352085429 0.7134950789319376 0.037362629571383366 0.7131892153935121 0.6943178345690192 0.09635293273053452 0.0 0.0 0.0 0.0 0.0 0.0
29.03989198462775 14.834262319836535 13.164895062147519 -0.5918565892379181 0.5228058129967976 0.6134980518896659 0.7131892153935121 0.6943178345690192 0.09635293273053452 0.0 0.0 0.0 0.0 0.0 0.0
29.11826886361959 15.338468782489864 12.996615503149775 -0.25919361282444464 0.13349387785711034 0.9565553071546267 0.7131892153935121 0.6943178345690192 0.09635293273053452 0.0 0.0 0.0 0.0 0.0 0.0
29.137562550412557 15.873105178801111 13.046382756515985 0.17194135058714682 -0.30653461337910887 0.9362012084796661 0.7131892153935121 0.6943178345690192 0.09635293273053452 0.0 0.0 0.0 0.0 0.0 0.0
29.19605027348201 16.337867000347465 13.309557104812747 0.537752920204601 -0.6301054800071727 0.5601686182537842 0.7131892153935121 0.6943178345690192 0.09635293273053452 0.0 0.0 0.0 0.0 0.0 0.0
29.37711879163252 16.658996257899886 13.70042190726619 0.6992631646869575 -0.7142887399786828 -0.028681395566565737 0.7131892153935121 0.6943178345690192 0.09635293273053452 0.0 0.0 0.0 0.0 0.0 0.0
29.717584370175768 16.817303374699044 14.084748784697773 0.5951116418480827 -0.527101765361413 -0.6066348676838156 0.7131892153935121 0.6943178345690192 0.09635293273053452 0.0 0.0 0.0 0.0 0.0 0.0
30.193705666203503 16.855457627498783 14.330793224953036 0.2648672565350664 -0.13966001741178524 -0.954117611173867 0.7131892153935121 0.6943178345690192 0.09635293273053452 0.0 0.0 0.0 0.0 0.0 0.0
30.730203461692465 16.8617763749351 14.359346525719863 -0.16600462787999742 0.3008409061435511 -0.939115122183191 0.7131892153935121 0.6943178345690192 0.09635293273053452 0.0 0.0 0.0 0.0 0.0 0.0
31.22886049703284 16.93667181639281 14.173828504835733 -0.5338085787140805 0.627047339663229 -0.5673270971075854 0.7131892153935121 0.6943178345690192 0.09635293273053452 0.0 0.0 0.0 0.0 0.0 0.0
31.605835850059027 17.15450271865683 13.858988254314955 -0.6988097256911877 0.7150280051723974 0.019997977362431252 0.7131892153935121 0.6943178345690192 0.09635293273053452 0.0 0.0 0.0 0.0 0.0 0.0
31.82351750412583 17.53532427719828 13.548706543363181 -0.5983213744026523 0.5313575768858386 0.5997254858841089 0.7131892153935121 0.6943178345690192 0.09635293273053452 0.0 0.0 0.0 0.0 0.0 0.0
31.904811782071338 18.03726881211005 13.37513227578908 -0.27052072957862777 0.1458155213154184 0.9516072554429998 0.7131892153935121 0.6943178345690192 0.09635293273053452 0.0 0.0 0.0 0.0 0.0 0.0
31.92444085119745 18.57245199969376 13.418476912035576 0.1600552632777218 -0.2951242887082377 0.9419575186342295 0.7131892153935121 0.6943178345690192 0.09635293273053452 0.0 0.0 0.0 0.0 0.0 0.0
31.980554522623866 19.040361596380333 13.676540794293478 0.5298235856335667 -0.6239414472366576 0.5744423718064455 0.7131892153935121 0.6943178345690192 0.09635293273053452 0.0 0.0 0.0 0.0 0.0 0.0
32.15744149706638 19.36604372053696 14.065548833279516 0.6983030696292543 -0.7157128182151746 -0.01131303623489538 0.7131892153935121 0.6943178345690192 0.09635293273053452 0.0 0.0 0.0 0.0 0.0 0.0
32.49350667820302 19.5285790852615 14.451978065299844 0.6014855424680653 -0.5355729234735502 -0.5927704326667204 0.7131892153935121 0.6943178345690192 0.09635293273053452 0.0 0.0 0.0 0.0 0.0 0.0
17.523884802518598 22.360672749999335 28.862555679836316 -0.27393723388881597 0.9316684257096663 -0.238646886476685 0.5765829700096282 0.35769443417839103 0.7345793152905116 0.0 0.0 0.0 0.0 0.0 0.0
17.98820845014833 22.628661812517493 28.898199960454903 -0.673258938920924 0.7173799947287172 0.17913219790449955 0.5765829700096282 0.35769443417839103 0.7345793152905116 0.0 0.0 0.0 0.0 0.0 0.0
18.299062701466916 23.060177667406457 28.974677431222226 -0.8167983167677866 0.23054690979642678 0.5288559653711286 0.5765829700096282 0.35769443417839103 0.7345793152905116 0.0 0.0 0.0 0.0 0.0 0.0
18.42372775077769 23.544246697637686 29.17170763593637 -0.6500223579349614 -0.34387480070630405 0.6776585095930485 0.5765829700096282 0.35769443417839103 0.7345793152905116 0.0 0.0 0.0 0.0 0.0 0.0
18.40022018314421 23.949929456227878 29.52321011923481 -0.23629203752837455 -0.787652725140638 0.5690072561744839 0.5765829700096282 0.35769443417839103 0.7345793152905116 0.0 0.0 0.0 0.0 0.0 0.0
18.322849838121193 24.17606675133873 30.00441782448206 0.2672095785274331 -0.9321882104427441 0.24418063284123204 0.5765829700096282 0.35769443417839103 0.7345793152905116 0.0 0.0 0.0 0.0 0.0 0.0
18.306389924931267 24.189711714547816 30.541286512668623 0.6691938081947578 -0.7225698092419048 -0.1734142953908754 0.5765829700096282 0.35769443417839103 0.7345793152905116 0.0 0.0 0.0 0.0 0.0 0.0
18.44247276137555 24.03864686700452 31.038625406764346 0.8169401218050689 -0.23843505678709276 -0.5251262334715852 0.5765829700096282 0.35769443417839103 0.7345793152905116 0.0 0.0 0.0 0.0 0.0 0.0
18.764777124290354 23.833230740764233 31.416261759417104 0.654317224631175 0.3362851601626985 -0.6773339358140142 0.5765829700096282 0.35769443417839103 0.7345793152905116 0.0 0.0 0.0 0.0 0.0 0.0
19.236233119147958 23.70447082736426 31.639499820088712 0.24310827421928602 0.7832450223786316 -0.5722111515211981 0.5765829700096282 0.35769443417839103 0.7345793152905116 0.0 0.0 0.0 0.0 0.0 0.0
19.76310565276326 23.754251641460343 31.732302330766416 -0.26046157412210114 0.9326370054344834 -0.24969578390520425 0.5765829700096282 0.35769443417839103 0.7345793152905116 0.0 0.0 0.0 0.0 0.0 0.0
20.23060596236199 24.016627090290676 31.768186679646238 -0.665077715769208 0.7277045972665759 0.1676831867072567 0.5765829700096282 0.35769443417839103 0.7345793152905116 0.0 0.0 0.0 0.0 0.0 0.0
20.546501785724434 24.444882824965184 31.842294416212138 -0.817019713689163 0.24630504602504558 0.521356511176254 0.5765829700096282 0.35769443417839103 0.7345793152905116 0.0 0.0 0.0 0.0 0.0 0.0
20.676157939643872 24.9292838026311 32.03524538590518 -0.6585622625374403 -0.3286699102021653 0.6769577804333629 0.5765829700096282 0.35769443417839103 0.7345793152905116 0.0 0.0 0.0 0.0 0.0 0.0
20.655694805096207 25.338764463924818 32.3825089029485 -0.2499059972738833 -0.7787776724757143 0.5753714707733185 0.5765829700096282 0.35769443417839103 0.7345793152905116 0.0 0.0 0.0 0.0 0.0 0.0
20.578265590606655 25.570722730273424 32.8609283648587 0.2536937345594822 -0.9330147765074075 0.25519191966849586 0.5765829700096282 0.35769443417839103 0.7345793152905116 0.0 0.0 0.0 0.0 0.0 0.0
20.558665870892426 25.590000248959814 33.39751883288695 0.6609109751006498 -0.732783967768742 -0.161939308299758 0.5765829700096282 0.35769443417839103 0.7345793152905116 0.0 0.0 0.0 0.0 0.0 0.0
20.68972082874798 25.44223963913624 33.89719523049285 0.8170370863588399 -0.2541562781801346 -0.5175470855640827 0.5765829700096282 0.35769443417839103 0.7345793152905116 0.0 0.0 0.0 0.0 0.0 0.0
21.00701941614714 25.236544097704467 34.27889675365977 0.6627571483776866 0.3210296307554733 -0.6765300720967824 0.5765829700096282 0.35769443417839103 0.7345793152905116 0.0 0.0 0.0 0.0 0.0 0.0
21.47539351637268 25.104027270704613 34.506383225605184 0.25668468901923847 0.774251015637878 -0.5784879732602978 0.5765829700096282 0.35769443417839103 0.7345793152905116 0.0 0.0 0.0 0.0 0.0 0.0
22.002278899536748 25.148000987081257 34.60200334584376 -0.24690657523676057 0.9333214948927875 -0.26066862157908827 0.5765829700096282 0.35769443417839103 0.7345793152905116 0.0 0.0 0.0 0.0 0.0 0.0
22.47288192110667 25.404725367585716 34.638204045591436 -0.6566939035025161 0.7378075339346744 0.1561830975869596 0.5765829700096282 0.35769443417839103 0.7345793152905116 0.0 0.0 0.0 0.0 0.0 0.0
22.793791546710292 25.829632998665726 34.71000668734836 -0.816992238491102 0.2619881553506346 0.5136982467375815 0.5765829700096282 0.35769443417839103 0.7345793152905116 0.0 0.0 0.0 0.0 0.0 0.0
22.928467765843166 26.31426083800139 34.89890686061266 -0.6669015626951144 -0.31336490365948205 0.67605084337592 0.5765829700096282 0.35769443417839103 0.7345793152905116 0.0 0.0 0.0 0.0 0.0 0.0
22.911123752775605 26.72745713768783 35.241912844896476 -0.2634438332317286 -0.7696653965875656 0.581560421648407 0.5765829700096282 0.35769443417839103 0.7345793152905116 0.0 0.0 0.0 0.0 0.0 0.0
22.8337277096336 26.965208186004574 35.71748554559386 0.24010061302239805 -0.9335571372328295 0.266125472564929 0.5765829700096282 0.35769443417839103 0.7345793152905116 0.0 0.0 0.0 0.0 0.0 0.0
