t = 0
b =  30.0 30.0 30.0
E = 0. 0. 0.
16.72739709886909 12.900967395886202 23.728920643241548 0.880104406081765 0.35482276189256634 -0.3154632182020512 0.07313422727043936 0.555193674234078 0.8284994682508978 0.0 0.0 0.0 0.0 0.0 0.0
17.021257184511384 12.893147540619271 24.178665239705214 0.43784593872573624 0.7285123067037225 -0.5268403486091401 0.07313422727043936 0.555193674234078 0.8284994682508978 0.0 0.0 0.0 0.0 0.0 0.0
17.414924265663053 13.051392088588127 24.508316562126375 -0.17075752114591525 0.825427846121902 -0.5380620222787146 0.07313422727043936 0.555193674234078 0.8284994682508978 0.0 0.0 0.0 0.0 0.0 0.0
17.769667164496614 13.397792940052593 24.715316629638956 -0.714487343820726 0.6087495463807285 -0.34486493776732474 0.07313422727043936 0.555193674234078 0.8284994682508978 0.0 0.0 0.0 0.0 0.0 0.0
17.961542650824867 13.88295826976888 24.843704723736284 -0.9867714789866853 0.1607971162198571 -0.020647897563847606 0.07313422727043936 0.555193674234078 0.8284994682508978 0.0 0.0 0.0 0.0 0.0 0.0
17.9284835474693 14.40477730718697 24.967386128934248 -0.8841646313462717 -0.34824482677735585 0.3114136241385729 0.07313422727043936 0.555193674234078 0.8284994682508978 0.0 0.0 0.0 0.0 0.0 0.0
17.693879088578065 14.847213925383624 25.16205427955324 -0.4456488578130875 -0.7249827377388398 0.5251639034726078 0.07313422727043936 0.555193674234078 0.8284994682508978 0.0 0.0 0.0 0.0 0.0 0.0
17.357688958525976 15.124390705701094 25.47643355849312 0.16217636765485427 -0.8262875855683524 0.5393956356051648 0.07313422727043936 0.555193674234078 0.8284994682508978 0.0 0.0 0.0 0.0 0.0 0.0
17.0584669365837 15.213215204889083 25.913768089541307 0.7083880796064448 -0.6136719648487285 0.34870194755721307 0.07313422727043936 0.555193674234078 0.8284994682508978 0.0 0.0 0.0 0.0 0.0 0.0
16.920721999677173 15.162153160380589 26.430589240507082 0.985471316498449 -0.16791210463496561 0.025530559646612827 0.07313422727043936 0.555193674234078 0.8284994682508978 0.0 0.0 0.0 0.0 0.0 0.0
17.007615280374367 15.072815546337193 26.953230083347623 0.8881575240509189 0.3416403714703012 -0.3073403147219301 0.07313422727043936 0.555193674234078 0.8284994682508978 0.0 0.0 0.0 0.0 0.0 0.0
17.296964096624887 15.06135486572018 27.405812691776823 0.4534178390145166 0.7213979585315933 -0.5234474650715718 0.07313422727043936 0.555193674234078 0.8284994682508978 0.0 0.0 0.0 0.0 0.0 0.0
17.689669523545575 15.214336872449262 27.73907543407266 -0.15358286380550504 0.8270844000160589 -0.540688171865609 0.07313422727043936 0.555193674234078 0.8284994682508978 0.0 0.0 0.0 0.0 0.0 0.0
18.04736573182931 15.555852794186256 27.949088290578953 -0.7022348688972657 0.6185476498206772 -0.35251240234374104 0.07313422727043936 0.555193674234078 0.8284994682508978 0.0 0.0 0.0 0.0 0.0 0.0
18.24498747965206 16.0383666721625 28.078745933879173 -0.9840961065540541 0.17501430589320738 -0.030411277478415988 0.07313422727043936 0.555193674234078 0.8284994682508978 0.0 0.0 0.0 0.0 0.0 0.0
18.218284489021187 16.56077506667393 28.201471325521297 -0.8920827801214679 -0.33500989892624516 0.3032436001504042 0.07313422727043936 0.555193674234078 0.8284994682508978 0.0 0.0 0.0 0.0 0.0 0.0
17.988231200592196 17.006817944184025 28.393321105359277 -0.4611522906920263 -0.7177582420767993 0.5216911641194607 0.07313422727043936 0.555193674234078 0.8284994682508978 0.0 0.0 0.0 0.0 0.0 0.0
17.653058232989785 17.289247807828417 28.704090402473323 0.14497766402645676 -0.8278182287845173 0.5419395326284056 0.07313422727043936 0.555193674234078 0.8284994682508978 0.0 0.0 0.0 0.0 0.0 0.0
17.35093292846393 17.38297648017404 29.13839483310217 0.6960281802840071 -0.6233762299942882 0.35629601194602245 0.07313422727043936 0.555193674234078 0.8284994682508978 0.0 0.0 0.0 0.0 0.0 0.0
17.207467269534376 17.334606521277905 29.65391695086498 0.982645953881062 -0.18210317913446086 0.03528967937369626 0.07313422727043936 0.555193674234078 0.8284994682508978 0.0 0.0 0.0 0.0 0.0 0.0
17.287995786711008 17.244726136968186 30.177483352151416 0.8959401006344717 0.32835391408134146 -0.29912379240467235 0.07313422727043936 0.555193674234078 0.8284994682508978 0.0 0.0 0.0 0.0 0.0 0.0
17.572753878018062 17.229694037704977 30.632864475547265 0.46885162383717616 0.7140638655529563 -0.5198951343653934 0.07313422727043936 0.555193674234078 0.8284994682508978 0.0 0.0 0.0 0.0 0.0 0.0
17.964386711731237 17.37743281906262 30.969735486705996 -0.13636142363698883 0.8284890159898244 -0.5431496225975894 0.07313422727043936 0.555193674234078 0.8284994682508978 0.0 0.0 0.0 0.0 0.0 0.0
18.324935954635745 17.714025697683585 31.18279552430338 -0.6897684864300372 0.628157337654485 -0.3600524882275393 0.07313422727043936 0.555193674234078 0.8284994682508978 0.0 0.0 0.0 0.0 0.0 0.0
18.528252449354927 18.193807061187886 31.313781585880232 -0.9811209689142133 0.18917818451358115 -0.040165393823264006 0.07313422727043936 0.555193674234078 0.8284994682508978 0.0 0.0 0.0 0.0 0.0 0.0
18.213044759264882 19.75344869583322 8.153457235634734 0.8352283272311327 -0.24223981333745898 0.4936734894896797 0.1667812140747867 0.9670500822622753 0.19234907077567812 0.0 0.0 0.0 0.0 0.0 0.0
18.188889014253558 20.075204825712696 8.58307869108859 0.9838297725498211 -0.15029969460900564 -0.09741139792142878 0.1667812140747867 0.9670500822622753 0.19234907077567812 0.0 0.0 0.0 0.0 0.0 0.0
18.388997296851215 20.362700135476864 8.9904952153212 0.7586578385202101 -0.0012582090217031876 -0.6514880666304644 0.1667812140747867 0.9670500822622753 0.19234907077567812 0.0 0.0 0.0 0.0 0.0 0.0
18.76204165761076 20.649908636454942 9.249405014266296 0.24525910755412444 0.14826129120907733 -0.9580535265269741 0.1667812140747867 0.9670500822622753 0.19234907077567812 0.0 0.0 0.0 0.0 0.0 0.0
19.190992839654353 20.970913303429178 9.289926481694371 -0.36131765888538026 0.2414538481129289 -0.9006384338951156 0.1667812140747867 0.9670500822622753 0.19234907077567812 0.0 0.0 0.0 0.0 0.0 0.0
19.537581649986148 21.346957382678113 9.125147389777426 -0.8306238058052204 0.2429140512256166 -0.5010557423548899 0.1667812140747867 0.9670500822622753 0.19234907077567812 0.0 0.0 0.0 0.0 0.0 0.0
19.694829737649027 21.77837372754723 8.846152625624942 -0.9843620816102017 0.1520871449713363 0.08888640291123329 0.1667812140747867 0.9670500822622753 0.19234907077567812 0.0 0.0 0.0 0.0 0.0 0.0
19.627692457835863 22.24445834189799 8.587419519812888 -0.7641247449551122 0.003479789580981096 0.6450591176099726 0.1667812140747867 0.9670500822622753 0.19234907077567812 0.0 0.0 0.0 0.0 0.0 0.0
19.386372918366963 22.711336174393228 8.475727660156842 -0.2535836422071275 -0.1464495960501681 0.9561630887153665 0.1667812140747867 0.9670500822622753 0.19234907077567812 0.0 0.0 0.0 0.0 0.0 0.0
19.087248979677927 23.144830816860786 8.581993206659178 0.35329812590774945 -0.24074033163518577 0.9040047162234567 0.1667812140747867 0.9670500822622753 0.19234907077567812 0.0 0.0 0.0 0.0 0.0 0.0
18.868659359906104 23.523448693157196 8.8943266566692 0.825956029160605 -0.24356979026829362 0.5083998378854038 0.1667812140747867 0.9670500822622753 0.19234907077567812 0.0 0.0 0.0 0.0 0.0 0.0
18.838346442970185 23.84654482809802 9.322549865722022 0.9848194276869549 -0.15386301330874833 -0.0803546388573182 0.1667812140747867 0.9670500822622753 0.19234907077567812 0.0 0.0 0.0 0.0 0.0 0.0
19.03252314556289 24.134567884313803 9.732456232318958 0.7695334603322568 -0.005701105140810106 -0.6385810448402268 0.1667812140747867 0.9670500822622753 0.19234907077567812 0.0 0.0 0.0 0.0 0.0 0.0
19.402115024651746 24.421291373433352 9.996798029651583 0.26188886548398754 0.14462674818751675 -0.9541998353826173 0.1667812140747867 0.9670500822622753 0.19234907077567812 0.0 0.0 0.0 0.0 0.0 0.0
19.831404478868016 24.740982534352938 10.043629944484799 -0.3452516879099815 0.24000848184912432 -0.9073021550926608 0.1667812140747867 0.9670500822622753 0.19234907077567812 0.0 0.0 0.0 0.0 0.0 0.0
20.181993799961848 25.115383636261907 9.88364230451634 -0.8212253527665503 0.24420698052842263 -0.5157052167999125 0.1667812140747867 0.9670500822622753 0.19234907077567812 0.0 0.0 0.0 0.0 0.0 0.0
20.34538477605265 25.54545172706631 9.606099644151653 -0.9852017759514062 0.1556271643819917 0.07181675548654859 0.1667812140747867 0.9670500822622753 0.19234907077567812 0.0 0.0 0.0 0.0 0.0 0.0
20.284198976315913 26.01099503488841 9.344927615459842 -0.774883572757027 0.007921986539409585 0.6320543416515494 0.1667812140747867 0.9670500822622753 0.19234907077567812 0.0 0.0 0.0 0.0 0.0 0.0
20.046378441787468 26.47834415979143 9.22783239383512 -0.2701741449097967 -0.142792886438046 0.9521639160380686 0.1667812140747867 0.9670500822622753 0.19234907077567812 0.0 0.0 0.0 0.0 0.0 0.0
19.74697170242579 26.913143641737914 9.327782966831156 0.337178957659483 -0.23925835448793967 0.9105304993899911 0.1667812140747867 0.9670500822622753 0.19234907077567812 0.0 0.0 0.0 0.0 0.0 0.0
19.524424917071943 27.293404174250597 9.635288995813024 0.816432136882379 -0.24482557348149886 0.5229713227655278 0.1667812140747867 0.9670500822622753 0.19234907077567812 0.0 0.0 0.0 0.0 0.0 0.0
19.487983863009507 27.617856709584725 10.062006354274612 0.985509097286255 -0.1573794638441326 -0.06327340299179895 0.1667812140747867 0.9670500822622753 0.19234907077567812 0.0 0.0 0.0 0.0 0.0 0.0
19.676189638682562 27.90643459118363 10.474300538533317 0.780174674797648 -0.010142264648063178 -0.6254795050776574 0.1667812140747867 0.9670500822622753 0.19234907077567812 0.0 0.0 0.0 0.0 0.0 0.0
20.042236256023973 28.19270054323688 10.74401664992883 0.2784388495284494 0.14094815045742753 -0.9500554857248613 0.1667812140747867 0.9670500822622753 0.19234907077567812 0.0 0.0 0.0 0.0 0.0 0.0
20.47175301787648 28.511095630621845 10.79716758345982 -0.32908054992591734 0.2384900066767341 -0.9136895032645309 0.1667812140747867 0.9670500822622753 0.19234907077567812 0.0 0.0 0.0 0.0 0.0 0.0
20.826255858018847 28.88385452253287 10.642042965972381 -0.8115767465300388 0.24542552201927345 -0.530197602440149 0.1667812140747867 0.9670500822622753 0.19234907077567812 0.0 0.0 0.0 0.0 0.0 0.0
20.995759753253388 29.312558169910513 10.36605978832602 -0.9857413682877918 0.15911977825078208 0.05472523198243834 0.1667812140747867 0.9670500822622753 0.19234907077567812 0.0 0.0 0.0 0.0 0.0 0.0
