t = 0
b =  30.0 30.0 30.0
E = 0. 0. 0.
9.378813947952073 6.688607891775376 21.103868183998937 0.5519157668617747 -0.6865826248573335 -0.47327928914478534 0.8279637625275799 0.5187779271925684 0.212944758561829 0.0 0.0 0.0 0.0 0.0 0.0
9.799372119617773 6.6333411866616485 21.433658295538738 0.3888346807975841 -0.25747083953252037 -0.8845995465743015 0.8279637625275799 0.5187779271925684 0.212944758561829 0.0 0.0 0.0 0.0 0.0 0.0
10.308565169005982 6.519383995575152 21.561803912602965 0.07802879852921002 0.2694584224135749 -0.9598456465445239 0.8279637625275799 0.5187779271925684 0.212944758561829 0.0 0.0 0.0 0.0 0.0 0.0
10.835544885474105 6.466849860356351 21.47115268433578 -0.2624215288723528 0.6940159245801771 -0.6704303376290622 0.8279637625275799 0.5187779271925684 0.212944758561829 0.0 0.0 0.0 0.0 0.0 0.0
11.302705606178671 6.572516676982843 21.22767683951093 -0.5031735300013194 0.8549051736712898 -0.12630733445082515 0.8279637625275799 0.5187779271925684 0.212944758561829 0.0 0.0 0.0 0.0 0.0 0.0
11.655167904887058 6.873059154847337 20.955409233823747 -0.5527614944699889 0.6910016540324021 0.46580193683129756 0.8279637625275799 0.5187779271925684 0.212944758561829 0.0 0.0 0.0 0.0 0.0 0.0
11.881628203538346 7.331115481490914 20.78932119429374 -0.3923461255101603 0.2645750530950409 0.8809452645181317 0.8279637625275799 0.5187779271925684 0.212944758561829 0.0 0.0 0.0 0.0 0.0 0.0
12.018653190534407 7.8494816998123715 20.824044655529622 -0.0828719037916163 -0.26236803397212133 0.9614027575951485 0.8279637625275799 0.5187779271925684 0.212944758561829 0.0 0.0 0.0 0.0 0.0 0.0
12.136787524453597 8.308041116534463 21.0779199056099 0.2580867397217058 -0.689633118373672 0.6766072692648403 0.8279637625275799 0.5187779271925684 0.212944758561829 0.0 0.0 0.0 0.0 0.0 0.0
12.313752738813063 8.609398642223939 21.486027804008575 0.5009939158345713 -0.854895051054197 0.13475736707053476 0.8279637625275799 0.5187779271925684 0.212944758561829 0.0 0.0 0.0 0.0 0.0 0.0
12.604919532050816 8.7158828141263 21.924853648471128 0.5535651271502923 -0.695368060756197 -0.4582891118968957 0.8279637625275799 0.5187779271925684 0.212944758561829 0.0 0.0 0.0 0.0 0.0 0.0
13.02227151344043 8.6638578146995 22.259212475456692 0.39582769154624514 -0.27165911824292654 -0.8772238950693516 0.8279637625275799 0.5187779271925684 0.212944758561829 0.0 0.0 0.0 0.0 0.0 0.0
13.529852429572747 8.549908110721457 22.39360808795931 0.08770869803769321 0.2552576651890793 -0.9628866541035612 0.8279637625275799 0.5187779271925684 0.212944758561829 0.0 0.0 0.0 0.0 0.0 0.0
14.057426546182514 8.49414439955496 22.30851365736175 -0.25373229626660954 0.6851977939351773 -0.6827326746374733 0.8279637625275799 0.5187779271925684 0.212944758561829 0.0 0.0 0.0 0.0 0.0 0.0
14.52716237787461 8.594571547075764 22.067790292098366 -0.4987761490414597 0.8548198248691035 -0.1431971373950086 0.8279637625275799 0.5187779271925684 0.212944758561829 0.0 0.0 0.0 0.0 0.0 0.0
14.883202170698691 8.889854900572427 21.79442513486008 -0.5543266037029526 0.6996815125099357 0.4507413864722835 0.8279637625275799 0.5187779271925684 0.212944758561829 0.0 0.0 0.0 0.0 0.0 0.0
15.112883196766774 9.34463067686124 21.623806490850754 -0.39927911377111347 0.2787224954971845 0.8734357216246507 0.8279637625275799 0.5187779271925684 0.212944758561829 0.0 0.0 0.0 0.0 0.0 0.0
15.251548536287395 9.86294125476865 21.652287547068457 -0.09253881292684052 -0.24812785754656533 0.9642972230652955 0.8279637625275799 0.5187779271925684 0.212944758561829 0.0 0.0 0.0 0.0 0.0 0.0
15.369119650489605 10.324691079740969 21.900580185625554 0.24935853011478398 -0.6807102890318257 0.6888060872736246 0.8279637625275799 0.5187779271925684 0.212944758561829 0.0 0.0 0.0 0.0 0.0 0.0
15.543532049477559 10.631272972909901 22.305886193449986 0.49652039851350416 -0.854679500844779 0.15162600270305848 0.8279637625275799 0.5187779271925684 0.212944758561829 0.0 0.0 0.0 0.0 0.0 0.0
15.8311262889297 10.743030646968739 22.7457553533615 0.5550458661385742 -0.7039416808075722 -0.44315933534597624 0.8279637625275799 0.5187779271925684 0.212944758561829 0.0 0.0 0.0 0.0 0.0 0.0
16.245243251032676 10.694324792737934 23.08460632883687 0.4027001293455922 -0.2857646469542948 -0.8695810326681049 0.8279637625275799 0.5187779271925684 0.212944758561829 0.0 0.0 0.0 0.0 0.0 0.0
16.751155720290956 10.5804788782423 23.22523628055414 0.09736188062710088 0.24097915400703052 -0.9656343570600661 0.8279637625275799 0.5187779271925684 0.212944758561829 0.0 0.0 0.0 0.0 0.0 0.0
17.27926183330168 10.521564169484988 23.145749850195838 -0.2449657743454634 0.6761709454044847 -0.6948270446594099 0.8279637625275799 0.5187779271925684 0.212944758561829 0.0 0.0 0.0 0.0 0.0 0.0
17.751527990342495 10.616782649008378 22.90787757314466 -0.49422683603484896 0.8544740896674364 -0.1600433211039597 0.8279637625275799 0.5187779271925684 0.212944758561829 0.0 0.0 0.0 0.0 0.0 0.0
18.1111351245583 10.906778524157527 22.633523416012064 -0.5557228596825459 0.7081482412207918 0.4355435359205202 0.8279637625275799 0.5187779271925684 0.212944758561829 0.0 0.0 0.0 0.0 0.0 0.0
