t = 100
b = 30 30 30
E = -0.853580549532828 -1.03750382936942 0.183923279836593
9.87541236728505 11.8524519870808 13.4739394793715 -0.00852480222062563 -0.806053321392446 0.591781429180984 0.58630155083021 0.475377170649228 0.655947349816624 0.141279226008568 -0.685185718842275 -0.134651984200647 0.286652740368496 0.24020507888723 -0.562293372325012
10.0166603746941 12.0480692445258 13.9144292232487 0.306268552769257 -0.951943834683142 -0.00154721842645782 0.719339508992281 0.230367685010751 0.655348220978587 0.0127304564886685 -0.293054595198499 0.0246538913201187 0.474962683301708 0.013719109795775 -0.620138967713157
10.2815270748018 11.9445540335273 14.3093973807665 0.711719102054598 -0.427695019476459 -0.557254673345334 0.697199220509573 0.527023988554207 0.48596177134175 -0.106525275225326 -0.535471652441313 0.0849419607028533 0.558600682283853 -0.258056478115561 0.0334517949084921
10.6843207003241 12.0985748161249 14.5908301146835 0.491113974365034 -0.143059395012763 -0.859267686547642 0.821428166540948 0.404377762588732 0.402162000252958 -0.208465750015369 -0.14781035404302 -0.512301660752725 0.280469431137878 0.313757726190247 -0.334998676438585
11.0616380000146 12.0674965591461 14.7906685617156 0.228096805143881 0.417079811142655 -0.879781883264202 0.83194781120447 0.385926552819886 0.398652001831385 -0.176898477925017 0.0902121828663063 -0.080055605503406 0.322271657409232 -0.0626683083306636 -0.235777170968194
11.5377913158422 12.1246616261267 14.8789652807717 -0.234495036597822 0.774724476129714 -0.58720860534362 0.764956336993988 0.519805550244869 0.380320750844677 -0.276077767281799 0.126629339384502 0.0130276219927036 0.264136077551604 0.169588916507175 -0.00711125006934362
11.9323786257976 12.3674309092807 14.7674507817639 -0.531431546493099 0.820760008472173 0.209602964221325 0.813683806393001 0.425780889132236 0.395764044169002 -0.21439514459485 0.402687547367462 0.00591345601652337 0.516842754989178 -0.204707576745167 -0.10933524626722
12.2102071342364 12.6970640507105 14.718011306749 -0.457351447200797 0.595220143426493 0.660713640994629 0.862973352407985 0.476454153865593 0.168131842340597 -0.334266922856828 0.321310574535369 0.227301408561504 0.298374863824241 -0.272633732394963 0.201801254997208
12.5480829062911 13.1054057154929 14.7085654698071 -0.462779931525245 0.103994781184877 0.88035203311925 0.839730442542183 0.369647857915201 0.39776013902108 -0.413580504982701 -0.267135095758544 0.290256869713698 0.107823407708111 0.125156763586552 0.089360841631234
12.8006985315502 13.5153766924835 14.9267364053263 -0.273403662133695 -0.513009457519586 0.813677832843342 0.716904251258545 0.455315072558218 0.52795488449398 0.0457639256545651 -0.0632761528812 0.290931127714137 0.262699504982878 -0.0882849044377999 -0.505120954765108
12.8125718507941 13.8053663792321 15.2558471472275 0.364544279096832 -0.775588724022486 0.515334338701293 0.586824128670614 0.621040630149388 0.51956314605799 0.0788287099255363 -0.671186149364071 0.276307254608493 0.569754876965809 -0.0159930260328369 0.179772382903807
12.9374487384709 14.0689154904734 15.6143718302753 0.604127819941747 -0.795980083040499 -0.0380153309705372 0.621711450660097 0.440946430460202 0.647333766689215 0.257100154433168 -0.428435195684905 0.353806100067758 0.473765949679694 0.00353190247980824 -0.0306902032706569
13.2267236151966 14.1446324478338 16.0339728265395 0.598585191523305 -0.591913192455014 -0.539754038977668 0.766854862683426 0.228626287325475 0.599719544564466 0.406802343580813 0.115762552847477 -0.112802578392222 0.573130339868226 -0.0519457745900069 -0.106044571051401
13.5674146307016 14.0566541298841 16.3775355576409 0.527021174034985 0.0762354565860896 -0.846425849232795 0.789893551711821 0.323524272580266 0.520960753856073 0.103698093260899 -0.133954980912772 -0.0316477080051997 0.737454806040295 -0.268313998243079 -0.0225430063736955
14.0277156712587 14.1420362697184 16.6235321312999 0.114731311360419 0.314044875760759 -0.94245022453311 0.947896793442528 0.249224085568196 0.198441230575993 0.0376338721637612 0.683595242518495 0.0477570777786545 0.705264347201037 0.478368237332078 -0.388357822711042
14.471896522184 14.0098506457158 16.5822812914302 -0.166814961129921 0.828046164933581 -0.535268343085268 0.945912717865403 0.287599717040232 0.150118060567434 -0.325845991124288 0.28453097255712 -0.234433754437643 0.706063556926323 -0.182909374689778 -0.213276842776456
14.9414815066817 14.291175758206 16.4789380240415 -0.526247550027416 0.838670198356975 -0.14034136583883 0.804408213003759 0.544504363892653 0.237575905402873 -0.254394410009229 0.302852086811214 0.237760218941079 0.472958703464879 0.0802470380517527 -0.259270112439855
15.2369020037072 14.675226862344 16.4537740541662 -0.735470847076634 0.571043397829708 0.364680621599278 0.677167327141093 0.60126325918643 0.424177776322234 -0.0356598045912854 0.257498272781688 0.242259691665465 0.692861627713464 0.378358978106638 -0.349301509372753
15.4001110258409 15.0875220456668 16.4514869910446 -0.504103696466655 0.0947794230951264 0.858426587354152 0.651266495825677 0.694519659876575 0.30576834603759 0.0698197237479727 0.322755889869233 0.201047201984102 0.340107173567894 0.137538706355472 0.0270134878873612
15.5856327028867 15.5692144913218 16.5403840236883 -0.255153053092508 -0.510008521639387 0.821454873115251 0.662425263234343 0.526666545388828 0.532742904846754 -0.553045981147684 0.00882350701933686 0.362318830619116 0.518751297209585 -0.188157143182082 -0.121717873457058
15.5833098663597 15.9022919164629 16.9195857459772 0.492379402701288 -0.81368095197899 0.309007642211886 0.600538253409296 0.574577444075203 0.556070546203494 0.0705665314972358 -0.0935862169598078 0.327457097493883 0.305171707100525 -0.189803946445313 0.49834672608934
15.8423708618547 16.0962902919929 17.3277877817526 0.498856397134467 -0.835771317123748 -0.229408988894452 0.783675868091602 0.321946139953514 0.531227539891801 -0.2232872892317 -0.416916280055171 0.399918912209201 0.486165264802458 -0.0706569795514614 -0.0590678623767004
16.1240612555371 16.1436673321449 17.7550893757217 0.574667486498256 -0.601009015006096 -0.555468563452205 0.800520040772123 0.271760699903709 0.534147613757108 -0.0105547606234932 -0.137833915084082 -0.677344812078593 0.788693422683528 0.103674285836661 -0.268943982305725
16.360012866987 16.0484603354845 18.1491480995856 0.58827873820627 -0.0316271912388944 -0.808039434914993 0.756022589839908 0.37612377209044 0.535687067821503 -0.102665708417277 0.0714516757416488 -0.024372204802301 0.570957339083067 -0.24535428428906 -0.0480354897098212
16.6967531646578 15.9733785574049 18.4579129497502 0.243276227318874 0.51289553457718 -0.823258603859967 0.788822765665797 0.389280824184513 0.475624816528919 -0.484403455775622 0.0130511354349012 0.285748444229239 0.321373925864797 -0.331391552215402 -0.194685055212343
17.1494268535294 16.0118812379177 18.5238599578793 -0.249260404493869 0.851339001109472 -0.461617847332261 0.812261781714969 0.443346596755095 0.379044159821198 -0.634033959297681 0.21770558805008 0.13295679429919 0.209765058843773 -0.0358629796911894 0.411017698310482
