t = 100
b = 30 30 30
E = 0.0357115793107052 -0.488633618933269 0.524345198243974
4.89201840755946 6.28396077000316 2.5158803280152 -0.781085642425462 0.403147397032954 0.476840952441072 0.619179659656712 0.598820703802347 0.507966726502636 8.48427653646411 0.102703084177091 5.00970823058004 0.109537149820761 1.01009516283802 -0.710199025086213
3.36325686108222 6.75120337672794 1.56877411377307 -0.132617635720682 0.144291934374074 0.980608124922577 0.858657039243646 0.510912269914013 0.0409465774225597 -1.48747073470777 0.886887066589286 1.88381581578524 0.102848621161355 0.102675937385628 -0.71689189125923
4.19592850575146 7.25299399461656 1.34078034664646 0.292111044452986 -0.601975071408374 0.743166893823513 0.84425907422938 0.527386165606116 0.0953432196043862 0.959752084113884 2.60893137084702 0.873407570947764 -0.155178425678442 -0.811917227435078 -0.113234051701529
3.75519979653558 6.99397675084175 2.0210911453371 0.503338790471922 -0.726037625417238 0.46852888781346 0.768422247331841 0.624085752633007 0.141577204839508 0.0729277111911047 1.3577267396679 -0.0651869173162766 -0.0879702101593079 0.815745114892328 -0.829946063027763
4.27315227522351 6.99172048598721 2.24637808161965 0.499666485525993 -0.74754726219269 -0.437614413412091 0.865367927401667 0.408416169941747 0.290403966048144 0.957411123141658 3.3027795847263 1.76318452589933 0.167918783870236 0.819457283625986 -0.34662523205286
4.70200196326646 6.86360150214343 2.44332344744417 0.519686877019553 -0.206354488316606 -0.829061671947357 0.809695602755028 0.428599177750764 0.400868628527348 -0.110243880964155 3.42972930274405 0.646247432079381 0.304501089107377 0.456038527459396 -0.643501038114175
5.29905260490851 6.88558115937913 2.66721483624782 0.111991934689144 0.730878131244035 -0.673256912702307 0.837628188532345 0.295087167980812 0.459676476953543 1.24980682360862 0.73841551227346 0.0972021516795152 -0.00541680643711282 -0.586579136464524 0.915899752807608
7.15159186325009 9.17339566056297 4.66640792204389 -0.31788052837862 0.692718272030906 -0.647374116860192 0.918328505980938 0.394792883771514 -0.0284819902540202 7.19492439725235 10.120039655313 8.21645953131807 0.590862212279235 0.272823474221124 0.285598007007304
6.06581561443484 6.74167684398771 2.46431238018697 -0.352553600781786 0.834594616236179 -0.423270214977931 0.845533939224417 0.477910087450531 0.238063409185382 -0.417041842719767 0.606803744009739 0.132716340260121 0.213777082920452 0.319039829910396 -0.819909895283631
6.48949883378097 6.99654717328309 2.29673516051211 -0.604156063614058 0.747030002434501 0.277383325546444 0.78599824100943 0.615940833251115 0.053137027196309 -0.00714606292962051 0.120064653379727 0.298435431053444 0.43403166234173 0.194349177812586 -0.166261796133791
6.62406688703126 7.42380170376122 2.10824730349396 -0.194542517794599 0.316872250355362 0.928302250119905 0.902039802601567 0.429564408788802 0.0424086582903537 -0.418843722869924 -0.123392286744646 0.412081420403374 0.609459876977392 -0.20836524163423 0.0882699355681199
6.92553178318274 7.82923898296597 2.24510443100456 -0.151079774993554 -0.223932453376273 0.96282347225811 0.768362959688363 0.586190775812401 0.256901964912558 -0.206523345341093 -0.266525988701774 0.346016084732418 0.28674124331715 0.0573528807454871 -0.0675539260129996
7.18623462904069 8.19454797235794 2.37260251409557 0.0205957740336842 -0.531727017915177 0.846665271383521 0.805077719951491 0.51094640610721 0.301303030631915 0.891848095102245 -0.268041036261209 -0.139792157987415 0.446143219229749 0.0438907577410075 -0.313193542149524
7.31287087024033 8.52198008521614 2.6983376950784 0.363816384450066 -0.883464488848534 0.295174555904929 0.790576540940514 0.460446480075936 0.403704911250284 0.952507955421753 0.31478229548449 0.12026200319937 0.297002575635476 -0.362773852847038 -0.441715315473723
7.54780369699042 8.70102535777426 3.08507961585895 0.517947859572248 -0.786787700500798 -0.335700776018736 0.840911756726262 0.396368148261188 0.368455684127424 -0.204556682961929 0.716684140521387 -0.253284327658302 0.375197325848747 0.0630128807532795 -0.0313019073363793
7.8924506558671 8.7204740564056 3.36994004172387 0.408497648542172 -0.404434636824693 -0.818267790757514 0.901879945549821 0.316844103818541 0.293636274107511 -0.261919463066564 -0.0828166518141765 -0.100391885233458 0.427144649117834 0.247657975251984 -0.246040251217075
8.34400176882368 8.56269709074068 3.49754549729393 0.289667759566684 0.508671516816147 -0.810768624122404 0.884616081404928 0.181142604248879 0.429699468669829 0.263397896642949 0.291859134761497 -0.412125683059291 0.442531098910736 -0.458285858939666 0.400351614633112
8.84795413553459 8.65810944942735 3.58371699829652 -0.0795680491726851 0.727507744253341 -0.681469946812005 0.949941874214779 0.262539672149524 0.169361280181515 0.294951987670672 0.450352329306544 0.437754008339635 0.477146596422336 -0.18528750527617 -0.00883819109602852
9.2668935215122 8.74813040525916 3.51395675616789 -0.242817309954291 0.970017930972358 0.0102396384274509 0.942327241974251 0.233352990590156 0.239928389458084 0.342074530395933 0.731749917354584 0.245692001634908 0.285408425083584 -0.0938684054161752 0.558287211602992
9.71229340819505 8.99197364735633 3.45241183906394 -0.547292348221241 0.592504488631698 0.591108622496659 0.801245833285686 0.57498941892888 0.165505787775966 0.226681060611032 0.833287329368898 0.610876644120619 -0.00815532128033294 0.00387765332825274 0.346663922668763
10.6208298955564 9.52261135584564 4.87549844919361 -0.440557277519256 0.367563705021097 0.819027526508523 0.858345452574839 0.439717647642367 0.264369732169965 2.40342819714955 2.14810847404576 7.42224406851013 -0.00483370248251592 -0.114959164576767 -0.221266076714025
9.73323966394107 10.1428168010757 3.67266415478912 -0.542306722375193 -0.0923396388906476 0.835090834035759 0.712077810113463 0.477018570548805 0.515168281013305 -1.55744604727726 1.1250142270654 1.90186171932759 0.141335750930158 0.261260123964065 -1.30195433435879
10.2138266947959 10.1519516526147 3.54844097855522 0.0378830399872281 -0.819471791421746 0.571866016042034 0.814968691577218 0.356501892244099 0.456872317087108 -0.106398564688957 0.466745604821994 0.552285622348625 0.351405784215956 0.230932279241989 -0.0270655053938933
10.5524918990458 10.2712988929654 3.79234483567497 0.265942844219248 -0.919681784904975 0.28889392767408 0.820793635107445 0.373194253415363 0.432462416575255 -0.0367549392204361 -0.178368476179523 -0.124966041255111 0.380835862346048 0.206199407876879 -0.348465987693332
10.7980682978841 10.4042041395655 4.14773602503037 0.516910289898824 -0.806026736649829 -0.288313258147769 0.8428837890385 0.420411315900417 0.335858787784037 0.550929963136782 0.223020879789992 0.256192564058398 0.421831926123998 -0.240944359546264 -0.361003974649204
11.047190925776 10.4003041321201 4.46196680958103 0.56699185790416 -0.200350862558087 -0.798986636881296 0.734884742057363 0.56120725228461 0.380776465939001 -0.274784032111994 0.237710042097187 0.296083498185171 0.228871425584362 -0.203694343581382 0.31595108525191
11.4991126227898 10.44495051004 4.60576331074775 0.116595992360747 0.404755947006275 -0.906960794619489 0.827084789965302 0.465995718645161 0.314290663589309 0.237122828192998 -0.0881788921675281 -0.239054281777863 -0.217902427705569 0.175983199778504 0.529396160214533
9.66278361009321 19.2199104257679 23.1233726183636 -0.513177390783742 0.814585338462369 0.270369343267516 0.819045546153051 0.370627308061544 0.437949400840809 0.119092214834987 0.137660643651339 0.327025822556031 0.290458670793503 0.72296444285126 -0.54455218612693
9.96694616329676 19.5704178407089 23.1139178577146 -0.517207091371549 0.0694323991375588 0.853039183057596 0.798907772187766 0.396676620510821 0.452099459429686 0.213743555212603 0.165729071963243 0.0574883824484328 0.641312264414128 -0.339426820275921 -0.265629383299022
10.1901978322935 19.8910981810979 23.4449308293277 -0.380106289450057 -0.442882007876403 0.812018852431344 0.749648087416065 0.366741149046622 0.550934265850983 -0.0252713335459375 0.175665740500644 0.251020367785928 0.735613680430143 -0.121325865219811 -0.0489780096938694
10.4212799228066 20.1358014594728 23.8036248036212 -0.15003744719891 -0.856383549766567 0.494060584960562 0.835028655158264 0.157792619378806 0.527094408713419 -0.0496952572475191 -0.440861303768937 0.171504120045887 0.582327746351501 0.251749217894751 0.219278781140331
10.5920854883301 20.2013383035483 24.2328509891743 0.267207653834565 -0.955939762212161 -0.121569412473625 0.786994044854903 0.143680144846051 0.599996893476935 0.281348712646611 -0.177919091181153 0.673146652205958 0.320903831021694 -0.235699323717273 0.0357279418981418
10.7709898120992 20.0919817524397 24.6469642141164 0.567972954960037 -0.494177739600549 -0.658175486505207 0.803553698058599 0.159935585015094 0.573342780490164 -0.0266896928265389 -0.32602193401207 -0.294112683040265 0.24452511762519 0.162182441743912 0.526762533439419
11.2028363540849 19.9457996455677 24.9337133420103 0.324991054587258 -0.0320838853382311 -0.945172641102233 0.945136329414955 0.0460368068390543 0.323415850209937 0.31172364868635 -0.0187137974789214 -0.520068181135865 0.34214233512477 -0.246970614678863 -0.0800787395754328
11.6197731621163 19.6653402440244 25.0843061832573 0.323236757841727 0.373627276652808 -0.869436908657838 0.944327657926434 -0.0677945717189149 0.321945737690739 0.176609565038979 0.589407230540752 -0.458272959066787 0.524866553475491 0.255342992814465 -0.0049076251674073
12.0338905659781 19.3836070410224 25.1514560785059 0.0607583815518072 0.873319606489031 -0.483343733582881 0.9261948812031 0.131199665782096 0.353482067679689 -0.197320458022016 0.155872131271597 -0.360522474082817 0.455109392425996 0.142562588994776 -0.0301014389125223
12.4784683780449 19.453335744815 25.0211609235474 -0.228511946923287 0.9545112238153 0.191547634130619 0.904784436559483 0.135592823527823 0.403707309048361 -0.205493631311625 0.12939693255564 -0.107089106438465 0.504484339260985 -0.138644257883477 0.0171891711240163
12.9042325897549 19.6881332258902 25.0521446924975 -0.543642035921836 0.685633253426153 0.484107694025567 0.832288373731229 0.365889396953268 0.416438349060132 -0.513054983173236 0.40932325313355 0.092228056281411 0.476132843799067 0.760922013024844 0.031843563802273
13.2118014079883 20.0173246552107 25.1316788848068 -0.557261945537004 0.16334566649121 0.814111293459391 0.812566696656475 0.309034966622954 0.494198986539282 -0.37237494735495 -0.00627571564658684 0.388734565827457 0.610840040030222 -0.154367051058465 0.0587326398446674
13.4893982370864 20.3229514345114 25.3580287726338 -0.36063428125267 -0.48326281840399 0.79774672953282 0.826363939919272 0.231066071098375 0.51354745879771 -0.225022021560475 0.198454141267341 0.16275642976646 0.434604909906275 -0.000413567123737622 0.0438311677971243
13.7669736486082 20.6095788579194 25.6552254426178 -0.174928944675513 -0.899208048732595 0.401029463059265 0.828504014771575 0.0856300743718837 0.553397207340353 0.124655993150026 -0.318997510036901 0.114232741482774 0.28652320250223 -0.0964457135733671 0.0700433508495727
13.9396826688478 20.6468849775897 26.0881773041077 0.146435980993398 -0.970108250999299 -0.193510636643728 0.849210471346885 0.0229535286511019 0.527555297651645 -0.160974825302677 -0.133383396955625 -0.344523977920778 0.358983942175948 0.0888247700265481 0.0800873090802304
14.3014607754863 20.4812754192819 26.3875694507813 0.158230517621314 -0.764943751981233 -0.624358904163899 0.815727306703152 -0.255028607565671 0.519181337635612 0.171821300429302 -0.144637177334659 -0.529399182536453 0.286112340718554 0.783629605073502 -0.149232804563849
14.6412542948042 20.2528701141254 26.6439380899485 0.321214644748998 -0.301088636646166 -0.897867845298244 0.927310735191377 -0.0923570869166395 0.362718697202823 0.590446771365428 -0.391639917551878 -0.391047046746684 0.519205619490189 0.558538833066878 -0.00589443652170826
15.0390856415556 19.9957843328179 26.7206633460151 0.287023136579972 0.555334551075401 -0.780526193336187 0.931944511020374 0.0265923083275416 0.361624336105403 0.531954970750057 -0.0648133035621858 -0.590096632081049 0.459261260825912 0.167710951259712 0.572748891647538
14.9816519596465 18.6096798589417 24.6844986039 0.178988801460265 0.739882562732116 -0.648488002656769 0.76917899881343 0.305750378078422 0.561141924463294 -1.82489436914529 -4.27264557685184 -9.50431771694152 -0.369093380094615 0.152860622566383 -0.609912633676568
15.7803037084651 19.6811345090981 26.8323299683582 -0.369698279933838 0.923411016150632 -0.103126903263248 0.923758190630888 0.377222993320408 0.0661326050648375 -0.49753913603837 0.0721183719461684 -0.168710733667782 0.598274165218345 0.538338046444922 -0.206076001264544
16.1520461770986 20.0281385370108 26.6963036891128 -0.506491680396151 0.592692889542769 0.626243722260975 0.857279724129596 0.423979600983797 0.292083322800932 -0.533099100184003 0.0730998502170294 -0.399288599061767 0.781445961172574 0.173342670831589 0.266384871158176
16.4633108276354 20.4088028250723 26.8813436812981 -0.442575163640402 -0.0103795402964545 0.896671274499514 0.87349519491823 0.221164405794524 0.43369612933326 -0.754447172123528 0.168474021624517 -0.428952447278609 0.615422246126731 -0.197717462549195 0.148097585090986
16.826234156897 20.6682597969854 27.1141501292392 -0.393848383289529 -0.475260603289876 0.786772324706589 0.863789064648118 0.101264886194764 0.493572441906481 -0.270263870229768 -0.34728353585225 0.017881633131268 0.432610563610911 0.00388460243221075 0.198921849176391
17.0858888421916 20.9281764512577 27.4262872629593 -0.154369620031878 -0.914234059803458 0.374627796253034 0.828264176845254 0.086974545295846 0.553546531960297 0.139436439285697 -0.396137812933642 -0.438730306982154 0.137612006373168 -0.0985303176769185 0.252859356512241
17.3601251218006 20.9822599626573 27.8448623152829 0.0625719085676472 -0.966221449287566 -0.250001499069676 0.813285281016774 -0.0958289182438861 0.573919639802388 0.0227384865294745 -0.463947852163162 0.305565165880168 0.250746637489747 0.520099609342733 0.391055553926266
20.0940486730139 26.4898900981443 18.6646188638501 0.169191410615268 0.446104341297169 -0.878843026487836 0.752930870132656 0.51689317805474 0.407328403227595 -0.219808110091648 -0.0750405046483806 -0.307239485729084 0.0973487822138095 0.187979295676134 -0.46484223415669
20.5513561438261 26.5939507852736 18.6559383252976 -0.344717006482469 0.774858254252996 -0.529872392231215 0.770332660560666 0.55607970535247 0.312030185690998 0.100154969309996 -0.0294391334777543 -0.0583202841536818 0.274801534851874 0.501542694262049 -0.0294453400418097
20.8933704053266 26.9385017402274 18.6081063954768 -0.67720462592955 0.730934085988314 -0.0844342210352506 0.660211025969872 0.654285303361091 0.368825198197187 -0.244838921262719 0.418341028451325 -0.255904314393688 0.664157736924657 0.584207838629542 -0.113766875841641
21.1485377907029 27.3174268593926 18.5129810453138 -0.682820412127892 0.471670636801479 0.55792739308234 0.713565495936683 0.594443975349402 0.370756697300398 -0.4885621024151 0.351053527470146 0.106699080803163 0.627626691587568 0.0486957635117694 0.0734365337826316
21.4440060689628 27.7356740732085 18.6116155007007 -0.604923332027999 -0.0446106111590987 0.795033041316461 0.683864973395895 0.482366129228575 0.547404326331413 -0.00579663850624289 0.367092868689453 0.590645925777426 0.421856042651961 0.0821328914785165 0.0823473582262888
21.5531607934881 28.1643697853952 18.8438795286113 -0.261377725477686 -0.63495679596331 0.726987917898777 0.604814521193844 0.47924087750737 0.636024731776336 -0.133770930307586 -0.367339895561315 0.0292005500608333 0.36977524014464 -0.0400231590468734 -0.0766025404671425
21.7693116804548 28.4642575205008 19.2403228623855 -0.133914163862384 -0.903036386187511 0.40815703695298 0.573579607106914 0.265237647528854 0.7750195566171 0.362308764595281 0.0358969170832884 -0.079920181966236 0.555803403309722 0.393761191415375 -0.482496917588447
21.7969688425327 28.5675437005475 19.6783658571555 0.422022811512565 -0.90645462361239 0.0153832741882901 0.627674672837942 0.304389349991496 0.716499489203127 -0.0404903065147915 -0.244668407350562 0.127693432755366 0.612567130740913 0.122942899522781 -0.136185282221343
21.9468654553974 28.5524424756678 20.0794997503157 0.768170975865816 -0.330379556040821 -0.548418255530001 0.636673357381232 0.484528397985134 0.599899281959909 0.0152610155733298 -0.0156480560597893 -0.0586383263331803 0.302339538164175 -0.208594894301252 0.379658015751529
22.2698566525344 28.6307169433494 20.3653795797986 0.455559860101776 0.131198782346153 -0.880483944106713 0.804815996865869 0.361997403920821 0.470349840877746 -4.19317536476876 -2.1498328729363 -2.1400002680334 0.278099176954032 2.06703607257032 -0.198349745402125
22.6592848464469 28.5585123832668 20.4247306951902 0.140206976731714 0.719773779061116 -0.679902636938101 0.866107293792442 0.243595001894769 0.436485417059706 -0.7700156095685 1.40855934318669 -0.31747730428592 0.487959702931696 -0.0996879542444142 0.889227093016899
23.1477577446876 28.5820452708061 20.3911072927612 -0.0424590764164554 0.892884571887241 -0.448279209826251 0.786407684165465 0.306616933650203 0.536235854239714 -1.01659131642636 0.593982386538367 -4.05178225830119 0.658251703485023 -4.99829719414113 -0.351706728457863
23.7144786882601 28.7569792763818 20.510522668269 -0.516577999702689 0.856229982080726 0.00415563295212839 0.810974923330371 0.487706209632544 0.323206145504444 -0.40802717910615 0.0937934188023671 -1.49823053829029 0.340716080090975 0.185408979283812 0.476002488702832
24.0785271204946 28.9953330345521 20.519375232503 -0.671986734733797 0.510715517204501 0.536286648811205 0.737764280755704 0.52457098041313 0.42488708470406 -0.773808738582033 -0.160061531586148 -0.559521318338729 0.205962587051828 0.0810805298312143 -0.17864052144405
24.3904849113597 29.3553781423958 20.6007051413618 -0.578893553847961 -0.126474991251937 0.805534736108027 0.691085555199608 0.448209567369445 0.567017477600189 0.47678733311849 -0.108994936971288 0.0755840007543973 0.262449344130685 -0.121512194583722 0.076693430271338
24.4356951618641 29.7190763942612 20.8912412564468 -0.106413428298848 -0.676126232199002 0.729060618066674 0.61545842956949 0.53109427860064 0.582365582968256 -0.232639527789744 0.0968216219766682 0.20384670544272 0.42211379372802 -0.0641918484745079 0.122311157110922
24.3803340651701 30.1400026078157 21.1256306582909 0.379525759772374 -0.794302469979647 0.474387674417798 0.663925605927252 0.590925544161866 0.458268122417915 -0.620672866447348 0.220936309142157 0.196679776329749 0.411676311004577 -0.519881229621129 0.256118831457236
24.500045415712 30.4285851323287 21.507608826651 0.525077808686527 -0.845390297221611 -0.0980225540598813 0.721641607183188 0.381215496839758 0.577847745877424 0.337881284276588 -0.581923241711416 0.456263373588305 0.37292038700184 -0.0434252889428712 0.0535616325323141
24.6470291700708 30.2733702740024 21.9972143015241 0.678859373404805 -0.632795651661121 -0.372450668895469 0.643991208480971 0.269437527660386 0.716015804272525 0.0992733393137838 0.00136663836980377 -0.390685033388824 0.744262368205598 -0.182282555036763 -0.139462594554117
24.0775583496063 28.0211972847368 21.0512841471629 0.828611543283254 0.179970290767112 -0.530107051304703 0.44449093832302 0.364167617643994 0.818418983747338 -0.922873943135698 -8.49977194454551 -0.105637738240306 0.146999523474654 2.25506343295464 0.880180509884164
25.3499444159687 30.0183346683889 22.3520019123237 0.423892975856474 0.387407627838063 -0.818675737554698 0.796752914353813 0.270333404181907 0.54046695361907 -1.04572397754501 -0.279939275208526 -0.95407758078354 0.410739161132985 0.0977062838858409 -0.522251822058818
25.9303775475837 30.0551243371108 22.4985958473318 -0.213284900522386 0.848690050547432 -0.483977923155749 0.895903674055272 0.367493664609829 0.249609506837813 -0.407869260867933 0.0565890475855441 -0.435476655277487 0.376113943638563 0.0838487208978565 0.0137909655059883
26.4064420032452 30.2412777531489 22.4479270911888 -0.519060190404151 0.846154197981733 0.120828279668524 0.848819508347937 0.493683559777382 0.189160987674382 -0.956675852499025 -1.01417812168398 -0.980488731097926 0.655023232148793 -0.115802075217214 -0.183217189295997
26.9225793539836 30.4566548878694 22.301875217198 -0.648196864559599 0.528967785793596 0.547753399971306 0.760157272275141 0.491764995290724 0.424650435616303 -0.731285383773159 -1.12856724845109 -1.31156955121567 0.383874139291054 -0.965786697304883 0.76356413480205
27.4939943695777 30.3730525967326 22.5440058709548 -0.471331262786563 -0.629803126364919 0.617409730921675 0.418915781933868 0.4561672559237 0.785124756635766 1.31651344093809 -2.06520124322883 1.14137530037841 0.285302080663191 0.802488658675304 1.29734520160437
26.2277040894285 31.2345427285388 22.0404905182234 -0.713680245928612 -0.41363649699922 0.56530102529741 0.611294526486371 0.0262686002605547 0.790967031977092 -3.1914422808464 -1.49315222713576 -1.51498218146314 -0.38193090599816 1.54876318021379 -1.02443320852937
25.9475360956204 30.4985050535422 21.2302477062341 0.604445614462574 -0.250451598766111 0.756253513996123 0.0967948642476112 0.965351949930934 0.242335021391879 -7.21102996910889 -6.51199842019913 -7.77922935254988 0.718079619253141 -2.40106302126692 0.142842887887655
