t = 0
b =  30.0 30.0 30.0
E = 0. 0. 0.
5.964916954236172 29.34995129943564 16.64539402368304 0.8970584415554719 -0.3332997909503531 -0.29016788551891604 0.421218329583072 0.4463194858723434 0.789540395010853 0.0 0.0 0.0 0.0 0.0 0.0
6.184314647388711 29.193737116403344 17.110310019726686 0.8050210509204385 0.2169884426266414 -0.5521386812580849 0.421218329583072 0.4463194858723434 0.789540395010853 0.0 0.0 0.0 0.0 0.0 0.0
6.587216914428588 29.086985455695338 17.449365986004484 0.4071427038065094 0.6848391389964792 -0.6043427607208391 0.421218329583072 0.4463194858723434 0.789540395010853 0.0 0.0 0.0 0.0 0.0 0.0
7.082927373611922 29.136342898270076 17.650662000960295 -0.14541596354651515 0.8925079965617474 -0.4269469213136146 0.421218329583072 0.4463194858723434 0.789540395010853 0.0 0.0 0.0 0.0 0.0 0.0
7.545490259329307 29.389147566743866 17.754635451768763 -0.6427286751229598 0.7610981442952581 -0.08734680832748615 0.421218329583072 0.4463194858723434 0.789540395010853 0.0 0.0 0.0 0.0 0.0 0.0
7.861543123328929 29.81544458115775 17.83869819487061 -0.8958580171697959 0.34053438212861653 0.28543781750301167 0.421218329583072 0.4463194858723434 0.789540395010853 0.0 0.0 0.0 0.0 0.0 0.0
7.973385124126481 30.31936641869278 17.98782649745358 -0.8086359205465192 -0.2094040852399381 0.5497798441983006 0.421218329583072 0.4463194858723434 0.789540395010853 0.0 0.0 0.0 0.0 0.0 0.0
7.90089854139169 30.775554588408458 18.2622771328204 -0.41419951803600175 -0.6797864395762381 0.6052513162538392 0.421218329583072 0.4463194858723434 0.789540395010853 0.0 0.0 0.0 0.0 0.0 0.0
7.733995165487785 31.07678541783322 18.674694824771546 0.13759820642303736 -0.8919065600943478 0.43077769400217364 0.421218329583072 0.4463194858723434 0.789540395010853 0.0 0.0 0.0 0.0 0.0 0.0
7.598457305067546 31.1747061188206 19.185308305624925 0.6371200717426345 -0.7651764665501468 0.09264442358011626 0.421218329583072 0.4463194858723434 0.789540395010853 0.0 0.0 0.0 0.0 0.0 0.0
7.608150985048052 31.098204820181557 19.71704008574845 0.8945893697276562 -0.3477430402952495 -0.2806860122921887 0.421218329583072 0.4463194858723434 0.789540395010853 0.0 0.0 0.0 0.0 0.0 0.0
7.821766340006271 30.942435484565465 20.18478948053818 0.8121892094164882 0.20180378092140172 -0.5473791392748232 0.421218329583072 0.4463194858723434 0.789540395010853 0.0 0.0 0.0 0.0 0.0 0.0
8.22052025080655 30.83266732716017 20.5277637833069 0.421224789368556 0.6746819717867218 -0.6061137795557826 0.421218329583072 0.4463194858723434 0.789540395010853 0.0 0.0 0.0 0.0 0.0 0.0
8.715292365597245 30.876692946452557 20.732574430954482 -0.1297699706634082 0.891237201489239 -0.43457566130151243 0.421218329583072 0.4463194858723434 0.789540395010853 0.0 0.0 0.0 0.0 0.0 0.0
9.180483411492 31.123876113867233 20.838323542934443 -0.6314629492021361 0.7691965176546052 -0.09793498360120506 0.421218329583072 0.4463194858723434 0.789540395010853 0.0 0.0 0.0 0.0 0.0 0.0
9.501732458247119 31.54639765168408 20.92174837232098 -0.8932525958414691 0.354925216483021 0.2759128317548077 0.421218329583072 0.4463194858723434 0.789540395010853 0.0 0.0 0.0 0.0 0.0 0.0
9.619364547673941 32.049824403765975 21.068067540387634 -0.8156806469336424 -0.19418810846363405 0.5449367493106235 0.421218329583072 0.4463194858723434 0.789540395010853 0.0 0.0 0.0 0.0 0.0 0.0
9.551062207966812 32.50898597041344 21.338605057606106 -0.42821798280256274 -0.6695261243529176 0.606930084946746 0.421218329583072 0.4463194858723434 0.789540395010853 0.0 0.0 0.0 0.0 0.0 0.0
9.385147565605939 32.81552903594799 21.74749230678527 0.12193185241808721 -0.8904999717206727 0.43834053398171335 0.421218329583072 0.4463194858723434 0.789540395010853 0.0 0.0 0.0 0.0 0.0 0.0
9.247027292840361 32.919082604909185 22.25629929447797 0.6257577383132468 -0.7731579914661799 0.10321808549412032 0.421218329583072 0.4463194858723434 0.789540395010853 0.0 0.0 0.0 0.0 0.0 0.0
9.251548516212784 32.84639478538822 22.78863484800682 0.8918477973117398 -0.3620803637414095 -0.2711186393870503 0.421218329583072 0.4463194858723434 0.789540395010853 0.0 0.0 0.0 0.0 0.0 0.0
9.459366473044449 32.691170735559524 23.259168899156627 0.819109967211496 0.18655764782957615 -0.5424528603031572 0.421218329583072 0.4463194858723434 0.789540395010853 0.0 0.0 0.0 0.0 0.0 0.0
9.853900572675306 32.57847250742362 23.60605080373203 0.43517856577926484 0.6643192899125672 -0.6077001702619172 0.421218329583072 0.4463194858723434 0.789540395010853 0.0 0.0 0.0 0.0 0.0 0.0
10.347633640068459 32.617205882326125 23.81440743537491 -0.11408444859012717 0.8896949269315483 -0.4420720253331488 0.421218329583072 0.4463194858723434 0.789540395010853 0.0 0.0 0.0 0.0 0.0 0.0
10.81536115381582 32.85874524381697 23.921993734933288 -0.6200048735498662 0.7770605863033005 -0.1084933269302017 0.421218329583072 0.4463194858723434 0.789540395010853 0.0 0.0 0.0 0.0 0.0 0.0
11.141758537129009 33.277415590405894 24.00484897720418 -0.8903750811193168 0.36920793717824685 0.2663038002852234 0.421218329583072 0.4463194858723434 0.789540395010853 0.0 0.0 0.0 0.0 0.0 0.0
11.265194892685358 33.78024689789175 24.148408179129344 -0.8224769090940339 -0.17891298010834972 0.5399276614101854 0.421218329583072 0.4463194858723434 0.789540395010853 0.0 0.0 0.0 0.0 0.0 0.0
6.265951136791281 11.277727617738815 8.781850665233236 0.9215066107271229 0.21724915200805106 -0.3219136100539919 0.11181467922114621 0.6453851104346826 0.7556292323222313 0.0 0.0 0.0 0.0 0.0 0.0
6.545410557734822 11.296391228614041 9.240369153184766 0.5283762568524111 0.6053883727186989 -0.5952507449568125 0.11181467922114621 0.6453851104346826 0.7556292323222313 0.0 0.0 0.0 0.0 0.0 0.0
6.945313363053253 11.453053138099067 9.5632002150938 -0.0654930709804501 0.7635304290796807 -0.6424421697888052 0.11181467922114621 0.6453851104346826 0.7556292323222313 0.0 0.0 0.0 0.0 0.0 0.0
7.330287020780947 11.783761832917325 9.739586564185004 -0.6344804861620845 0.6315945098852752 -0.4455590732577482 0.11181467922114621 0.6453851104346826 0.7556292323222313 0.0 0.0 0.0 0.0 0.0 0.0
7.570630831724038 12.25844251613708 9.814407708507568 -0.962418156702712 0.25970527668837307 -0.07940063544562476 0.11181467922114621 0.6453851104346826 0.7556292323222313 0.0 0.0 0.0 0.0 0.0 0.0
7.591591393564214 12.792323025349589 9.871129475481958 -0.9247170787384836 -0.210850333163117 0.3169234312801232 0.11181467922114621 0.6453851104346826 0.7556292323222313 0.0 0.0 0.0 0.0 0.0 0.0
7.40176266820969 13.27814019448315 10.000093948588662 -0.5357005221164193 -0.6013003762163608 0.5928429877853478 0.11181467922114621 0.6453851104346826 0.7556292323222313 0.0 0.0 0.0 0.0 0.0 0.0
7.0898209919828865 13.626890923938248 10.264196999414867 0.056837619292776254 -0.7633063531388334 0.6435315814247371 0.11181467922114621 0.6453851104346826 0.7556292323222313 0.0 0.0 0.0 0.0 0.0 0.0
6.79083545286227 13.80164594617788 10.67499309447559 0.6277821988583274 -0.6353194847021966 0.4497317680065951 0.11181467922114621 0.6453851104346826 0.7556292323222313 0.0 0.0 0.0 0.0 0.0 0.0
6.634952885724603 13.831579871889291 11.188305560204247 0.9602218251189607 -0.2659641220518568 0.08507133680856382 0.11181467922114621 0.6453851104346826 0.7556292323222313 0.0 0.0 0.0 0.0 0.0 0.0
6.697952913836227 13.800887267610408 11.72101003983519 0.9278571259641109 0.20443545724897255 -0.31190911755994327 0.11181467922114621 0.6453851104346826 0.7556292323222313 0.0 0.0 0.0 0.0 0.0 0.0
6.9724580030064365 13.816795732243998 12.182614826304109 0.5429839917116193 0.597166588362345 -0.5903900833250779 0.11181467922114621 0.6453851104346826 0.7556292323222313 0.0 0.0 0.0 0.0 0.0 0.0
7.370736310172324 13.96882833948466 12.509640174702426 -0.04817783920033761 0.7630241484639342 -0.6445719856392093 0.11181467922114621 0.6453851104346826 0.7556292323222313 0.0 0.0 0.0 0.0 0.0 0.0
7.758032477376577 14.294792325376264 12.689735318692799 -0.6210361035095697 0.6389960774806188 -0.4538702139401004 0.11181467922114621 0.6453851104346826 0.7556292323222313 0.0 0.0 0.0 0.0 0.0 0.0
8.003763445244896 14.766415487235614 12.76637073313448 -0.9579523689255763 0.27220271321772477 -0.09073555965983737 0.11181467922114621 0.6453851104346826 0.7556292323222313 0.0 0.0 0.0 0.0 0.0 0.0
8.031129140474615 15.300087266137817 12.822322973896702 -0.9309265132772508 -0.19800501278325408 0.30687105075285626 0.11181467922114621 0.6453851104346826 0.7556292323222313 0.0 0.0 0.0 0.0 0.0 0.0
7.846290107711139 15.788623796145838 12.94822648033375 -0.5502261109736024 -0.5929873239606005 0.587892218374175 0.11181467922114621 0.6453851104346826 0.7556292323222313 0.0 0.0 0.0 0.0 0.0 0.0
7.536027015638342 16.141988846998668 13.208140036447245 0.0395143901789157 -0.762683836545961 0.6455633032014135 0.11181467922114621 0.6453851104346826 0.7556292323222313 0.0 0.0 0.0 0.0 0.0 0.0
7.234771230050152 16.321500093312967 13.61520976783818 0.6142427138570906 -0.6426240082337665 0.45797409589958477 0.11181467922114621 0.6453851104346826 0.7556292323222313 0.0 0.0 0.0 0.0 0.0 0.0
7.073532090412859 16.354525176730185 14.126674708799602 0.955609960950435 -0.278420575093105 0.0963928726469464 0.11181467922114621 0.6453851104346826 0.7556292323222313 0.0 0.0 0.0 0.0 0.0 0.0
7.1301242714425275 16.32408428129441 14.6601124081139 0.9339250069321763 0.19155948946920512 -0.3018096145271544 0.11181467922114621 0.6453851104346826 0.7556292323222313 0.0 0.0 0.0 0.0 0.0 0.0
7.399604687188379 16.33730937751057 15.124752596300281 0.5574263283869481 0.5887629012782932 -0.5853495831547252 0.11181467922114621 0.6453851104346826 0.7556292323222313 0.0 0.0 0.0 0.0 0.0 0.0
7.796150452029479 16.484742995598573 15.455962328588491 -0.030847931983695426 0.7622854433009847 -0.6465054586186786 0.11181467922114621 0.6453851104346826 0.7556292323222313 0.0 0.0 0.0 0.0 0.0 0.0
8.185664429804264 16.80593960447238 15.639801121242252 -0.607402547243814 0.6462030006806677 -0.462043101358547 0.11181467922114621 0.6453851104346826 0.7556292323222313 0.0 0.0 0.0 0.0 0.0 0.0
8.436720977822873 17.274438207684145 15.718317174403124 -0.9531947795769731 0.2846172341637433 -0.10204284494360255 0.11181467922114621 0.6453851104346826 0.7556292323222313 0.0 0.0 0.0 0.0 0.0 0.0
14.940809429305373 24.740641387855323 16.475451097922587 0.9480362902390005 -0.2764850584977953 0.1574268236907041 0.151122368510133 0.8267378744950301 0.5419100632128246 0.0 0.0 0.0 0.0 0.0 0.0
15.009259981791248 24.85898142196162 16.995061779404846 0.9321218458034837 0.06333440867095746 -0.35656362301026495 0.151122368510133 0.8267378744950301 0.5419100632128246 0.0 0.0 0.0 0.0 0.0 0.0
15.290187738357282 24.991758536517285 17.433393771802624 0.562078727901034 0.3790920750907689 -0.7350895879037669 0.151122368510133 0.8267378744950301 0.5419100632128246 0.0 0.0 0.0 0.0 0.0 0.0
15.69924135863419 25.21094970151804 17.70416206950811 -0.021507496186204178 0.5508263241020972 -0.8343427283101179 0.151122368510133 0.8267378744950301 0.5419100632128246 0.0 0.0 0.0 0.0 0.0 0.0
16.103392344478717 25.55570174442964 17.784741916042677 -0.5969226628861429 0.5132924432620121 -0.6166151167649311 0.151122368510133 0.8267378744950301 0.5419100632128246 0.0 0.0 0.0 0.0 0.0 0.0
16.37147479053615 26.017458815933587 17.724764327308854 -0.9455569299409239 0.28075018143468455 -0.1646251131057639 0.151122368510133 0.8267378744950301 0.5419100632128246 0.0 0.0 0.0 0.0 0.0 0.0
16.42401750466156 26.543212900129387 17.62726043886264 -0.9349583104423302 -0.05845376821239852 0.3499087234073957 0.151122368510133 0.8267378744950301 0.5419100632128246 0.0 0.0 0.0 0.0 0.0 0.0
16.26343644250313 27.05564244602192 17.60951825492703 -0.569153397137346 -0.3754501540207038 0.7315063857362061 0.151122368510133 0.8267378744950301 0.5419100632128246 0.0 0.0 0.0 0.0 0.0 0.0
15.973116845558812 27.48248811749188 17.75852297463687 0.012882407477463387 -0.5498067491247168 0.8351925419892674 0.151122368510133 0.8267378744950301 0.5419100632128246 0.0 0.0 0.0 0.0 0.0 0.0
15.685733793804323 27.784005323199164 18.097909860572535 0.5900239701092173 -0.5152825679576079 0.621575087865955 0.151122368510133 0.8267378744950301 0.5419100632128246 0.0 0.0 0.0 0.0 0.0 0.0
15.532846724601361 27.968063851327123 18.578984807345133 0.9430055618217599 -0.2849939241582892 0.17181086568108844 0.151122368510133 0.8267378744950301 0.5419100632128246 0.0 0.0 0.0 0.0 0.0 0.0
15.594917802887384 28.087158005475853 19.099224046355772 0.9377235743859984 0.05356867627307705 -0.3432271769005125 0.151122368510133 0.8267378744950301 0.5419100632128246 0.0 0.0 0.0 0.0 0.0 0.0
15.870742999460207 28.21846314106657 19.54122463959228 0.5761847231388992 0.3717796409677955 -0.7278674765252295 0.151122368510133 0.8267378744950301 0.5419100632128246 0.0 0.0 0.0 0.0 0.0 0.0
16.277909521802222 28.434515457513964 19.817307818652477 -0.0042563377235168565 0.5487453042347271 -0.8359787525227652 0.151122368510133 0.8267378744950301 0.5419100632128246 0.0 0.0 0.0 0.0 0.0 0.0
16.684105811826235 28.775654283327956 19.902829614771004 -0.5830803447225971 0.5172334518906561 -0.626487723617512 0.151122368510133 0.8267378744950301 0.5419100632128246 0.0 0.0 0.0 0.0 0.0 0.0
16.95738891892408 29.2346964907752 19.845543514578452 -0.9403823801780686 0.28921596349117035 -0.1789835341937987 0.151122368510133 0.8267378744950301 0.5419100632128246 0.0 0.0 0.0 0.0 0.0 0.0
17.016311832871164 29.759665486200447 19.7474581121347 -0.9404174270489327 -0.048679504871657904 0.33651949231525013 0.151122368510133 0.8267378744950301 0.5419100632128246 0.0 0.0 0.0 0.0 0.0 0.0
16.860866564732166 30.273537986958495 19.72608233855281 -0.5831721704429957 -0.36808081545582405 0.724173137387862 0.151122368510133 0.8267378744950301 0.5419100632128246 0.0 0.0 0.0 0.0 0.0 0.0
16.57248718199115 30.703506454251713 19.869781854424627 -0.004370056167026515 -0.5476420702652661 0.8367013000376351 0.151122368510133 0.8267378744950301 0.5419100632128246 0.0 0.0 0.0 0.0 0.0 0.0
16.283111644809356 31.008639894396378 20.204207457966863 0.5760923155102389 -0.5191449464937921 0.63135264990337 0.151122368510133 0.8267378744950301 0.5419100632128246 0.0 0.0 0.0 0.0 0.0 0.0
16.12505636907489 31.195434227652864 20.682549917920113 0.9376875847752884 -0.2934159779086864 0.18614257241741733 0.151122368510133 0.8267378744950301 0.5419100632128246 0.0 0.0 0.0 0.0 0.0 0.0
16.180747007794334 31.31534437951272 21.203323583112894 0.9430396632838232 0.04378662633747241 -0.32978618046775965 0.151122368510133 0.8267378744950301 0.5419100632128246 0.0 0.0 0.0 0.0 0.0 0.0
16.45140356743211 31.44523569422395 21.648922478091315 0.59011520692847 0.36435395916467295 -0.720423649662332 0.151122368510133 0.8267378744950301 0.5419100632128246 0.0 0.0 0.0 0.0 0.0 0.0
16.85657690705723 31.65818150539118 21.930300779461046 0.012996117260873297 0.546497131231872 -0.837360129509086 0.151122368510133 0.8267378744950301 0.5419100632128246 0.0 0.0 0.0 0.0 0.0 0.0
17.264712712020895 31.995701354818273 22.020802812961605 -0.5690604146376225 0.5210169061993012 -0.6361694962405564 0.151122368510133 0.8267378744950301 0.5419100632128246 0.0 0.0 0.0 0.0 0.0 0.0
