mysystem:

<base.System object at 0x10a7b3e50>
mystdout :  NULL pointer!
#id1 id2 FENE BEXC STCK NEXC HB CRSTCK CXSTCK total, t = 100
0 1 1.2117 0 0 0 0 0 0 1.2117
1 2 0.609914 0 -0.016352 0 0 0 0 0.593562
2 3 0.602639 0 -1.24454 0 0 0 0 -0.641896
3 4 0.166351 0 -1.05478 0 0 0 0 -0.888431
4 5 0.101812 0 -1.12274 0 0 0 0 -1.02092
5 6 0.110929 0 -1.06038 0 0 0 0 -0.949447
6 7 1.23957 0 0 0 0 0 0 1.23957
7 8 1.55903 0 0 0 0 0 0 1.55903
8 9 0.0154066 0 -1.35892 0 0 0 0 -1.34351
9 10 0.0401042 0 -1.26726 0 0 0 0 -1.22716
10 11 0.201421 0 -1.29019 0 0 0 0 -1.08877
11 12 0.0553034 0 -1.19681 0 0 0 0 -1.14151
12 13 7.93978e-05 0 -1.04413 0 0 0 0 -1.04405
13 14 0.652395 0 -0 0 0 0 0 0.652395
14 15 0.0281219 0 0 0 0 0 0 0.0281219
15 16 0.0169602 0 -0.486335 0 0 0 0 -0.469375
16 17 0.111115 0 -1.0683 0 0 0 0 -0.957187
17 18 0.361961 0 -1.28823 0 0 0 0 -0.926272
18 19 0.04117 0 -1.30193 0 0 0 0 -1.26076
19 20 0.119408 0 -1.3799 0 0 0 0 -1.26049
20 21 0.0584856 0 -1.33359 0 0 0 0 -1.27511
21 22 0.0456556 0 -1.20328 0 0 0 0 -1.15763
22 23 0.157975 0 -1.11094 0 0 0 0 -0.952968
23 24 0.31214 0 -1.22407 0 0 0 0 -0.911934
24 25 0.262354 0 -1.29444 0 0 0 0 -1.03208
25 26 0.113249 0 -1.1976 0 0 0 0 -1.08435
27 28 0.00334548 0 -0.942138 0 0 0 0 -0.938792
28 29 0.150371 0 -1.22473 0 0 0 0 -1.07436
29 30 2.24483e-07 0 -1.31719 0 0 0 0 -1.31719
30 31 0.00121949 0 -1.16801 0 0 0 0 -1.16679
31 32 1.13298 0 0 0 0 0 0 1.13298
32 33 0.567838 0 0 0 0 0 0 0.567838
33 34 0.169329 0 -0.767552 0 0 0 0 -0.598224
34 35 0.00970912 0 -1.06298 0 0 0 0 -1.05327
35 36 0.367258 0 -1.1747 0 0 0 0 -0.807446
36 37 0.115925 0 -1.3229 0 0 0 0 -1.20697
37 38 0.128443 0 -1.21891 0 0 0 0 -1.09047
38 39 0.0597275 0 -1.38378 0 0 0 0 -1.32406
39 40 0.124072 0 -1.28304 0 0 0 0 -1.15897
40 41 0.572881 0 -1.08552 0 0 0 0 -0.512641
41 42 0.0297685 0 -1.36732 0 0 0 0 -1.33755
42 43 0.688876 0 -1.2179 0 0 0 0 -0.529026
43 44 0.117738 0 -0.151409 0 0 0 0 -0.0336711
44 45 0.0670041 0 -0.11358 0 0 0 0 -0.0465759
45 46 0.0415088 0 -0.360443 0 0 0 0 -0.318934
46 47 1.27365 0 0 0 0 0 0 1.27365
47 48 0.000778185 0 -0.860484 0 0 0 0 -0.859706
48 49 0.00236359 0 -1.33336 0 0 0 0 -1.331
49 50 0.0403863 0 -1.33593 0 0 0 0 -1.29554
50 51 0.0275312 0 -1.17026 0 0 0 0 -1.14273
52 53 0.00180969 0 -1.06289 0 0 0 0 -1.06108
53 54 0.0982338 0 -1.15561 0 0 0 0 -1.05737
54 55 0.00110778 0 -0.957838 0 0 0 0 -0.95673
55 56 0.0255721 0 -1.16077 0 0 0 0 -1.1352
56 57 0.463195 0 -0.13057 0 0 0 0 0.332626
57 58 0.553353 0 -0.00626214 0 0 0 0 0.547091
58 59 0.00464715 0 -1.19781 0 0 0 0 -1.19316
59 60 0.0759666 0 -1.40254 0 0 0 0 -1.32657
60 61 0.000413993 0 -1.07483 0 0 0 0 -1.07441
61 62 0.292003 0 -1.30905 0 0 0 0 -1.01704
62 63 0.0315011 0 -1.22096 0 0 0 0 -1.18946
63 64 0.00571604 0 -1.1542 0 0 0 0 -1.14848
64 65 0.146617 0 -0.766986 0 0 0 0 -0.620369
65 66 0.0605576 0 -1.31632 0 0 0 0 -1.25577
66 67 0.585263 0 -1.19995 0 0 0 0 -0.614685
67 68 0.280948 0 -1.22666 0 0 0 0 -0.94571
68 69 0.00838588 0 -1.35186 0 0 0 0 -1.34347
69 70 0.278089 0 -1.05399 0 0 0 0 -0.775899
70 71 0.0480621 0 -0.958364 0 0 0 0 -0.910302
71 72 0.0132135 0 -1.05739 0 0 0 0 -1.04418
72 73 0.305055 0 -1.07624 0 0 0 0 -0.771188
73 74 0.00738585 0 -1.41162 0 0 0 0 -1.40423
74 75 0.339878 0 -0.767 0 0 0 0 -0.427122
75 76 0.396762 0 -1.06863 0 0 0 0 -0.67187
76 77 0.0240151 0 -0.93449 0 0 0 0 -0.910474
77 78 1.00076 0 -0 0 0 0 0 1.00076
#Total energy per particle is  -0.664471 and should be -0.66447110

