t = 100
b = 30 30 30
E = -0.438511903390253 -0.664470961727617 0.225959058337365
21.8110346538508 11.3323450618981 16.4022313216401 -0.303065139432895 0.592024347126656 0.746765408463589 0.928226553628643 0.360795313415413 0.09067573307763 3.44676855071396 2.26227763869252 3.55375789433418 0.192339516469744 -0.0013851662197737 -0.393348192457038
21.2005263512137 11.7701803195019 15.4579400731715 -0.237891063076907 0.280717739429201 0.929841538601107 0.965806232436558 0.169966135341471 0.195779764932697 -0.84246204174818 1.16495457656344 0.821467527286922 -0.136021050112954 0.277963460900157 -1.35486335409481
21.5175099109827 11.8185160606177 15.6395218445971 0.228415632035811 -0.698270189558425 0.678413536979981 0.827448811394172 0.50641275962718 0.242640623261456 -0.671437358211829 0.837955241636244 0.332481378068445 0.40536229713743 0.138885915205695 0.358485475562634
21.8905138415509 12.0410944987184 15.7880543377036 0.319974487539488 -0.896769797150976 0.305647082543664 0.913273354290872 0.377786789319681 0.1523443586084 0.543628662741065 0.105507159451925 0.0821044205899115 0.506868545745903 -0.382766570204748 -0.156963753630045
22.2364804005171 12.0580169451672 16.1118005585627 0.302216253913525 -0.916604237230028 -0.261728655546485 0.936265633702255 0.233843517179944 0.262152162580487 0.432021138979595 0.196327299601288 -0.103377396776466 0.275818195192331 0.0534410305825713 -0.0111226719399038
22.629417480577 11.9634750508084 16.4021191329868 0.244230151796805 -0.614922310964144 -0.749814687775699 0.949628450040257 0.308237266280312 0.056528539182497 0.0228539501853784 0.159700630081749 -0.00660976296231913 0.465060776103929 -0.0424798382529093 -0.114430923338825
22.9341907697657 11.7750029323721 16.6081357367122 0.283932221659177 0.264759856382797 -0.921566382238922 0.872667478001374 0.326872629836231 0.362774913743049 1.04593812371195 -0.112040849193042 0.292731137582256 -0.0237509577759265 -0.835269150695486 0.601996062665092
23.3359759004463 11.6513146537249 17.9059320403493 -0.072926750929479 0.739311044817517 -0.669403281854638 0.951379016119987 0.252968478142566 0.175740711243477 -0.360378575953594 0.4732599406974 5.27562707879045 -0.0292985202561828 -0.312180982092275 0.537150463528955
23.8798012794942 11.5477198519665 16.3483475042079 -0.211816326359202 0.856551303040468 -0.470588560250191 0.964275160402931 0.261546818776665 0.0420304415572575 -0.360527612953723 0.240491128676738 0.101040242986284 0.17663689875452 0.0750541885135935 -0.411518621597168
24.2794220590937 11.6679123647252 16.0864152408949 -0.342101980398305 0.829803431579082 0.440899517005029 0.929185970337921 0.368608270545198 0.0272260462532584 -0.00592469368814245 0.447093261545511 -0.176800151161211 0.400461291998464 -0.277520019983426 -0.0506426244176595
24.6543315337313 11.9834444961086 15.910605576741 -0.356477267017065 0.404045929953522 0.84241956733291 0.828091492726461 0.554169427993298 0.08462040660465 -0.225441807841435 -0.114512501092178 0.413485364886046 0.424044200692573 0.00502267623063965 0.188707128739877
24.9658004901011 12.3648201026748 15.9202840909861 -0.142526109079026 -0.150689629534026 0.978252946040623 0.901803203757286 0.38760044385337 0.191093589910501 -0.218830768928064 0.527011660753255 0.417743172367782 0.44770208042353 0.232541621679262 0.274791308178867
25.3669479838323 12.692418794845 16.0498554238826 -0.13207423425052 -0.645854525859945 0.751949605361369 0.894836545359665 0.248644419732675 0.370733587403909 0.220795608634201 -0.244318417501988 0.763944124576138 0.249169276004985 0.0647395232128606 -0.0678279375782356
25.7004710860281 12.8433818143778 16.4568061572149 0.109402092382216 -0.985751288787161 0.127771138234476 0.982611764717086 0.126651813169337 0.135769359327789 0.576770078245952 -0.608926097199884 1.16769271821165 0.445116588653328 0.353023578279333 0.864555251089523
25.4812006574014 12.6836492168817 17.3056262224942 0.17075566927129 -0.9808763322125 -0.0934023987349807 0.940535252556976 0.134009330428761 0.312145519623946 -2.37430044222732 -1.46220171582805 2.6670996127477 0.434340545206984 -0.152512322892419 -0.559006405964452
26.239417687495 12.7598351520601 17.0556526003827 0.333155912151883 -0.41824405438143 -0.845031911879901 0.942493622119263 0.122346238034159 0.311025815553566 0.583179861828001 -0.754041614603145 0.519765957062914 0.321739603422149 -0.076061670911435 0.305797756630086
26.824078270228 12.912766267376 16.980932469894 0.0208989594501644 -0.329573111808795 -0.943898664396851 0.998222603023876 0.0595804924636756 0.0012985268239416 0.265287642722267 0.153187759852901 -0.421227951333344 0.293567970588001 0.267621404858957 -0.744827809528444
27.236630114687 12.7381142222145 16.8540202190379 -0.0685865376581603 0.430022264777563 -0.900209210185961 0.952157907481521 0.297574282650411 0.0696042119527205 -0.411779721452613 0.0497063425090302 -0.622487961009808 0.408453906881248 0.38101649783331 -0.28576658832838
27.7097531142007 12.8215394552877 16.7210004619861 -0.281885846637955 0.731056304615518 -0.621366993882305 0.928954533185313 0.369935774735789 0.0138158982952628 0.25951898111193 0.384614893255877 0.147051568421661 0.118577124638561 0.699229867836112 -0.24203478208901
28.1081452605104 12.8648884445304 16.5045257470463 -0.419675925648232 0.890236704015101 0.17706103429163 0.907596690423523 0.414123653419187 0.0690632229210028 -0.296028447457516 0.118528187589666 0.112333884665999 0.395596354097037 -0.0118741339931901 -0.479405617698413
28.4289276793966 13.1098950246926 16.3070904655237 -0.259991880039109 0.479109333740069 0.838366477546925 0.904847638993572 0.424009488155448 0.0382960605793204 -0.0131080190385532 0.0360042194374094 0.207533952676085 0.287421597550741 0.0336577818571726 0.309249592021922
28.761606213162 13.4742059903019 16.3064389610231 -0.185447236779791 -0.162532721469586 0.969119352816177 0.872036257509403 0.427374216344066 0.2385454437393 0.0118916165256215 0.308753489488505 0.441122388186438 0.567315496322922 0.343053438062006 0.231361302008686
28.8555771972992 13.8376395530138 16.5648189548033 0.384655673262579 -0.666218062588907 0.63890014574928 0.796024946333402 0.5898329269472 0.135798729436704 -0.290614258145679 0.158790507890708 0.327983749013476 0.700358341298585 -0.373183518954231 0.679926266482931
29.2675019045629 14.0716720207071 16.8011361635693 0.219676773402597 -0.875467805749877 0.430462679095155 0.909543662298297 0.343363375090808 0.23416191463043 0.00153844533336605 -0.0117105557119641 0.10931709107498 0.532213036347921 -0.0209930229198298 -0.277842705431805
29.5987473513884 14.1471943766536 17.0973193192886 0.252227277666052 -0.957857235866163 -0.137443803449326 0.958000176458274 0.227148163953435 0.175040723779646 0.211204927132472 -0.311782692013155 0.0818178412588383 0.392228249416587 0.396793777749928 -0.0383254588681765
30.0068495411628 14.1231185525878 17.3028903829686 0.143349689260925 -0.712294389950768 -0.68708620414208 0.985894819035702 0.0421806070858118 0.161963232192973 0.463403678714111 0.414488280110518 -0.14276256061352 0.285959722150242 -0.0929028707567883 -0.313463228524042
30.3693254519437 13.9779954281153 17.5010095747403 0.182168437064099 0.127273695489653 -0.974995358660341 0.934850682000189 0.284903619256468 0.211858469024631 0.494885669448291 -0.0357801922822144 0.133821800080584 0.227210658550126 -0.244476293504017 0.483887827594264
18.2002188715179 7.72231056226351 28.4487420326391 0.907699984482583 -0.398523731949476 -0.131375262607146 0.362428246587605 0.586780881411751 0.724109001319658 0.305535523301369 -0.231595928939661 -0.483330957784725 0.00258259914237449 0.020685142194446 -0.670004534120424
18.3663001481733 7.71433004076648 28.9939366379951 0.829965579131075 0.266377718863043 -0.490101958426014 0.403571543239079 0.319791512557736 0.857241671062808 -0.0621474751142914 -0.286366630565719 0.124225401388387 0.250861429550997 -0.103215323091518 -0.281608562087575
18.6838119367276 7.76563705629657 29.4197852646336 0.495568677359397 0.623866603765393 -0.604319478055767 0.424790490750403 0.432791875517389 0.79513779505353 0.0437167980020778 0.125205510300236 -0.182545635252155 0.266379443758986 0.105733229164676 -0.247681188595536
19.1045321361827 7.83139339189146 29.7335808736151 -0.201215257771832 0.834449467691586 -0.513036438451031 0.369781939100691 0.549703342538489 0.7490576971312 0.398870759084355 0.513100250872457 0.206921754917295 0.42297158812321 -0.0554661880783674 -0.313887289363632
19.4318074953724 8.21407586173791 29.7494195015924 -0.786209535444418 0.616087919939762 0.0480637634230967 0.490341862511232 0.574620593648871 0.655267820946676 -0.175138401930401 0.798890447862811 0.186690271367632 0.490735376545069 0.163325999135359 0.82848393084219
20.0701840122905 8.82040395290901 28.9540817611641 -0.892917895231017 0.441406872668179 0.088642509517117 0.346245980602485 0.547420716659249 0.761868860888723 0.861126662169202 1.61086047721998 -3.63150984217312 0.0926757814743953 0.049965629477233 -0.677205267631029
19.8192181283306 9.06195746180391 29.7983682274875 -0.839248724238963 -0.362378465439522 0.405392781687958 0.269587450770425 0.370162605904329 0.88898938865589 -0.0516407866611075 -0.0476825193610345 -0.754862501892427 0.0892231030107104 0.0210877596582521 -0.360733854379752
19.6939366736808 9.34967889778175 30.2171524664062 -0.260179048673045 -0.735195099574885 0.625935228095442 0.452084065764982 0.480060430479269 0.751772480428329 -0.0953316722748113 -0.794497866084105 -0.0735429573339764 0.378199764050358 0.180167438725324 0.259054100102596
19.5742738749528 9.60646839232495 30.6853419178665 0.332090261389475 -0.852620890990996 0.403427263287039 0.161031578326787 0.472668829528324 0.866402270524104 0.0338231189301919 -0.828887893582341 0.245419620288869 0.349133851899369 0.0463521566278386 0.0274333370890208
19.4677844146865 9.67601034429432 31.1698695121599 0.636072467409118 -0.744393508251434 0.203199419306489 0.223921139077345 0.430074650205349 0.874582759125556 0.365800601293109 -0.268625154168725 -0.09904330715652 0.494568843224337 0.24508209323993 0.0373808349240302
19.5230151133174 9.68342985379875 31.6445356584994 0.940451966974602 -0.266018597828985 -0.211622504549653 0.327564694244893 0.54284948613806 0.773314740337494 -0.0190262555116725 -0.0287188939795703 -0.335730530331677 0.407568186320967 0.0506041758959889 -0.0966751491004445
19.6490044167054 9.67938158482954 32.1125946978453 0.792054651073661 0.295175337910467 -0.534341492304668 0.430150693525002 0.35122404275602 0.831632092028611 -0.162743457219911 0.033416654649529 -0.103715303246715 0.341153477554966 0.145867319811335 -0.0819450624877936
20.0348054389601 9.65229282909064 32.4322063665186 0.337243698680025 0.738605655378969 -0.583719328471264 0.522824841345116 0.36869155247807 0.768583508928496 -0.18159118592761 0.268393454386763 -0.0759208793831384 0.4563646503511 0.0629211450174839 0.172345347890503
20.4367813003291 9.73428989013897 32.6666997035279 -0.265088616026837 0.860647348474964 -0.434757459097892 0.537286970361976 0.506247206468434 0.674563832154394 -0.303112284735837 -0.242144668134778 -0.136378988103707 0.489844453758961 -0.0446274943883358 0.0309143718151135
20.7318904767557 9.95287769882134 32.8006189993306 -0.710446959634459 0.700498972875516 -0.0675735703132735 0.48673058242028 0.558442186955204 0.671740685800893 -0.458417114280046 -0.252581411727793 -0.407114259211092 0.466865212342738 0.0983102513735437 0.0358061835558815
20.9698910664723 10.3770737053989 32.8928338925234 -0.913631503733915 0.188766696453098 0.360061789024865 0.402346333916854 0.546770963630033 0.734274351008434 -0.501930356237395 0.0299677961756241 0.0362623585213673 0.628099889360868 -0.214446018862855 0.0857454172368209
21.1263231837243 10.7541393648496 32.9887224548428 -0.755567135386344 -0.118427792874575 0.644277147945999 0.399577035780519 0.696043218090929 0.596541630535553 0.361591998119791 -0.33552306609057 -0.166905443404582 0.50368321139142 -0.387458615283116 0.114786180959143
21.3134108833121 11.2311070469585 32.9565455390348 -0.459928487218528 -0.586930253802373 0.666317152207584 0.250405279359101 0.634207826484372 0.731489926623838 0.633310967104795 0.398822655632344 -1.81909582997853 0.326595162752366 -0.97213561320734 -0.511840613040674
21.1358343023223 11.8597585205991 32.9746364695298 0.212597166753149 -0.722262500193061 0.658133122688054 0.0586652408208932 0.681749616795108 0.729229550527394 0.581995438579538 0.399431582124167 -3.29541074236074 0.165045408779446 -1.17860550102948 -0.250385765208102
21.2429477862897 12.0603973549969 33.3698167991024 0.806893909231288 -0.589432736462998 -0.0386154710881344 0.381163649912231 0.469616199872529 0.79635091360195 1.08648305210583 1.21964406613074 -2.74027330528318 0.0402414607016642 0.166619355065936 0.571948688152764
20.9815123303894 11.7086982678332 34.632815178734 0.929239644329789 -0.362610049402098 -0.07090500901721 0.250282705500344 0.476594315780431 0.842743321859929 0.521147305984732 0.099538342409995 -0.830322964423195 0.270719875745219 0.134017605710869 -0.486256964511386
21.1626276135924 11.7327773270863 35.1068095684442 0.790108483555597 0.152841643826319 -0.593605843627265 0.572429329873719 0.162343489005999 0.803722061113055 0.55597124207757 -0.0454079908875002 -0.40583387036783 0.571742487304326 -0.0376991510777797 -0.501935765551433
21.5367462903117 11.5554941216532 35.4394083328212 0.39971307863784 0.739211138665606 -0.5420297298409 0.579932945145812 0.253994106899064 0.774057275140289 0.0425286507425359 0.478605168436086 -0.0476287805988903 0.782330035112287 -0.315614002326298 0.153018792981021
21.9673090998471 11.6393058441577 35.6911507659968 -0.244507218762489 0.932028410069295 -0.267468026267022 0.459446091868831 0.354269544689065 0.814495095142752 -0.00698311167012081 0.129621181555339 0.0525796107254106 0.495314551653226 -0.511361955137209 0.194924200446332
22.3374524034212 11.8644802743455 35.9637662920281 -0.807416341863427 0.586367700074629 0.0652047451326926 0.442094673222683 0.528134420861603 0.725000838436677 -0.103735962358399 0.19751352496093 0.0306070330641759 0.151900749750363 0.00503552303563875 0.62691381768063
23.6243434356496 15.67548775484 23.7056580605385 -0.821790222384515 0.438431335491113 0.363921263782124 0.550360526093544 0.776139693072067 0.307750465693113 -0.810092626554576 0.251451921176616 0.652465086849722 0.0229828211099462 0.374329101756208 -0.585719749168424
23.7245825599807 16.1491371542748 23.6541612489817 -0.164149909172295 -0.0237061360131057 0.986150449090567 0.61995756829737 0.775119574068745 0.121828334578107 -0.622408948548307 -0.0147015788481212 -0.5896762932866 0.297907310020774 0.438463650678659 0.198923604709938
23.8896065278891 16.582138532178 23.8802729965179 0.0357699044733318 -0.476787173792595 0.878290604502267 0.662506231606372 0.669293777158731 0.336349840201315 -0.079012809131537 -0.0513150799169968 0.302746605965426 0.287922960252358 -0.0152316773944983 -0.202657123376579
24.0634745066668 16.8589855122175 24.3314338593077 0.373113361463637 -0.82790784692733 0.418753981824984 0.748724785379816 0.535231757840623 0.391072939528655 0.0789006081247761 -0.72254616237435 0.747980913073137 0.70033185446913 0.566532756746249 0.0648526337240742
24.3191523360307 17.0607876302121 24.7806154082988 0.591053609161901 -0.79709615192795 -0.123665825970755 0.71691711345348 0.448836924826639 0.533455870695148 0.0931451574634343 -0.649611123543351 1.33965151517377 0.909879837798472 0.717622616225801 0.261977233798788
24.5126707159557 16.9101876505097 25.4775926766885 0.697836822229845 -0.471448442776874 -0.539221678533989 0.71484299892735 0.505694031253805 0.482983359704278 -0.518844833501798 -1.51592359887914 1.43971418962984 0.70824780464429 -0.403586275454564 -0.258644715066023
25.1776431586297 17.4392596732277 25.2549926261639 0.379856321012547 -0.418519684306412 -0.824954755611132 0.80386716100755 0.590614379268089 0.0705132908343789 -0.125142650713814 0.338065605470931 0.00599667848090635 0.145463741119707 0.353237132900213 -0.817427275935852
25.6332173329885 17.4334269551254 25.2136497939889 -0.14406632937936 0.351554336047368 -0.92501585006189 0.766853085893023 0.63047074119857 0.120178495226162 0.180316653228534 0.023274431599105 -0.180599666147103 0.3917890456863 0.334501298025157 -0.14102293177111
26.0735075069844 17.5366901955776 25.0444854149492 -0.489766512239644 0.751120847642251 -0.442658013176564 0.816344998242858 0.573348287457505 0.0696596667987308 -0.246295714161249 -0.0857909882982514 0.065108284075362 0.53754338359902 0.274277110819027 0.259338279829924
26.3318881506874 17.8430994869772 24.7155533580042 -0.531182994196128 0.787719272460968 0.311998171115999 0.833943494390662 0.551120520092907 0.0283602445806433 -0.650932565861032 -0.240321400049306 0.366453737285535 0.429954574085596 -0.484996725162045 0.317019585156431
26.6933797669901 18.1904013594287 24.6614766987797 -0.612520408321206 0.514721502810156 0.599900329729207 0.7047259742551 0.699341892668421 0.119507739399576 -0.0714868158741048 0.0969217045772293 0.37116607581494 0.385662959568112 0.0422782274616649 -0.218429317121553
26.7953024430007 18.6264918415085 24.5431162735454 -0.200981559589999 -0.0249439198528259 0.979277333156669 0.662204794744964 0.733204397297991 0.154583321874886 0.208771743673758 0.217385681214767 0.597008123451822 0.0359258281673364 0.30973116093312 0.469569859988637
26.9249306310361 19.077865592688 24.6984029225611 0.133363446989946 -0.629050651495644 0.765838986411328 0.721016001176274 0.591754968716281 0.360502238417161 -0.0892389451042672 0.0654761862410738 0.51220381459985 0.378727956444189 -0.195172525922073 -0.13381378216447
26.9407301926336 19.4993956919073 25.0476021082939 0.541492622385198 -0.690564125288883 0.479485984767361 0.600481293186716 0.716862347379394 0.354302804916917 0.552348114337864 -0.421834518845685 0.257263132210989 0.479978820520029 -0.20918682081228 0.20454026912085
27.1942005074218 19.7896281552154 25.3768472358074 0.682516644116794 -0.708494019169066 -0.179463469238939 0.729276895731226 0.643975308699161 0.231194490026326 0.0957279369696765 -0.369807865371542 0.0516805148821073 0.425520273655419 -0.0678289335085816 0.179614957274393
27.4423585476515 19.9876571103964 25.6248705439085 0.576188824572555 -0.422937453652318 -0.699378459763343 0.767437229203593 0.574320604047127 0.284948813407384 0.0395221198293575 -0.114495839722333 0.233127438251594 0.21533002765914 0.163089238592462 0.0469326402856256
27.8920489955641 20.1123541713141 25.7352845505039 0.223451197812528 -0.258314487615623 -0.939863325578051 0.847362370861367 0.528017988065104 0.0563373808354886 -0.275604900171578 0.316329944068522 -0.383700084834403 0.411343468978901 0.174372382482597 -0.288853796366083
28.3611055470251 20.056728970306 25.7618272414129 -0.171429213216077 0.534418652442349 -0.827652470136468 0.771263797217183 0.595507745740394 0.224772242805391 0.127459183268795 -0.364780185956476 -0.26111688892533 0.576036845143012 0.188773856014417 0.298901189825638
28.785827586473 20.2738661530321 25.7659557853471 -0.570276128706925 0.52305343379495 -0.633403603895142 0.733990710250834 0.67067680705799 -0.107005355736444 -1.08157731567493 -0.268743234215466 0.0506751468707848 0.4085586245682 0.471176873722577 -0.382805449122158
29.0047977422819 20.444006941328 25.4236181468046 -0.613684557869293 0.77620656727826 0.144549331600841 0.783199000698953 0.621634982545493 -0.0130061077021192 -1.56700132418288 -0.211078530073556 -0.1110536319575 0.810841548880206 -0.236621101237687 -0.155370867551067
29.3137870744495 20.9005131007078 25.2459690640794 -0.547818894992876 0.540644055061433 0.638434291791001 0.688507128369213 0.724863111967828 -0.0230496973237292 -0.0968171545793273 0.27252457120639 0.156967958228422 0.304946868724051 -0.0776346837923938 0.164266012109771
29.5771758882607 21.2485094226304 25.1287842857779 -0.259323455351856 0.0289523025731444 0.965356405963367 0.726653296504936 0.664268275789432 0.175278422092013 -0.195462575180251 0.198938485838324 -0.303263620231857 0.240867204315241 -0.0336731623711852 -0.0353795499198236
29.6406879754322 21.7163854140753 25.2684944034337 0.288556146446804 -0.513712929211264 0.807981597849508 0.666976149304622 0.713291078051055 0.215310324233386 -0.189046826025769 -0.386163247051091 -0.0901098945677684 0.522418937990804 -0.262577064643137 0.0715802974489545
29.6215318921256 22.1143098904902 25.504596069634 0.547424073096667 -0.699741428563358 0.459008386102631 0.5940385635636 0.711253164617804 0.375815124759537 -0.37747847510507 -0.0595537431079617 -0.075867882506246 0.586628545818825 0.158691833031437 0.366990808978519
29.8095541184544 22.4986993118175 25.7334129221288 0.66436751663905 -0.746787012735256 -0.0304112097091058 0.689344516232823 0.596525651482576 0.411048868812132 0.0444172318542804 0.371540983909758 -0.359550464285899 0.2482682325107 -0.104731191934978 0.0120654413642735
30.1368656246306 22.6678997099802 26.0306479123167 0.433004588216045 -0.551497282224743 -0.712992044532164 0.878937447286019 0.433776500515926 0.198259418050663 -0.102287674635522 -0.470524081339395 -0.455261236535887 0.441326438103046 0.173131991527871 0.0685310448984258
30.290804067675 21.8447636908654 25.9246349164672 0.600752328979814 0.271616302121724 -0.751878384079255 0.364768150749606 0.743767943339865 0.560136883325093 -2.11474860478752 -3.47753487512736 -3.32233926795359 -0.325231187028061 -1.23252329808077 -0.194202130485015
