t = 100
b = 30 30 30
E = -0.814502366505805 -1.03248929282482 0.217986926319018
15.6310404953804 26.2126177414755 8.45534165228685 -0.91314097043384 0.363583001354026 0.18433895784762 0.330181171889571 0.394475240539806 0.85753691645021 -0.334768785875153 0.500875906349619 0.19611551304566 0.313475495851334 0.0893322799319557 0.0512567631071575
15.6581209865949 26.6274475341965 8.73295580085009 -0.715520151904078 -0.478344110615878 0.509134288627255 0.433222695787313 0.267912462004937 0.860546855967451 -0.311237607087194 0.635891685524237 0.0770603971751772 0.53615426009548 -0.0792913820075122 0.897678566621736
15.8479533672365 26.6784745512706 9.28698628936064 -0.752913495479301 -0.597660026583995 0.275542452180105 0.305119701069748 0.0539646826006422 0.950783709378774 -0.0671079803423329 -0.202679951189965 0.133747043743169 0.512971538268407 0.337206657943497 -0.394532734963593
15.7247371587901 26.8758637161607 9.70095803679785 -0.1227958160318 -0.956282497457944 0.265414493668791 0.232736494290039 0.232232455252149 0.944405473352318 0.190188280058925 -0.666777624952181 -0.0582365523454116 0.336694890061456 0.116892525246172 0.241212440896665
15.7365949952784 26.9265406264674 10.2402074173894 0.346498529418122 -0.935059770657902 -0.0748456790023761 0.384069439633801 0.0686215953933983 0.920750576433248 0.0300696012109569 -0.540812867805305 0.518338674160037 0.346505667609447 0.231146574664527 -0.0796756323138265
15.7580619732331 26.7860561121394 10.7213479041673 0.850494176741671 -0.376356579523048 -0.367444231852723 0.423570040354836 0.0758843149633331 0.902679274729554 0.110193062877128 -0.18567736035995 0.0205614582571155 0.383107356701601 0.0648516243407246 0.127111023738767
15.9734666485264 26.6717025081381 11.1863441768946 0.79391743958957 0.0433339071104988 -0.606479309189822 0.607234583327277 -0.00564998722346169 0.79450243696938 0.465274766514702 0.474310857486311 0.558037137466823 0.594389923554172 0.545804919204892 -0.138333421130331
16.0602406080188 26.2534519908351 11.416952428183 0.616982555807817 0.72613336154949 -0.303418438315632 0.451190894144874 -0.0104893814692973 0.89236575029774 -0.110148941168268 0.208311935362096 -0.279790642046805 0.394640230390121 -0.199913066003763 0.203292470459249
16.4825151527932 26.1631198756744 11.7137647634944 0.0278326552572999 0.975680032630195 -0.217425157660579 0.605685099222835 0.156573733114755 0.780147493397812 0.0507420130403997 0.146737246021922 0.51411601041387 0.231993651134162 -0.281674855899928 0.0204640439044023
16.8865410123808 26.3556722997607 11.8426549800743 -0.524976471732223 0.830867370502252 0.184550809804973 0.475537169316936 0.10650501669159 0.873224463035301 0.120047585519734 0.157368845387371 -0.0066245675773299 0.773354039818563 0.174199192422109 0.422153604273294
17.1580859469104 26.7502083467165 12.0688307260513 -0.806464452938831 0.5342264887326 0.253410784848458 0.511822216708251 0.416130179000627 0.751580723928962 -0.26424270591129 0.629480729609739 0.876397167297944 0.62519732141167 0.0180241790013468 0.0748249713709942
17.2999190147255 27.0778573137609 12.2988052471082 -0.869568167337634 -0.0208625170366965 0.493371907329656 0.463493674441449 0.310212098804691 0.830025271721239 -0.82115732856415 0.61790349448197 0.426832375366923 0.659139579169875 -0.0445155619037062 -0.0504902863267729
17.3892907220304 27.434305057135 12.6285709751545 -0.677088783158819 -0.628953589051173 0.382057644164663 0.358129108621658 0.171923193342382 0.917706837055298 -0.453626401426226 0.0970474034380541 0.822142816906986 0.456872430776951 -0.0474332933354191 -0.0379212870157405
17.329686335827 27.5607942505229 13.1192560838707 -0.336390292810379 -0.939114595139017 0.070037350246598 0.27503178571701 -0.0268422068027914 0.961060297789975 -0.291475408065504 -0.149459478585967 -0.0954069741179754 0.373226155664386 0.378345071248228 -0.0977019436988594
17.200471978336 27.5409241620628 13.553738817039 0.374781136456526 -0.907851151934996 -0.188003368773114 0.396156632533332 -0.0265213253378976 0.917799773499556 -0.468178603225106 -0.4651185465314 0.0753209182598523 0.587137169051127 -0.0533743532209944 -0.239228477534875
17.2723557633965 27.4386354871528 14.1073789368034 0.643917023983047 -0.605319799727099 -0.467930216982939 0.491227339950672 -0.141800992433493 0.859411464385687 0.352556241671298 -0.356363143031142 -0.399542635146936 0.693442232068834 0.572764813474036 0.0995748172745826
17.4176883030162 27.0636543957585 14.402713103011 0.863499390598494 0.27075849870653 -0.42550972133697 0.466203114508994 -0.106632465246691 0.878227795865842 0.291660616341873 0.276626617585429 -0.437462723070462 0.841188320352173 0.202159356846478 0.252916424961714
17.7188024787169 26.8224458416032 14.6658339431962 0.552666383954543 0.781411662579531 -0.289750869807607 0.598870279579008 -0.130577690495134 0.790128943918546 -0.181746094113845 -0.0107194732047765 -0.116674510972754 0.610281698637308 -0.0842644122735854 0.535365980207236
18.1363727523042 26.8092226903904 14.9400152510952 0.0833202098883967 0.987035254637558 -0.137182472522204 0.486121648651062 0.0799125396100417 0.870229630564418 -0.732486511768422 0.272028821664102 -0.543736063395094 0.541799105880511 -0.255423387917119 0.0488124095597474
18.5627961914376 26.8559466821464 15.1725189008419 -0.447932356478465 0.893839695615466 0.0201763103725888 0.487337810271626 0.225176852970417 0.843680700992432 -0.241375409012798 0.310923234598299 0.0859278030288632 0.33030762053653 -0.110034519609639 0.0119425967293694
18.8592345435395 27.0807501893384 15.4765083611706 -0.773523822868775 0.629229112450898 0.0757066978454539 0.374592107660672 0.357566424140395 0.855468812503047 -0.529455483961251 -0.407755650133654 0.451510464761032 0.630943579439008 0.507073613690656 -0.130682113748537
19.0583153430392 27.453087567951 15.6354546363774 -0.807170017630193 0.000930443795711127 0.590318200598539 0.55706967211683 0.332071801376216 0.761184329883801 -0.903485104650199 -0.256823912390293 -0.782936407278342 0.597931681615622 0.0626023958087649 -0.215457799623251
19.2116136136947 27.8131781041856 15.8893300858607 -0.567435446391407 -0.583378919639264 0.581107503943884 0.467858994641443 0.352315508823612 0.810544031021046 -0.209639478955526 0.141839719262333 -0.500147195336188 0.158859504270078 -0.0424085718943801 0.167054361925942
19.2789635796681 28.0266623749057 16.2970073854646 -0.214033665051913 -0.943533892931547 0.252850280512969 0.442565058247577 0.137091919499402 0.886195156620179 -0.0606369850521771 -0.0534646580093571 -1.34052847221617 0.340946837047386 0.188544214919407 -0.243656853513009
19.1508046714101 28.0540791956451 16.7524912287998 0.513592075644852 -0.857957455877788 -0.0114919915317777 0.257892833956494 0.14157848357762 0.955744057765654 -0.196493881067119 -0.12457043038343 -0.338586789849716 0.530515216752253 -0.0202131187473123 0.233436544845378
19.0555201152218 27.9087511933891 17.1997664804869 0.864885016022641 -0.411886325644669 -0.286920627376925 0.319587078935251 0.0110490596100898 0.947492428494723 0.0470574171099538 0.217823364939509 -0.3915640565446 0.550322765840269 0.0414088921144303 0.503016338731108
19.2529412182977 27.7356840297022 17.5829487635438 0.876768861642929 0.218909652020678 -0.428199499275227 0.473246014534982 -0.234395132906152 0.849174321674208 0.15945084956029 -0.317676556916062 -0.401531261533248 0.501350121583455 -0.542758680146982 0.582631488668888
