mysystem:

<base.System object at 0x10477ee50>
mystdout :  NULL pointer!
#id1 id2 FENE BEXC STCK NEXC HB CRSTCK CXSTCK total, t = 100
0 1 0.003721 0 -1.29524 0 0 0 0 -1.29152
1 2 0.0728695 0 -0.922739 0 0 0 0 -0.84987
2 3 0.157497 0 -1.31585 0 0 0 0 -1.15835
3 4 0.0466115 0 -1.1808 0 0 0 0 -1.13419
4 5 0.0140162 0 -1.39329 0 0 0 0 -1.37928
5 6 0.111583 0 -1.26415 0 0 0 0 -1.15256
6 7 0.0198163 0 -0.452749 0 0 0 0 -0.432932
7 8 0.00584517 0 -1.27089 0 0 0 0 -1.26504
8 9 0.103198 0 -1.14289 0 0 0 0 -1.03969
9 10 0.112046 0 -0.654826 0 0 0 0 -0.542779
10 11 0.444525 0 -1.23215 0 0 0 0 -0.787626
11 12 0.0336643 0 -1.18488 0 0 0 0 -1.15122
12 13 0.0587048 0 -1.24864 0 0 0 0 -1.18993
13 14 0.0899079 0 -1.32303 0 0 0 0 -1.23313
14 15 0.0400263 0 -1.09087 0 0 0 0 -1.05084
15 16 0.0113967 0 -1.39178 0 0 0 0 -1.38039
16 17 0.18237 0 -1.32754 0 0 0 0 -1.14517
17 18 0.188792 0 -1.19935 0 0 0 0 -1.01056
18 19 0.126391 0 -1.24565 0 0 0 0 -1.11926
19 20 0.369764 0 -1.36411 0 0 0 0 -0.99435
20 21 0.145361 0 -1.33201 0 0 0 0 -1.18665
21 22 0.184809 0 -1.31503 0 0 0 0 -1.13023
22 23 0.180081 0 -1.21555 0 0 0 0 -1.03547
23 24 0.0441642 0 -1.34292 0 0 0 0 -1.29875
24 25 0.0724337 0 -1.12836 0 0 0 0 -1.05593
25 26 0.219977 0 -1.08146 0 0 0 0 -0.861484
#Total energy per particle is  -1.03249 and should be -1.0324910

