t = 0
b =  30.0 30.0 30.0
E = 0. 0. 0.
-0.24593864110073993 12.181720833339883 19.82416272967981 0.9624749627032666 0.12312978067807238 -0.24182845837393813 0.23695289468475608 0.05303291501013671 0.9700725929671669 0.0 0.0 0.0 0.0 0.0 0.0
0.0026504698888309974 11.867777471575714 20.182391876483898 0.7020855056601862 0.6808191509020788 -0.20871326384984054 0.23695289468475608 0.05303291501013671 0.9700725929671669 0.0 0.0 0.0 0.0 0.0 0.0
0.41127999398479337 11.709026856681678 20.493044828226246 0.17496202677312028 0.9798539430091954 -0.09630441088950409 0.23695289468475608 0.05303291501013671 0.9700725929671669 0.0 0.0 0.0 0.0 0.0 0.0
0.8597921175888765 11.773633978927737 20.78174518647611 -0.41863245129414695 0.9066258398828214 0.052692097891640796 0.23695289468475608 0.05303291501013671 0.9700725929671669 0.0 0.0 0.0 0.0 0.0 0.0
1.21287696074817 12.044906489902107 21.082456710098327 -0.8531814619534315 0.4889554222092611 0.18166999771885442 0.23695289468475608 0.05303291501013671 0.9700725929671669 0.0 0.0 0.0 0.0 0.0 0.0
1.3714790628097857 12.427636404754084 21.424579915416817 -0.9635925707832531 -0.11447733526030816 0.24162842805228887 0.23695289468475608 0.05303291501013671 0.9700725929671669 0.0 0.0 0.0 0.0 0.0 0.0
1.3104302080418753 12.784271207431438 21.821782328512672 -0.7079187515638647 -0.6744182391055077 0.2097881787567757 0.23695289468475608 0.05303291501013671 0.9700725929671669 0.0 0.0 0.0 0.0 0.0 0.0
1.0880112515802869 12.987172351284093 22.266805963557132 -0.18329476285501284 -0.9781363782428727 0.09824589288026009 0.23695289468475608 0.05303291501013671 0.9700725929671669 0.0 0.0 0.0 0.0 0.0 0.0
0.8238102481585202 12.967107276939178 22.734224752974956 0.41096597078746916 -0.9102441537176249 -0.05062165028519999 0.23695289468475608 0.05303291501013671 0.9700725929671669 0.0 0.0 0.0 0.0 0.0 0.0
0.65328895070882 12.739552019113459 23.19010433561746 0.8490938611431741 -0.49653495672436754 -0.18025718215845368 0.23695289468475608 0.05303291501013671 0.9700725929671669 0.0 0.0 0.0 0.0 0.0 0.0
0.6763186256234828 12.398811602278924 23.604894287915137 0.9646367975582739 0.10581617195024691 -0.24140999679034097 0.23695289468475608 0.05303291501013671 0.9700725929671669 0.0 0.0 0.0 0.0 0.0 0.0
0.9192372888938942 12.08219198516996 23.964654823848484 0.7136980867137928 0.6679659677489124 -0.21084711748167057 0.23695289468475608 0.05303291501013671 0.9700725929671669 0.0 0.0 0.0 0.0 0.0 0.0
1.324843453487257 11.917835231426938 24.27635275271757 0.19161354033105932 0.9763443246043383 -0.10017989306589882 0.23695289468475608 0.05303291501013671 0.9700725929671669 0.0 0.0 0.0 0.0 0.0 0.0
1.7741279306282134 11.976036197198194 24.56521467181012 -0.40326819363099675 0.9137931489359693 0.04854734764410036 0.23695289468475608 0.05303291501013671 0.9700725929671669 0.0 0.0 0.0 0.0 0.0 0.0
2.131487410342132 12.242536340021948 24.865142960325688 -0.8449415985479902 0.504076678180106 0.17883063931573764 0.23695289468475608 0.05303291501013671 0.9700725929671669 0.0 0.0 0.0 0.0 0.0 0.0
2.2962424260809113 12.623940777497651 25.205835698700188 -0.9656075635064175 -0.09714695032900793 0.24117318122248077 0.23695289468475608 0.05303291501013671 0.9700725929671669 0.0 0.0 0.0 0.0 0.0 0.0
2.2408871673355173 12.983200564589122 25.601503871322883 -0.7194230709912229 -0.6614628281977376 0.2118899993822415 0.23695289468475608 0.05303291501013671 0.9700725929671669 0.0 0.0 0.0 0.0 0.0 0.0
2.021539396920995 13.191679879179963 26.045472375971883 -0.19991772569414762 -0.9744779185654142 0.10210626416481847 0.23695289468475608 0.05303291501013671 0.9700725929671669 0.0 0.0 0.0 0.0 0.0 0.0
1.7566203746440712 13.178026921571826 26.512716006750036 0.3955397060402629 -0.9172725552681282 -0.04646934793451882 0.23695289468475608 0.05303291501013671 0.9700725929671669 0.0 0.0 0.0 0.0 0.0 0.0
1.5818646408047004 12.955281656128298 26.969366948204353 0.8407249903787526 -0.511580012245189 -0.17739047782746659 0.23695289468475608 0.05303291501013671 0.9700725929671669 0.0 0.0 0.0 0.0 0.0 0.0
1.598752194975615 12.61592171079659 27.3855817246563 0.9665047947000986 0.0884703305913816 -0.2409179993831304 0.23695289468475608 0.05303291501013671 0.9700725929671669 0.0 0.0 0.0 0.0 0.0 0.0
1.8359545475095342 12.29672858010691 27.746879235568368 0.7250932684164376 0.6549093156912381 -0.21291674503899383 0.23695289468475608 0.05303291501013671 0.9700725929671669 0.0 0.0 0.0 0.0 0.0 0.0
2.238441933394072 12.1268220485358 28.059642367749362 0.2082066865484115 0.9725373022601468 -0.10402485947640129 0.23695289468475608 0.05303291501013671 0.9700725929671669 0.0 0.0 0.0 0.0 0.0 0.0
2.688390040028554 12.178605425615821 28.34869302993956 -0.3877810965695198 0.9206821077438383 0.044387809404178816 0.23695289468475608 0.05303291501013671 0.9700725929671669 0.0 0.0 0.0 0.0 0.0 0.0
3.049943433498463 12.440258318125352 28.64786189468011 -0.8364443577464983 0.5190443875116768 0.17593680736751396 0.23695289468475608 0.05303291501013671 0.9700725929671669 0.0 0.0 0.0 0.0 0.0 0.0
10.856950255748083 16.37823775136714 11.775046909937032 0.8182988703858693 -0.2516313057142332 0.5167868464945294 0.11347207402715342 0.9521097846464864 0.28392084530093514 0.0 0.0 0.0 0.0 0.0 0.0
10.79619720726636 16.659546455279674 12.228764423729027 0.9932659504393749 -0.10198409879958582 -0.05497267766628661 0.11347207402715342 0.9521097846464864 0.28392084530093514 0.0 0.0 0.0 0.0 0.0 0.0
10.961859163440451 16.917607880661908 12.669950913917273 0.7908746893998586 0.08640857233222793 -0.605847162487523 0.11347207402715342 0.9521097846464864 0.28392084530093514 0.0 0.0 0.0 0.0 0.0 0.0
11.307801029948147 17.19536614282612 12.97303452435348 0.28801691113766686 0.2419731821607401 -0.9265501810553611 0.11347207402715342 0.9521097846464864 0.28392084530093514 0.0 0.0 0.0 0.0 0.0 0.0
11.719396360412139 17.528282199477573 13.064910991864176 -0.32426330705168516 0.30560813451052277 -0.895241294747345 0.11347207402715342 0.9521097846464864 0.28392084530093514 0.0 0.0 0.0 0.0 0.0 0.0
12.05707585983074 17.930861640006672 12.952717178068406 -0.8133504734987187 0.2531374470642266 -0.5238152729285543 0.11347207402715342 0.9521097846464864 0.28392084530093514 0.0 0.0 0.0 0.0 0.0 0.0
12.209352093223199 18.391143769559044 12.721119656326701 -0.9934321965688488 0.10449561124581115 0.04661692880012791 0.11347207402715342 0.9521097846464864 0.28392084530093514 0.0 0.0 0.0 0.0 0.0 0.0
12.1351754261494 18.875245676982853 12.50014846497179 -0.7960924188618829 -0.08384585435834048 0.5993385798841553 0.11347207402715342 0.9521097846464864 0.28392084530093514 0.0 0.0 0.0 0.0 0.0 0.0
11.879529467146952 19.34023491926747 12.415796521759686 -0.2963038212738339 -0.24033287806383 0.9243614840635019 0.11347207402715342 0.9521097846464864 0.28392084530093514 0.0 0.0 0.0 0.0 0.0 0.0
11.55634104276192 19.75044027443535 12.542152807924934 0.316055551951854 -0.3055134232414281 0.8982040059472639 0.11347207402715342 0.9521097846464864 0.28392084530093514 0.0 0.0 0.0 0.0 0.0 0.0
11.305197491389015 20.09100383516235 12.87325472550789 0.8083401368239965 -0.25462431101756444 0.5308038088015125 0.11347207402715342 0.9521097846464864 0.28392084530093514 0.0 0.0 0.0 0.0 0.0 0.0
11.2383150996396 20.373525776181136 13.325353388008915 0.9935227889903246 -0.10699916594666883 -0.038257629874356214 0.11347207402715342 0.9521097846464864 0.28392084530093514 0.0 0.0 0.0 0.0 0.0 0.0
11.397906258901767 20.631657253955645 13.768731222576305 0.8012495228040135 0.08127675119802126 -0.5927843553274955 0.11347207402715342 0.9521097846464864 0.28392084530093514 0.0 0.0 0.0 0.0 0.0 0.0
11.740142272098462 20.908315769723117 14.076983844694803 0.3045681667268242 0.2386742716877687 -0.92210239336582 0.11347207402715342 0.9521097846464864 0.28392084530093514 0.0 0.0 0.0 0.0 0.0 0.0
12.151804608483786 21.239380093231713 14.175043197231572 -0.3078237279980828 0.3053954459423103 -0.9010983154345915 0.11347207402715342 0.9521097846464864 0.28392084530093514 0.0 0.0 0.0 0.0 0.0 0.0
12.493298516386261 21.64005931825214 14.067697160411925 -0.8032682419182391 0.25609178434380014 -0.5377519219093398 0.11347207402715342 0.9521097846464864 0.28392084530093514 0.0 0.0 0.0 0.0 0.0 0.0
12.651687403268602 22.099114673571673 13.837770556072657 -0.993537720804839 0.10949457224677552 0.029895417481949016 0.11347207402715342 0.9521097846464864 0.28392084530093514 0.0 0.0 0.0 0.0 0.0 0.0
12.58359933543177 22.583129320080115 13.614658613089059 -0.8063456084928192 -0.0787014584984226 0.5861849879471197 0.11347207402715342 0.9521097846464864 0.28392084530093514 0.0 0.0 0.0 0.0 0.0 0.0
12.331704760767302 23.049203966647493 13.525167556552343 -0.31280931813473467 -0.2369974893418535 0.9197730810008189 0.11347207402715342 0.9521097846464864 0.28392084530093514 0.0 0.0 0.0 0.0 0.0 0.0
12.00850529219146 23.46125502806226 13.645338802770468 0.2995684620756364 -0.3052542115975975 0.903924002796455 0.11347207402715342 0.9521097846464864 0.28392084530093514 0.0 0.0 0.0 0.0 0.0 0.0
11.753592463971694 23.803723382338518 13.971559553868051 0.79813517502588 -0.25753975528915857 0.5446590831263226 0.11347207402715342 0.9521097846464864 0.28392084530093514 0.0 0.0 0.0 0.0 0.0 0.0
11.680614574012438 24.087485541293113 14.421935360102003 0.9934769908752764 -0.11198164011128033 -0.021530928437755836 0.11347207402715342 0.9521097846464864 0.28392084530093514 0.0 0.0 0.0 0.0 0.0 0.0
11.834099795382997 24.345721481860835 14.867403190521097 0.8113802878416441 0.076120172378054 -0.5795409803104041 0.11347207402715342 0.9521097846464864 0.28392084530093514 0.0 0.0 0.0 0.0 0.0 0.0
12.172539178897178 24.621309018117255 15.180764636243152 0.32102664790197855 0.23530265871955158 -0.9173737243546531 0.11347207402715342 0.9521097846464864 0.28392084530093514 0.0 0.0 0.0 0.0 0.0 0.0
12.584156596901732 24.95053380283261 15.285010712633357 -0.29129038285497655 0.3050897309628316 -0.9066808528458212 0.11347207402715342 0.9521097846464864 0.28392084530093514 0.0 0.0 0.0 0.0 0.0 0.0
12.929374362969028 25.349303801320602 15.182578860088604 -0.7929413270498368 0.2589681135850458 -0.5515247664453918 0.11347207402715342 0.9521097846464864 0.28392084530093514 0.0 0.0 0.0 0.0 0.0 0.0
25.55519003544045 0.78439561572723 14.913053472327041 -0.3999761854435776 0.4518642033330323 0.79739437722134 0.8937629339890043 0.38499251332741413 0.23014904411969136 0.0 0.0 0.0 0.0 0.0 0.0
25.786540030068185 1.2690774791473745 14.897376311369676 -0.20496685488780372 -0.10584593370339551 0.9730288930529545 0.8937629339890043 0.38499251332741413 0.23014904411969136 0.0 0.0 0.0 0.0 0.0 0.0
25.97116782367495 1.7296317586493828 15.10350111720013 0.06791281070291358 -0.6233434308762632 0.7789934642382045 0.8937629339890043 0.38499251332741413 0.23014904411969136 0.0 0.0 0.0 0.0 0.0 0.0
26.171276344618327 2.0480948834696178 15.487197507714747 0.31499126406594946 -0.9040223369128422 0.28900539428318295 0.8937629339890043 0.38499251332741413 0.23014904411969136 0.0 0.0 0.0 0.0 0.0 0.0
26.44318713411675 2.160486088145467 15.936772686949782 0.44239926983723954 -0.8412480427087783 -0.31078065687253725 0.8937629339890043 0.38499251332741413 0.23014904411969136 0.0 0.0 0.0 0.0 0.0 0.0
26.815942851094686 2.081114775015943 16.315505405671995 0.4017323964760102 -0.4588695521624255 -0.792495940506887 0.8937629339890043 0.38499251332741413 0.23014904411969136 0.0 0.0 0.0 0.0 0.0 0.0
27.280273480489857 1.8971441330326433 16.51358864981974 0.20844066908605688 0.09784115314022024 -0.9731287665171281 0.8937629339890043 0.38499251332741413 0.23014904411969136 0.0 0.0 0.0 0.0 0.0 0.0
27.79211816696179 1.7354763849862331 16.489847161020368 -0.06404115343183253 0.61738036854805 -0.7840537042821699 0.8937629339890043 0.38499251332741413 0.23014904411969136 0.0 0.0 0.0 0.0 0.0 0.0
28.289364670493878 1.7145405113762522 16.287380605659592 -0.312192671049982 0.9023664598951648 -0.2971035311115359 0.8937629339890043 0.38499251332741413 0.23014904411969136 0.0 0.0 0.0 0.0 0.0 0.0
28.715446844836965 1.8992991006923752 16.017189291033564 -0.4417369733531319 0.8445284463654397 0.30272124083451546 0.8937629339890043 0.38499251332741413 0.23014904411969136 0.0 0.0 0.0 0.0 0.0 0.0
29.040835062204934 2.2765679759306257 15.816003292780902 -0.4034580140310817 0.46583995629883557 0.7875371521582915 0.8937629339890043 0.38499251332741413 0.23014904411969136 0.0 0.0 0.0 0.0 0.0 0.0
29.27425501257969 2.7600250838648703 15.794336413142615 -0.21189860972034905 -0.08982892159442624 0.9731545324581101 0.8937629339890043 0.38499251332741413 0.23014904411969136 0.0 0.0 0.0 0.0 0.0 0.0
29.459372668201297 3.223005686295195 15.994500139798504 0.060164619178971535 -0.6113702903144872 0.7890542356009669 0.8937629339890043 0.38499251332741413 0.23014904411969136 0.0 0.0 0.0 0.0 0.0 0.0
29.65820485065783 3.5466244118115386 16.37452880428726 0.3093703033534103 -0.9006418641779133 0.3051790423557114 0.8937629339890043 0.38499251332741413 0.23014904411969136 0.0 0.0 0.0 0.0 0.0 0.0
29.927558003498127 3.6649417960497903 16.824123041083475 0.44104103688824836 -0.8477445359111859 -0.2946387714019717 0.8937629339890043 0.38499251332741413 0.23014904411969136 0.0 0.0 0.0 0.0 0.0 0.0
30.297446474574475 3.590015786652767 17.206554360667784 0.40515290669633264 -0.472774884919001 -0.7825183898064854 0.8937629339890043 0.38499251332741413 0.23014904411969136 0.0 0.0 0.0 0.0 0.0 0.0
30.759689563480407 3.4073207273625745 17.410610588673734 0.21534041345511123 0.08180984922846579 -0.9731061889137247 0.8937629339890043 0.38499251332741413 0.23014904411969136 0.0 0.0 0.0 0.0 0.0 0.0
31.271019506409125 3.243274225778162 17.392847230297967 -0.05628350315742414 0.6053136538663002 -0.7939946773847751 0.8937629339890043 0.38499251332741413 0.23014904411969136 0.0 0.0 0.0 0.0 0.0 0.0
31.76951962302215 3.2172089906387935 17.19409276022926 -0.3065243759104633 0.8988486810957272 -0.31323131303426305 0.8937629339890043 0.38499251332741413 0.23014904411969136 0.0 0.0 0.0 0.0 0.0 0.0
32.19814749850158 3.3960363406375103 16.92393720249856 -0.44031151344084696 0.8508960664283458 0.2865338640862449 0.8937629339890043 0.38499251332741413 0.23014904411969136 0.0 0.0 0.0 0.0 0.0 0.0
32.52640635063774 3.768825475752051 16.71909704810212 -0.4068169453991264 0.4796738099012573 0.7774400356496521 0.8937629339890043 0.38499251332741413 0.23014904411969136 0.0 0.0 0.0 0.0 0.0 0.0
32.76193126726966 4.250956270926541 16.691474374294202 -0.21876581818366547 -0.07378454672574708 0.9729837395655196 0.8937629339890043 0.38499251332741413 0.23014904411969136 0.0 0.0 0.0 0.0 0.0 0.0
32.94758850876314 4.716267876353263 16.88564337453522 0.05239810092920005 -0.5992109204398045 0.7988746533998252 0.8937629339890043 0.38499251332741413 0.23014904411969136 0.0 0.0 0.0 0.0 0.0 0.0
33.14518989901214 5.044989333611533 17.26191587715536 0.30365510544953256 -0.8969870472064421 0.32125972993560264 0.8937629339890043 0.38499251332741413 0.23014904411969136 0.0 0.0 0.0 0.0 0.0 0.0
33.41200948010288 5.169242565235358 17.71141954532277 0.4395484585669609 -0.8539827979156696 -0.27840713610740714 0.8937629339890043 0.38499251332741413 0.23014904411969136 0.0 0.0 0.0 0.0 0.0 0.0
