t = 100
b = 30 30 30
E = -0.220157612711339 -0.468046383156546 0.247888770445207
2.41741082631477 11.3880057044604 19.0031088225751 0.971162150170385 -0.165807232996603 0.171324052117518 -0.13736527259917 0.198205168641513 0.970487186033609 10.8946736342842 -3.2162331041934 -2.69995142170744 -0.221984601571246 -1.09524550356515 -0.702866883022948
0.872094396878721 11.7471822495258 19.9729795331115 0.854039765699584 0.494481413132579 -0.161567626381734 0.200946514838587 -0.0271090771799498 0.979226979321463 2.36185945207132 0.111409672022202 -1.42162602756853 -0.054345283952037 -0.303083005043791 -0.664029702045511
0.675587369543174 11.8716694546495 20.5466677488818 0.324807544693091 0.944970250120664 -0.0391301460648449 0.237577949181206 -0.0414743046810426 0.97048260208336 0.414197583278547 -0.285303724483718 0.0957631822503381 0.0836568041013256 -0.208699711708916 -0.603941398608469
0.914402886320637 11.5883163963217 20.952291485136 -0.40174469557194 0.913353263649861 0.0662336483626679 0.321104406191424 0.072766215479655 0.944244099757264 0.0474175404928875 -0.239983923394846 0.618599541207561 0.0887842715248967 0.0645868406587732 0.0127184702304965
1.09259020848121 11.8995097466292 21.3323872640943 -0.909120473722333 0.317561783084943 0.269544733298676 0.362587848770865 0.284841245609637 0.88735303370972 0.539945417925889 -0.0867671110272385 0.832989261314579 0.614373091455263 0.29408030187042 0.759128150410134
1.48970485987145 12.4804112551844 21.656668097743 -0.897034488523321 0.156799585320339 0.413210485215701 0.441678380107257 0.284652576946352 0.850819020059885 0.311795113943844 0.0591242218150949 -0.117756828741287 0.698221319390766 -0.547319675348088 -0.572325674268438
2.05615110721886 13.2593378262943 21.2289179175173 -0.769027787031681 -0.508639633443182 0.387145800583571 0.292142746817531 0.259027500332569 0.920628726338022 3.62058897185529 1.76889200179648 -2.50517863686582 0.386775420323752 -0.19626720607556 0.031263877391024
1.10257208552442 12.8737104418459 22.0831939317861 -0.150002347731039 -0.914724908305688 0.375203303298662 0.221603979609908 0.338735112305875 0.914412423979616 -0.598844718912461 -0.328331156917146 -0.531626258974863 0.342640087127882 0.0537371308878779 -0.243136202168901
0.969354901009276 12.8913398774238 22.564257638034 0.430546928759659 -0.894447013753371 0.120804646220278 0.125451846494212 0.191851357777643 0.973372884217757 1.16444583134857 0.0875059485307976 1.2969589803984 0.253531633198239 -1.24514136816691 -0.124861442993016
0.848154707116341 12.7723118746224 23.0105267139271 0.879906191812367 -0.460799816021548 -0.115881422591386 0.171120014130845 0.0798014545100543 0.982013008785614 0.416466800122803 0.0409306387452163 -0.430551664464623 0.348077971708405 -0.128673711086696 1.12572275258764e-05
0.84556411074424 12.5135319910721 23.5293597166519 0.976163164319795 0.108917456762671 -0.187729446353643 0.196963979731033 -0.0812565463395817 0.977037587371743 0.734793418422421 0.413469782146627 -0.0810746355431902 0.49232299319153 -0.229574859157285 -0.0533677127324527
1.11735648620019 12.2768347208991 23.9602273577398 0.820550374816858 0.554820347051945 -0.137373025743703 0.294367066381012 -0.204188930770348 0.93362454876305 0.646003489068903 0.495199269925637 0.170506866880696 0.566217016653723 0.245769758304418 0.0196569346003576
1.39254277240912 11.9802192104171 24.3123995752443 0.255075200633343 0.962773749675733 0.0894607724212162 0.385992364607587 -0.186218096194615 0.903511262245436 0.0041385123620704 0.360314146676012 -0.400283398627027 0.501945107815115 -0.104474330139175 -0.13131203361997
1.75572410069875 12.0584603756977 24.6353542501273 -0.399879611371135 0.894152804720093 0.201462004395002 0.447533972282324 -0.00134303910786648 0.894265857924836 -0.28441420498104 -0.00645043128779293 0.270856397624275 0.471036652346915 -0.225557461739957 0.00740193636934961
2.08094207713946 12.1337216184843 24.9480107339498 -0.837684264816976 0.50503690850103 0.207900635690479 0.362551736190346 0.229519353314083 0.903259094488626 -0.495790456876054 -0.205986955246857 -0.24242705449917 0.726984946616796 0.293167837307133 -0.138002065418443
2.13869883512335 12.5878439426664 25.1522543727642 -0.873341197090084 -0.0460071122798182 0.484931314738582 0.423064629828918 0.421794002041238 0.801938921822351 -0.446250572988088 -0.483372373379047 0.187326245950625 0.543033622092889 -0.257186983444736 0.450735839091467
2.21256662121353 12.8744198842059 25.493599296115 -0.55847388808287 -0.713114211156591 0.42376281177521 0.440296379570141 0.178120359983697 0.880006884395712 -0.125017382425939 0.0630347241203491 -0.0372670418064138 0.320221218172076 -0.411237124832655 -0.0553963088427999
2.08530346571571 12.9429948479877 26.0259127400482 -0.305083290684864 -0.952200661581426 0.0154261951239069 0.173353575064227 -0.0395997723787743 0.984063146883701 0.583213415533606 -0.226052986451406 0.175171050032998 0.33852493125679 0.0819490565721353 -0.161827699326057
1.8917305248126 12.9477680583604 26.4932514990114 0.215925061307854 -0.959685787456014 -0.179942881291609 0.103001744427079 -0.1608741782002 0.981585465094479 0.574799311836648 -0.175038190097103 0.057950611561509 0.341593508197412 0.281141884772853 -0.0808885932027635
1.75084265885323 12.7863457163834 26.9189393346878 0.775884196241208 -0.570747392670075 -0.268795478220456 0.186525311028116 -0.19948414828329 0.961984547991009 0.115294803004539 -0.245461096052006 -0.20195053705178 0.410195049959352 -0.322445187993715 -0.450272443184959
1.66643313820901 12.4956735223841 27.2480121702049 0.956187516207862 0.282793822534314 -0.0757163974788522 0.0986215990784967 -0.0676383854131122 0.992823605265018 -0.0708844689876975 -0.352240833006113 -0.317786831188782 0.469391286124456 -0.451208266751771 0.46616830085542
1.82097266121293 12.4578193725172 27.6945621769242 0.722318255715665 0.642722986787702 -0.25527119015554 0.36344339073802 -0.0387615617638112 0.930809500775712 -0.171627782364148 0.0819980585628641 -0.167262429253558 0.0554647775136745 0.152910236922885 -0.208596559076777
2.16836401016404 12.3314023888677 27.9647234419765 0.124116537639963 0.991198590288689 -0.0460469499586049 0.334356436280889 0.00191438824678121 0.942444688493898 0.291425841679725 0.0407115113359074 -0.254844321738235 0.38490421724798 -0.246311121825237 0.0450057449444728
2.43608499772454 12.3374433389538 28.3198317124352 -0.371352913677568 0.928034501790535 0.0291351648948262 0.31642515643701 0.0969922196812771 0.943645861296168 -0.257657614368935 -0.170854234305482 -0.11506468150427 0.42421436342649 -0.187869652408277 -0.121867396748187
2.80132808227214 12.4714920040401 28.5552983424839 -0.846354081781013 0.353336429423001 0.398544879154995 0.385232435653961 -0.110629747192434 0.916164237862772 -0.757209575586203 0.607980205942208 -0.213830267511985 -0.0385906498717394 -0.510911307149175 0.634052765796
10.6822574352921 16.2554268600381 11.9631289526073 0.828499510671498 -0.153075460748514 0.538661623774752 0.032520802421396 0.973442209737458 0.226610993785216 0.30412577384204 -0.508390015869033 0.286396056346896 -0.00845497166375785 0.0567080440563564 2.37245954441915e-05
10.7142696266938 16.6803784005567 12.2477955794167 0.970999544970723 -0.213509229467426 -0.107580543926056 0.238605434864126 0.893787221275948 0.379752197899081 -0.572777174801044 -0.0721238955721355 0.0451426725695008 0.336529248664183 0.418121222961232 -0.0394658436721013
10.9820664086868 16.9256957236836 12.5920055702428 0.724255299149252 0.127919180996207 -0.67756241550571 0.264860295105976 0.855647458461542 0.444653054068676 -0.625278194689108 -0.32115510510007 -0.250141527355766 0.660465535757519 0.158247716889925 0.185670577216636
11.2933544369097 17.1885343337218 12.8462658420177 0.233894697622423 0.260930673929235 -0.936594007567634 0.332757119007252 0.883655155282885 0.329281268107981 -0.206823007148413 -0.301386740810053 -0.213782447974328 0.56140455837932 -0.00581491261699757 0.105588275277526
11.667156228059 17.4686033895087 13.0211054434424 -0.414757191635878 0.421347049651817 -0.806500476222067 0.306884399467493 0.899173916446811 0.311942490988322 -0.0926893139905807 -0.109590435593849 0.241592929086914 0.499190940039319 -0.507287319366045 0.251737617341123
11.819270408738 17.8222415647402 13.020575026615 -0.87187206533504 0.377553384657741 -0.311917341889759 0.285861526502977 0.909493531713844 0.301835360631464 -0.275005449363881 -0.128252655058072 0.0902652064636655 0.04748641457601 -0.360810785078879 0.699774082295686
11.4199255939329 18.2332948237365 13.3823553930643 -0.995046918405309 0.0379873350735061 0.0918611659041306 0.057752943035897 0.973061596671887 0.223194103746963 -3.17357848823825 -0.292024268192016 2.39796842290346 0.215326860079243 0.417209208787307 0.329225515545923
11.9803979696165 18.7211351100359 12.7875258048013 -0.85722970769185 0.0465883986879248 0.512822223062804 0.136107414390308 0.980979574893226 0.138396992269198 -0.616305657913889 -0.582277617545638 1.13374447403361 0.324515802410959 -0.546824716038037 -0.624351838735894
11.9379291615154 19.1978179911235 12.6529155937641 -0.398985861653698 -0.203899823614164 0.893999455490132 0.0159083341389755 0.973277304342939 0.229080981319117 -0.101369679349108 -0.319348839425425 0.619441063449761 0.325861269168039 -0.131685380245832 -0.259686914663085
11.7166617673439 19.6919446887496 12.6818833930153 0.264372093139797 -0.202391107942782 0.942944917313958 0.08382428598659 0.978853919115095 0.186596824476965 0.447999092736997 -0.571752894502019 0.162423736305283 0.380656044149481 -0.229272503476782 -0.333234521028857
11.5572743754192 20.0805573539804 12.934254227369 0.818654698980548 -0.172215666910145 0.547855937909953 0.0486603508263841 0.971348211614939 0.232625671081459 0.48007902062433 -0.018594631508891 0.0787227920910771 0.0350220492503001 -0.124635797267358 0.167087190517801
11.4420666162172 20.4361827580958 13.2139200426951 0.985987651104709 -0.0839384995200191 -0.144161584173775 0.109695419407256 0.97730581600812 0.181218484373865 0.554407852358002 0.212209547819015 0.354299990716851 0.203711504542982 -0.0764734299085905 0.0746129696363603
11.694548604261 20.8229672264642 13.5044243178574 0.685672842581295 0.0385486077386593 -0.726888328076281 0.277979224206298 0.909045085198387 0.310426266237943 0.835418793212217 0.381195377038165 -0.547722962081194 0.186449434855352 0.334811583450901 0.65055409783964
13.7081553027857 19.4115857466568 14.2938870159264 0.473895224235097 0.443154724859549 -0.760944866765216 0.12005880164392 0.823554349879611 0.554386146084823 8.09999263643959 -6.10803362515441 0.934253118084966 0.255437151576155 -0.492615965585054 -0.415779995476508
12.1243083153011 20.9692915502902 13.999421943951 -0.179531051846054 0.105600209355684 -0.978068034779821 0.0668367988036331 0.99323388855469 0.0949692886066107 -0.132657856244661 -1.16047376694855 -0.463576903278898 0.0622113530530551 0.234778727650414 -0.455353588796402
12.3938185106985 21.5231519845093 13.936494804149 -0.879377131680386 0.208633475328511 -0.427981093464262 0.134082544275753 0.97101782291222 0.197853836277984 0.133093573555325 -0.923153416511246 -0.22670784439111 0.452745855913643 0.0292928233455534 -0.0227687586760134
12.6042024082755 21.9119416019031 13.7934051505349 -0.991110781217919 0.0919895550262996 0.0961104701316752 0.105236349561839 0.98406075880185 0.143351375904284 -0.160263448848675 -1.19727929296992 -0.207452839806554 0.43702232409544 0.0385265753856074 0.0634216900211431
12.8933867530683 22.1375039155389 13.5888899794317 -0.810994886127967 0.121833958760533 0.57222693276794 0.194135083401593 0.978700230960114 0.0667630885218183 1.18672496090137 -1.82268200160702 -0.408644969852568 0.404652889778624 -1.4349292091793 -0.410460384020885
12.487528216387 22.787904108236 13.5287215218849 -0.0754569096898434 -0.0625415294010656 0.995185760527145 0.121002103572762 0.990081347553879 0.0713953594153511 0.835870669576062 -0.918118953766621 -0.238306844472387 0.272784665881195 -0.250167448038327 0.719163929689393
13.1421970053212 22.825745136053 14.2681368045293 0.233583101922434 -0.276740524450935 0.932123113130491 -0.175506522645815 0.930896725279728 0.320357047445496 3.89134754968278 -2.2820649915401 2.54443712207667 0.548057887014428 0.840014881471481 0.325560431927058
12.3529973834823 23.5744953349682 14.0069917078994 0.651386249202566 -0.326022580085007 0.685131460101536 0.0786931109576482 0.92713752590722 0.366364960242484 1.43903593140165 -0.632749138740595 0.343754085675739 0.407011273897215 -0.542809447602338 -0.872639191801173
12.0327805260107 23.8676446123802 14.3367903611995 0.997312871621803 0.0472119007519514 0.0560174384977164 -0.0633888616721059 0.939448178243955 0.336777157447136 0.813693681810446 -0.439166077404747 0.27203491886937 0.428053147922688 -0.328066237729113 -0.145665882755273
12.0448413958307 24.3298016858577 14.7318231313689 0.897319944199299 0.108097013818266 -0.427939057604261 0.0592666971802801 0.931258034991272 0.359507735367073 0.578211647111406 -0.175787668212224 -0.85750081656505 0.0540503595023613 -0.285771627559821 -0.0709633466856658
12.2518012304519 24.6177094465348 15.0196659044487 0.130023340240276 0.384964876554684 -0.913726359885683 -0.0304321968896551 0.922664743296062 0.384400227484838 0.657743460427875 -0.201685483276309 -0.331658959787699 0.19302117493122 -0.482576878279065 -0.160004843001169
12.4563108275716 25.0226401789615 15.2413154748918 -0.406181158342278 0.432236466645003 -0.805101476058517 0.212622677029862 0.901577572477068 0.376761674447869 -0.385388315712293 0.0549068351860771 0.0937466343095589 0.0580010109710652 0.0358486771544265 0.468117966853255
12.6905266349957 25.4825087061275 15.3012487027126 -0.853249986027667 0.126660409200682 -0.505886829158137 0.0243874380106375 0.978687036504324 0.203903943706147 -0.715322587846407 0.469229207318994 -0.088010601487254 -0.018154108408225 0.135590304046024 0.253697707044947
25.324034525373 0.918921704965441 15.0385577267808 -0.43971483883156 0.615574149352171 0.654002456960737 0.898039943881453 0.31206887695774 0.310059925354843 0.0149078565124147 -0.0294145310503014 0.322445030658659 -0.00257169391883769 -0.457011417953306 -0.821701252991975
25.5704621290936 1.31470951791878 15.0552074603515 -0.097672616075288 -0.146101504582969 0.984436027364106 0.930184945559993 0.338304732602832 0.142498267195464 -0.524019219569535 0.252397372992367 0.437609115546173 0.116127090727909 0.211432611740025 0.312665675094558
25.8903514481042 1.6728995153917 15.2714956147122 0.142755996160675 -0.720701589957031 0.678387667609729 0.83715849080568 0.453564097127026 0.305688000188578 -0.573102715940938 0.190078904430128 0.234636326968121 0.228144144433737 0.209130368225035 0.161810936497332
26.2024616529248 1.8899481471747 15.5315608022673 0.307941096331447 -0.917880213337609 0.250335926508593 0.80776212229585 0.391258834298263 0.440949844276277 -0.196983507229301 -0.115094745749421 -0.0290360284250246 0.232246321672445 -0.0174408543658312 0.0891230773357454
26.6205564879482 2.03941415333556 15.8004980961168 0.286670975165982 -0.922475082936715 -0.258571760107904 0.951697107428792 0.243228076927438 0.187383561468702 0.379707208173064 -0.476188057473823 -0.482272388954762 0.535209890871566 0.00118859181865715 -0.399839437492247
27.0258609170774 2.04761793244481 16.1120510252062 0.24344361306636 -0.62462275458513 -0.742011795395877 0.951381760131056 0.00494248717880627 0.307974373173621 0.244267493561267 -0.329472135070769 -0.457515889162748 0.448170445971552 0.751347599667743 -0.221876065826212
27.3566279610678 1.8412013998709 16.3222491260868 0.291753661061199 0.082641508678291 -0.952916608814016 0.936691056929695 0.176986402528678 0.302135008079948 0.176274725643475 0.171537839361521 -0.168006497365476 0.816314049338995 -0.313798541945874 -0.102530021907463
27.8378139477035 1.71984529316743 16.3351457578206 0.0211912341408368 0.669083917000434 -0.742884596994757 0.962489275410636 0.18738066089486 0.196221220923645 0.0298375289615043 -0.36902332190759 -0.18767023733796 0.425074952529429 0.0418446286959775 0.146200791780947
28.3132766101647 1.72515097421185 16.2684814093142 -0.298744939263031 0.907577543160327 -0.295049733446321 0.933054749553579 0.342696204056468 0.109398486973718 -0.235104553241562 0.0676065784607838 -0.378433682974879 0.346713058083892 -0.0421249700542583 -0.142955245767434
28.7144700146141 1.9666046810017 16.035683830422 -0.387531700561157 0.816089992250096 0.428737901521667 0.918520800064766 0.381355717543002 0.104341932923562 0.554619510476774 0.44794118918032 -0.0276076293336772 0.354898061652363 -0.148965992364483 0.367735886321558
29.1713585954291 2.2410742894679 16.0936951281211 -0.689003987582545 0.509265578858512 0.515676219433018 0.705568478478896 0.633967244397655 0.316636289951186 0.0965936883000698 0.320931701434916 0.644886549079426 0.545802114512788 0.500958133297151 -0.478527161572834
29.3048466696147 2.74881070352828 16.1230884807604 -0.291039610037096 -0.166335487282917 0.942140293178967 0.66512625513789 0.672669397917164 0.324226528224358 0.163117514747245 -0.0321712637997514 1.07008382408368 0.788796008201576 0.175737506401153 0.250472850055065
27.7169171426689 4.90546011313322 16.0005437250057 0.0716920860882697 -0.566658657865587 0.820827686715424 0.86752375998625 0.44152536055105 0.229036597380624 -6.79200620603172 7.43455135806206 -0.234848902585501 0.174191693766083 -0.0715186395063748 -0.214108713652678
29.3551029774367 3.41606374456418 16.4698195971044 0.124917561174425 -0.83670729407774 0.533213275641061 0.902832156107471 0.318726683221463 0.28863000582315 -1.77753048636276 -0.550266160333248 -0.322630096965111 0.156494600317211 0.611180165403567 -0.588613416523202
29.7056055964886 3.53631821502385 16.8853263042264 0.370228803689563 -0.883599780282894 -0.286673929884606 0.885176311825869 0.241961202228005 0.397388424022058 -0.394923181654322 -0.202503768443882 0.108657844843317 0.356762415169 0.0391070844963317 -0.228478520955908
30.0929126641858 3.46558522786478 17.2367922126387 0.435850169140588 -0.39600941190306 -0.808214734532785 0.898742906064365 0.239308447029407 0.367413311329768 -0.801417976187428 -0.211508602759143 0.153142232561167 0.50186532689067 -0.333732319114184 0.124488676439452
30.4536306881535 3.50077593584897 17.585234401904 0.226461001274191 0.140707396719777 -0.963803260263801 0.87617496494018 0.402817718030123 0.264679424411273 -0.82539610705293 0.0129931768465633 0.354672665966136 0.141049567407713 -0.257840928100565 0.140534276690095
30.6934944328037 4.08503351873872 17.5829057907341 -0.348523671822077 0.802874342159425 -0.483656846321439 0.921182070429406 0.38868788191793 -0.0185797477777731 -0.975243086250332 3.05284617772969 -0.0877569361355499 0.284715197342534 0.728237340017592 1.35259148469092
30.7073731480672 4.83080272276093 16.9227445435636 -0.468455987174631 0.879955842970347 -0.0789087552980683 0.871971095997939 0.474875724244127 0.118993007169951 -4.66775700636506 5.77285075561719 -0.935260953480552 0.284425242198712 0.580604713608906 0.700665013240319
31.9056323306632 3.77322240492457 16.9990629149695 -0.337672547340394 0.91605248554631 0.216390795590739 0.92013319026836 0.369689234894946 -0.129169174408472 -1.1538377512469 0.656142075161089 0.384123673857161 0.632682697327551 -0.792848411866673 -0.494487507948726
32.3526418204002 3.9012258778611 16.7612686439845 -0.375709294838734 0.566902898516509 0.733119029324039 0.874031539058096 0.479735843272969 0.0769563094890498 -0.770591571898249 0.211340529697994 0.0875070110017635 0.499487085011141 0.254428210649821 -0.0749737628237451
32.7038845968396 4.30936178466186 16.8328115457638 -0.442096983049068 0.102071433573351 0.891140599631687 0.744289977880345 0.59620343717191 0.300954778438182 -0.0953703647591693 0.101293815126929 0.497608948707706 0.266448846962201 0.0458202815548958 -0.57915859162393
32.9668139147111 4.75344999255709 17.0242378018379 -0.0541594697532791 -0.501266561083603 0.863596242538818 0.878627924970156 0.386994010554654 0.279729308797111 0.254079774891777 0.235078639393942 0.0998343836324722 0.50665998494795 0.0961302162499738 -0.0443648124337886
33.2113575407052 5.00191710337781 17.3305366692413 0.363660858233928 -0.895830533976731 0.255417924464876 0.87438276271195 0.422828433152398 0.238056256456107 0.108565726466169 0.215735056582745 0.261819397286549 0.111890719219023 0.0107588507426643 0.370017931151112
29.7637042107094 6.02304261657157 17.9483036001093 0.662129119050736 -0.749369007998755 -0.00556821481024727 0.729531081965252 0.642865883263171 0.233468922985204 -14.2634272703014 3.22871139903594 0.79615109199642 -0.0414112738320785 -0.606752579199301 -0.436575130157508
