t = 100
b = 30 30 30
E = -0.72801578099392 -0.895875678634415 0.167859897640495
27.2984383342981 25.6668970976596 5.50582429679407 0.738398991288516 -0.67385332315923 -0.0262394631426566 0.594369451120731 0.631934096649781 0.497377255079169 0.182666285251925 -0.80161537592522 0.0459641533125583 -0.0654258917245449 -0.356339310494737 -0.148461171031364
27.6457530991177 25.8591805310986 5.83745646777576 0.567456152495079 -0.570925368018637 -0.593327583162684 0.822686668065142 0.423177927903795 0.379614236221091 0.133022783339115 -0.00812536804136178 -0.0623825714789023 0.125643660525041 0.293092740013912 -0.142413544653206
28.0678007954168 25.8310619332041 6.08192040245883 0.422503541288447 0.0019694339084778 -0.906359067829964 0.849961908546937 0.346384632792475 0.3969664012463 -0.0422631554528915 -0.0126357466357077 -0.456594811914898 0.376187166867533 0.079251546582924 -0.318132369255559
28.5251264078479 25.868800174774 6.22169365096614 0.171611528513104 0.524476266764573 -0.833950844050298 0.82100261955824 0.391746318936247 0.415318435912497 0.343744135850204 0.815416117648569 -0.30826319474988 0.748958794726815 -0.070890473233536 -0.163719076925687
28.9930290795572 25.7876557497579 6.34608228804874 -0.125472652559058 0.931180894745537 -0.342284436568972 0.90787069047312 0.246885857167462 0.338848153926049 0.2538059028527 0.111082383564 0.26538648604462 0.184533896507907 -0.176069197163414 0.33954703229789
29.4615202365126 25.9711015669957 6.44086484327928 -0.526158309727487 0.846735907383828 0.0787122437839461 0.744661953331802 0.414067915090767 0.52347513615988 0.555337140987669 0.229884654358614 0.451210046476761 -0.0189075063360452 -0.0492044773108177 0.0335242832251852
29.9118919148989 26.2762750165937 7.12754998569903 -0.795680883098283 0.235518655097615 0.558052666184373 0.575038776645987 0.583197189499318 0.573769400016934 0.640706362484945 -0.250370750473725 3.24596127486176 0.0857209108546445 0.674749192052585 0.304402422526936
29.9644279190945 26.6308045149949 6.4603294005935 -0.609903244546235 -0.155147667174531 0.777140344117138 0.663279982236667 0.43671781039345 0.607731108404277 -0.158338077908372 -0.790077452804299 0.80657051226237 0.351057547496629 0.183769163096523 -0.485264243960444
30.0158950221333 27.0805234026377 6.68409286146194 -0.0451706204668417 -0.677402890918126 0.734223959118129 0.538486942236553 0.602544793662012 0.589042844915052 -0.000802312251764319 -0.827100672430393 0.374667595544447 0.610608217538245 -0.0145296102676312 0.221052320842392
30.1244849113722 27.4518775776133 7.0272001009564 0.249089181887407 -0.868034595792304 0.429500175512326 0.568319698576066 0.490103016157948 0.660917273059189 0.0407469812474379 -0.121975086833345 0.380284377764222 0.482077387863206 0.226996213067107 0.13769827537942
30.2904038185786 27.6486418458137 7.45113266994387 0.463617650430598 -0.885731629888875 -0.0231956164066593 0.710546016377021 0.356025952387735 0.606934727835961 0.338427261506891 -0.147844184155174 0.248507674260735 0.493968428845368 -0.219916214676157 -0.421404560785962
30.5846761233633 27.629449374322 7.85569957059212 0.657023902666514 -0.453088036365105 -0.60252029297251 0.752299495381499 0.34250246507586 0.562794291427119 0.760017536532335 -0.0895538200154116 0.442313615583035 0.417593094575167 -0.0299450398465308 0.164383879438905
30.9462015175823 27.5970466388225 8.12353725844858 0.47509878817816 0.206674694576513 -0.855316663559213 0.789703384820029 0.328611334851783 0.518056983842721 0.293307984039807 -0.517803893254043 0.0617580527459046 0.300486217899693 0.0605935856567348 0.15770389535715
31.3880247318003 27.6237608588839 8.23533684680742 0.0575543201208228 0.701390767963843 -0.710449418023812 0.800437515489379 0.392876536128935 0.452711490131315 0.546123918335999 -0.16435167158094 -0.19748146339159 0.634963143869115 0.0124370628119216 0.0982101929411041
31.8053923659212 27.6154621252849 8.25227215364494 -0.157215636255674 0.830386584414702 -0.534547703336679 0.862940847352064 0.378720763792572 0.334519899095007 -0.211577547946532 0.635391744547169 -0.0600156142036846 0.42648693610218 0.325283507752075 0.118030647043925
32.2826151627894 27.7928299285347 8.16459956676244 -0.610277310948416 0.792187235884346 0.000931745310102162 0.714688190532452 0.550066231863827 0.432027559348241 -0.461563097507552 0.035050031361748 0.339610032126406 0.32328252300385 0.0290825770309013 -0.28109758472592
32.4980555187752 28.1823712090451 8.1645918801777 -0.704873743261207 0.445902800845377 0.551655308192478 0.7029034029084 0.543556432720989 0.458773464681254 0.319720748372957 -0.180100948448197 0.218892049874036 0.66611249169159 0.248476505809125 0.0723059595844562
32.6733236941113 28.624493775929 8.19742376562993 -0.472727244487486 -0.0426793156496712 0.880174590139181 0.60628733340012 0.709089611382746 0.360010392580181 0.0121511094475568 -0.0269456954453049 0.259367208135926 0.513214524901382 -0.143035756636111 0.104385092283611
32.7555389340347 29.0919663781221 8.33839233388789 -0.056191404875357 -0.564937429092313 0.823218141478091 0.628057506759333 0.620951976114063 0.469001381253037 -0.0843303831805922 -0.334187845582113 0.161837863886983 0.229424733396779 -0.201920271327581 0.324756107053237
32.9867081024784 29.4181345542177 8.69815816232709 0.070223112942016 -0.879156237512512 0.471330995238825 0.706345593068005 0.377463011257319 0.598830076096835 -0.265448298759306 0.0921222987410731 0.203642899165994 0.456487480438753 -0.029217020266756 -0.797846266657305
33.0506596198985 29.5411280314796 9.13000223668636 0.506481892549756 -0.861347414161087 0.0394538677762967 0.677819643693138 0.426013013091428 0.599227274580922 0.0453281013971626 -0.138290568308794 -0.142706605636956 0.157435809288709 0.467299051847685 0.323230135384926
33.3401335704154 29.672541987002 9.47981987365386 0.523392240201244 -0.6474738928842 -0.553929602023927 0.851866264501731 0.382645375542469 0.357639853444502 -0.337163503956171 0.0379889149650875 -0.478568414900003 0.403792996731946 -0.00557878546691042 -0.673461776246712
33.5886296028003 29.5401673185967 9.77609048232994 0.573003898818077 0.212795717581425 -0.791444499934446 0.747933607082814 0.259026885949953 0.611146691476372 -0.157575834317869 -0.348217574729926 -0.185959379521949 0.651400592478993 -0.360766903740719 0.0662422583808056
33.9828655189252 29.4851581507496 10.0453823806697 0.166242951859409 0.655630312012468 -0.736554177664843 0.847044757777029 0.287475044603639 0.447071765072816 -0.148829526932772 0.400212565686314 0.162086169370907 0.275523786583122 -0.0803460489233457 0.560288359068547
34.4392790942902 29.5589094544142 10.1438972435173 -0.36879114929683 0.854805479707447 -0.36510349681219 0.820961898328901 0.483748013672502 0.303330356950997 -0.334989772036072 -0.00691794850776897 -0.554601868813678 0.226053084699484 -0.0774259835463411 0.217547133112098
28.6345212321734 21.1576926768293 18.0184003578283 -0.111349770730394 0.700304208061403 0.705106475055266 0.914234645234809 0.350333154342622 -0.203572039488582 -0.526143441885572 -0.0915521461405791 0.50087768990907 -0.00568117246729632 -0.0489211673546036 -0.513789616789111
28.9563893662288 21.5501625508179 17.9493423584532 0.0652242330435593 -0.120604098786494 0.990555567698954 0.86379634386309 0.503821223421288 0.00446461732626591 -0.331356910513237 -0.143834505983065 -0.156455253051828 0.0114713386989265 -0.443167422220739 -0.573816838044367
29.2795097134547 21.8518299929429 18.2251781239512 0.35854462994607 -0.651557530553288 0.668519568577047 0.868164421887342 0.495958822664398 0.0177556724963979 -0.206351767128474 -0.446523685042936 0.059075216846649 0.293963337197147 -0.0466623871572194 -0.00425666856866919
29.6078391867857 22.100300536092 18.4417517741276 0.508607558208015 -0.855721260475278 0.0951806540716593 0.856211060312566 0.491038300427897 -0.160573634293961 -0.255307690274855 -0.872565434918617 -0.412596212065465 0.164163713836094 0.0604266181909933 0.175578633419289
30.0971191495923 22.3353851208347 18.5752038522631 0.295009929917041 -0.871722205350148 -0.391240873480718 0.934295695593526 0.34894627928905 -0.0729926593997112 -0.243176167224592 -0.540936566979355 -0.586485391648244 0.0955827593084916 0.325067117295622 -0.452228002080276
30.514233408523 22.2895889385964 18.8470907625979 0.236991884015362 -0.380364738490464 -0.893956035751695 0.88849280550365 0.457048292489157 0.0410764381954077 0.18257489317325 0.00341958886486718 -0.527700169181906 0.490415831946672 -0.352960304533711 -0.342162079266114
30.98502394368 22.2153849763005 19.0550978082976 0.0646742795608073 0.163059382239943 -0.984494163266593 0.927938746850289 0.353077929522733 0.11943843121129 0.159792097348636 0.155787281069066 -0.360679211978322 0.0846820643087105 0.122806589850648 0.214668799524639
31.476939028457 22.2211363962357 19.0073918564271 -0.361439384841758 0.590856792365841 -0.721283372702461 0.89173819536767 0.445001107764092 -0.0823218453667488 -0.316363757094836 0.225408902316371 -0.281947253023859 0.2003722130013 0.0830180357251802 -0.428097154969304
31.8425814391579 22.3556048724231 18.7221127826218 -0.484357980366416 0.874662478185576 -0.019046720044085 0.845640753131503 0.462484335058948 -0.266457963817691 0.163085847460888 0.299836343109501 0.0378470360664422 0.556857297768823 0.244586013300974 0.179911061488087
32.1647262655093 22.5970817045462 18.4907349597165 -0.447469409995109 0.761938022922694 0.468210911203499 0.78055007476789 0.588277566366725 -0.211355097575525 -0.281881413098068 0.179927344693489 0.0679355917193587 0.513312570375952 0.0353465802391399 -0.197655247150491
32.4519975271855 22.94912265643 18.2784899236664 -0.285518239899188 0.327772062396241 0.900580196683158 0.819742630579441 0.570337987302366 0.0523114046661438 0.304258124461952 0.724895672841343 0.195739975010274 0.599511337167802 -0.212858139906209 0.0263998124228038
32.5897960526845 23.3950837480064 18.1558023613903 0.302930473299822 -0.365149242433279 0.880283504263523 0.800140325029583 0.599214109234871 -0.0267917268232901 -0.36295060818556 0.353283918485258 0.26138744267074 0.417084201926188 -0.359904301957073 0.355963485488891
32.9854435127058 23.9430503756706 17.7923269695591 0.360114772900574 -0.753660200492987 0.549830460964905 0.865586012876493 0.489757247674276 0.104396240509676 0.376855905962839 0.496723367816849 -1.48733690794897 0.296485957342323 0.315033141587267 0.462622410528632
33.3884784458262 23.9553344770239 18.3369692436824 0.38752631497138 -0.921852101531844 -0.00345545274592142 0.917526550815912 0.3853395709457 0.0982767778715757 0.421823909168738 0.193916123531805 -1.25085303849991 0.405944671531754 -0.0335805870577294 -0.116998002441507
33.5725061430223 23.939578718257 18.9577702313258 0.540665484650302 -0.635633860559246 -0.551044744547545 0.729568509269657 0.680414369102144 -0.0690359594500331 -0.28288897402134 -0.531310992789378 -0.283310761724641 0.163198266423861 -0.311316097651825 0.0304462140930981
34.1056960477712 24.0280113885364 19.0753636441904 0.142762316359363 -0.455909263981607 -0.878501875659202 0.970567644927485 0.238417136433483 0.0339941246825524 0.251428397867519 -0.103764860187795 -0.690932503134889 0.160161893102749 0.176235715236117 -0.227046438096694
34.552108841573 23.8762450158773 19.131463563865 -0.0317421854985408 0.154470900953455 -0.987487243241601 0.98346550025506 0.181065401203461 -0.00328916686713912 0.0731543286628418 -0.211956622760982 -0.440659096949916 0.642318772694598 0.246637122160645 -0.0233953513379927
34.9725221353619 23.8279341776021 18.8936288953418 -0.298884254039263 0.639157075904949 -0.708622830650829 0.938770445530676 0.330301869529546 -0.098033714370433 0.193549812718025 0.511115482130393 -0.326367057290562 0.683234353289911 -0.0737909204419171 0.0140093783581923
35.3367568564284 23.8727905805268 18.6186368079737 -0.382415279152152 0.923329648255651 -0.0349398962377756 0.907917475102313 0.368471902284821 -0.199785390700634 -0.146997747946515 0.262944627276386 -0.280127491561553 0.454161397906373 0.350651653952688 0.332501306183568
35.7123148855567 24.1023257709726 18.4068464312588 -0.563379009214136 0.725950747901537 0.39446100633366 0.764555371566988 0.639045531769061 -0.0841176465489484 -0.387712312770043 0.065786382583939 0.0619084986157857 0.52786187087698 -0.00356498727063319 -0.472251505716756
35.842550857075 24.5283383371783 18.2507646324175 -0.274557185621308 0.324644149984643 0.905110163734529 0.807724117219348 0.588584940545347 0.0339028373109202 -0.0515728741286888 0.317259505461197 0.546066500882756 0.519275020217698 -0.0650720439532874 0.0692713024298458
36.1134994187956 24.9505478533646 18.2837545297516 -0.00494028156327773 -0.272198207175957 0.962228460759044 0.906414266555834 0.405198615541601 0.119277576012714 -0.214320047235498 -0.0265662509636079 0.316248656716242 0.321321264403067 0.420242885177377 0.270182902604118
36.4745970917767 25.2624451721479 18.4290602735268 0.0577781352660208 -0.729590458035715 0.681439162078453 0.908240235204568 0.321776760586187 0.267505652303732 -0.0419420162407983 -0.339903297883627 0.100255287196515 0.518549765880358 0.350270176582057 -0.321297317858284
36.6599484606476 25.4763366109609 18.7739817101449 0.416689994219537 -0.898807214796475 0.136069541706091 0.873760488612176 0.437302718389095 0.2128587005251 -0.337328847819069 -0.458515635767324 -0.201291499858519 0.650199607223785 -0.0814736195262674 0.0365890159290414
36.9316808220601 25.6101162051228 19.1242880294939 0.445345491158642 -0.684712548409167 -0.57691940670251 0.858786814154809 0.508935700760081 0.0589028109331889 -0.552562379762516 -0.393942835063942 0.162988357853198 0.256785798688832 0.0592083929435679 0.511840094115063
37.411644627554 25.7712756718875 19.2089189602497 0.058307137206406 -0.419685262505864 -0.905794921049741 0.953447670876687 0.292320772631119 -0.0740674454353232 -0.397934220003928 0.339389947854006 0.0024328926731655 0.00767751338232461 0.0535603555783524 -0.20358672857364
37.8328238552131 25.6528989636044 19.1315972751139 -0.162982537540328 0.300671752214601 -0.939698395015218 0.934041464402444 0.353815973362436 -0.0487922273707047 -0.123915343068783 -0.033371614739586 -0.514576471368682 0.331793918738676 0.162319963258502 0.751530593543786
