mysystem:

<base.System object at 0x1053a9e50>
mystdout :  NULL pointer!
#id1 id2 FENE BEXC STCK NEXC HB CRSTCK CXSTCK total, t = 100
0 1 0.00594829 0 -1.16713 0 0 0 0 -1.16118
1 2 0.0590996 0 -1.21083 0 0 0 0 -1.15173
2 3 0.00487606 0 -1.32825 0 0 0 0 -1.32338
3 4 0.176273 0 -1.09756 0 0 0 0 -0.921284
4 5 0.0100888 0 -1.10729 0 0 0 0 -1.09721
5 6 1.54672 0 0 0 0 0 0 1.54672
6 7 1.78443 0 0 0 0 0 0 1.78443
7 8 0.0052028 0 -1.23728 0 0 0 0 -1.23208
8 9 0.000625309 0 -1.41482 0 0 0 0 -1.41419
9 10 0.0366376 0 -1.15774 0 0 0 0 -1.1211
10 11 0.0974512 0 -1.08216 0 0 0 0 -0.984713
11 12 0.000804612 0 -1.39875 0 0 0 0 -1.39795
12 13 1.71036 0 0 0 0 0 0 1.71036
13 14 1.46689 0 0 0 0 0 0 1.46689
14 15 0.00493619 0 -1.02002 0 0 0 0 -1.01508
15 16 0.12784 0 -1.37144 0 0 0 0 -1.2436
16 17 0.0286819 0 -1.32578 0 0 0 0 -1.2971
17 18 0.136055 0 -1.29919 0 0 0 0 -1.16314
18 19 0.335244 0 -1.34977 0 0 0 0 -1.01453
19 20 0.00836759 0 -1.25586 0 0 0 0 -1.24749
20 21 0.291365 0 -1.36915 0 0 0 0 -1.07778
21 22 0.242431 0 -1.29323 0 0 0 0 -1.0508
22 23 0.191465 0 -1.19918 0 0 0 0 -1.00771
23 24 0.0998203 0 -1.25257 0 0 0 0 -1.15275
25 26 0.0283896 0 -1.32597 0 0 0 0 -1.29758
26 27 0.314409 0 -1.31288 0 0 0 0 -0.99847
27 28 0.150499 0 -1.31726 0 0 0 0 -1.16676
28 29 0.0029505 0 -1.17305 0 0 0 0 -1.1701
29 30 0.202312 0 -1.13988 0 0 0 0 -0.937567
30 31 0.00420657 0 -1.35569 0 0 0 0 -1.35149
31 32 0.278163 0 -1.1496 0 0 0 0 -0.871441
32 33 0.0715966 0 -1.33888 0 0 0 0 -1.26729
33 34 0.109511 0 -1.33444 0 0 0 0 -1.22493
34 35 0.118332 0 -1.30311 0 0 0 0 -1.18478
35 36 0.126663 0 -1.15835 0 0 0 0 -1.03168
36 37 0.0578924 0 -1.26902 0 0 0 0 -1.21113
37 38 0.0460277 0 -1.27431 0 0 0 0 -1.22828
38 39 0.46968 0 -0.937034 0 0 0 0 -0.467354
39 40 0.0129897 0 -1.39705 0 0 0 0 -1.38406
40 41 0.0253325 0 -1.36755 0 0 0 0 -1.34221
41 42 0.000947365 0 -1.21683 0 0 0 0 -1.21588
42 43 1.65196 0 0 0 0 0 0 1.65196
43 44 0.993945 0 0 0 0 0 0 0.993945
44 45 0.587052 0 -0.757894 0 0 0 0 -0.170842
45 46 0.270636 0 -1.01789 0 0 0 0 -0.74725
46 47 0.0844555 0 -0.850052 0 0 0 0 -0.765596
47 48 0.0508357 0 -0.423939 0 0 0 0 -0.373103
48 49 0.334223 0 -0.487973 0 0 0 0 -0.15375
49 50 0.917244 0 0 0 0 0 0 0.917244
#Total energy per particle is  -0.677741 and should be -0.67774110

