t = 0
b =  30.0 30.0 30.0
E = 0. 0. 0.
17.39034150194282 0.11763160508593865 2.48398059175572 -0.37249081774150733 0.4089259556804959 0.8330847216634428 0.8905431671235207 0.4100819724376164 0.19688992704372463 0.0 0.0 0.0 0.0 0.0 0.0
17.60311950487543 0.6108933421679915 2.473807965881986 -0.14861974357109545 -0.14678573876499967 0.9779397316379342 0.8905431671235207 0.4100819724376164 0.19688992704372463 0.0 0.0 0.0 0.0 0.0 0.0
17.782019632584678 1.0706952654799429 2.6865567326060367 0.13171445597157988 -0.6467310769269927 0.7512590872827846 0.8905431671235207 0.4100819724376164 0.19688992704372463 0.0 0.0 0.0 0.0 0.0 0.0
17.99094407467705 1.3830748194569638 3.0705550319145987 0.36200813154238365 -0.9009724661974352 0.23916255528678226 0.8905431671235207 0.4100819724376164 0.19688992704372463 0.0 0.0 0.0 0.0 0.0 0.0
18.282388281745106 1.4900776714151402 3.509070443226044 0.45476886548703993 -0.8129193521031371 -0.3637958300473576 0.8905431671235207 0.4100819724376164 0.19688992704372463 0.0 0.0 0.0 0.0 0.0 0.0
18.67749706601026 1.411775531482863 3.8646585836313414 0.374755304103207 -0.4160245848580825 -0.8285420972045854 0.8905431671235207 0.4100819724376164 0.19688992704372463 0.0 0.0 0.0 0.0 0.0 0.0
19.15803133363743 1.2386405743419535 4.031380526908739 0.1523659371160099 0.1389248777346923 -0.9785113691486473 0.8905431671235207 0.4100819724376164 0.19688992704372463 0.0 0.0 0.0 0.0 0.0 0.0
19.6732974214244 1.0971735474519446 3.9750507727997997 -0.12790979680417977 0.641094456575966 -0.7567278121154789 0.8905431671235207 0.4100819724376164 0.19688992704372463 0.0 0.0 0.0 0.0 0.0 0.0
20.159406467005166 1.1018440221104933 3.7462248901086617 -0.3595904603807024 0.8997015328363108 -0.247450707445314 0.8905431671235207 0.4100819724376164 0.19688992704372463 0.0 0.0 0.0 0.0 0.0 0.0
20.563546855827624 1.3116014894882277 3.4609926108693165 -0.45465669602670666 0.8164969545646787 0.35583705813852906 0.8905431671235207 0.4100819724376164 0.19688992704372463 0.0 0.0 0.0 0.0 0.0 0.0
20.864048236484997 1.7074794633500945 3.2568734002290785 -0.3769912513975759 0.423091532152827 0.8239363760571943 0.8905431671235207 0.4100819724376164 0.19688992704372463 0.0 0.0 0.0 0.0 0.0 0.0
21.07861444952425 2.199801165278792 3.2405705124362725 -0.1561005274049051 -0.13105343703707634 0.9790084892301387 0.8905431671235207 0.4100819724376164 0.19688992704372463 0.0 0.0 0.0 0.0 0.0 0.0
21.257597542429842 2.6622492321112854 3.447432640568023 0.12409539681052925 -0.6354090143999733 0.7621389091954897 0.8905431671235207 0.4100819724376164 0.19688992704372463 0.0 0.0 0.0 0.0 0.0 0.0
21.46486818494306 2.979855794118132 3.8280243570316204 0.3571454050132512 -0.8983620837201252 0.25572001527442917 0.8905431671235207 0.4100819724376164 0.19688992704372463 0.0 0.0 0.0 0.0 0.0 0.0
21.753550133766648 3.092680690873973 4.266907459023265 0.45450990269869507 -0.8200123776219342 -0.3478511878600443 0.8905431671235207 0.4100819724376164 0.19688992704372463 0.0 0.0 0.0 0.0 0.0 0.0
22.145837629211577 3.0185837403491678 4.626497871797061 0.3791984893485688 -0.43012625938933324 -0.8192679089647672 0.8905431671235207 0.4100819724376164 0.19688992704372463 0.0 0.0 0.0 0.0 0.0 0.0
22.62456343223501 2.846439495462622 4.799336138944035 0.15982323003426963 0.12317201611283524 -0.9794310540247899 0.8905431671235207 0.4100819724376164 0.19688992704372463 0.0 0.0 0.0 0.0 0.0 0.0
23.1397209455736 2.7023723155246104 4.7489130665082175 -0.1202715464719577 0.6296751833674473 -0.7674919664468246 0.8905431671235207 0.4100819724376164 0.19688992704372463 0.0 0.0 0.0 0.0 0.0 0.0
23.62746255610956 2.701839613447966 4.523540176171677 -0.35467315164046453 0.8969542208531136 -0.26396984903432136 0.8905431671235207 0.4100819724376164 0.19688992704372463 0.0 0.0 0.0 0.0 0.0 0.0
24.034356410569266 2.9057676542374935 4.23799535044194 -0.4543284966818873 0.8234653535618265 0.339838827366843 0.8905431671235207 0.4100819724376164 0.19688992704372463 0.0 0.0 0.0 0.0 0.0 0.0
24.33768606991487 3.297404648281814 4.029916796103518 -0.38137684986647236 0.437128230845885 0.8145370514491477 0.8905431671235207 0.4100819724376164 0.19688992704372463 0.0 0.0 0.0 0.0 0.0 0.0
24.554080864333372 3.7886850363017133 4.007511988272375 -0.16353376150588736 -0.11528121516268791 0.9797790313526555 0.8905431671235207 0.4100819724376164 0.19688992704372463 0.0 0.0 0.0 0.0 0.0 0.0
24.73319813267101 4.253687067697949 4.208447841466861 0.11643853698947107 -0.6238934001318219 0.7727865762134485 0.8905431671235207 0.4100819724376164 0.19688992704372463 0.0 0.0 0.0 0.0 0.0 0.0
24.938857569179145 4.576472578903302 4.585540419024967 0.35217388853400655 -0.895478051449485 0.27219958046820847 0.8905431671235207 0.4100819724376164 0.19688992704372463 0.0 0.0 0.0 0.0 0.0 0.0
25.22479505465977 4.695133840104488 5.024680899515572 0.45411249179105195 -0.8268556194268696 -0.3318005868311985 0.8905431671235207 0.4100819724376164 0.19688992704372463 0.0 0.0 0.0 0.0 0.0 0.0
25.614247496932837 4.625313336840271 5.388187425797885 0.383526167060697 -0.4440969132952474 -0.8097441637834522 0.8905431671235207 0.4100819724376164 0.19688992704372463 0.0 0.0 0.0 0.0 0.0 0.0
26.091124741055058 4.454260928216871 5.567112744467125 0.1672318392484187 0.10738163510167631 -0.9800523947139153 0.8905431671235207 0.4100819724376164 0.19688992704372463 0.0 0.0 0.0 0.0 0.0 0.0
