        0.0000  -1.017812   0.306084  -0.711728 
        0.5000  -0.953310   0.293055  -0.660254 
        1.0000  -1.022757   0.375705  -0.647052 
        1.5000  -0.924626   0.315983  -0.608642 
        2.0000  -0.941486   0.346128  -0.595359 
        2.5000  -0.927175   0.391065  -0.536109 
        3.0000  -0.826264   0.342704  -0.483561 
        3.5000  -0.829635   0.342953  -0.486682 
        4.0000  -0.835753   0.365764  -0.469989 
        4.5000  -0.792334   0.318803  -0.473531 
        5.0000  -0.819023   0.358711  -0.460312 
        5.5000  -0.810623   0.351916  -0.458707 
        6.0000  -0.805317   0.343708  -0.461609 
        6.5000  -0.832259   0.363818  -0.468442 
        7.0000  -0.799066   0.327358  -0.471709 
        7.5000  -0.775552   0.305812  -0.469739 
        8.0000  -0.801125   0.332330  -0.468796 
        8.5000  -0.755955   0.287080  -0.468875 
        9.0000  -0.809724   0.335833  -0.473891 
        9.5000  -0.831151   0.349935  -0.481216 
       10.0000  -0.779118   0.290705  -0.488413 
       10.5000  -0.848825   0.342625  -0.506200 
       11.0000  -0.881231   0.374944  -0.506287 
       11.5000  -0.873613   0.361901  -0.511711 
       12.0000  -0.811935   0.311577  -0.500358 
       12.5000  -0.818141   0.321103  -0.497038 
       13.0000  -0.796273   0.292912  -0.503361 
       13.5000  -0.821310   0.321872  -0.499438 
       14.0000  -0.819097   0.329577  -0.489521 
       14.5000  -0.802550   0.299793  -0.502757 
       15.0000  -0.826087   0.310737  -0.515350 
       15.5000  -0.803722   0.283825  -0.519897 
       16.0000  -0.849527   0.335475  -0.514053 
       16.5000  -0.823027   0.306134  -0.516893 
       17.0000  -0.798653   0.286660  -0.511993 
       17.5000  -0.810427   0.278945  -0.531482 
       18.0000  -0.771341   0.252472  -0.518869 
       18.5000  -0.828040   0.297473  -0.530567 
       19.0000  -0.826807   0.297947  -0.528860 
       19.5000  -0.850762   0.330117  -0.520645 
       20.0000  -0.880574   0.366550  -0.514025 
       20.5000  -0.801599   0.301705  -0.499894 
       21.0000  -0.855538   0.363772  -0.491766 
       21.5000  -0.861074   0.367170  -0.493904 
       22.0000  -0.828413   0.336136  -0.492276 
       22.5000  -0.789093   0.283292  -0.505801 
       23.0000  -0.832551   0.335448  -0.497103 
       23.5000  -0.803177   0.304375  -0.498802 
       24.0000  -0.801791   0.313467  -0.488325 
       24.5000  -0.785617   0.304153  -0.481465 
       25.0000  -0.795383   0.298654  -0.496729 
       25.5000  -0.824127   0.319554  -0.504573 
       26.0000  -0.871481   0.366321  -0.505160 
       26.5000  -0.850363   0.338857  -0.511507 
       27.0000  -0.790687   0.266268  -0.524419 
       27.5000  -0.836025   0.314485  -0.521540 
       28.0000  -0.828042   0.327376  -0.500666 
       28.5000  -0.829176   0.327721  -0.501455 
       29.0000  -0.846120   0.341965  -0.504156 
       29.5000  -0.788852   0.273358  -0.515494 
       30.0000  -0.819799   0.309302  -0.510497 
       30.5000  -0.836520   0.329190  -0.507330 
       31.0000  -0.861801   0.351959  -0.509842 
       31.5000  -0.826434   0.327837  -0.498597 
       32.0000  -0.824345   0.326413  -0.497932 
       32.5000  -0.812695   0.306521  -0.506174 
       33.0000  -0.870468   0.350808  -0.519660 
       33.5000  -0.871695   0.348827  -0.522868 
       34.0000  -0.841659   0.307802  -0.533857 
       34.5000  -0.841988   0.320555  -0.521433 
       35.0000  -0.793914   0.273942  -0.519972 
       35.5000  -0.826927   0.314791  -0.512136 
       36.0000  -0.796961   0.291410  -0.505551 
       36.5000  -0.859926   0.358683  -0.501243 
       37.0000  -0.822413   0.301636  -0.520776 
       37.5000  -0.854898   0.324595  -0.530303 
       38.0000  -0.855771   0.314429  -0.541342 
       38.5000  -0.859840   0.318347  -0.541493 
       39.0000  -0.912238   0.379515  -0.532723 
       39.5000  -0.811006   0.277499  -0.533507 
       40.0000  -0.824293   0.295579  -0.528715 
       40.5000  -0.844887   0.321434  -0.523452 
       41.0000  -0.832149   0.322385  -0.509764 
       41.5000  -0.839616   0.321847  -0.517770 
       42.0000  -0.875484   0.378293  -0.497192 
       42.5000  -0.835902   0.339083  -0.496818 
       43.0000  -0.829994   0.331394  -0.498601 
       43.5000  -0.832702   0.318321  -0.514380 
       44.0000  -0.809527   0.288008  -0.521519 
       44.5000  -0.833971   0.315034  -0.518937 
       45.0000  -0.820623   0.298922  -0.521700 
       45.5000  -0.794205   0.262390  -0.531815 
       46.0000  -0.833368   0.305732  -0.527635 
       46.5000  -0.836508   0.323751  -0.512757 
       47.0000  -0.803229   0.293452  -0.509777 
       47.5000  -0.855858   0.350409  -0.505449 
       48.0000  -0.796814   0.284760  -0.512053 
       48.5000  -0.834968   0.317731  -0.517237 
       49.0000  -0.832123   0.323968  -0.508155 
       49.5000  -0.791861   0.280301  -0.511560 
       50.0000  -0.871620   0.352331  -0.519289 
       50.5000  -0.886065   0.359935  -0.526130 
       51.0000  -0.846180   0.298455  -0.547724 
       51.5000  -0.800439   0.258799  -0.541640 
       52.0000  -0.836555   0.287017  -0.549538 
       52.5000  -0.849370   0.301271  -0.548099 
       53.0000  -0.857903   0.320406  -0.537497 
       53.5000  -0.831860   0.288365  -0.543495 
       54.0000  -0.849543   0.303838  -0.545706 
       54.5000  -0.820483   0.278377  -0.542106 
       55.0000  -0.842100   0.290556  -0.551544 
       55.5000  -0.822437   0.266346  -0.556091 
       56.0000  -0.881958   0.324190  -0.557767 
       56.5000  -0.826809   0.262078  -0.564732 
       57.0000  -0.891068   0.333619  -0.557449 
       57.5000  -0.843401   0.299851  -0.543550 
       58.0000  -0.869018   0.313250  -0.555767 
       58.5000  -0.838777   0.288335  -0.550443 
       59.0000  -0.849493   0.294343  -0.555150 
       59.5000  -0.866335   0.313235  -0.553100 
       60.0000  -0.873262   0.304613  -0.568650 
       60.5000  -0.859215   0.297593  -0.561622 
       61.0000  -0.839677   0.291699  -0.547978 
       61.5000  -0.896341   0.359476  -0.536865 
       62.0000  -0.859712   0.324087  -0.535625 
       62.5000  -0.854859   0.314718  -0.540142 
       63.0000  -0.860635   0.325794  -0.534840 
       63.5000  -0.844322   0.296888  -0.547435 
       64.0000  -0.926653   0.360290  -0.566363 
       64.5000  -0.838523   0.273744  -0.564779 
       65.0000  -0.908632   0.332676  -0.575955 
       65.5000  -0.923972   0.351215  -0.572757 
       66.0000  -0.827452   0.246328  -0.581124 
       66.5000  -0.813048   0.228889  -0.584159 
       67.0000  -0.850609   0.260417  -0.590192 
       67.5000  -0.837368   0.246440  -0.590928 
       68.0000  -0.909666   0.323983  -0.585683 
       68.5000  -0.872249   0.298163  -0.574085 
       69.0000  -0.887136   0.302587  -0.584549 
       69.5000  -0.829125   0.255087  -0.574038 
       70.0000  -0.908057   0.332559  -0.575498 
       70.5000  -0.852291   0.282671  -0.569620 
       71.0000  -0.859876   0.274928  -0.584949 
       71.5000  -0.888867   0.291374  -0.597493 
       72.0000  -0.832802   0.224499  -0.608303 
       72.5000  -0.886524   0.284829  -0.601695 
       73.0000  -0.869102   0.287424  -0.581678 
       73.5000  -0.893350   0.308976  -0.584374 
       74.0000  -0.852278   0.261868  -0.590410 
       74.5000  -0.874018   0.276008  -0.598010 
       75.0000  -0.853134   0.250651  -0.602483 
       75.5000  -0.918710   0.333553  -0.585157 
       76.0000  -0.897108   0.311821  -0.585287 
       76.5000  -0.929964   0.345042  -0.584922 
       77.0000  -0.849060   0.264822  -0.584238 
       77.5000  -0.899698   0.310899  -0.588799 
       78.0000  -0.860105   0.277379  -0.582726 
       78.5000  -0.837757   0.266705  -0.571052 
       79.0000  -0.884250   0.316693  -0.567557 
       79.5000  -0.882294   0.307526  -0.574768 
       80.0000  -0.876470   0.294937  -0.581534 
       80.5000  -0.894908   0.306366  -0.588543 
       81.0000  -0.863739   0.271856  -0.591883 
       81.5000  -0.877411   0.280650  -0.596761 
       82.0000  -0.850757   0.246149  -0.604609 
       82.5000  -0.865721   0.257535  -0.608185 
       83.0000  -0.875752   0.268794  -0.606959 
       83.5000  -0.889370   0.287098  -0.602272 
       84.0000  -0.877331   0.268855  -0.608476 
       84.5000  -0.915154   0.311887  -0.603267 
       85.0000  -0.887246   0.287013  -0.600234 
       85.5000  -0.860722   0.255278  -0.605444 
       86.0000  -0.892896   0.276582  -0.616314 
       86.5000  -0.862488   0.256027  -0.606461 
       87.0000  -0.859936   0.256120  -0.603816 
       87.5000  -0.857740   0.259607  -0.598133 
       88.0000  -0.924605   0.332781  -0.591824 
       88.5000  -0.860713   0.267771  -0.592942 
       89.0000  -0.828433   0.235001  -0.593432 
       89.5000  -0.875985   0.272032  -0.603953 
       90.0000  -0.908071   0.297537  -0.610534 
       90.5000  -0.907964   0.302337  -0.605627 
       91.0000  -0.888264   0.286222  -0.602041 
       91.5000  -0.912386   0.298364  -0.614022 
       92.0000  -0.917068   0.309122  -0.607946 
       92.5000  -0.935233   0.345240  -0.589993 
       93.0000  -0.900418   0.324150  -0.576268 
       93.5000  -0.858070   0.273134  -0.584936 
       94.0000  -0.845634   0.261759  -0.583875 
       94.5000  -0.926073   0.324473  -0.601600 
       95.0000  -0.854980   0.251796  -0.603184 
       95.5000  -0.896622   0.293335  -0.603287 
       96.0000  -0.916293   0.310772  -0.605521 
       96.5000  -0.884363   0.277275  -0.607089 
       97.0000  -0.865980   0.256182  -0.609798 
       97.5000  -0.881927   0.274708  -0.607219 
       98.0000  -0.904453   0.296861  -0.607592 
       98.5000  -0.926939   0.320388  -0.606551 
       99.0000  -0.889912   0.271680  -0.618231 
       99.5000  -0.885902   0.273650  -0.612252 
      100.0000  -0.884910   0.267159  -0.617751 
      100.5000  -0.924191   0.309222  -0.614968 
      101.0000  -0.929432   0.313739  -0.615692 
      101.5000  -0.914354   0.306081  -0.608273 
      102.0000  -0.890837   0.271266  -0.619571 
      102.5000  -0.904813   0.293573  -0.611240 
      103.0000  -0.963412   0.347774  -0.615638 
      103.5000  -0.863080   0.259919  -0.603161 
      104.0000  -0.920231   0.321427  -0.598804 
      104.5000  -0.889072   0.287911  -0.601161 
      105.0000  -0.936159   0.339038  -0.597122 
      105.5000  -0.934287   0.335112  -0.599174 
      106.0000  -0.937374   0.322824  -0.614550 
      106.5000  -0.872116   0.251768  -0.620348 
      107.0000  -0.899725   0.285097  -0.614628 
      107.5000  -0.902469   0.288133  -0.614336 
      108.0000  -0.960527   0.330642  -0.629885 
      108.5000  -0.920496   0.289018  -0.631478 
      109.0000  -0.925090   0.277937  -0.647154 
      109.5000  -0.937631   0.300475  -0.637157 
      110.0000  -0.907836   0.285787  -0.622049 
      110.5000  -0.909307   0.284224  -0.625083 
      111.0000  -0.907221   0.283460  -0.623761 
      111.5000  -0.940729   0.318506  -0.622223 
      112.0000  -0.880605   0.272983  -0.607622 
      112.5000  -0.895434   0.287286  -0.608148 
      113.0000  -0.926402   0.317219  -0.609183 
      113.5000  -0.883825   0.268714  -0.615111 
      114.0000  -0.907565   0.285686  -0.621880 
      114.5000  -0.860477   0.240549  -0.619929 
      115.0000  -0.887628   0.265134  -0.622494 
      115.5000  -0.909969   0.298922  -0.611047 
      116.0000  -0.891762   0.277775  -0.613986 
      116.5000  -0.915078   0.306740  -0.608338 
      117.0000  -0.858228   0.243258  -0.614969 
      117.5000  -0.897401   0.269414  -0.627987 
      118.0000  -0.900309   0.274587  -0.625723 
      118.5000  -0.905939   0.280061  -0.625879 
      119.0000  -0.901665   0.270926  -0.630739 
      119.5000  -0.929590   0.306988  -0.622602 
      120.0000  -0.902963   0.270220  -0.632743 
      120.5000  -0.895977   0.267007  -0.628970 
      121.0000  -0.934023   0.306036  -0.627988 
      121.5000  -0.920448   0.299851  -0.620597 
      122.0000  -0.842592   0.223825  -0.618767 
      122.5000  -0.888937   0.264698  -0.624239 
      123.0000  -0.858300   0.231571  -0.626728 
      123.5000  -0.885281   0.260293  -0.624989 
      124.0000  -0.883048   0.270769  -0.612279 
      124.5000  -0.899364   0.304464  -0.594901 
      125.0000  -0.894596   0.291194  -0.603402 
      125.5000  -0.922435   0.317999  -0.604436 
      126.0000  -0.905494   0.297446  -0.608048 
      126.5000  -0.907685   0.305829  -0.601856 
      127.0000  -0.896378   0.302082  -0.594296 
      127.5000  -0.863135   0.255338  -0.607797 
      128.0000  -0.870955   0.256911  -0.614044 
      128.5000  -0.906641   0.287713  -0.618928 
      129.0000  -0.884486   0.268443  -0.616042 
      129.5000  -0.938591   0.306794  -0.631797 
      130.0000  -0.916790   0.286766  -0.630023 
      130.5000  -0.892531   0.255070  -0.637460 
      131.0000  -0.917193   0.273479  -0.643713 
      131.5000  -0.918527   0.284839  -0.633688 
      132.0000  -0.897541   0.268870  -0.628671 
      132.5000  -0.875087   0.252476  -0.622611 
      133.0000  -0.918650   0.291639  -0.627011 
      133.5000  -0.885899   0.252839  -0.633061 
      134.0000  -0.889111   0.263549  -0.625562 
      134.5000  -0.911458   0.279558  -0.631901 
      135.0000  -0.911340   0.273425  -0.637915 
      135.5000  -0.939900   0.318522  -0.621378 
      136.0000  -0.921257   0.299880  -0.621377 
      136.5000  -0.894181   0.275968  -0.618213 
      137.0000  -0.877625   0.259177  -0.618448 
      137.5000  -0.880276   0.265712  -0.614564 
      138.0000  -0.923998   0.303919  -0.620079 
      138.5000  -0.870901   0.237946  -0.632954 
      139.0000  -0.912994   0.275632  -0.637362 
      139.5000  -0.917632   0.298144  -0.619488 
      140.0000  -0.891682   0.286396  -0.605286 
      140.5000  -0.868701   0.270260  -0.598441 
      141.0000  -0.871141   0.264596  -0.606545 
      141.5000  -0.907197   0.287082  -0.620115 
      142.0000  -0.913989   0.286130  -0.627859 
      142.5000  -0.879471   0.249041  -0.630430 
      143.0000  -0.941651   0.301555  -0.640096 
      143.5000  -0.904955   0.238018  -0.666937 
      144.0000  -0.938652   0.289512  -0.649140 
      144.5000  -0.933938   0.288176  -0.645761 
      145.0000  -0.927172   0.274855  -0.652317 
      145.5000  -0.913310   0.272242  -0.641068 
      146.0000  -0.951215   0.309268  -0.641947 
      146.5000  -0.927145   0.282104  -0.645041 
      147.0000  -0.916088   0.277550  -0.638538 
      147.5000  -0.912693   0.263751  -0.648942 
      148.0000  -0.909815   0.272352  -0.637463 
      148.5000  -0.895090   0.267325  -0.627765 
      149.0000  -0.880592   0.244085  -0.636507 
      149.5000  -0.878427   0.239242  -0.639185 
      150.0000  -0.932504   0.291247  -0.641257 
      150.5000  -0.918531   0.287789  -0.630742 
      151.0000  -0.937010   0.287751  -0.649259 
      151.5000  -0.917774   0.257023  -0.660751 
      152.0000  -0.949307   0.300577  -0.648730 
      152.5000  -0.936828   0.300857  -0.635971 
      153.0000  -0.906688   0.268707  -0.637981 
      153.5000  -0.920483   0.282892  -0.637592 
      154.0000  -0.918001   0.283755  -0.634247 
      154.5000  -0.893758   0.255088  -0.638670 
      155.0000  -0.933765   0.295632  -0.638133 
      155.5000  -0.907719   0.274525  -0.633194 
      156.0000  -0.937251   0.306796  -0.630455 
      156.5000  -0.920317   0.298316  -0.622001 
      157.0000  -0.884769   0.270898  -0.613871 
      157.5000  -0.922687   0.308011  -0.614676 
      158.0000  -0.871372   0.245406  -0.625966 
      158.5000  -0.940927   0.300098  -0.640829 
      159.0000  -0.893995   0.255111  -0.638883 
      159.5000  -0.946721   0.313768  -0.632953 
      160.0000  -0.925130   0.293807  -0.631323 
      160.5000  -0.888412   0.269423  -0.618988 
      161.0000  -0.895405   0.275653  -0.619752 
      161.5000  -0.917763   0.305531  -0.612232 
      162.0000  -0.903349   0.287432  -0.615917 
      162.5000  -0.879884   0.277387  -0.602498 
      163.0000  -0.864644   0.274358  -0.590286 
      163.5000  -0.813305   0.237049  -0.576256 
      164.0000  -0.796487   0.227495  -0.568992 
      164.5000  -0.822761   0.250529  -0.572232 
      165.0000  -0.845913   0.281458  -0.564455 
      165.5000  -0.831172   0.270471  -0.560701 
      166.0000  -0.845359   0.290431  -0.554928 
      166.5000  -0.824947   0.274339  -0.550609 
      167.0000  -0.812654   0.252335  -0.560320 
      167.5000  -0.825611   0.260860  -0.564752 
      168.0000  -0.849439   0.283990  -0.565449 
      168.5000  -0.867497   0.308032  -0.559465 
      169.0000  -0.862774   0.293490  -0.569284 
      169.5000  -0.843310   0.268311  -0.574999 
      170.0000  -0.848678   0.279000  -0.569678 
      170.5000  -0.865217   0.293964  -0.571252 
      171.0000  -0.854223   0.286057  -0.568167 
      171.5000  -0.868375   0.307768  -0.560607 
      172.0000  -0.837937   0.295800  -0.542138 
      172.5000  -0.871999   0.316340  -0.555659 
      173.0000  -0.884631   0.328558  -0.556072 
      173.5000  -0.874863   0.314950  -0.559913 
      174.0000  -0.869269   0.321259  -0.548010 
      174.5000  -0.827483   0.284721  -0.542762 
      175.0000  -0.825958   0.286241  -0.539717 
      175.5000  -0.857801   0.318326  -0.539474 
      176.0000  -0.840949   0.303532  -0.537417 
      176.5000  -0.827449   0.289262  -0.538187 
      177.0000  -0.823088   0.288410  -0.534678 
      177.5000  -0.845681   0.299696  -0.545985 
      178.0000  -0.859512   0.307447  -0.552065 
      178.5000  -0.836067   0.274809  -0.561258 
      179.0000  -0.865335   0.309077  -0.556257 
      179.5000  -0.837501   0.280277  -0.557224 
      180.0000  -0.894500   0.343045  -0.551455 
      180.5000  -0.918687   0.372439  -0.546248 
      181.0000  -0.834447   0.299639  -0.534807 
      181.5000  -0.866437   0.360447  -0.505990 
      182.0000  -0.813420   0.301887  -0.511533 
      182.5000  -0.879579   0.369042  -0.510536 
      183.0000  -0.883180   0.379847  -0.503333 
      183.5000  -0.827419   0.330705  -0.496714 
      184.0000  -0.836008   0.335340  -0.500668 
      184.5000  -0.820174   0.317575  -0.502599 
      185.0000  -0.801618   0.302240  -0.499379 
      185.5000  -0.835384   0.339396  -0.495988 
      186.0000  -0.818032   0.319624  -0.498408 
      186.5000  -0.838400   0.328287  -0.510113 
      187.0000  -0.853744   0.358263  -0.495481 
      187.5000  -0.812695   0.314946  -0.497749 
      188.0000  -0.768429   0.259929  -0.508500 
      188.5000  -0.802721   0.290478  -0.512243 
      189.0000  -0.841268   0.335970  -0.505298 
      189.5000  -0.840030   0.336607  -0.503422 
      190.0000  -0.831337   0.317127  -0.514210 
      190.5000  -0.849972   0.329036  -0.520936 
      191.0000  -0.832518   0.312085  -0.520433 
      191.5000  -0.894629   0.375834  -0.518796 
      192.0000  -0.850140   0.335302  -0.514839 
      192.5000  -0.809403   0.304067  -0.505336 
      193.0000  -0.842003   0.329072  -0.512932 
      193.5000  -0.877110   0.355424  -0.521686 
      194.0000  -0.887444   0.365253  -0.522191 
      194.5000  -0.833663   0.315760  -0.517903 
      195.0000  -0.817189   0.293832  -0.523357 
      195.5000  -0.844918   0.313138  -0.531780 
      196.0000  -0.857944   0.333632  -0.524311 
      196.5000  -0.847916   0.321147  -0.526769 
      197.0000  -0.799409   0.277749  -0.521660 
      197.5000  -0.840625   0.313134  -0.527491 
      198.0000  -0.867237   0.330864  -0.536373 
      198.5000  -0.813458   0.269719  -0.543739 
      199.0000  -0.852924   0.304708  -0.548216 
      199.5000  -0.912150   0.350825  -0.561325 
      200.0000  -0.878094   0.323476  -0.554618 
      200.5000  -0.844676   0.298022  -0.546654 
      201.0000  -0.830888   0.293662  -0.537226 
      201.5000  -0.897108   0.364281  -0.532828 
      202.0000  -0.857038   0.332705  -0.524334 
      202.5000  -0.849661   0.311756  -0.537904 
      203.0000  -0.868133   0.330358  -0.537775 
      203.5000  -0.873878   0.322987  -0.550891 
      204.0000  -0.876077   0.320633  -0.555444 
      204.5000  -0.838546   0.278975  -0.559572 
      205.0000  -0.814286   0.257720  -0.556566 
      205.5000  -0.886652   0.324354  -0.562299 
      206.0000  -0.846904   0.280228  -0.566676 
      206.5000  -0.827642   0.273959  -0.553683 
      207.0000  -0.830339   0.266907  -0.563432 
      207.5000  -0.807837   0.228125  -0.579712 
      208.0000  -0.815791   0.226395  -0.589396 
      208.5000  -0.869633   0.287453  -0.582180 
      209.0000  -0.899103   0.318599  -0.580505 
      209.5000  -0.866428   0.298468  -0.567960 
      210.0000  -0.862057   0.301487  -0.560570 
      210.5000  -0.898526   0.338170  -0.560356 
      211.0000  -0.877010   0.308022  -0.568988 
      211.5000  -0.865992   0.301488  -0.564504 
      212.0000  -0.873360   0.307468  -0.565891 
      212.5000  -0.831155   0.274797  -0.556358 
      213.0000  -0.882104   0.332341  -0.549762 
      213.5000  -0.898076   0.341692  -0.556385 
      214.0000  -0.908189   0.346384  -0.561805 
      214.5000  -0.827324   0.254107  -0.573217 
      215.0000  -0.854150   0.279224  -0.574926 
      215.5000  -0.862175   0.286562  -0.575613 
      216.0000  -0.845695   0.271179  -0.574516 
      216.5000  -0.882666   0.303496  -0.579170 
      217.0000  -0.880670   0.301792  -0.578878 
      217.5000  -0.895810   0.320489  -0.575321 
      218.0000  -0.886925   0.314239  -0.572686 
      218.5000  -0.829086   0.248542  -0.580544 
      219.0000  -0.881239   0.297464  -0.583775 
      219.5000  -0.857457   0.256420  -0.601037 
      220.0000  -0.889319   0.305599  -0.583720 
      220.5000  -0.868916   0.298303  -0.570613 
      221.0000  -0.889955   0.313313  -0.576642 
      221.5000  -0.912038   0.337918  -0.574120 
      222.0000  -0.909534   0.329609  -0.579924 
      222.5000  -0.867141   0.292503  -0.574638 
      223.0000  -0.848752   0.273984  -0.574768 
      223.5000  -0.893922   0.307144  -0.586778 
      224.0000  -0.854280   0.281923  -0.572357 
      224.5000  -0.922324   0.338295  -0.584029 
      225.0000  -0.871774   0.298724  -0.573050 
      225.5000  -0.836313   0.267288  -0.569025 
      226.0000  -0.834545   0.269711  -0.564833 
      226.5000  -0.888063   0.320178  -0.567885 
      227.0000  -0.851752   0.287848  -0.563905 
      227.5000  -0.895994   0.333087  -0.562907 
      228.0000  -0.886178   0.315626  -0.570553 
      228.5000  -0.891772   0.318501  -0.573271 
      229.0000  -0.858752   0.285785  -0.572967 
      229.5000  -0.857006   0.297913  -0.559093 
      230.0000  -0.848252   0.275363  -0.572889 
      230.5000  -0.894110   0.319695  -0.574415 
      231.0000  -0.914571   0.340873  -0.573698 
      231.5000  -0.879073   0.298067  -0.581005 
      232.0000  -0.901682   0.338168  -0.563514 
      232.5000  -0.823054   0.275692  -0.547362 
      233.0000  -0.896771   0.341817  -0.554954 
      233.5000  -0.854782   0.312979  -0.541804 
      234.0000  -0.885954   0.343899  -0.542054 
      234.5000  -0.863337   0.328534  -0.534804 
      235.0000  -0.880756   0.348039  -0.532717 
      235.5000  -0.805587   0.274681  -0.530906 
      236.0000  -0.884103   0.352226  -0.531878 
      236.5000  -0.817523   0.273665  -0.543859 
      237.0000  -0.910815   0.367321  -0.543494 
      237.5000  -0.867896   0.329061  -0.538834 
      238.0000  -0.883142   0.352263  -0.530879 
      238.5000  -0.864620   0.330242  -0.534377 
      239.0000  -0.829006   0.287971  -0.541035 
      239.5000  -0.839158   0.297988  -0.541170 
      240.0000  -0.875661   0.330526  -0.545136 
      240.5000  -0.848028   0.295391  -0.552638 
      241.0000  -0.857791   0.281403  -0.576388 
      241.5000  -0.865435   0.292686  -0.572749 
      242.0000  -0.958925   0.385749  -0.573175 
      242.5000  -0.843096   0.270266  -0.572830 
      243.0000  -0.865231   0.291217  -0.574014 
      243.5000  -0.926131   0.355838  -0.570293 
      244.0000  -0.884474   0.309763  -0.574711 
      244.5000  -0.873684   0.310632  -0.563052 
      245.0000  -0.837115   0.276889  -0.560227 
      245.5000  -0.876861   0.320599  -0.556263 
      246.0000  -0.842288   0.284053  -0.558236 
      246.5000  -0.877966   0.322432  -0.555534 
      247.0000  -0.864168   0.309377  -0.554791 
      247.5000  -0.855971   0.288872  -0.567099 
      248.0000  -0.817907   0.253867  -0.564039 
      248.5000  -0.874102   0.318127  -0.555975 
      249.0000  -0.876256   0.311325  -0.564931 
      249.5000  -0.847546   0.278246  -0.569301 
      250.0000  -0.865199   0.296446  -0.568753 
      250.5000  -0.834872   0.262839  -0.572033 
      251.0000  -0.829438   0.255304  -0.574134 
      251.5000  -0.878492   0.302206  -0.576287 
      252.0000  -0.866856   0.285137  -0.581719 
      252.5000  -0.822719   0.238872  -0.583847 
      253.0000  -0.855176   0.268356  -0.586819 
      253.5000  -0.827412   0.227445  -0.599967 
      254.0000  -0.872384   0.272312  -0.600072 
      254.5000  -0.872498   0.266974  -0.605523 
      255.0000  -0.911034   0.301042  -0.609992 
      255.5000  -0.895275   0.278072  -0.617203 
      256.0000  -0.947064   0.335095  -0.611970 
      256.5000  -0.859605   0.245250  -0.614355 
      257.0000  -0.890490   0.276255  -0.614234 
      257.5000  -0.840020   0.217069  -0.622952 
      258.0000  -0.897898   0.269932  -0.627967 
      258.5000  -0.921141   0.300733  -0.620408 
      259.0000  -0.937244   0.313556  -0.623688 
      259.5000  -0.875032   0.258585  -0.616447 
      260.0000  -0.892232   0.286636  -0.605596 
      260.5000  -0.876573   0.272165  -0.604407 
      261.0000  -0.877611   0.269241  -0.608370 
      261.5000  -0.874939   0.268278  -0.606662 
      262.0000  -0.871950   0.281405  -0.590545 
      262.5000  -0.880654   0.285948  -0.594706 
      263.0000  -0.880677   0.288531  -0.592146 
      263.5000  -0.865357   0.283487  -0.581870 
      264.0000  -0.851744   0.268654  -0.583090 
      264.5000  -0.893517   0.304252  -0.589266 
      265.0000  -0.921081   0.318720  -0.602361 
      265.5000  -0.874098   0.275783  -0.598315 
      266.0000  -0.873310   0.272452  -0.600857 
      266.5000  -0.882045   0.271022  -0.611023 
      267.0000  -0.925264   0.313913  -0.611351 
      267.5000  -0.894732   0.299023  -0.595709 
      268.0000  -0.888611   0.285489  -0.603122 
      268.5000  -0.896450   0.303442  -0.593008 
      269.0000  -0.877441   0.278483  -0.598958 
      269.5000  -0.916623   0.333132  -0.583490 
      270.0000  -0.876185   0.279186  -0.596999 
      270.5000  -0.847993   0.274074  -0.573919 
      271.0000  -0.874872   0.294703  -0.580169 
      271.5000  -0.851526   0.265549  -0.585977 
      272.0000  -0.893998   0.297414  -0.596584 
      272.5000  -0.919931   0.325230  -0.594701 
      273.0000  -0.863486   0.264553  -0.598933 
      273.5000  -0.905664   0.283371  -0.622293 
      274.0000  -0.905036   0.290842  -0.614195 
      274.5000  -0.911828   0.300246  -0.611582 
      275.0000  -0.921912   0.311231  -0.610681 
      275.5000  -0.886395   0.275942  -0.610453 
      276.0000  -0.894716   0.272532  -0.622184 
      276.5000  -0.930368   0.295311  -0.635057 
      277.0000  -0.880140   0.238354  -0.641787 
      277.5000  -0.914280   0.263133  -0.651147 
      278.0000  -0.893560   0.249080  -0.644480 
      278.5000  -0.860104   0.216427  -0.643677 
      279.0000  -0.948394   0.309623  -0.638771 
      279.5000  -0.872249   0.239828  -0.632420 
      280.0000  -0.895613   0.253482  -0.642130 
      280.5000  -0.883013   0.239059  -0.643953 
      281.0000  -0.914489   0.276739  -0.637749 
      281.5000  -0.915795   0.279446  -0.636349 
      282.0000  -0.913479   0.274805  -0.638673 
      282.5000  -0.945252   0.306024  -0.639228 
      283.0000  -0.923175   0.284050  -0.639125 
      283.5000  -0.939325   0.291926  -0.647400 
      284.0000  -0.883308   0.232628  -0.650680 
      284.5000  -0.938332   0.283688  -0.654644 
      285.0000  -0.923721   0.283295  -0.640426 
      285.5000  -0.943561   0.289406  -0.654155 
      286.0000  -0.931624   0.271781  -0.659843 
      286.5000  -0.950564   0.288372  -0.662192 
      287.0000  -0.908931   0.243535  -0.665397 
      287.5000  -0.936485   0.271296  -0.665189 
      288.0000  -0.920476   0.262724  -0.657752 
      288.5000  -0.926770   0.244735  -0.682035 
      289.0000  -0.969977   0.285225  -0.684752 
      289.5000  -0.921404   0.257592  -0.663812 
      290.0000  -0.944787   0.295349  -0.649437 
      290.5000  -0.945717   0.289536  -0.656181 
      291.0000  -0.925751   0.266954  -0.658796 
      291.5000  -0.904860   0.243359  -0.661501 
      292.0000  -0.879107   0.210671  -0.668436 
      292.5000  -0.916951   0.234391  -0.682560 
      293.0000  -0.911174   0.238272  -0.672902 
      293.5000  -0.936179   0.256002  -0.680177 
      294.0000  -0.935951   0.253701  -0.682250 
      294.5000  -0.945825   0.265978  -0.679847 
      295.0000  -0.918497   0.247463  -0.671034 
      295.5000  -0.924296   0.257629  -0.666666 
      296.0000  -0.906741   0.248066  -0.658675 
      296.5000  -0.941858   0.284381  -0.657477 
      297.0000  -0.921585   0.268387  -0.653198 
      297.5000  -0.902639   0.255945  -0.646694 
      298.0000  -0.913791   0.264794  -0.648997 
      298.5000  -0.915963   0.271510  -0.644453 
      299.0000  -0.918065   0.264538  -0.653526 
      299.5000  -0.926321   0.269037  -0.657284 
      300.0000  -0.908125   0.254575  -0.653550 
      300.5000  -0.888141   0.218261  -0.669879 
      301.0000  -0.906427   0.238750  -0.667677 
      301.5000  -0.876451   0.200932  -0.675519 
      302.0000  -0.909608   0.232901  -0.676707 
      302.5000  -0.913636   0.244924  -0.668712 
      303.0000  -0.974038   0.298206  -0.675832 
      303.5000  -0.966464   0.302373  -0.664091 
      304.0000  -0.915682   0.262434  -0.653248 
      304.5000  -0.922468   0.267879  -0.654589 
      305.0000  -0.933515   0.270797  -0.662718 
      305.5000  -0.928218   0.268318  -0.659901 
      306.0000  -0.948534   0.290184  -0.658350 
      306.5000  -0.960732   0.311757  -0.648975 
      307.0000  -0.914339   0.266925  -0.647414 
      307.5000  -0.946198   0.292441  -0.653757 
      308.0000  -0.934600   0.278635  -0.655965 
      308.5000  -0.954855   0.287366  -0.667489 
      309.0000  -0.941877   0.271791  -0.670086 
      309.5000  -0.957813   0.276616  -0.681196 
      310.0000  -0.946336   0.273677  -0.672659 
      310.5000  -0.936152   0.259308  -0.676843 
      311.0000  -0.952830   0.273243  -0.679587 
      311.5000  -0.979611   0.289399  -0.690212 
      312.0000  -0.980007   0.289309  -0.690699 
      312.5000  -0.976700   0.276494  -0.700206 
      313.0000  -0.976622   0.285273  -0.691349 
      313.5000  -0.975936   0.302258  -0.673678 
      314.0000  -0.908266   0.228762  -0.679504 
      314.5000  -0.964915   0.280952  -0.683963 
      315.0000  -0.952382   0.271569  -0.680813 
      315.5000  -0.936899   0.260746  -0.676154 
      316.0000  -0.939521   0.268795  -0.670726 
      316.5000  -0.952876   0.295210  -0.657665 
      317.0000  -0.959600   0.306417  -0.653183 
      317.5000  -0.959925   0.307960  -0.651965 
      318.0000  -0.970224   0.314256  -0.655968 
      318.5000  -0.954003   0.299336  -0.654668 
      319.0000  -0.907077   0.247454  -0.659623 
      319.5000  -0.914950   0.260998  -0.653952 
      320.0000  -0.945187   0.303140  -0.642047 
      320.5000  -0.953450   0.320686  -0.632764 
      321.0000  -0.900810   0.251270  -0.649539 
      321.5000  -0.927530   0.281829  -0.645701 
      322.0000  -0.944691   0.298645  -0.646045 
      322.5000  -0.962859   0.320477  -0.642382 
      323.0000  -0.909274   0.275346  -0.633928 
      323.5000  -0.931542   0.295649  -0.635893 
      324.0000  -0.919062   0.283369  -0.635693 
      324.5000  -0.882540   0.262775  -0.619765 
      325.0000  -0.910344   0.294546  -0.615798 
      325.5000  -0.913248   0.298378  -0.614870 
      326.0000  -0.859564   0.242206  -0.617359 
      326.5000  -0.871393   0.261474  -0.609919 
      327.0000  -0.904322   0.291597  -0.612725 
      327.5000  -0.908640   0.291112  -0.617529 
      328.0000  -0.853686   0.226875  -0.626811 
      328.5000  -0.875318   0.257990  -0.617329 
      329.0000  -0.925381   0.320877  -0.604505 
      329.5000  -0.904317   0.292636  -0.611681 
      330.0000  -0.909431   0.298286  -0.611146 
      330.5000  -0.914933   0.315695  -0.599238 
      331.0000  -0.870472   0.294937  -0.575536 
      331.5000  -0.879117   0.314917  -0.564200 
      332.0000  -0.858069   0.296636  -0.561433 
      332.5000  -0.890847   0.321397  -0.569450 
      333.0000  -0.953623   0.387507  -0.566116 
      333.5000  -0.890388   0.323191  -0.567197 
      334.0000  -0.896296   0.327199  -0.569097 
      334.5000  -0.889982   0.325299  -0.564683 
      335.0000  -0.884076   0.321497  -0.562580 
      335.5000  -0.944725   0.360491  -0.584234 
      336.0000  -0.916855   0.343204  -0.573651 
      336.5000  -0.868632   0.293911  -0.574721 
      337.0000  -0.893912   0.324858  -0.569055 
      337.5000  -0.881480   0.313704  -0.567776 
      338.0000  -0.889306   0.321567  -0.567739 
      338.5000  -0.882376   0.308856  -0.573520 
      339.0000  -0.873305   0.289213  -0.584093 
      339.5000  -0.855871   0.265611  -0.590260 
      340.0000  -0.865739   0.265636  -0.600103 
      340.5000  -0.878170   0.286271  -0.591899 
      341.0000  -0.890823   0.312198  -0.578626 
      341.5000  -0.839198   0.253223  -0.585975 
      342.0000  -0.846990   0.267414  -0.579576 
      342.5000  -0.870201   0.279875  -0.590326 
      343.0000  -0.885774   0.291111  -0.594663 
      343.5000  -0.867866   0.269493  -0.598373 
      344.0000  -0.894525   0.308669  -0.585856 
      344.5000  -0.876244   0.275075  -0.601169 
      345.0000  -0.896934   0.294655  -0.602279 
      345.5000  -0.889197   0.287512  -0.601685 
      346.0000  -0.884565   0.277169  -0.607396 
      346.5000  -0.932563   0.322312  -0.610250 
      347.0000  -0.867011   0.245856  -0.621155 
      347.5000  -0.931387   0.310984  -0.620403 
      348.0000  -0.837618   0.223151  -0.614467 
      348.5000  -0.911493   0.312218  -0.599275 
      349.0000  -0.887471   0.280284  -0.607187 
      349.5000  -0.917613   0.312207  -0.605406 
      350.0000  -0.856015   0.257099  -0.598916 
      350.5000  -0.942658   0.354573  -0.588084 
      351.0000  -0.880966   0.300122  -0.580844 
      351.5000  -0.871190   0.286054  -0.585136 
      352.0000  -0.875868   0.299536  -0.576332 
      352.5000  -0.843555   0.284173  -0.559382 
      353.0000  -0.869123   0.304919  -0.564204 
      353.5000  -0.868552   0.309139  -0.559414 
      354.0000  -0.889519   0.325112  -0.564406 
      354.5000  -0.901291   0.335430  -0.565862 
      355.0000  -0.847234   0.264908  -0.582326 
      355.5000  -0.848840   0.272806  -0.576034 
      356.0000  -0.877661   0.316928  -0.560733 
      356.5000  -0.871149   0.328567  -0.542582 
      357.0000  -0.867675   0.326122  -0.541553 
      357.5000  -0.848583   0.294801  -0.553782 
      358.0000  -0.896050   0.338285  -0.557765 
      358.5000  -0.921456   0.355710  -0.565746 
      359.0000  -0.880639   0.315391  -0.565248 
      359.5000  -0.893070   0.345870  -0.547200 
      360.0000  -0.845236   0.286770  -0.558467 
      360.5000  -0.893326   0.332307  -0.561019 
      361.0000  -0.869738   0.304021  -0.565717 
      361.5000  -0.866940   0.308465  -0.558475 
      362.0000  -0.904532   0.342792  -0.561740 
      362.5000  -0.899721   0.338073  -0.561647 
      363.0000  -0.858176   0.287845  -0.570331 
      363.5000  -0.848374   0.270055  -0.578319 
      364.0000  -0.894773   0.308602  -0.586171 
      364.5000  -0.870622   0.289116  -0.581506 
      365.0000  -0.864949   0.291089  -0.573860 
      365.5000  -0.862429   0.293662  -0.568767 
      366.0000  -0.903670   0.329285  -0.574385 
      366.5000  -0.917798   0.348281  -0.569517 
      367.0000  -0.902193   0.340000  -0.562193 
      367.5000  -0.839368   0.280235  -0.559133 
      368.0000  -0.857248   0.299187  -0.558061 
      368.5000  -0.876088   0.325600  -0.550488 
      369.0000  -0.844381   0.292510  -0.551871 
      369.5000  -0.888702   0.329384  -0.559318 
      370.0000  -0.880114   0.323871  -0.556243 
      370.5000  -0.880264   0.323607  -0.556657 
      371.0000  -0.860134   0.290916  -0.569218 
      371.5000  -0.929619   0.359725  -0.569894 
      372.0000  -0.846140   0.270882  -0.575258 
      372.5000  -0.861312   0.302181  -0.559131 
      373.0000  -0.900290   0.325037  -0.575253 
      373.5000  -0.863428   0.280794  -0.582634 
      374.0000  -0.902398   0.325083  -0.577316 
      374.5000  -0.840786   0.271129  -0.569657 
      375.0000  -0.862017   0.283366  -0.578651 
      375.5000  -0.927069   0.352058  -0.575011 
      376.0000  -0.864598   0.274894  -0.589705 
      376.5000  -0.925783   0.313829  -0.611954 
      377.0000  -0.856625   0.234794  -0.621832 
      377.5000  -0.900829   0.279423  -0.621406 
      378.0000  -0.936627   0.298801  -0.637826 
      378.5000  -0.870726   0.230531  -0.640194 
      379.0000  -0.892161   0.258108  -0.634052 
      379.5000  -0.940113   0.310941  -0.629171 
      380.0000  -0.908483   0.272298  -0.636185 
      380.5000  -0.935928   0.288405  -0.647523 
      381.0000  -0.896210   0.249932  -0.646278 
      381.5000  -0.906448   0.250095  -0.656353 
      382.0000  -0.898283   0.250231  -0.648052 
      382.5000  -0.943983   0.298862  -0.645121 
      383.0000  -0.913742   0.268042  -0.645701 
      383.5000  -0.873868   0.240223  -0.633645 
      384.0000  -0.882755   0.259375  -0.623380 
      384.5000  -0.901013   0.279945  -0.621068 
      385.0000  -0.921584   0.312257  -0.609327 
      385.5000  -0.881246   0.262204  -0.619043 
      386.0000  -0.892855   0.280841  -0.612014 
      386.5000  -0.880707   0.262482  -0.618225 
      387.0000  -0.863231   0.245107  -0.618124 
      387.5000  -0.894185   0.275544  -0.618641 
      388.0000  -0.916938   0.300317  -0.616621 
      388.5000  -0.925175   0.306098  -0.619077 
      389.0000  -0.892764   0.276014  -0.616750 
      389.5000  -0.873573   0.247977  -0.625596 
      390.0000  -0.913108   0.272401  -0.640707 
      390.5000  -0.906394   0.264236  -0.642159 
      391.0000  -0.901451   0.260790  -0.640661 
      391.5000  -0.923203   0.275681  -0.647521 
      392.0000  -0.900786   0.255338  -0.645448 
      392.5000  -0.903972   0.258224  -0.645748 
      393.0000  -0.875119   0.246038  -0.629081 
      393.5000  -0.912777   0.278031  -0.634746 
      394.0000  -0.908172   0.268820  -0.639353 
      394.5000  -0.893600   0.255772  -0.637828 
      395.0000  -0.918550   0.285322  -0.633228 
      395.5000  -0.909249   0.274757  -0.634492 
      396.0000  -0.927277   0.288719  -0.638558 
      396.5000  -0.925161   0.286800  -0.638361 
      397.0000  -0.884301   0.253696  -0.630604 
      397.5000  -0.905920   0.261040  -0.644880 
      398.0000  -0.906203   0.274405  -0.631798 
      398.5000  -0.920358   0.301676  -0.618682 
      399.0000  -0.889303   0.275960  -0.613342 
      399.5000  -0.898403   0.278603  -0.619800 
      400.0000  -0.914631   0.294634  -0.619997 
      400.5000  -0.873967   0.255036  -0.618932 
      401.0000  -0.879916   0.265680  -0.614236 
      401.5000  -0.906360   0.289717  -0.616644 
      402.0000  -0.912883   0.303277  -0.609606 
      402.5000  -0.890701   0.269106  -0.621595 
      403.0000  -0.949411   0.320427  -0.628984 
      403.5000  -0.937472   0.313399  -0.624074 
      404.0000  -0.885542   0.267540  -0.618003 
      404.5000  -0.873505   0.275244  -0.598261 
      405.0000  -0.900827   0.311088  -0.589739 
      405.5000  -0.920455   0.342299  -0.578156 
      406.0000  -0.886042   0.295133  -0.590909 
      406.5000  -0.918432   0.318289  -0.600143 
      407.0000  -0.895420   0.285191  -0.610229 
      407.5000  -0.900804   0.289818  -0.610986 
      408.0000  -0.906815   0.292777  -0.614038 
      408.5000  -0.879271   0.263453  -0.615818 
      409.0000  -0.918445   0.324227  -0.594219 
      409.5000  -0.913439   0.319115  -0.594324 
      410.0000  -0.909054   0.315436  -0.593618 
      410.5000  -0.882073   0.288221  -0.593852 
      411.0000  -0.898896   0.306453  -0.592442 
      411.5000  -0.856782   0.267064  -0.589718 
      412.0000  -0.848933   0.264234  -0.584699 
      412.5000  -0.890965   0.307222  -0.583742 
      413.0000  -0.864816   0.283195  -0.581621 
      413.5000  -0.835556   0.252942  -0.582614 
      414.0000  -0.864167   0.291693  -0.572473 
      414.5000  -0.877271   0.307864  -0.569407 
      415.0000  -0.843930   0.265069  -0.578862 
      415.5000  -0.867933   0.289925  -0.578007 
      416.0000  -0.882529   0.310954  -0.571575 
      416.5000  -0.904131   0.340109  -0.564022 
      417.0000  -0.872193   0.301222  -0.570970 
      417.5000  -0.878388   0.305784  -0.572604 
      418.0000  -0.896236   0.311596  -0.584640 
      418.5000  -0.873219   0.285062  -0.588157 
      419.0000  -0.890714   0.298320  -0.592394 
      419.5000  -0.909233   0.328323  -0.580911 
      420.0000  -0.889038   0.296668  -0.592370 
      420.5000  -0.903824   0.317001  -0.586823 
      421.0000  -0.884423   0.298982  -0.585441 
      421.5000  -0.908910   0.307166  -0.601744 
      422.0000  -0.876558   0.275673  -0.600885 
      422.5000  -0.910497   0.306738  -0.603758 
      423.0000  -0.907209   0.304335  -0.602873 
      423.5000  -0.858517   0.258018  -0.600499 
      424.0000  -0.866858   0.258283  -0.608574 
      424.5000  -0.902607   0.281756  -0.620851 
      425.0000  -0.882323   0.252432  -0.629892 
      425.5000  -0.864749   0.232357  -0.632392 
      426.0000  -0.886108   0.252676  -0.633432 
      426.5000  -0.904710   0.261893  -0.642817 
      427.0000  -0.919973   0.275382  -0.644591 
      427.5000  -0.921241   0.284569  -0.636672 
      428.0000  -0.960262   0.318734  -0.641528 
      428.5000  -0.891519   0.251647  -0.639871 
      429.0000  -0.931315   0.289448  -0.641867 
      429.5000  -0.917554   0.273831  -0.643723 
      430.0000  -0.910707   0.266841  -0.643866 
      430.5000  -0.907672   0.257589  -0.650083 
      431.0000  -0.906405   0.252599  -0.653806 
      431.5000  -0.923562   0.267387  -0.656175 
      432.0000  -0.886674   0.238726  -0.647947 
      432.5000  -0.902454   0.252830  -0.649624 
      433.0000  -0.932835   0.296605  -0.636230 
      433.5000  -0.916874   0.282258  -0.634616 
      434.0000  -0.900584   0.268732  -0.631852 
      434.5000  -0.971798   0.344728  -0.627071 
      435.0000  -0.849227   0.218805  -0.630422 
      435.5000  -0.933058   0.305998  -0.627060 
      436.0000  -0.875950   0.233550  -0.642400 
      436.5000  -0.919000   0.292714  -0.626286 
      437.0000  -0.887029   0.261212  -0.625817 
      437.5000  -0.918279   0.298180  -0.620099 
      438.0000  -0.887137   0.274720  -0.612417 
      438.5000  -0.865992   0.269700  -0.596292 
      439.0000  -0.919213   0.315316  -0.603897 
      439.5000  -0.870709   0.267784  -0.602925 
      440.0000  -0.881417   0.286999  -0.594417 
      440.5000  -0.908202   0.307446  -0.600756 
      441.0000  -0.900731   0.295323  -0.605407 
      441.5000  -0.890651   0.284879  -0.605772 
      442.0000  -0.922951   0.317089  -0.605862 
      442.5000  -0.899194   0.298025  -0.601169 
      443.0000  -0.939636   0.325435  -0.614201 
      443.5000  -0.876089   0.273642  -0.602448 
      444.0000  -0.918208   0.317290  -0.600918 
      444.5000  -0.899642   0.296070  -0.603572 
      445.0000  -0.895813   0.292594  -0.603220 
      445.5000  -0.868630   0.276317  -0.592312 
      446.0000  -0.872281   0.283320  -0.588960 
      446.5000  -0.875703   0.298098  -0.577605 
      447.0000  -0.881663   0.315840  -0.565823 
      447.5000  -0.839829   0.266134  -0.573695 
      448.0000  -0.869346   0.303386  -0.565960 
      448.5000  -0.821970   0.261809  -0.560161 
      449.0000  -0.880829   0.321332  -0.559497 
      449.5000  -0.877827   0.310683  -0.567144 
      450.0000  -0.821493   0.264480  -0.557013 
      450.5000  -0.892695   0.333223  -0.559472 
      451.0000  -0.841517   0.285822  -0.555696 
      451.5000  -0.893574   0.330612  -0.562961 
      452.0000  -0.820049   0.253595  -0.566453 
      452.5000  -0.887257   0.316707  -0.570550 
      453.0000  -0.889029   0.313940  -0.575089 
      453.5000  -0.835760   0.266620  -0.569141 
      454.0000  -0.934919   0.365285  -0.569634 
      454.5000  -0.928782   0.355915  -0.572867 
      455.0000  -0.836720   0.270553  -0.566168 
      455.5000  -0.906678   0.350665  -0.556013 
      456.0000  -0.885860   0.314359  -0.571501 
      456.5000  -0.842997   0.273605  -0.569393 
      457.0000  -0.859033   0.287931  -0.571103 
      457.5000  -0.885163   0.320300  -0.564863 
      458.0000  -0.847594   0.279779  -0.567815 
      458.5000  -0.871083   0.295425  -0.575658 
      459.0000  -0.882913   0.316267  -0.566646 
      459.5000  -0.829179   0.274677  -0.554501 
      460.0000  -0.824334   0.273593  -0.550741 
      460.5000  -0.794212   0.251084  -0.543128 
      461.0000  -0.832539   0.293128  -0.539411 
      461.5000  -0.796546   0.268003  -0.528543 
      462.0000  -0.780635   0.259010  -0.521625 
      462.5000  -0.826811   0.312321  -0.514491 
      463.0000  -0.809847   0.293615  -0.516232 
      463.5000  -0.824568   0.309269  -0.515299 
      464.0000  -0.779678   0.259475  -0.520202 
      464.5000  -0.814612   0.294546  -0.520065 
      465.0000  -0.808152   0.276844  -0.531308 
      465.5000  -0.793750   0.284580  -0.509170 
      466.0000  -0.801682   0.287852  -0.513830 
      466.5000  -0.787077   0.278344  -0.508732 
      467.0000  -0.822848   0.311990  -0.510858 
      467.5000  -0.804781   0.283119  -0.521662 
      468.0000  -0.852939   0.322916  -0.530023 
      468.5000  -0.907068   0.372048  -0.535020 
      469.0000  -0.843080   0.290744  -0.552336 
      469.5000  -0.839421   0.290154  -0.549267 
      470.0000  -0.821776   0.265745  -0.556030 
      470.5000  -0.864797   0.323840  -0.540958 
      471.0000  -0.865623   0.323947  -0.541676 
      471.5000  -0.860700   0.319965  -0.540735 
      472.0000  -0.833745   0.285527  -0.548218 
      472.5000  -0.845505   0.295273  -0.550232 
      473.0000  -0.867573   0.323096  -0.544478 
      473.5000  -0.827351   0.297756  -0.529594 
      474.0000  -0.828546   0.289470  -0.539076 
      474.5000  -0.868429   0.336712  -0.531717 
      475.0000  -0.837104   0.294671  -0.542433 
      475.5000  -0.858531   0.317271  -0.541260 
      476.0000  -0.856883   0.306929  -0.549954 
      476.5000  -0.864461   0.287975  -0.576486 
      477.0000  -0.883117   0.287424  -0.595693 
      477.5000  -0.823214   0.231900  -0.591313 
      478.0000  -0.866583   0.262010  -0.604573 
      478.5000  -0.883480   0.276376  -0.607105 
      479.0000  -0.883626   0.278845  -0.604781 
      479.5000  -0.858784   0.269194  -0.589590 
      480.0000  -0.881184   0.297209  -0.583975 
      480.5000  -0.868852   0.289031  -0.579821 
      481.0000  -0.864030   0.288739  -0.575291 
      481.5000  -0.829661   0.250873  -0.578788 
      482.0000  -0.865368   0.280436  -0.584932 
      482.5000  -0.835066   0.252075  -0.582991 
      483.0000  -0.824127   0.250971  -0.573156 
      483.5000  -0.845244   0.267185  -0.578058 
      484.0000  -0.849845   0.276714  -0.573131 
      484.5000  -0.828351   0.258446  -0.569905 
      485.0000  -0.891904   0.320074  -0.571829 
      485.5000  -0.853723   0.285738  -0.567985 
      486.0000  -0.828574   0.259863  -0.568711 
      486.5000  -0.852030   0.275633  -0.576397 
      487.0000  -0.857866   0.287925  -0.569941 
      487.5000  -0.882095   0.320295  -0.561799 
      488.0000  -0.864951   0.292632  -0.572320 
      488.5000  -0.876501   0.311044  -0.565457 
      489.0000  -0.839320   0.281057  -0.558263 
      489.5000  -0.862570   0.290901  -0.571669 
      490.0000  -0.792272   0.224330  -0.567942 
      490.5000  -0.862898   0.298158  -0.564741 
      491.0000  -0.789746   0.220336  -0.569410 
      491.5000  -0.880258   0.311193  -0.569065 
      492.0000  -0.833264   0.279052  -0.554213 
      492.5000  -0.838981   0.283487  -0.555494 
      493.0000  -0.866135   0.311661  -0.554474 
      493.5000  -0.847790   0.278771  -0.569019 
      494.0000  -0.850235   0.288296  -0.561939 
      494.5000  -0.831881   0.280241  -0.551640 
      495.0000  -0.847218   0.298547  -0.548671 
      495.5000  -0.798573   0.257762  -0.540810 
      496.0000  -0.840938   0.299646  -0.541292 
      496.5000  -0.828361   0.290554  -0.537808 
      497.0000  -0.861138   0.335662  -0.525476 
      497.5000  -0.855034   0.317935  -0.537099 
      498.0000  -0.851984   0.312055  -0.539929 
      498.5000  -0.837372   0.284635  -0.552737 
      499.0000  -0.843500   0.297179  -0.546322 
      499.5000  -0.819200   0.278284  -0.540916 
      500.0000  -0.846200   0.314420  -0.531779 
