        0.0000  -1.014680   0.282156  -0.732524 
        0.5000  -1.012493   0.341981  -0.670512 
        1.0000  -1.002229   0.425276  -0.576952 
        1.5000  -0.876253   0.443308  -0.432945 
        2.0000  -0.935499   0.625797  -0.309702 
        2.5000  -0.895937   0.682838  -0.213099 
        3.0000  -0.831143   0.695482  -0.135661 
        3.5000  -0.727064   0.621183  -0.105881 
        4.0000  -0.645033   0.540076  -0.104957 
        4.5000  -0.639151   0.543161  -0.095990 
        5.0000  -0.583842   0.492917  -0.090925 
        5.5000  -0.629615   0.533604  -0.096012 
        6.0000  -0.653889   0.526951  -0.126938 
        6.5000  -0.577261   0.441173  -0.136087 
        7.0000  -0.619956   0.448665  -0.171291 
        7.5000  -0.684207   0.528723  -0.155484 
        8.0000  -0.652540   0.492579  -0.159961 
        8.5000  -0.661843   0.499621  -0.162222 
        9.0000  -0.643848   0.490911  -0.152937 
        9.5000  -0.628724   0.467740  -0.160984 
       10.0000  -0.578671   0.415931  -0.162739 
       10.5000  -0.589600   0.419943  -0.169657 
       11.0000  -0.586260   0.407449  -0.178811 
       11.5000  -0.602087   0.419934  -0.182153 
       12.0000  -0.612561   0.428588  -0.183972 
       12.5000  -0.594320   0.408155  -0.186164 
       13.0000  -0.586997   0.394515  -0.192482 
       13.5000  -0.591546   0.392999  -0.198548 
       14.0000  -0.626615   0.416605  -0.210010 
       14.5000  -0.653881   0.428722  -0.225159 
       15.0000  -0.677379   0.444697  -0.232682 
       15.5000  -0.644023   0.411229  -0.232794 
       16.0000  -0.596554   0.358004  -0.238549 
       16.5000  -0.640838   0.395614  -0.245224 
       17.0000  -0.594437   0.342248  -0.252189 
       17.5000  -0.613407   0.377042  -0.236365 
       18.0000  -0.554138   0.319426  -0.234712 
       18.5000  -0.656330   0.421460  -0.234870 
       19.0000  -0.639206   0.398584  -0.240623 
       19.5000  -0.555177   0.320766  -0.234411 
       20.0000  -0.587530   0.348064  -0.239466 
       20.5000  -0.611050   0.375538  -0.235512 
       21.0000  -0.586423   0.341936  -0.244487 
       21.5000  -0.619285   0.380458  -0.238828 
       22.0000  -0.609191   0.367627  -0.241564 
       22.5000  -0.571260   0.330478  -0.240782 
       23.0000  -0.629836   0.380332  -0.249504 
       23.5000  -0.603634   0.360319  -0.243315 
       24.0000  -0.604415   0.362800  -0.241616 
       24.5000  -0.631529   0.395981  -0.235548 
       25.0000  -0.624215   0.387489  -0.236726 
       25.5000  -0.584318   0.346994  -0.237324 
       26.0000  -0.651666   0.416566  -0.235099 
       26.5000  -0.619170   0.382553  -0.236617 
       27.0000  -0.634822   0.401227  -0.233595 
       27.5000  -0.643674   0.407798  -0.235876 
       28.0000  -0.610281   0.370751  -0.239530 
       28.5000  -0.608070   0.372389  -0.235680 
       29.0000  -0.623681   0.380328  -0.243353 
       29.5000  -0.612335   0.356880  -0.255455 
       30.0000  -0.562020   0.309924  -0.252096 
       30.5000  -0.574513   0.323479  -0.251034 
       31.0000  -0.588787   0.351646  -0.237141 
       31.5000  -0.593513   0.340012  -0.253501 
       32.0000  -0.642117   0.386418  -0.255698 
       32.5000  -0.624519   0.361566  -0.262952 
       33.0000  -0.696077   0.420974  -0.275103 
       33.5000  -0.663331   0.390991  -0.272340 
       34.0000  -0.631530   0.360403  -0.271127 
       34.5000  -0.613122   0.343799  -0.269323 
       35.0000  -0.594182   0.325405  -0.268777 
       35.5000  -0.663918   0.390019  -0.273899 
       36.0000  -0.658057   0.387824  -0.270234 
       36.5000  -0.648683   0.387685  -0.260998 
       37.0000  -0.676640   0.407773  -0.268868 
       37.5000  -0.651273   0.389792  -0.261482 
       38.0000  -0.660750   0.405426  -0.255323 
       38.5000  -0.615360   0.369370  -0.245991 
       39.0000  -0.633400   0.384199  -0.249201 
       39.5000  -0.572720   0.322306  -0.250414 
       40.0000  -0.614916   0.369936  -0.244980 
       40.5000  -0.615560   0.350029  -0.265531 
       41.0000  -0.633626   0.372548  -0.261077 
       41.5000  -0.662167   0.406430  -0.255737 
       42.0000  -0.636202   0.380759  -0.255443 
       42.5000  -0.635455   0.381517  -0.253938 
       43.0000  -0.632858   0.362508  -0.270350 
       43.5000  -0.644840   0.361636  -0.283204 
       44.0000  -0.641654   0.358386  -0.283268 
       44.5000  -0.632322   0.364663  -0.267659 
       45.0000  -0.673442   0.419500  -0.253942 
       45.5000  -0.613608   0.351552  -0.262056 
       46.0000  -0.688573   0.433059  -0.255514 
       46.5000  -0.638354   0.373679  -0.264675 
       47.0000  -0.633633   0.356414  -0.277218 
       47.5000  -0.590556   0.301984  -0.288572 
       48.0000  -0.636461   0.339071  -0.297391 
       48.5000  -0.609043   0.339793  -0.269250 
       49.0000  -0.588383   0.316683  -0.271700 
       49.5000  -0.620811   0.325461  -0.295350 
       50.0000  -0.643632   0.344606  -0.299026 
       50.5000  -0.595331   0.287969  -0.307362 
       51.0000  -0.586026   0.266430  -0.319596 
       51.5000  -0.647286   0.321439  -0.325847 
       52.0000  -0.606945   0.276845  -0.330100 
       52.5000  -0.622406   0.310107  -0.312299 
       53.0000  -0.609808   0.285829  -0.323979 
       53.5000  -0.601661   0.289696  -0.311965 
       54.0000  -0.610563   0.288911  -0.321652 
       54.5000  -0.634141   0.305341  -0.328800 
       55.0000  -0.608794   0.285567  -0.323227 
       55.5000  -0.621532   0.292458  -0.329075 
       56.0000  -0.636371   0.316501  -0.319870 
       56.5000  -0.614187   0.293867  -0.320320 
       57.0000  -0.618410   0.289403  -0.329008 
       57.5000  -0.628510   0.300132  -0.328377 
       58.0000  -0.627610   0.289070  -0.338540 
       58.5000  -0.612711   0.252761  -0.359951 
       59.0000  -0.664171   0.310909  -0.353263 
       59.5000  -0.637923   0.289965  -0.347958 
       60.0000  -0.617804   0.269209  -0.348595 
       60.5000  -0.627384   0.276017  -0.351367 
       61.0000  -0.652263   0.303599  -0.348664 
       61.5000  -0.617797   0.265567  -0.352230 
       62.0000  -0.658802   0.307287  -0.351515 
       62.5000  -0.624806   0.282111  -0.342695 
       63.0000  -0.639272   0.304239  -0.335033 
       63.5000  -0.635997   0.305232  -0.330766 
       64.0000  -0.609401   0.284669  -0.324732 
       64.5000  -0.645447   0.315897  -0.329550 
       65.0000  -0.597023   0.283201  -0.313823 
       65.5000  -0.658398   0.352784  -0.305614 
       66.0000  -0.635888   0.323171  -0.312717 
       66.5000  -0.677312   0.360274  -0.317038 
       67.0000  -0.643745   0.332810  -0.310936 
       67.5000  -0.654441   0.339843  -0.314599 
       68.0000  -0.626800   0.315474  -0.311326 
       68.5000  -0.673265   0.364438  -0.308827 
       69.0000  -0.638994   0.326826  -0.312168 
       69.5000  -0.628944   0.306638  -0.322306 
       70.0000  -0.640416   0.321630  -0.318786 
       70.5000  -0.665934   0.347247  -0.318687 
       71.0000  -0.688468   0.351455  -0.337013 
       71.5000  -0.687447   0.339664  -0.347784 
       72.0000  -0.647378   0.297830  -0.349548 
       72.5000  -0.687882   0.336558  -0.351324 
       73.0000  -0.665325   0.316321  -0.349004 
       73.5000  -0.674078   0.318417  -0.355661 
       74.0000  -0.667364   0.308214  -0.359150 
       74.5000  -0.700559   0.347223  -0.353337 
       75.0000  -0.635055   0.281367  -0.353688 
       75.5000  -0.669653   0.317351  -0.352302 
       76.0000  -0.628705   0.283422  -0.345284 
       76.5000  -0.668360   0.318263  -0.350097 
       77.0000  -0.674571   0.325040  -0.349531 
       77.5000  -0.658501   0.299059  -0.359441 
       78.0000  -0.686725   0.323123  -0.363602 
       78.5000  -0.663502   0.305668  -0.357834 
       79.0000  -0.688833   0.334522  -0.354311 
       79.5000  -0.635618   0.300185  -0.335433 
       80.0000  -0.710525   0.362428  -0.348098 
       80.5000  -0.667261   0.316911  -0.350350 
       81.0000  -0.665047   0.314545  -0.350502 
       81.5000  -0.713476   0.365710  -0.347765 
       82.0000  -0.716960   0.345931  -0.371030 
       82.5000  -0.666361   0.303487  -0.362874 
       83.0000  -0.651251   0.282327  -0.368925 
       83.5000  -0.636058   0.272866  -0.363192 
       84.0000  -0.686127   0.334331  -0.351796 
       84.5000  -0.638076   0.288739  -0.349336 
       85.0000  -0.635944   0.292310  -0.343634 
       85.5000  -0.661051   0.329221  -0.331831 
       86.0000  -0.654561   0.321945  -0.332616 
       86.5000  -0.677223   0.342908  -0.334315 
       87.0000  -0.634532   0.302738  -0.331794 
       87.5000  -0.653067   0.318936  -0.334131 
       88.0000  -0.680806   0.353656  -0.327150 
       88.5000  -0.632466   0.313562  -0.318904 
       89.0000  -0.624862   0.314565  -0.310297 
       89.5000  -0.679507   0.371504  -0.308003 
       90.0000  -0.612329   0.286829  -0.325500 
       90.5000  -0.685177   0.367904  -0.317274 
       91.0000  -0.667418   0.341531  -0.325887 
       91.5000  -0.673674   0.352774  -0.320900 
       92.0000  -0.658027   0.331890  -0.326137 
       92.5000  -0.664016   0.341439  -0.322577 
       93.0000  -0.633418   0.304577  -0.328841 
       93.5000  -0.614916   0.287686  -0.327229 
       94.0000  -0.676579   0.350889  -0.325689 
       94.5000  -0.629879   0.308480  -0.321400 
       95.0000  -0.638090   0.320732  -0.317358 
       95.5000  -0.632496   0.311442  -0.321053 
       96.0000  -0.594462   0.271220  -0.323242 
       96.5000  -0.620059   0.290373  -0.329686 
       97.0000  -0.617793   0.286342  -0.331452 
       97.5000  -0.653594   0.315728  -0.337866 
       98.0000  -0.646608   0.303020  -0.343588 
       98.5000  -0.631328   0.297765  -0.333563 
       99.0000  -0.602803   0.286091  -0.316712 
       99.5000  -0.631081   0.318392  -0.312690 
      100.0000  -0.603192   0.301219  -0.301973 
      100.5000  -0.637131   0.336299  -0.300832 
      101.0000  -0.579217   0.287887  -0.291330 
      101.5000  -0.650303   0.356289  -0.294014 
      102.0000  -0.646592   0.343716  -0.302876 
      102.5000  -0.582681   0.294852  -0.287828 
      103.0000  -0.677113   0.391148  -0.285965 
      103.5000  -0.620850   0.331864  -0.288987 
      104.0000  -0.641946   0.355101  -0.286845 
      104.5000  -0.639869   0.359718  -0.280151 
      105.0000  -0.616439   0.331403  -0.285036 
      105.5000  -0.618858   0.334031  -0.284827 
      106.0000  -0.557706   0.281148  -0.276558 
      106.5000  -0.634617   0.358410  -0.276207 
      107.0000  -0.644155   0.372708  -0.271447 
      107.5000  -0.530096   0.261759  -0.268337 
      108.0000  -0.602261   0.319513  -0.282748 
      108.5000  -0.642773   0.352833  -0.289939 
      109.0000  -0.652994   0.373521  -0.279473 
      109.5000  -0.648298   0.356139  -0.292158 
      110.0000  -0.626365   0.319576  -0.306788 
      110.5000  -0.636773   0.339141  -0.297632 
      111.0000  -0.619349   0.333809  -0.285541 
      111.5000  -0.601628   0.302687  -0.298941 
      112.0000  -0.637942   0.332276  -0.305666 
      112.5000  -0.604218   0.309512  -0.294706 
      113.0000  -0.615240   0.324949  -0.290291 
      113.5000  -0.617821   0.314957  -0.302864 
      114.0000  -0.652133   0.331045  -0.321088 
      114.5000  -0.596858   0.280136  -0.316722 
      115.0000  -0.627811   0.300579  -0.327233 
      115.5000  -0.601988   0.272961  -0.329027 
      116.0000  -0.580336   0.245355  -0.334981 
      116.5000  -0.593742   0.260217  -0.333525 
      117.0000  -0.571098   0.237611  -0.333487 
      117.5000  -0.585020   0.254283  -0.330737 
      118.0000  -0.562279   0.234306  -0.327973 
      118.5000  -0.580395   0.250107  -0.330288 
      119.0000  -0.590686   0.260040  -0.330646 
      119.5000  -0.580283   0.241488  -0.338795 
      120.0000  -0.587543   0.248926  -0.338617 
      120.5000  -0.614267   0.272538  -0.341728 
      121.0000  -0.602172   0.260712  -0.341460 
      121.5000  -0.596305   0.262885  -0.333421 
      122.0000  -0.641095   0.301833  -0.339262 
      122.5000  -0.566557   0.226880  -0.339677 
      123.0000  -0.629690   0.298148  -0.331542 
      123.5000  -0.582877   0.260527  -0.322350 
      124.0000  -0.608473   0.290883  -0.317590 
      124.5000  -0.609754   0.300614  -0.309140 
      125.0000  -0.618156   0.297479  -0.320677 
      125.5000  -0.615288   0.296867  -0.318422 
      126.0000  -0.622860   0.293647  -0.329213 
      126.5000  -0.617210   0.288119  -0.329091 
      127.0000  -0.610770   0.281390  -0.329381 
      127.5000  -0.615843   0.281893  -0.333949 
      128.0000  -0.646673   0.319626  -0.327048 
      128.5000  -0.621987   0.290290  -0.331697 
      129.0000  -0.628773   0.287829  -0.340944 
      129.5000  -0.610376   0.269424  -0.340952 
      130.0000  -0.632902   0.286888  -0.346014 
      130.5000  -0.630181   0.291724  -0.338456 
      131.0000  -0.602560   0.264691  -0.337869 
      131.5000  -0.619475   0.281116  -0.338359 
      132.0000  -0.633468   0.293963  -0.339505 
      132.5000  -0.602525   0.270321  -0.332205 
      133.0000  -0.628576   0.292551  -0.336025 
      133.5000  -0.636269   0.293831  -0.342438 
      134.0000  -0.648837   0.309311  -0.339527 
      134.5000  -0.641565   0.306462  -0.335102 
      135.0000  -0.682657   0.343222  -0.339435 
      135.5000  -0.650155   0.302974  -0.347181 
      136.0000  -0.663509   0.329275  -0.334234 
      136.5000  -0.604489   0.271553  -0.332936 
      137.0000  -0.617680   0.288925  -0.328756 
      137.5000  -0.647304   0.320183  -0.327121 
      138.0000  -0.668917   0.343933  -0.324984 
      138.5000  -0.619254   0.290069  -0.329185 
      139.0000  -0.615726   0.285355  -0.330371 
      139.5000  -0.592270   0.254979  -0.337292 
      140.0000  -0.647056   0.310049  -0.337007 
      140.5000  -0.579204   0.252558  -0.326646 
      141.0000  -0.610391   0.288185  -0.322206 
      141.5000  -0.653579   0.332120  -0.321459 
      142.0000  -0.611668   0.297387  -0.314281 
      142.5000  -0.591614   0.289634  -0.301980 
      143.0000  -0.607898   0.310120  -0.297778 
      143.5000  -0.617247   0.305588  -0.311659 
      144.0000  -0.678077   0.356716  -0.321361 
      144.5000  -0.614723   0.291812  -0.322910 
      145.0000  -0.617294   0.278087  -0.339207 
      145.5000  -0.670957   0.343725  -0.327231 
      146.0000  -0.623154   0.297546  -0.325609 
      146.5000  -0.606673   0.296273  -0.310400 
      147.0000  -0.609793   0.299091  -0.310702 
      147.5000  -0.683339   0.375993  -0.307346 
      148.0000  -0.666270   0.349926  -0.316344 
      148.5000  -0.644970   0.331778  -0.313192 
      149.0000  -0.636539   0.331640  -0.304900 
      149.5000  -0.608866   0.303742  -0.305124 
      150.0000  -0.626060   0.326184  -0.299876 
      150.5000  -0.707278   0.396139  -0.311139 
      151.0000  -0.637151   0.321092  -0.316059 
      151.5000  -0.632177   0.311747  -0.320430 
      152.0000  -0.623643   0.316663  -0.306980 
      152.5000  -0.609084   0.312166  -0.296918 
      153.0000  -0.628889   0.346307  -0.282581 
      153.5000  -0.599831   0.323253  -0.276578 
      154.0000  -0.620682   0.330981  -0.289701 
      154.5000  -0.627205   0.330600  -0.296606 
      155.0000  -0.610301   0.312244  -0.298057 
      155.5000  -0.592006   0.300090  -0.291916 
      156.0000  -0.635049   0.350674  -0.284375 
      156.5000  -0.632059   0.352009  -0.280050 
      157.0000  -0.619210   0.327568  -0.291642 
      157.5000  -0.693030   0.407419  -0.285611 
      158.0000  -0.604505   0.322547  -0.281958 
      158.5000  -0.639188   0.346193  -0.292995 
      159.0000  -0.646358   0.349514  -0.296843 
      159.5000  -0.649768   0.347010  -0.302757 
      160.0000  -0.649434   0.331829  -0.317605 
      160.5000  -0.585465   0.273315  -0.312150 
      161.0000  -0.637886   0.340545  -0.297341 
      161.5000  -0.609738   0.316469  -0.293269 
      162.0000  -0.563868   0.271974  -0.291894 
      162.5000  -0.663412   0.370542  -0.292870 
      163.0000  -0.603408   0.310665  -0.292743 
      163.5000  -0.573322   0.281391  -0.291931 
      164.0000  -0.607500   0.312199  -0.295301 
      164.5000  -0.623606   0.319432  -0.304175 
      165.0000  -0.674050   0.362892  -0.311158 
      165.5000  -0.640610   0.339396  -0.301214 
      166.0000  -0.658913   0.353880  -0.305032 
      166.5000  -0.664372   0.365579  -0.298792 
      167.0000  -0.608777   0.317791  -0.290986 
      167.5000  -0.626759   0.338587  -0.288172 
      168.0000  -0.587941   0.308360  -0.279581 
      168.5000  -0.667830   0.375904  -0.291926 
      169.0000  -0.671318   0.378259  -0.293060 
      169.5000  -0.678447   0.370551  -0.307896 
      170.0000  -0.627962   0.323162  -0.304800 
      170.5000  -0.625064   0.321738  -0.303326 
      171.0000  -0.661377   0.347332  -0.314045 
      171.5000  -0.683119   0.354548  -0.328571 
      172.0000  -0.657171   0.324176  -0.332995 
      172.5000  -0.664151   0.323682  -0.340470 
      173.0000  -0.663908   0.328594  -0.335314 
      173.5000  -0.678989   0.344072  -0.334917 
      174.0000  -0.678207   0.343083  -0.335124 
      174.5000  -0.645779   0.301642  -0.344137 
      175.0000  -0.678827   0.323836  -0.354990 
      175.5000  -0.662310   0.318781  -0.343528 
      176.0000  -0.644503   0.284899  -0.359604 
      176.5000  -0.652672   0.289810  -0.362862 
      177.0000  -0.634889   0.264078  -0.370811 
      177.5000  -0.599361   0.216058  -0.383303 
      178.0000  -0.597609   0.209831  -0.387778 
      178.5000  -0.663378   0.269766  -0.393611 
      179.0000  -0.679267   0.274956  -0.404310 
      179.5000  -0.715688   0.316827  -0.398861 
      180.0000  -0.656047   0.264230  -0.391817 
      180.5000  -0.668395   0.277357  -0.391039 
      181.0000  -0.686857   0.305282  -0.381576 
      181.5000  -0.679323   0.304146  -0.375177 
      182.0000  -0.710091   0.334671  -0.375420 
      182.5000  -0.671668   0.292192  -0.379476 
      183.0000  -0.667205   0.292374  -0.374831 
      183.5000  -0.667772   0.293609  -0.374163 
      184.0000  -0.675832   0.305189  -0.370643 
      184.5000  -0.660445   0.286835  -0.373610 
      185.0000  -0.641011   0.262834  -0.378178 
      185.5000  -0.640888   0.256357  -0.384531 
      186.0000  -0.621148   0.247337  -0.373810 
      186.5000  -0.643681   0.268926  -0.374756 
      187.0000  -0.719957   0.328824  -0.391133 
      187.5000  -0.734118   0.338392  -0.395726 
      188.0000  -0.713074   0.307144  -0.405930 
      188.5000  -0.698240   0.294703  -0.403537 
      189.0000  -0.651807   0.243824  -0.407982 
      189.5000  -0.725594   0.312333  -0.413261 
      190.0000  -0.750516   0.332626  -0.417890 
      190.5000  -0.763037   0.345942  -0.417095 
      191.0000  -0.759574   0.347905  -0.411670 
      191.5000  -0.774649   0.360910  -0.413739 
      192.0000  -0.748354   0.328847  -0.419507 
      192.5000  -0.724840   0.327083  -0.397757 
      193.0000  -0.752453   0.345637  -0.406816 
      193.5000  -0.720792   0.310448  -0.410343 
      194.0000  -0.749617   0.343229  -0.406387 
      194.5000  -0.724263   0.311061  -0.413202 
      195.0000  -0.730190   0.322262  -0.407928 
      195.5000  -0.739446   0.333671  -0.405776 
      196.0000  -0.723032   0.301637  -0.421395 
      196.5000  -0.721937   0.310198  -0.411740 
      197.0000  -0.734175   0.314961  -0.419213 
      197.5000  -0.721423   0.300586  -0.420837 
      198.0000  -0.770027   0.345293  -0.424735 
      198.5000  -0.720869   0.304123  -0.416746 
      199.0000  -0.666718   0.245451  -0.421267 
      199.5000  -0.721911   0.305617  -0.416294 
      200.0000  -0.765284   0.339261  -0.426023 
      200.5000  -0.690305   0.266130  -0.424175 
      201.0000  -0.727021   0.313225  -0.413796 
      201.5000  -0.694174   0.266891  -0.427283 
      202.0000  -0.723865   0.291231  -0.432634 
      202.5000  -0.717033   0.275402  -0.441632 
      203.0000  -0.692266   0.246273  -0.445994 
      203.5000  -0.733210   0.287608  -0.445602 
      204.0000  -0.674158   0.236027  -0.438131 
      204.5000  -0.740743   0.313603  -0.427140 
      205.0000  -0.682295   0.260133  -0.422162 
      205.5000  -0.724245   0.287954  -0.436291 
      206.0000  -0.737139   0.305842  -0.431296 
      206.5000  -0.753251   0.315187  -0.438064 
      207.0000  -0.728335   0.283469  -0.444865 
      207.5000  -0.728355   0.284233  -0.444121 
      208.0000  -0.701723   0.253638  -0.448086 
      208.5000  -0.750154   0.304424  -0.445730 
      209.0000  -0.743583   0.295969  -0.447613 
      209.5000  -0.738949   0.306275  -0.432673 
      210.0000  -0.726991   0.296954  -0.430037 
      210.5000  -0.664809   0.229878  -0.434931 
      211.0000  -0.732742   0.285282  -0.447460 
      211.5000  -0.688144   0.248291  -0.439853 
      212.0000  -0.755407   0.319796  -0.435611 
      212.5000  -0.707262   0.282352  -0.424910 
      213.0000  -0.724139   0.305844  -0.418295 
      213.5000  -0.734821   0.303488  -0.431333 
      214.0000  -0.694318   0.252358  -0.441960 
      214.5000  -0.759311   0.320678  -0.438633 
      215.0000  -0.709169   0.269128  -0.440041 
      215.5000  -0.749718   0.318164  -0.431554 
      216.0000  -0.750260   0.330537  -0.419723 
      216.5000  -0.706563   0.277662  -0.428901 
      217.0000  -0.738961   0.295919  -0.443042 
      217.5000  -0.729616   0.287503  -0.442113 
      218.0000  -0.740126   0.305728  -0.434398 
      218.5000  -0.728596   0.297194  -0.431401 
      219.0000  -0.736948   0.314088  -0.422860 
      219.5000  -0.743488   0.311163  -0.432326 
      220.0000  -0.720168   0.291213  -0.428955 
      220.5000  -0.768181   0.348804  -0.419376 
      221.0000  -0.688258   0.271484  -0.416774 
      221.5000  -0.722757   0.301673  -0.421083 
      222.0000  -0.735822   0.320159  -0.415664 
      222.5000  -0.734416   0.317302  -0.417114 
      223.0000  -0.756782   0.332538  -0.424244 
      223.5000  -0.770348   0.333487  -0.436861 
      224.0000  -0.699085   0.266864  -0.432222 
      224.5000  -0.745071   0.313012  -0.432059 
      225.0000  -0.729837   0.301061  -0.428776 
      225.5000  -0.767030   0.330092  -0.436938 
      226.0000  -0.713699   0.268411  -0.445289 
      226.5000  -0.762715   0.320602  -0.442113 
      227.0000  -0.732066   0.287556  -0.444510 
      227.5000  -0.704603   0.285083  -0.419520 
      228.0000  -0.706967   0.270433  -0.436534 
      228.5000  -0.699582   0.263563  -0.436019 
      229.0000  -0.749927   0.311975  -0.437952 
      229.5000  -0.701634   0.263160  -0.438474 
      230.0000  -0.728070   0.296485  -0.431585 
      230.5000  -0.703141   0.267145  -0.435995 
      231.0000  -0.714783   0.273647  -0.441136 
      231.5000  -0.726404   0.293973  -0.432430 
      232.0000  -0.746111   0.315945  -0.430166 
      232.5000  -0.733522   0.319014  -0.414507 
      233.0000  -0.707552   0.277620  -0.429932 
      233.5000  -0.700639   0.276899  -0.423741 
      234.0000  -0.713005   0.299323  -0.413682 
      234.5000  -0.706216   0.308277  -0.397939 
      235.0000  -0.703313   0.308328  -0.394986 
      235.5000  -0.698794   0.304902  -0.393892 
      236.0000  -0.702989   0.313106  -0.389883 
      236.5000  -0.727963   0.322978  -0.404985 
      237.0000  -0.726758   0.328654  -0.398104 
      237.5000  -0.693458   0.291655  -0.401803 
      238.0000  -0.742512   0.325067  -0.417445 
      238.5000  -0.719114   0.304405  -0.414709 
      239.0000  -0.706740   0.295911  -0.410829 
      239.5000  -0.710888   0.299454  -0.411433 
      240.0000  -0.683680   0.271391  -0.412289 
      240.5000  -0.731630   0.325866  -0.405764 
      241.0000  -0.720899   0.321785  -0.399113 
      241.5000  -0.759289   0.352076  -0.407213 
      242.0000  -0.703395   0.299150  -0.404245 
      242.5000  -0.691722   0.279056  -0.412666 
      243.0000  -0.724822   0.314009  -0.410813 
      243.5000  -0.751324   0.334577  -0.416747 
      244.0000  -0.747053   0.325675  -0.421378 
      244.5000  -0.729887   0.322206  -0.407681 
      245.0000  -0.731515   0.339415  -0.392100 
      245.5000  -0.716021   0.321038  -0.394983 
      246.0000  -0.705245   0.290748  -0.414497 
      246.5000  -0.781725   0.367699  -0.414025 
      247.0000  -0.710406   0.303502  -0.406904 
      247.5000  -0.712978   0.307610  -0.405368 
      248.0000  -0.718596   0.310686  -0.407910 
      248.5000  -0.692250   0.292343  -0.399907 
      249.0000  -0.790754   0.388007  -0.402747 
      249.5000  -0.725535   0.323969  -0.401566 
      250.0000  -0.767451   0.360248  -0.407202 
      250.5000  -0.741229   0.330522  -0.410706 
      251.0000  -0.741989   0.324517  -0.417472 
      251.5000  -0.727698   0.306082  -0.421616 
      252.0000  -0.757133   0.330505  -0.426628 
      252.5000  -0.745030   0.312109  -0.432921 
      253.0000  -0.792114   0.357741  -0.434373 
      253.5000  -0.782652   0.361074  -0.421578 
      254.0000  -0.677641   0.257818  -0.419822 
      254.5000  -0.706166   0.302298  -0.403868 
      255.0000  -0.751906   0.356563  -0.395342 
      255.5000  -0.728518   0.316898  -0.411620 
      256.0000  -0.707580   0.307725  -0.399855 
      256.5000  -0.726023   0.310675  -0.415348 
      257.0000  -0.735814   0.320059  -0.415754 
      257.5000  -0.726210   0.313256  -0.412954 
      258.0000  -0.741014   0.334184  -0.406830 
      258.5000  -0.703946   0.292876  -0.411070 
      259.0000  -0.706527   0.291605  -0.414922 
      259.5000  -0.789181   0.362607  -0.426574 
      260.0000  -0.695166   0.276025  -0.419141 
      260.5000  -0.731217   0.309941  -0.421276 
      261.0000  -0.704549   0.282444  -0.422104 
      261.5000  -0.759474   0.318417  -0.441057 
      262.0000  -0.744501   0.275350  -0.469151 
      262.5000  -0.696582   0.232004  -0.464577 
      263.0000  -0.745558   0.280101  -0.465457 
      263.5000  -0.757443   0.293632  -0.463811 
      264.0000  -0.719698   0.268471  -0.451227 
      264.5000  -0.726989   0.270424  -0.456565 
      265.0000  -0.726168   0.287095  -0.439073 
      265.5000  -0.744151   0.309540  -0.434611 
      266.0000  -0.713043   0.265855  -0.447188 
      266.5000  -0.747986   0.297686  -0.450299 
      267.0000  -0.739568   0.299873  -0.439695 
      267.5000  -0.670928   0.231051  -0.439877 
      268.0000  -0.762037   0.304160  -0.457877 
      268.5000  -0.757892   0.296077  -0.461815 
      269.0000  -0.777892   0.317557  -0.460335 
      269.5000  -0.762814   0.297257  -0.465557 
      270.0000  -0.713954   0.246032  -0.467923 
      270.5000  -0.771972   0.326743  -0.445229 
      271.0000  -0.743055   0.297203  -0.445852 
      271.5000  -0.738971   0.286457  -0.452514 
      272.0000  -0.742864   0.282889  -0.459974 
      272.5000  -0.739180   0.280581  -0.458600 
      273.0000  -0.766190   0.298637  -0.467552 
      273.5000  -0.746980   0.282589  -0.464391 
      274.0000  -0.759503   0.291966  -0.467536 
      274.5000  -0.740353   0.272894  -0.467458 
      275.0000  -0.765324   0.299311  -0.466012 
      275.5000  -0.758945   0.290709  -0.468237 
      276.0000  -0.775720   0.306787  -0.468933 
      276.5000  -0.771589   0.298880  -0.472709 
      277.0000  -0.743506   0.270477  -0.473028 
      277.5000  -0.790857   0.317237  -0.473620 
      278.0000  -0.753544   0.268748  -0.484796 
      278.5000  -0.790461   0.287143  -0.503319 
      279.0000  -0.775061   0.278444  -0.496617 
      279.5000  -0.766783   0.278283  -0.488500 
      280.0000  -0.795154   0.301544  -0.493610 
      280.5000  -0.776507   0.278441  -0.498066 
      281.0000  -0.786834   0.296228  -0.490606 
      281.5000  -0.778642   0.280430  -0.498212 
      282.0000  -0.780325   0.286470  -0.493855 
      282.5000  -0.817299   0.332730  -0.484569 
      283.0000  -0.765305   0.277055  -0.488250 
      283.5000  -0.796360   0.297580  -0.498780 
      284.0000  -0.786059   0.293562  -0.492497 
      284.5000  -0.819432   0.332564  -0.486867 
      285.0000  -0.782818   0.309262  -0.473555 
      285.5000  -0.770129   0.298089  -0.472040 
      286.0000  -0.752279   0.271654  -0.480625 
      286.5000  -0.733375   0.255831  -0.477544 
      287.0000  -0.742976   0.270559  -0.472417 
      287.5000  -0.719040   0.250736  -0.468304 
      288.0000  -0.778704   0.314523  -0.464181 
      288.5000  -0.723162   0.263558  -0.459604 
      289.0000  -0.714540   0.256455  -0.458086 
      289.5000  -0.729686   0.271833  -0.457853 
      290.0000  -0.781599   0.335302  -0.446297 
      290.5000  -0.749010   0.306265  -0.442745 
      291.0000  -0.732879   0.280926  -0.451952 
      291.5000  -0.736744   0.289831  -0.446913 
      292.0000  -0.736122   0.281898  -0.454224 
      292.5000  -0.710514   0.261089  -0.449425 
      293.0000  -0.732322   0.290419  -0.441904 
      293.5000  -0.728409   0.303635  -0.424774 
      294.0000  -0.745933   0.324621  -0.421312 
      294.5000  -0.726434   0.300581  -0.425854 
      295.0000  -0.757235   0.320184  -0.437050 
      295.5000  -0.752789   0.312221  -0.440567 
      296.0000  -0.744358   0.307959  -0.436399 
      296.5000  -0.722555   0.295091  -0.427464 
      297.0000  -0.780889   0.353628  -0.427261 
      297.5000  -0.750190   0.326719  -0.423471 
      298.0000  -0.739999   0.311662  -0.428337 
      298.5000  -0.784766   0.351964  -0.432802 
      299.0000  -0.768616   0.321242  -0.447374 
      299.5000  -0.785045   0.331933  -0.453112 
      300.0000  -0.776506   0.317380  -0.459127 
      300.5000  -0.769253   0.309438  -0.459816 
      301.0000  -0.748743   0.301082  -0.447660 
      301.5000  -0.763774   0.317192  -0.446582 
      302.0000  -0.713290   0.270962  -0.442327 
      302.5000  -0.761022   0.327219  -0.433803 
      303.0000  -0.743518   0.311537  -0.431981 
      303.5000  -0.749426   0.308881  -0.440546 
      304.0000  -0.783740   0.345845  -0.437895 
      304.5000  -0.718083   0.283854  -0.434229 
      305.0000  -0.742571   0.309149  -0.433423 
      305.5000  -0.784230   0.354173  -0.430057 
      306.0000  -0.749468   0.331118  -0.418350 
      306.5000  -0.798658   0.385517  -0.413140 
      307.0000  -0.778226   0.367577  -0.410649 
      307.5000  -0.722747   0.312406  -0.410341 
      308.0000  -0.734588   0.328602  -0.405986 
      308.5000  -0.767275   0.365129  -0.402146 
      309.0000  -0.737245   0.311790  -0.425455 
      309.5000  -0.758098   0.328218  -0.429879 
      310.0000  -0.728852   0.293822  -0.435031 
      310.5000  -0.790145   0.361000  -0.429145 
      311.0000  -0.745765   0.315090  -0.430675 
      311.5000  -0.757195   0.321056  -0.436139 
      312.0000  -0.800805   0.350800  -0.450005 
      312.5000  -0.796767   0.352612  -0.444155 
      313.0000  -0.782380   0.338192  -0.444188 
      313.5000  -0.787635   0.352832  -0.434803 
      314.0000  -0.723009   0.297464  -0.425545 
      314.5000  -0.748084   0.310734  -0.437350 
      315.0000  -0.767380   0.311071  -0.456310 
      315.5000  -0.801509   0.331654  -0.469855 
      316.0000  -0.770247   0.293704  -0.476543 
      316.5000  -0.800002   0.330525  -0.469476 
      317.0000  -0.785708   0.323137  -0.462571 
      317.5000  -0.813777   0.340659  -0.473118 
      318.0000  -0.809324   0.329135  -0.480189 
      318.5000  -0.758206   0.267852  -0.490353 
      319.0000  -0.784820   0.283146  -0.501674 
      319.5000  -0.775379   0.291189  -0.484191 
      320.0000  -0.777877   0.299963  -0.477914 
      320.5000  -0.736647   0.262437  -0.474210 
      321.0000  -0.754682   0.283336  -0.471346 
      321.5000  -0.770986   0.297700  -0.473286 
      322.0000  -0.772179   0.297041  -0.475139 
      322.5000  -0.792598   0.315497  -0.477101 
      323.0000  -0.749373   0.278315  -0.471058 
      323.5000  -0.789812   0.317491  -0.472321 
      324.0000  -0.831751   0.354004  -0.477747 
      324.5000  -0.762111   0.273927  -0.488185 
      325.0000  -0.812435   0.336212  -0.476222 
      325.5000  -0.766658   0.307222  -0.459436 
      326.0000  -0.819806   0.381282  -0.438524 
      326.5000  -0.795000   0.345555  -0.449445 
      327.0000  -0.775412   0.313494  -0.461918 
      327.5000  -0.771229   0.304418  -0.466811 
      328.0000  -0.752271   0.293798  -0.458473 
      328.5000  -0.803561   0.333230  -0.470331 
      329.0000  -0.796144   0.336808  -0.459336 
      329.5000  -0.783027   0.323116  -0.459911 
      330.0000  -0.780365   0.314845  -0.465521 
      330.5000  -0.833125   0.359466  -0.473658 
      331.0000  -0.754307   0.293426  -0.460880 
      331.5000  -0.786183   0.311289  -0.474894 
      332.0000  -0.796067   0.324263  -0.471804 
      332.5000  -0.796602   0.340685  -0.455917 
      333.0000  -0.739666   0.287278  -0.452388 
      333.5000  -0.761396   0.305114  -0.456282 
      334.0000  -0.742762   0.295793  -0.446969 
      334.5000  -0.790953   0.345387  -0.445566 
      335.0000  -0.814723   0.357777  -0.456946 
      335.5000  -0.790368   0.350010  -0.440359 
      336.0000  -0.769407   0.333761  -0.435645 
      336.5000  -0.784717   0.345356  -0.439360 
      337.0000  -0.750095   0.301735  -0.448361 
      337.5000  -0.753752   0.294395  -0.459357 
      338.0000  -0.765292   0.296213  -0.469080 
      338.5000  -0.743123   0.275523  -0.467600 
      339.0000  -0.757500   0.291841  -0.465660 
      339.5000  -0.803872   0.339725  -0.464147 
      340.0000  -0.736845   0.282614  -0.454231 
      340.5000  -0.725705   0.266023  -0.459681 
      341.0000  -0.701609   0.240570  -0.461039 
      341.5000  -0.758506   0.285106  -0.473400 
      342.0000  -0.746296   0.270641  -0.475655 
      342.5000  -0.784837   0.316092  -0.468746 
      343.0000  -0.753594   0.286447  -0.467147 
      343.5000  -0.784549   0.328361  -0.456189 
      344.0000  -0.748462   0.286523  -0.461940 
      344.5000  -0.759667   0.302939  -0.456728 
      345.0000  -0.742324   0.286490  -0.455834 
      345.5000  -0.770149   0.316432  -0.453716 
      346.0000  -0.759871   0.303841  -0.456030 
      346.5000  -0.794018   0.328630  -0.465388 
      347.0000  -0.805145   0.342393  -0.462752 
      347.5000  -0.746550   0.273457  -0.473094 
      348.0000  -0.736596   0.262142  -0.474453 
      348.5000  -0.731188   0.262671  -0.468517 
      349.0000  -0.767897   0.294974  -0.472924 
      349.5000  -0.764232   0.294159  -0.470073 
      350.0000  -0.685720   0.213694  -0.472025 
      350.5000  -0.736065   0.254263  -0.481802 
      351.0000  -0.755283   0.267840  -0.487444 
      351.5000  -0.711988   0.224452  -0.487537 
      352.0000  -0.717541   0.224557  -0.492984 
      352.5000  -0.752344   0.273908  -0.478436 
      353.0000  -0.686608   0.219228  -0.467380 
      353.5000  -0.731835   0.275000  -0.456834 
      354.0000  -0.677186   0.225112  -0.452074 
      354.5000  -0.705152   0.257560  -0.447593 
      355.0000  -0.743526   0.300726  -0.442799 
      355.5000  -0.711781   0.267966  -0.443815 
      356.0000  -0.786814   0.332380  -0.454434 
      356.5000  -0.746773   0.287607  -0.459166 
      357.0000  -0.737606   0.280285  -0.457321 
      357.5000  -0.755716   0.297370  -0.458346 
      358.0000  -0.762915   0.300516  -0.462399 
      358.5000  -0.772331   0.311927  -0.460404 
      359.0000  -0.713499   0.250802  -0.462697 
      359.5000  -0.756686   0.302654  -0.454032 
      360.0000  -0.743578   0.269156  -0.474422 
      360.5000  -0.737144   0.255824  -0.481320 
      361.0000  -0.735210   0.268506  -0.466703 
      361.5000  -0.739246   0.268122  -0.471124 
      362.0000  -0.767812   0.299185  -0.468627 
      362.5000  -0.733489   0.263557  -0.469933 
      363.0000  -0.775025   0.309307  -0.465718 
      363.5000  -0.788765   0.342181  -0.446584 
      364.0000  -0.773924   0.323589  -0.450335 
      364.5000  -0.795381   0.340232  -0.455150 
      365.0000  -0.774914   0.340060  -0.434853 
      365.5000  -0.781086   0.339017  -0.442069 
      366.0000  -0.739483   0.299390  -0.440093 
      366.5000  -0.752953   0.327171  -0.425782 
      367.0000  -0.718670   0.288371  -0.430299 
      367.5000  -0.745850   0.316167  -0.429683 
      368.0000  -0.748744   0.321792  -0.426951 
      368.5000  -0.749036   0.332787  -0.416249 
      369.0000  -0.737716   0.310806  -0.426910 
      369.5000  -0.767622   0.348643  -0.418979 
      370.0000  -0.681192   0.248531  -0.432661 
      370.5000  -0.738214   0.308875  -0.429339 
      371.0000  -0.712852   0.284397  -0.428454 
      371.5000  -0.765209   0.334053  -0.431157 
      372.0000  -0.761522   0.329384  -0.432138 
      372.5000  -0.734358   0.294223  -0.440135 
      373.0000  -0.743585   0.313364  -0.430221 
      373.5000  -0.729214   0.290947  -0.438266 
      374.0000  -0.731389   0.281392  -0.449997 
      374.5000  -0.729812   0.273818  -0.455993 
      375.0000  -0.740208   0.284494  -0.455715 
      375.5000  -0.785717   0.320526  -0.465191 
      376.0000  -0.759303   0.297336  -0.461967 
      376.5000  -0.742924   0.288792  -0.454132 
      377.0000  -0.769182   0.311923  -0.457259 
      377.5000  -0.765473   0.308048  -0.457425 
      378.0000  -0.774492   0.316606  -0.457886 
      378.5000  -0.756999   0.292792  -0.464208 
      379.0000  -0.805123   0.327282  -0.477841 
      379.5000  -0.793317   0.316840  -0.476476 
      380.0000  -0.753597   0.277864  -0.475733 
      380.5000  -0.793140   0.315731  -0.477409 
      381.0000  -0.731101   0.245042  -0.486060 
      381.5000  -0.761480   0.275069  -0.486411 
      382.0000  -0.739161   0.259938  -0.479222 
      382.5000  -0.816131   0.336735  -0.479396 
      383.0000  -0.734320   0.236718  -0.497601 
      383.5000  -0.782562   0.281091  -0.501471 
      384.0000  -0.815455   0.311440  -0.504015 
      384.5000  -0.793086   0.296744  -0.496343 
      385.0000  -0.843254   0.342342  -0.500913 
      385.5000  -0.766554   0.265517  -0.501036 
      386.0000  -0.805887   0.296350  -0.509537 
      386.5000  -0.826618   0.314088  -0.512530 
      387.0000  -0.767526   0.249092  -0.518434 
      387.5000  -0.779913   0.258612  -0.521301 
      388.0000  -0.816360   0.304432  -0.511928 
      388.5000  -0.780925   0.280491  -0.500434 
      389.0000  -0.773328   0.271150  -0.502179 
      389.5000  -0.820435   0.319576  -0.500859 
      390.0000  -0.843360   0.349066  -0.494293 
      390.5000  -0.818488   0.327399  -0.491089 
      391.0000  -0.804533   0.316437  -0.488097 
      391.5000  -0.793093   0.290736  -0.502357 
      392.0000  -0.794765   0.281911  -0.512854 
      392.5000  -0.783651   0.268792  -0.514860 
      393.0000  -0.769610   0.251443  -0.518167 
      393.5000  -0.835980   0.321731  -0.514249 
      394.0000  -0.813164   0.290768  -0.522396 
      394.5000  -0.820953   0.316595  -0.504358 
      395.0000  -0.789166   0.288005  -0.501161 
      395.5000  -0.801695   0.306947  -0.494748 
      396.0000  -0.766651   0.268515  -0.498135 
      396.5000  -0.816449   0.306433  -0.510016 
      397.0000  -0.794802   0.276683  -0.518119 
      397.5000  -0.809328   0.275577  -0.533751 
      398.0000  -0.828958   0.290313  -0.538646 
      398.5000  -0.843785   0.310923  -0.532862 
      399.0000  -0.809064   0.277339  -0.531725 
      399.5000  -0.776180   0.253948  -0.522232 
      400.0000  -0.810474   0.294601  -0.515874 
      400.5000  -0.845684   0.323612  -0.522072 
      401.0000  -0.797025   0.284724  -0.512301 
      401.5000  -0.797637   0.294614  -0.503023 
      402.0000  -0.810368   0.305641  -0.504727 
      402.5000  -0.824401   0.318545  -0.505856 
      403.0000  -0.824888   0.342316  -0.482573 
      403.5000  -0.814560   0.338630  -0.475930 
      404.0000  -0.836181   0.358307  -0.477874 
      404.5000  -0.791869   0.314461  -0.477408 
      405.0000  -0.806306   0.335653  -0.470653 
      405.5000  -0.774941   0.300593  -0.474348 
      406.0000  -0.782109   0.315729  -0.466380 
      406.5000  -0.794531   0.329677  -0.464854 
      407.0000  -0.785130   0.315959  -0.469171 
      407.5000  -0.774474   0.307026  -0.467448 
      408.0000  -0.821202   0.351258  -0.469944 
      408.5000  -0.815370   0.346813  -0.468557 
      409.0000  -0.799051   0.320244  -0.478808 
      409.5000  -0.804466   0.333255  -0.471212 
      410.0000  -0.794777   0.324343  -0.470433 
      410.5000  -0.815021   0.332880  -0.482141 
      411.0000  -0.833226   0.350377  -0.482849 
      411.5000  -0.825244   0.337111  -0.488134 
      412.0000  -0.812871   0.326300  -0.486571 
      412.5000  -0.862501   0.365781  -0.496720 
      413.0000  -0.859691   0.350895  -0.508795 
      413.5000  -0.865352   0.351815  -0.513537 
      414.0000  -0.852171   0.326804  -0.525367 
      414.5000  -0.823079   0.280336  -0.542743 
      415.0000  -0.800675   0.257577  -0.543098 
      415.5000  -0.818787   0.264633  -0.554155 
      416.0000  -0.863053   0.299599  -0.563453 
      416.5000  -0.867879   0.293600  -0.574280 
      417.0000  -0.868050   0.292107  -0.575943 
      417.5000  -0.903129   0.325146  -0.577983 
      418.0000  -0.881381   0.305475  -0.575907 
      418.5000  -0.870689   0.287584  -0.583106 
      419.0000  -0.891861   0.297301  -0.594559 
      419.5000  -0.896045   0.309020  -0.587026 
      420.0000  -0.893425   0.310171  -0.583254 
      420.5000  -0.890926   0.302144  -0.588781 
      421.0000  -0.912040   0.316950  -0.595091 
      421.5000  -0.878646   0.283081  -0.595564 
      422.0000  -0.845157   0.246292  -0.598865 
      422.5000  -0.866533   0.270615  -0.595917 
      423.0000  -0.871068   0.274952  -0.596116 
      423.5000  -0.854997   0.262124  -0.592873 
      424.0000  -0.895671   0.298496  -0.597176 
      424.5000  -0.883972   0.290180  -0.593792 
      425.0000  -0.914622   0.313604  -0.601018 
      425.5000  -0.887462   0.290615  -0.596847 
      426.0000  -0.908038   0.325181  -0.582857 
      426.5000  -0.878098   0.294220  -0.583878 
      427.0000  -0.942412   0.358027  -0.584386 
      427.5000  -0.857712   0.271688  -0.586024 
      428.0000  -0.927050   0.349129  -0.577921 
      428.5000  -0.846329   0.276127  -0.570202 
      429.0000  -0.878636   0.320680  -0.557955 
      429.5000  -0.867865   0.313487  -0.554379 
      430.0000  -0.895943   0.332447  -0.563496 
      430.5000  -0.876993   0.317577  -0.559416 
      431.0000  -0.900062   0.339261  -0.560801 
      431.5000  -0.887577   0.337014  -0.550563 
      432.0000  -0.836098   0.291228  -0.544870 
      432.5000  -0.873743   0.331109  -0.542634 
      433.0000  -0.814839   0.268628  -0.546211 
      433.5000  -0.859673   0.315566  -0.544107 
      434.0000  -0.852537   0.300776  -0.551760 
      434.5000  -0.889206   0.347579  -0.541628 
      435.0000  -0.874760   0.338343  -0.536417 
      435.5000  -0.813373   0.274817  -0.538556 
      436.0000  -0.908893   0.361171  -0.547723 
      436.5000  -0.885326   0.325567  -0.559759 
      437.0000  -0.882321   0.338379  -0.543942 
      437.5000  -0.890699   0.341670  -0.549030 
      438.0000  -0.866909   0.320950  -0.545959 
      438.5000  -0.892829   0.335940  -0.556889 
      439.0000  -0.911573   0.354374  -0.557198 
      439.5000  -0.894505   0.333145  -0.561361 
      440.0000  -0.880925   0.311893  -0.569031 
      440.5000  -0.876841   0.312485  -0.564356 
      441.0000  -0.907209   0.326908  -0.580300 
      441.5000  -0.899963   0.310844  -0.589120 
      442.0000  -0.887522   0.294802  -0.592720 
      442.5000  -0.885532   0.289534  -0.595998 
      443.0000  -0.947624   0.346171  -0.601453 
      443.5000  -0.927665   0.333767  -0.593899 
      444.0000  -0.882354   0.289635  -0.592720 
      444.5000  -0.858845   0.268761  -0.590083 
      445.0000  -0.931442   0.347007  -0.584435 
      445.5000  -0.846607   0.263481  -0.583126 
      446.0000  -0.871178   0.294597  -0.576580 
      446.5000  -0.912341   0.331401  -0.580939 
      447.0000  -0.852162   0.264291  -0.587871 
      447.5000  -0.884742   0.306516  -0.578226 
      448.0000  -0.885997   0.299919  -0.586077 
      448.5000  -0.916923   0.322878  -0.594045 
      449.0000  -0.885148   0.294268  -0.590879 
      449.5000  -0.860411   0.258344  -0.602067 
      450.0000  -0.914186   0.323799  -0.590387 
      450.5000  -0.855167   0.270694  -0.584473 
      451.0000  -0.875334   0.290261  -0.585072 
      451.5000  -0.901021   0.324113  -0.576907 
      452.0000  -0.915664   0.329928  -0.585736 
      452.5000  -0.846413   0.259493  -0.586920 
      453.0000  -0.865265   0.281626  -0.583639 
      453.5000  -0.949811   0.372120  -0.577691 
      454.0000  -0.896123   0.314810  -0.581313 
      454.5000  -0.848893   0.286445  -0.562448 
      455.0000  -0.903256   0.344640  -0.558615 
      455.5000  -0.929490   0.370133  -0.559357 
      456.0000  -0.941065   0.386387  -0.554678 
      456.5000  -0.895350   0.344067  -0.551283 
      457.0000  -0.890993   0.342025  -0.548968 
      457.5000  -0.872560   0.333408  -0.539152 
      458.0000  -0.867660   0.336177  -0.531483 
      458.5000  -0.876495   0.335301  -0.541194 
      459.0000  -0.871681   0.319534  -0.552147 
      459.5000  -0.874996   0.317008  -0.557989 
      460.0000  -0.906834   0.353016  -0.553819 
      460.5000  -0.906268   0.346049  -0.560219 
      461.0000  -0.891278   0.327147  -0.564131 
      461.5000  -0.884457   0.325416  -0.559041 
      462.0000  -0.924141   0.364405  -0.559736 
      462.5000  -0.873912   0.294713  -0.579199 
      463.0000  -0.930809   0.352601  -0.578208 
      463.5000  -0.895494   0.319666  -0.575828 
      464.0000  -0.905133   0.325658  -0.579475 
      464.5000  -0.893581   0.317114  -0.576467 
      465.0000  -0.892717   0.319742  -0.572975 
      465.5000  -0.906716   0.325093  -0.581622 
      466.0000  -0.890120   0.305832  -0.584288 
      466.5000  -0.906387   0.332754  -0.573633 
      467.0000  -0.862164   0.284651  -0.577512 
      467.5000  -0.877487   0.309280  -0.568207 
      468.0000  -0.859857   0.292931  -0.566926 
      468.5000  -0.881800   0.299719  -0.582080 
      469.0000  -0.912031   0.327254  -0.584777 
      469.5000  -0.858929   0.293345  -0.565584 
      470.0000  -0.897882   0.339653  -0.558229 
      470.5000  -0.834682   0.276632  -0.558050 
      471.0000  -0.926056   0.373159  -0.552897 
      471.5000  -0.897268   0.343158  -0.554111 
      472.0000  -0.858503   0.318724  -0.539779 
      472.5000  -0.924410   0.398171  -0.526239 
      473.0000  -0.905512   0.371492  -0.534020 
      473.5000  -0.936621   0.417923  -0.518698 
      474.0000  -0.920451   0.402367  -0.518085 
      474.5000  -0.916539   0.389290  -0.527249 
      475.0000  -0.829750   0.295158  -0.534592 
      475.5000  -0.899942   0.374314  -0.525628 
      476.0000  -0.904187   0.363215  -0.540972 
      476.5000  -0.860348   0.319883  -0.540465 
      477.0000  -0.939782   0.394297  -0.545485 
      477.5000  -0.931671   0.377426  -0.554245 
      478.0000  -0.933674   0.374839  -0.558835 
      478.5000  -0.885735   0.315662  -0.570074 
      479.0000  -0.884649   0.298614  -0.586036 
      479.5000  -0.910118   0.331800  -0.578318 
      480.0000  -0.890808   0.306151  -0.584657 
      480.5000  -0.893776   0.324532  -0.569245 
      481.0000  -0.859746   0.295546  -0.564200 
      481.5000  -0.879325   0.314035  -0.565291 
      482.0000  -0.920161   0.355794  -0.564367 
      482.5000  -0.927165   0.348744  -0.578421 
      483.0000  -0.909253   0.331541  -0.577712 
      483.5000  -0.908846   0.301126  -0.607720 
      484.0000  -0.953069   0.340947  -0.612123 
      484.5000  -0.925308   0.301587  -0.623721 
      485.0000  -0.941567   0.312756  -0.628812 
      485.5000  -0.920401   0.288254  -0.632147 
      486.0000  -0.956749   0.311792  -0.644957 
      486.5000  -0.906257   0.265718  -0.640539 
      487.0000  -0.953354   0.303829  -0.649525 
      487.5000  -0.954527   0.311021  -0.643506 
      488.0000  -0.929116   0.293728  -0.635388 
      488.5000  -0.951147   0.320633  -0.630515 
      489.0000  -0.939892   0.311085  -0.628807 
      489.5000  -0.910847   0.289247  -0.621600 
      490.0000  -0.927723   0.308487  -0.619235 
      490.5000  -0.960464   0.327877  -0.632587 
      491.0000  -0.971871   0.345931  -0.625940 
      491.5000  -0.901193   0.273647  -0.627546 
      492.0000  -0.929896   0.304959  -0.624937 
      492.5000  -0.948870   0.322771  -0.626099 
      493.0000  -0.897963   0.270964  -0.626999 
      493.5000  -0.943821   0.316527  -0.627294 
      494.0000  -0.916892   0.288361  -0.628531 
      494.5000  -0.912398   0.292377  -0.620021 
      495.0000  -0.960011   0.335233  -0.624779 
      495.5000  -0.900594   0.273110  -0.627483 
      496.0000  -0.925907   0.297115  -0.628792 
      496.5000  -0.899453   0.286902  -0.612552 
      497.0000  -0.898577   0.277590  -0.620986 
      497.5000  -0.925445   0.300562  -0.624883 
      498.0000  -0.883787   0.254074  -0.629713 
      498.5000  -0.880252   0.250503  -0.629749 
      499.0000  -0.902564   0.281238  -0.621326 
      499.5000  -0.934136   0.299021  -0.635115 
      500.0000  -0.928446   0.290594  -0.637852 
