t = 100000
b = 30 30 30
E = -0.76256758024855 -0.928446085736027 0.165878505487477
11.3013448601737 22.1039095219885 16.6459177169269 -0.620233946423437 -0.588185423879734 0.518987157529301 0.0636447599841327 0.621705728088002 0.780660779078486 0.135275742115301 -0.148802667256138 -0.150515787495456 -0.0373370307380122 0.773316983582245 0.326298856098895
12.2160363708094 21.8364253898534 15.5948635573807 0.540827564085471 -0.283775848010142 -0.791818589880628 -0.436748497707479 -0.899263995441222 0.0239749485414734 0.170607945411251 0.127392987693744 0.0677946194728706 -0.0702200783586269 0.445996447869413 0.101081209046659
12.0174803379208 21.43629420111 15.3987431937611 0.924568626851549 -0.328396418444186 -0.193205920266508 -0.357961875603027 -0.922375895990091 -0.145209660098416 0.233942112422636 0.270469457310717 -0.0022365388948117 -0.639033262350287 -0.528915014656934 0.255626697467548
11.934797944664 21.0412725886471 15.0962814425053 0.586632684221588 -0.243835485753894 0.772273424804829 -0.426853234832821 -0.903480197852648 0.0389829565635441 -0.272020774825319 0.323935560657831 -0.170605588901288 0.269076035400789 -0.0971521827696752 -0.0786844460495813
12.1255419288424 20.5780623524459 15.0521869179682 -0.133931526074833 0.0171306365674264 0.990842459331594 -0.417338507945642 -0.907838442857898 -0.0407157858673439 -0.0456925882138491 -0.085070787341781 0.138758987861463 0.301600985637754 0.217089075123037 -0.0622741738692302
12.2755316273491 20.1951117422918 15.1847334333326 -0.877385269873107 0.161204628142133 0.451893881964204 -0.257218026631268 -0.953115884835166 -0.159401605969636 0.861601831378136 0.210875791549077 -0.21687907478684 -0.195719793125699 -0.10231932406259 0.0278987623191523
12.2423123694917 19.8003455386721 15.4532685926621 -0.842350680061804 0.0940481470467182 -0.530660116843006 -0.138843883680564 -0.989288244226622 0.0450655704054762 -0.401390186665446 0.156939831089084 -0.269713665811831 -0.207188195642348 -0.477866240498991 0.186435593774476
12.2797063181472 19.5898134228414 16.3977890282531 0.669468403209641 -0.540471447355095 0.509610202815581 -0.483252417032944 0.204142518964852 0.851347675281257 0.218992187851828 0.0545193139163018 -0.0112817009330658 -0.328105061957359 0.219562441184011 -0.373841697961481
12.0135436048075 19.3633306761472 16.7595074785021 0.883133688234611 0.0264599911580002 0.468374491796595 -0.467603122281978 0.12990895266617 0.874340253266647 -0.00361249531380495 0.755045894243858 -0.161650873189071 -0.0243602510414237 0.110080319147316 -0.305503323760692
11.9612114646066 19.2222576730047 17.2265205456112 0.573771500760326 0.814107080359803 0.0895309292749076 -0.472060956921219 0.239395533792246 0.848438640997033 0.130352110654703 0.0246288743679996 0.490370369936032 1.27047967417911e-05 0.397563708549587 -0.582120522626733
11.9748706829415 19.2746928374897 17.7582469923802 -0.0177483817501375 0.959758402859158 -0.280265371959528 -0.417677028934086 0.247562479720581 0.874218884210318 0.212712548027799 0.468819286464055 0.293587155269411 0.083555775629091 -0.123640705242961 -0.237011973054016
12.0466621929166 19.5058428851498 18.1278161635227 -0.789229471414156 0.391668798570742 -0.472982301837001 -0.501859894404954 0.0325116091399874 0.864337616416262 -0.39497687465251 -0.183729502871989 -0.772191636662295 0.483929891658704 -0.188368243924709 0.128767522000371
11.668582082486 19.0233599272058 18.5663601794391 0.231396093087644 -0.775245151797547 0.587750526480748 -0.159426271046725 -0.626197222424048 -0.763190806859752 0.0570939082780202 -0.666203772397373 0.135401851234787 0.000130179515303923 -0.221076548339375 -0.612010074844518
11.4840082977033 20.1514822757891 18.7227634886026 0.698305214631732 0.712769745135178 -0.0657949369456372 0.500701301574467 -0.552083497862658 -0.666709747733948 -0.333378613163852 -0.158041705891911 -0.0117278136188046 0.481174659673691 -0.0383011713825418 0.267637158010722
11.6917026253595 20.1248348351647 18.2525240017792 0.880563210734849 0.0746513561751613 0.468012318577682 0.472912968998026 -0.20302284629427 -0.857400107589531 -0.0398851553375682 -0.193680815131541 -0.331894360980311 0.256777048113004 -0.0892051072721345 0.33374111897134
12.0843894036624 20.169288978667 17.8990012794462 0.431307307679822 -0.644742162663168 0.631095444589443 0.636194903840248 -0.278638182496833 -0.71945586279065 -0.26559147152425 0.411241838085109 -0.0120840230062372 0.281042117533298 -0.385666419052964 -0.249157026179927
12.4865537329206 20.22760139016 17.6713517095489 -0.17960726560707 -0.936370531880265 0.301581214886809 0.429665650410253 -0.350448712668308 -0.832209701526177 -0.525589948556446 0.141950861108831 0.138555548733356 -0.0340358009623581 0.134554820105679 0.162819029549559
12.7778077056871 19.9002016837893 17.3913585315247 -0.675577671221989 -0.721497555950716 0.151775977808165 0.335943079270242 -0.484477398455538 -0.807727562886306 -0.321258704777573 0.319175981717109 0.0362676304713444 0.217715769672862 0.253145745589799 -0.632065038853059
13.0727653026787 19.5388334568522 17.2256272787685 -0.925576346106575 -0.174579227558445 -0.335902405553465 0.376548987939415 -0.515933871042456 -0.769430290428354 0.16697458058239 -0.182303911119423 0.00475627409332611 -0.0686479496649268 0.162654337904494 -0.433253740822366
13.1134151440393 18.9770711514834 17.0943654581606 -0.649902581241311 0.441373636546438 -0.618721134993249 0.431249260605645 -0.456184397816806 -0.77840847509252 -0.299029131060344 -0.321307787862268 0.303772735192823 -0.0514374035322277 0.113119936014528 -0.0630397807757916
13.0473056370611 18.6186229356641 16.7219783333015 0.0557078335369136 0.853817633294072 -0.51758282052945 0.30163245613165 -0.508558117701712 -0.806465391080018 -0.250388101955449 0.160697621077898 0.0917000779092307 0.328421904116703 -0.485838089038157 0.329416309916944
12.8689516516507 18.480207915226 16.2945793063933 0.844332100257251 0.535298784503599 -0.0236298046963115 0.390548644334616 -0.645010988581237 -0.656835144233357 0.429558828063678 -0.0389001527553535 0.0806299408922977 -0.677407514329709 -0.158614334991881 0.452294068512466
13.0431012447462 18.3947489776514 15.7836795066962 0.816306586584422 0.107975785335782 0.567436949704259 0.537463638329233 -0.501867247738407 -0.677688724471939 0.0871423884608829 0.325664762064147 0.118028717086768 -0.0968860946497065 0.223761567630634 0.0554514437266709
12.8388031045867 19.36830400312 15.068437855336 -0.0447178806841932 0.7326076780671 -0.679180496089936 -0.0387846001661731 -0.680621159469964 -0.731608121714045 0.148784635653927 0.0589249762692329 -0.506575170718053 0.799280373899085 0.644675083020232 -0.497122129541405
12.8893488271251 19.527408932251 14.5570679787487 -0.489496980082113 0.83169057551948 -0.262075078044045 0.184963602191187 -0.194675779216085 -0.96327031233983 -0.0471810448356035 0.0550265407129522 0.244863130961465 0.0908293996272054 -0.150603479275255 -0.487220693181872
