t = 0
b =  30.0 30.0 30.0
E = 0. 0. 0.
25.929610215941338 17.082410486707985 1.6477316255760637 0.30241828877970245 0.8015398075598136 -0.5158266331903902 0.5465684290234925 0.29753247946679406 0.7827754314342864 0.0 0.0 0.0 0.0 0.0 0.0
26.451849618188252 17.107256319700543 1.7715613208920602 -0.2129272625980094 0.9534086003905138 -0.2137148135809021 0.5465684290234925 0.29753247946679406 0.7827754314342864 0.0 0.0 0.0 0.0 0.0 0.0
26.925552244226182 17.349431673151162 1.8466747177277438 -0.6473781869607511 0.7430615257911108 0.1695908368291074 0.5465684290234925 0.29753247946679406 0.7827754314342864 0.0 0.0 0.0 0.0 0.0 0.0
27.251684992176628 17.760987924786328 1.9604463511548058 -0.8358793145110147 0.2504129542174613 0.488466092920153 0.5465684290234925 0.29753247946679406 0.7827754314342864 0.0 0.0 0.0 0.0 0.0 0.0
27.38727902408331 18.22962581721462 2.185563845832624 -0.7068159153216685 -0.33737168534473005 0.6217649135932714 0.5465684290234925 0.29753247946679406 0.7827754314342864 0.0 0.0 0.0 0.0 0.0 0.0
27.361754345852418 18.621359823353167 2.5524126721278897 -0.3092213325697077 -0.7969831810906773 0.5188448482373111 0.5465684290234925 0.29753247946679406 0.7827754314342864 0.0 0.0 0.0 0.0 0.0 0.0
27.2657426551326 18.83142148828498 3.037532197904327 0.2058516043304663 -0.9538074414920723 0.2188069504127319 0.5465684290234925 0.29753247946679406 0.7827754314342864 0.0 0.0 0.0 0.0 0.0 0.0
27.216654844097043 18.824062716917084 3.5725287749121164 0.6427180750902073 -0.7482643080606144 -0.1643593661307685 0.5465684290234925 0.29753247946679406 0.7827754314342864 0.0 0.0 0.0 0.0 0.0 0.0
27.31407463850145 18.6461370729826 4.0700596292388225 0.8354052034500054 -0.2584430536848448 -0.4850828115391298 0.5465684290234925 0.29753247946679406 0.7827754314342864 0.0 0.0 0.0 0.0 0.0 0.0
27.60192507531835 18.409299326828734 4.457015841412032 0.7107079277889854 0.3295650377232291 -0.6215151866916627 0.5465684290234925 0.29753247946679406 0.7827754314342864 0.0 0.0 0.0 0.0 0.0 0.0
28.051781406637204 18.247585941393655 4.702297647222872 0.31600082795803863 0.7923658612666551 -0.5218235512402495 0.5465684290234925 0.29753247946679406 0.7827754314342864 0.0 0.0 0.0 0.0 0.0 0.0
28.573670136632074 18.266492378966138 4.828629758109298 -0.1987602696662665 0.9541336464641454 -0.22388242424814248 0.5465684290234925 0.29753247946679406 0.7827754314342864 0.0 0.0 0.0 0.0 0.0 0.0
29.050251456902515 18.50289361127198 4.903927863343888 -0.6380090177498612 0.753410107106036 0.15911537883035543 0.5465684290234925 0.29753247946679406 0.7827754314342864 0.0 0.0 0.0 0.0 0.0 0.0
29.381398601501896 18.911034701198727 5.0154963241894315 -0.8348674730483505 0.26645347171308714 0.4816625892239332 0.5465684290234925 0.29753247946679406 0.7827754314342864 0.0 0.0 0.0 0.0 0.0 0.0
29.522237679350763 19.379913868386442 5.2368597874041045 -0.7145458170959833 -0.32173329244814264 0.6212181290022933 0.5465684290234925 0.29753247946679406 0.7827754314342864 0.0 0.0 0.0 0.0 0.0 0.0
29.500196015709385 19.77545392143725 5.599829942671507 -0.32275625865987356 -0.787688199714528 0.5247625153594384 0.5465684290234925 0.29753247946679406 0.7827754314342864 0.0 0.0 0.0 0.0 0.0 0.0
29.404582052750946 19.99144042457849 6.0824197298267695 0.1916537986379999 -0.9543871904649615 0.22894084857015023 0.5465684290234925 0.29753247946679406 0.7827754314342864 0.0 0.0 0.0 0.0 0.0 0.0
29.352655579222436 19.9898743376234 6.617196590617231 0.6332513735526608 -0.7584985310548554 -0.15385927427780427 0.5465684290234925 0.29753247946679406 0.7827754314342864 0.0 0.0 0.0 0.0 0.0 0.0
29.445078776220537 19.815408486648174 7.116901224994879 0.834266164256302 -0.27444359827784204 -0.47820568643773465 0.5465684290234925 0.29753247946679406 0.7827754314342864 0.0 0.0 0.0 0.0 0.0 0.0
29.72767297161109 19.578383208810127 7.507598858102282 0.7183292909725326 0.313877045937195 -0.6208737631472568 0.5465684290234925 0.29753247946679406 0.7827754314342864 0.0 0.0 0.0 0.0 0.0 0.0
30.174010351481087 19.412906213469622 7.756768297364447 0.3294871102230098 0.7829505526563337 -0.5276615167813824 0.5465684290234925 0.29753247946679406 0.7827754314342864 0.0 0.0 0.0 0.0 0.0 0.0
30.69545432849375 19.4259028212427 7.885657277273402 -0.1845327324309492 0.9545680541861632 -0.2339818381601591 0.5465684290234925 0.29753247946679406 0.7827754314342864 0.0 0.0 0.0 0.0 0.0 0.0
31.174834063342445 19.656493247003045 7.9612100898115 -0.6284455048116323 0.7635291924038886 0.14859145274582625 0.5465684290234925 0.29753247946679406 0.7827754314342864 0.0 0.0 0.0 0.0 0.0 0.0
31.510959625595266 20.061130176196333 8.070634328678446 -0.8336013228658528 0.28241282490003633 0.47471236643706516 0.5465684290234925 0.29753247946679406 0.7827754314342864 0.0 0.0 0.0 0.0 0.0 0.0
31.65706574007151 20.530143117711717 8.288269266411568 -0.7220580612924498 -0.305996896473975 0.6204821153513459 0.5465684290234925 0.29753247946679406 0.7827754314342864 0.0 0.0 0.0 0.0 0.0 0.0
