#id1 id2 FENE BEXC STCK NEXC HB CRSTCK CXSTCK total, t = 100000
0 1 0.0177428 0 0 0 0 0 0 0.0177428
1 2 0.0018455 0 -1.24307 0 0 0 0 -1.24122
2 3 0.0252904 0 0 0 0 0 0 0.0252904
3 4 0.0465483 0 0 0 0 0 0 0.0465483
4 5 0.000174765 0 -1.35742 0 0 0 0 -1.35725
5 6 0.00438033 0 -1.01312 0 0 0 0 -1.00874
6 7 0.000211289 0 -0.873496 0 0 0 0 -0.873285
7 8 0.00849915 0 -0.504887 0 0 0 0 -0.496388
8 9 0.00085762 0 0 0 0 0 0 0.00085762
9 10 0.015971 0 -1.24804 0 0 0 0 -1.23207
10 11 0.00372932 0 0 0 0 0 0 0.00372932
11 12 0.0612314 0 -1.22046 0 0 0 0 -1.15922
12 13 0.0170356 0 -1.21412 0 0 0 0 -1.19708
13 14 0.00658824 0 -0.590856 0 0 0 0 -0.584268
14 15 0.0450791 0 -1.14785 0 0 0 0 -1.10277
15 16 0.118663 0 -1.40912 0 0 0 0 -1.29046
16 17 0.000139436 0 -1.36233 0 0 0 0 -1.36219
17 18 8.83489e-05 0 0 0 0 0 0 8.83489e-05
18 19 0.0209573 0 -0.970567 0 0 0 0 -0.94961
17 20 0 0 0 0 -0 -0.00653723 -0 -0.00653723
19 20 0.00297216 0 -1.1464 0 0 0 0 -1.14343
16 21 0 0 0 0 0 -0.0791846 -0 -0.0791846
20 21 0.0660185 0 -1.23202 0 0 0 0 -1.166
17 22 0 0 0 0 0 -0.196264 0 -0.196264
16 22 0 0 0 0 -0.803756 0 -0 -0.803756
15 22 0 0 0 0 0 -0.203665 0 -0.203665
21 22 0.00174108 0 -1.12631 0 0 0 0 -1.12457
16 23 0 0 0 0 0 -0.0808307 0 -0.0808307
22 23 0.0116735 0 -1.07215 0 0 0 0 -1.06048
13 24 0 0 0 0 0 -0.000386085 -0 -0.000386085
23 24 0.0202009 0 -1.00943 0 0 0 0 -0.989233
#Total energy per particle is  -0.824585 and should be -0.82458510

