t = 0
b =  30.0 30.0 30.0
E = 0. 0. 0.
3.759857256792252 9.229981934776138 25.095531388598395 0.5829735301099745 -0.7850272356282297 0.20946145829964605 0.5427314508386661 0.5681036407187811 0.6186281804708083 0.0 0.0 0.0 0.0 0.0 0.0
3.825113206914812 9.275046938748082 25.626940749175503 0.8267745463188658 -0.4910927472206747 -0.2743569995215792 0.5427314508386661 0.5681036407187811 0.6186281804708083 0.0 0.0 0.0 0.0 0.0 0.0
4.078832440885256 9.208167335538816 26.095810423079012 0.756470089447951 -0.0105839135111062 -0.6539426462201392 0.5427314508386661 0.5681036407187811 0.6186281804708083 0.0 0.0 0.0 0.0 0.0 0.0
4.504989055547726 9.138875128911673 26.415613850200305 0.3987699980903265 0.4739459258949288 -0.7850845482816735 0.5427314508386661 0.5681036407187811 0.6186281804708083 0.0 0.0 0.0 0.0 0.0 0.0
5.022045303822201 9.177618911005007 26.55645722983807 -0.11042948262064106 0.7784157841001655 -0.617959704537328 0.5427314508386661 0.5681036407187811 0.6186281804708083 0.0 0.0 0.0 0.0 0.0 0.0
5.513929148058633 9.393802595576862 26.55643667538242 -0.5776749566015357 0.7871524715078684 -0.21606163730395955 0.5427314508386661 0.5681036407187811 0.6186281804708083 0.0 0.0 0.0 0.0 0.0 0.0
5.874131967761176 9.789417710796723 26.507164863904947 -0.825452056359283 0.49683677450222713 0.26792185829911974 0.5427314508386661 0.5681036407187811 0.6186281804708083 0.0 0.0 0.0 0.0 0.0 0.0
6.046172965243735 10.298286784397359 26.51896584845693 -0.7596261190837228 0.017764480195295654 0.6501173605197695 0.5427314508386661 0.5681036407187811 0.6186281804708083 0.0 0.0 0.0 0.0 0.0 0.0
6.045057164979489 10.811205271817471 26.678961105795366 -0.4052055188968219 -0.46805683714409896 0.7853224080963301 0.5427314508386661 0.5681036407187811 0.6186281804708083 0.0 0.0 0.0 0.0 0.0 0.0
5.951574753932903 11.217430188483158 27.017970630769565 0.10315943259397947 -0.776055536559449 0.6221703429466187 0.5427314508386661 0.5681036407187811 0.6186281804708083 0.0 0.0 0.0 0.0 0.0 0.0
5.881607538792031 11.446753221171496 27.498803904995064 0.572332390908591 -0.7892177626792182 0.22264536237807458 0.5427314508386661 0.5681036407187811 0.6186281804708083 0.0 0.0 0.0 0.0 0.0 0.0
5.942103510167237 11.496174040024334 28.03038919658019 0.8240667050297397 -0.5025429657398206 -0.2614663137898503 0.5427314508386661 0.5681036407187811 0.6186281804708083 0.0 0.0 0.0 0.0 0.0 0.0
6.190445512883267 11.431040174024243 28.50237323370987 0.7627243002495132 -0.024943694045541476 -0.6462425658653658 0.5427314508386661 0.5681036407187811 0.6186281804708083 0.0 0.0 0.0 0.0 0.0 0.0
6.612650543840329 11.360220392181617 28.82704625761649 0.41161018173423525 0.46213210405296357 -0.7855004625691123 0.5427314508386661 0.5681036407187811 0.6186281804708083 0.0 0.0 0.0 0.0 0.0 0.0
7.128682128675043 11.39474363799887 28.972664426364677 -0.09588152657712903 0.7736361893850011 -0.626333600675465 0.5427314508386661 0.5681036407187811 0.6186281804708083 0.0 0.0 0.0 0.0 0.0 0.0
7.622857516509583 11.605617277528934 28.975509831131273 -0.5669462398882049 0.7912229518623578 -0.22921213214583924 0.5427314508386661 0.5681036407187811 0.6186281804708083 0.0 0.0 0.0 0.0 0.0 0.0
7.987797491122619 11.996850213831886 28.926106323163054 -0.8226185978301056 0.5082108863848975 0.2549908576084764 0.5427314508386661 0.5681036407187811 0.6186281804708083 0.0 0.0 0.0 0.0 0.0 0.0
8.16522153047655 12.503929837677154 28.93482798920999 -0.7657643970068336 0.03212100833691095 0.6423185573375403 0.5427314508386661 0.5681036407187811 0.6186281804708083 0.0 0.0 0.0 0.0 0.0 0.0
8.168089551437962 13.018331446383511 29.0899661906126 -0.41798349886269703 -0.45617217781288877 0.7856186981404798 0.5427314508386661 0.5681036407187811 0.6186281804708083 0.0 0.0 0.0 0.0 0.0 0.0
8.075678220681754 13.428748592803942 29.424186198975857 0.08859631881080823 -0.7711579268194785 0.6304491606756694 0.5427314508386661 0.5681036407187811 0.6186281804708083 0.0 0.0 0.0 0.0 0.0 0.0
8.003462423586157 13.663380265541353 29.902117113352247 0.5615169137166286 -0.7931678863543702 0.2357614465223088 0.5427314508386661 0.5681036407187811 0.6186281804708083 0.0 0.0 0.0 0.0 0.0 0.0
8.05924442464042 13.717209293627223 30.43378985688164 0.8211078450393482 -0.5138401048033591 -0.24849598288605979 0.5427314508386661 0.5681036407187811 0.6186281804708083 0.0 0.0 0.0 0.0 0.0 0.0
8.302197984807599 13.653908453655164 30.908817933293218 0.7687461778405433 -0.03929587648913532 -0.6383456337647375 0.5427314508386661 0.5681036407187811 0.6186281804708083 0.0 0.0 0.0 0.0 0.0 0.0
8.72038726040216 13.581650117400962 31.23833510240255 0.4243249849294304 0.4501775122953298 -0.7856771058063389 0.5427314508386661 0.5681036407187811 0.6186281804708083 0.0 0.0 0.0 0.0 0.0 0.0
9.235301429662792 13.612009759239335 31.388757150521965 -0.08130436409179662 0.7686209375921681 -0.6345167095314064 0.5427314508386661 0.5681036407187811 0.6186281804708083 0.0 0.0 0.0 0.0 0.0 0.0
