#id1 id2 FENE BEXC STCK NEXC HB CRSTCK CXSTCK total, t = 100000
0 1 0.0214885 0 0 0 0 0 0 0.0214885
1 2 0.132236 0 -0.829531 0 0 0 0 -0.697295
2 3 0.0436614 0 -1.04811 0 0 0 0 -1.00445
3 4 0.00862879 0 -1.13824 0 0 0 0 -1.12961
4 5 0.0115487 0 -1.12918 0 0 0 0 -1.11763
5 6 0.00393465 0 -1.09563 0 0 0 0 -1.09169
6 7 0.187344 0 -1.41719 0 0 0 0 -1.22984
7 8 0.0737731 0 -1.30285 0 0 0 0 -1.22908
8 9 0.0825054 0 -0.970734 0 0 0 0 -0.888229
9 10 0.00567087 0 -0 0 0 0 0 0.00567087
10 11 0.0522122 0 -1.17456 0 0 0 0 -1.12234
9 12 0 0 0 0 0 -0.0445741 -0 -0.0445741
7 12 0 0 0 0 -0 -0.0575075 0 -0.0575075
11 12 0.0409778 0 -0.818272 0 0 0 0 -0.777294
8 13 0 0 0 0 0 -0.175153 0 -0.175153
7 13 0 0 0 0 -0.887042 0 -0 -0.887042
6 13 0 0 0 0 -0 -0.151473 0 -0.151473
12 13 0.0937874 0 -1.2036 0 0 0 0 -1.10981
7 14 0 0 0 0 0 -0.112173 0 -0.112173
6 14 0 0 0 0 0 -0.0022995 0 -0.0022995
5 14 0 0 0 0 0 -0.0657189 0 -0.0657189
13 14 0.0251949 0 -1.2477 0 0 0 0 -1.2225
14 15 0.0373374 0 0 0 0 0 0 0.0373374
15 16 0.0194973 0 -1.06524 0 0 0 0 -1.04574
16 17 0.0449622 0 0 0 0 0 0 0.0449622
17 18 0.0365107 0 0 0 0 0 0 0.0365107
18 19 0.00527604 0 -0 0 0 0 0 0.00527604
19 20 0.0131991 0 -1.29688 0 0 0 0 -1.28368
20 21 0.0498783 0 -1.26978 0 0 0 0 -1.2199
21 22 0.00552825 0 -1.29092 0 0 0 0 -1.28539
22 23 0.131648 0 -1.38424 0 0 0 0 -1.25259
23 24 0.0652604 0 -1.20969 0 0 0 0 -1.14443
#Total energy per particle is  -0.847848 and should be -0.84784810

