        0.0000  -1.017812   0.281864  -0.735948 
        0.5000  -0.926143   0.449020  -0.477123 
        1.0000  -0.825787   0.736904  -0.088883 
        1.5000  -0.702548   1.055645   0.353097 
        2.0000  -0.571743   1.132393   0.560650 
        2.5000  -0.447679   1.041864   0.594185 
        3.0000  -0.286564   0.914007   0.627442 
        3.5000  -0.253358   0.881579   0.628221 
        4.0000  -0.141122   0.758104   0.616983 
        4.5000  -0.191350   0.799581   0.608231 
        5.0000  -0.097621   0.679518   0.581896 
        5.5000  -0.161101   0.756437   0.595336 
        6.0000  -0.160282   0.755621   0.595340 
        6.5000  -0.141055   0.727548   0.586492 
        7.0000  -0.099995   0.664465   0.564470 
        7.5000  -0.044764   0.604168   0.559404 
        8.0000  -0.076023   0.611146   0.535123 
        8.5000  -0.133046   0.671815   0.538769 
        9.0000  -0.074574   0.609412   0.534837 
        9.5000  -0.104138   0.597479   0.493341 
       10.0000  -0.141834   0.613806   0.471972 
       10.5000  -0.129282   0.584020   0.454738 
       11.0000  -0.049849   0.507481   0.457632 
       11.5000  -0.122727   0.577270   0.454542 
       12.0000  -0.050507   0.515082   0.464575 
       12.5000  -0.139228   0.591410   0.452182 
       13.0000  -0.050774   0.485182   0.434408 
       13.5000  -0.102159   0.530425   0.428265 
       14.0000  -0.060845   0.486778   0.425933 
       14.5000  -0.187206   0.596698   0.409492 
       15.0000  -0.146337   0.556395   0.410059 
       15.5000  -0.076874   0.486107   0.409233 
       16.0000  -0.116540   0.522276   0.405737 
       16.5000  -0.090279   0.476584   0.386305 
       17.0000  -0.141983   0.540255   0.398272 
       17.5000  -0.117647   0.531673   0.414026 
       18.0000  -0.127472   0.539777   0.412305 
       18.5000  -0.147799   0.557371   0.409572 
       19.0000  -0.124457   0.544119   0.419662 
       19.5000  -0.094865   0.528423   0.433558 
       20.0000  -0.112969   0.546864   0.433894 
       20.5000  -0.168397   0.595791   0.427394 
       21.0000  -0.222802   0.638055   0.415253 
       21.5000  -0.127556   0.528863   0.401307 
       22.0000  -0.148795   0.544993   0.396198 
       22.5000  -0.061995   0.467725   0.405730 
       23.0000  -0.156192   0.566270   0.410078 
       23.5000  -0.181574   0.568031   0.386457 
       24.0000  -0.146599   0.515854   0.369255 
       24.5000  -0.112383   0.458811   0.346429 
       25.0000  -0.104345   0.461265   0.356920 
       25.5000  -0.117229   0.474338   0.357110 
       26.0000  -0.149783   0.511417   0.361634 
       26.5000  -0.151433   0.520526   0.369093 
       27.0000  -0.109413   0.476833   0.367420 
       27.5000  -0.170842   0.514883   0.344041 
       28.0000  -0.153140   0.492778   0.339638 
       28.5000  -0.096374   0.452821   0.356446 
       29.0000  -0.170192   0.528465   0.358273 
       29.5000  -0.068511   0.441117   0.372606 
       30.0000  -0.113814   0.491703   0.377888 
       30.5000  -0.130560   0.501011   0.370451 
       31.0000  -0.043489   0.412317   0.368828 
       31.5000  -0.064374   0.431144   0.366770 
       32.0000  -0.076257   0.434867   0.358610 
       32.5000  -0.053173   0.410176   0.357003 
       33.0000  -0.090130   0.441070   0.350940 
       33.5000  -0.113223   0.469613   0.356390 
       34.0000  -0.112149   0.466540   0.354391 
       34.5000  -0.094430   0.438647   0.344217 
       35.0000  -0.110216   0.451090   0.340874 
       35.5000  -0.073315   0.415883   0.342569 
       36.0000  -0.092463   0.437814   0.345350 
       36.5000  -0.107145   0.449825   0.342680 
       37.0000  -0.075106   0.416879   0.341773 
       37.5000  -0.118447   0.452762   0.334315 
       38.0000  -0.074090   0.390852   0.316762 
       38.5000  -0.119271   0.437935   0.318663 
       39.0000  -0.151133   0.460238   0.309104 
       39.5000  -0.177006   0.467091   0.290085 
       40.0000  -0.195741   0.469843   0.274102 
       40.5000  -0.151607   0.418239   0.266632 
       41.0000  -0.211027   0.483195   0.272168 
       41.5000  -0.150830   0.421809   0.270978 
       42.0000  -0.164474   0.434840   0.270366 
       42.5000  -0.177973   0.440584   0.262611 
       43.0000  -0.201279   0.470723   0.269444 
       43.5000  -0.210497   0.467216   0.256719 
       44.0000  -0.110486   0.358830   0.248344 
       44.5000  -0.168018   0.396414   0.228396 
       45.0000  -0.160462   0.391974   0.231512 
       45.5000  -0.193681   0.419020   0.225339 
       46.0000  -0.194034   0.406140   0.212106 
       46.5000  -0.213157   0.422504   0.209347 
       47.0000  -0.217829   0.429130   0.211301 
       47.5000  -0.242193   0.457000   0.214808 
       48.0000  -0.200057   0.411456   0.211399 
       48.5000  -0.209519   0.422186   0.212667 
       49.0000  -0.213703   0.425258   0.211555 
       49.5000  -0.196925   0.408820   0.211896 
       50.0000  -0.215828   0.445793   0.229965 
       50.5000  -0.230585   0.452405   0.221821 
       51.0000  -0.234767   0.447840   0.213073 
       51.5000  -0.220525   0.424135   0.203609 
       52.0000  -0.203416   0.420031   0.216615 
       52.5000  -0.244624   0.473858   0.229234 
       53.0000  -0.194216   0.412452   0.218236 
       53.5000  -0.218830   0.432307   0.213477 
       54.0000  -0.253234   0.467270   0.214036 
       54.5000  -0.258094   0.488966   0.230872 
       55.0000  -0.241699   0.478472   0.236773 
       55.5000  -0.235682   0.476305   0.240623 
       56.0000  -0.276757   0.502528   0.225771 
       56.5000  -0.265563   0.488283   0.222720 
       57.0000  -0.204557   0.427435   0.222878 
       57.5000  -0.169809   0.378823   0.209014 
       58.0000  -0.239968   0.426737   0.186769 
       58.5000  -0.188976   0.358058   0.169083 
       59.0000  -0.252606   0.425057   0.172451 
       59.5000  -0.258597   0.447745   0.189148 
       60.0000  -0.248662   0.448748   0.200086 
       60.5000  -0.257116   0.443505   0.186389 
       61.0000  -0.234515   0.431283   0.196768 
       61.5000  -0.263142   0.448877   0.185735 
       62.0000  -0.227289   0.411408   0.184119 
       62.5000  -0.256543   0.433883   0.177340 
       63.0000  -0.204646   0.387130   0.182484 
       63.5000  -0.243844   0.431158   0.187314 
       64.0000  -0.262756   0.455669   0.192913 
       64.5000  -0.300619   0.492655   0.192035 
       65.0000  -0.281031   0.463484   0.182453 
       65.5000  -0.281106   0.463227   0.182121 
       66.0000  -0.255464   0.433240   0.177776 
       66.5000  -0.251252   0.407791   0.156540 
       67.0000  -0.272040   0.430001   0.157961 
       67.5000  -0.231316   0.380071   0.148755 
       68.0000  -0.213164   0.360127   0.146964 
       68.5000  -0.248182   0.385367   0.137185 
       69.0000  -0.210443   0.333780   0.123336 
       69.5000  -0.250221   0.374483   0.124262 
       70.0000  -0.268199   0.424907   0.156708 
       70.5000  -0.249256   0.402691   0.153436 
       71.0000  -0.249986   0.380405   0.130419 
       71.5000  -0.253542   0.385049   0.131507 
       72.0000  -0.261337   0.388706   0.127369 
       72.5000  -0.264348   0.384795   0.120448 
       73.0000  -0.269459   0.402668   0.133210 
       73.5000  -0.280601   0.408181   0.127580 
       74.0000  -0.253910   0.372205   0.118295 
       74.5000  -0.242797   0.363807   0.121010 
       75.0000  -0.232598   0.352331   0.119732 
       75.5000  -0.219076   0.325155   0.106079 
       76.0000  -0.236097   0.333067   0.096970 
       76.5000  -0.255334   0.345505   0.090171 
       77.0000  -0.237784   0.336186   0.098402 
       77.5000  -0.255810   0.350281   0.094470 
       78.0000  -0.244131   0.324968   0.080837 
       78.5000  -0.240791   0.321728   0.080937 
       79.0000  -0.230850   0.302210   0.071360 
       79.5000  -0.243702   0.325381   0.081679 
       80.0000  -0.254758   0.346316   0.091558 
       80.5000  -0.214696   0.310026   0.095330 
       81.0000  -0.252535   0.338621   0.086086 
       81.5000  -0.229791   0.334221   0.104430 
       82.0000  -0.212718   0.304809   0.092090 
       82.5000  -0.212724   0.319330   0.106606 
       83.0000  -0.223603   0.323597   0.099994 
       83.5000  -0.246738   0.345215   0.098476 
       84.0000  -0.242039   0.351223   0.109184 
       84.5000  -0.251342   0.363864   0.112522 
       85.0000  -0.246917   0.353980   0.107063 
       85.5000  -0.227841   0.335488   0.107647 
       86.0000  -0.214789   0.312733   0.097944 
       86.5000  -0.247838   0.346427   0.098589 
       87.0000  -0.202109   0.287284   0.085175 
       87.5000  -0.229728   0.306148   0.076421 
       88.0000  -0.212790   0.282328   0.069538 
       88.5000  -0.253222   0.325727   0.072505 
       89.0000  -0.192924   0.261533   0.068609 
       89.5000  -0.209972   0.276317   0.066345 
       90.0000  -0.223037   0.297982   0.074945 
       90.5000  -0.192634   0.252877   0.060243 
       91.0000  -0.212273   0.272327   0.060054 
       91.5000  -0.238458   0.301104   0.062646 
       92.0000  -0.193517   0.253946   0.060429 
       92.5000  -0.236523   0.306615   0.070092 
       93.0000  -0.208518   0.274241   0.065722 
       93.5000  -0.187519   0.256491   0.068972 
       94.0000  -0.205088   0.270893   0.065806 
       94.5000  -0.225426   0.288391   0.062966 
       95.0000  -0.229709   0.306855   0.077145 
       95.5000  -0.235223   0.308788   0.073565 
       96.0000  -0.208898   0.287054   0.078156 
       96.5000  -0.228193   0.302514   0.074321 
       97.0000  -0.246065   0.314285   0.068220 
       97.5000  -0.221733   0.293398   0.071665 
       98.0000  -0.210711   0.286269   0.075558 
       98.5000  -0.239936   0.322389   0.082453 
       99.0000  -0.255188   0.336095   0.080907 
       99.5000  -0.200592   0.285796   0.085204 
      100.0000  -0.244645   0.330637   0.085992 
      100.5000  -0.240751   0.337726   0.096975 
      101.0000  -0.237486   0.338601   0.101116 
      101.5000  -0.258519   0.361669   0.103150 
      102.0000  -0.222746   0.314281   0.091535 
      102.5000  -0.224649   0.320278   0.095628 
      103.0000  -0.276385   0.386606   0.110220 
      103.5000  -0.252060   0.364239   0.112179 
      104.0000  -0.246439   0.363440   0.117001 
      104.5000  -0.236312   0.365507   0.129195 
      105.0000  -0.223837   0.354808   0.130970 
      105.5000  -0.233327   0.370240   0.136913 
      106.0000  -0.216975   0.356355   0.139380 
      106.5000  -0.211984   0.355328   0.143344 
      107.0000  -0.187264   0.331850   0.144586 
      107.5000  -0.195970   0.340197   0.144227 
      108.0000  -0.234221   0.383805   0.149584 
      108.5000  -0.233217   0.374986   0.141769 
      109.0000  -0.229577   0.364786   0.135209 
      109.5000  -0.188586   0.332329   0.143742 
      110.0000  -0.206836   0.341616   0.134780 
      110.5000  -0.173142   0.296054   0.122912 
      111.0000  -0.187806   0.324339   0.136533 
      111.5000  -0.191551   0.339669   0.148118 
      112.0000  -0.192713   0.338632   0.145919 
      112.5000  -0.224877   0.372453   0.147576 
      113.0000  -0.191334   0.341247   0.149913 
      113.5000  -0.191939   0.330823   0.138884 
      114.0000  -0.219490   0.358028   0.138538 
      114.5000  -0.198099   0.336064   0.137965 
      115.0000  -0.198671   0.337078   0.138407 
      115.5000  -0.229066   0.366853   0.137787 
      116.0000  -0.203507   0.333843   0.130336 
      116.5000  -0.194405   0.331988   0.137584 
      117.0000  -0.198145   0.353440   0.155294 
      117.5000  -0.179640   0.330109   0.150469 
      118.0000  -0.219447   0.365867   0.146420 
      118.5000  -0.227604   0.354763   0.127159 
      119.0000  -0.243756   0.369863   0.126107 
      119.5000  -0.230599   0.350879   0.120280 
      120.0000  -0.202311   0.317786   0.115475 
      120.5000  -0.228773   0.373986   0.145213 
      121.0000  -0.242107   0.389724   0.147617 
      121.5000  -0.199239   0.351936   0.152697 
      122.0000  -0.220305   0.369285   0.148981 
      122.5000  -0.259417   0.396618   0.137200 
      123.0000  -0.244636   0.395440   0.150804 
      123.5000  -0.227893   0.389795   0.161902 
      124.0000  -0.247498   0.403119   0.155621 
      124.5000  -0.252340   0.402239   0.149899 
      125.0000  -0.284332   0.436864   0.152532 
      125.5000  -0.277400   0.428190   0.150790 
      126.0000  -0.222917   0.381985   0.159068 
      126.5000  -0.251403   0.410381   0.158978 
      127.0000  -0.213702   0.373718   0.160016 
      127.5000  -0.238538   0.395167   0.156628 
      128.0000  -0.260720   0.402881   0.142161 
      128.5000  -0.246111   0.377647   0.131537 
      129.0000  -0.235905   0.363832   0.127926 
      129.5000  -0.249097   0.372157   0.123060 
      130.0000  -0.269052   0.382233   0.113181 
      130.5000  -0.242051   0.324738   0.082687 
      131.0000  -0.275627   0.358063   0.082435 
      131.5000  -0.254141   0.346296   0.092155 
      132.0000  -0.265872   0.371953   0.106081 
      132.5000  -0.266555   0.378717   0.112162 
      133.0000  -0.291893   0.398514   0.106621 
      133.5000  -0.272135   0.378524   0.106389 
      134.0000  -0.269288   0.370249   0.100961 
      134.5000  -0.273973   0.375453   0.101479 
      135.0000  -0.287052   0.366116   0.079063 
      135.5000  -0.286228   0.380683   0.094455 
      136.0000  -0.282038   0.386194   0.104156 
      136.5000  -0.304624   0.397214   0.092589 
      137.0000  -0.318687   0.398440   0.079753 
      137.5000  -0.309768   0.386379   0.076612 
      138.0000  -0.261818   0.344811   0.082993 
      138.5000  -0.308784   0.390378   0.081595 
      139.0000  -0.279577   0.355011   0.075434 
      139.5000  -0.342275   0.421122   0.078847 
      140.0000  -0.318076   0.397253   0.079177 
      140.5000  -0.334583   0.414088   0.079505 
      141.0000  -0.237726   0.312250   0.074523 
      141.5000  -0.254858   0.338319   0.083460 
      142.0000  -0.248860   0.343168   0.094307 
      142.5000  -0.251015   0.340917   0.089902 
      143.0000  -0.281139   0.374603   0.093464 
      143.5000  -0.250193   0.347658   0.097465 
      144.0000  -0.262611   0.375370   0.112759 
      144.5000  -0.227686   0.336004   0.108318 
      145.0000  -0.201876   0.308466   0.106590 
      145.5000  -0.263897   0.365593   0.101696 
      146.0000  -0.268290   0.378511   0.110221 
      146.5000  -0.301184   0.410605   0.109421 
      147.0000  -0.258859   0.367107   0.108249 
      147.5000  -0.308840   0.408199   0.099359 
      148.0000  -0.259936   0.355074   0.095138 
      148.5000  -0.271803   0.351007   0.079204 
      149.0000  -0.252495   0.340030   0.087535 
      149.5000  -0.280566   0.353911   0.073345 
      150.0000  -0.246552   0.319043   0.072491 
      150.5000  -0.261062   0.330134   0.069072 
      151.0000  -0.260736   0.331046   0.070310 
      151.5000  -0.290559   0.366077   0.075518 
      152.0000  -0.280902   0.357417   0.076515 
      152.5000  -0.265108   0.344465   0.079357 
      153.0000  -0.246988   0.321324   0.074336 
      153.5000  -0.249909   0.327705   0.077796 
      154.0000  -0.276101   0.352749   0.076648 
      154.5000  -0.276083   0.370656   0.094572 
      155.0000  -0.260733   0.352234   0.091501 
      155.5000  -0.288987   0.369516   0.080528 
      156.0000  -0.308028   0.371317   0.063289 
      156.5000  -0.287543   0.344572   0.057030 
      157.0000  -0.315559   0.360083   0.044524 
      157.5000  -0.292703   0.326091   0.033388 
      158.0000  -0.275827   0.304079   0.028251 
      158.5000  -0.260635   0.302238   0.041603 
      159.0000  -0.260910   0.291389   0.030479 
      159.5000  -0.269378   0.302841   0.033463 
      160.0000  -0.273431   0.307035   0.033604 
      160.5000  -0.303192   0.320271   0.017079 
      161.0000  -0.273569   0.290314   0.016745 
      161.5000  -0.314232   0.336664   0.022432 
      162.0000  -0.322691   0.332662   0.009972 
      162.5000  -0.312852   0.321963   0.009111 
      163.0000  -0.282212   0.292287   0.010075 
      163.5000  -0.325430   0.321275  -0.004155 
      164.0000  -0.301468   0.288226  -0.013242 
      164.5000  -0.317781   0.311390  -0.006391 
      165.0000  -0.400209   0.377615  -0.022594 
      165.5000  -0.328728   0.302108  -0.026620 
      166.0000  -0.352366   0.317408  -0.034958 
      166.5000  -0.384088   0.370013  -0.014075 
      167.0000  -0.313778   0.303978  -0.009800 
      167.5000  -0.377437   0.361619  -0.015818 
      168.0000  -0.390157   0.356009  -0.034148 
      168.5000  -0.406611   0.366291  -0.040320 
      169.0000  -0.422129   0.360088  -0.062041 
      169.5000  -0.425986   0.363597  -0.062389 
      170.0000  -0.349555   0.289867  -0.059688 
      170.5000  -0.376464   0.315690  -0.060773 
      171.0000  -0.435554   0.365644  -0.069909 
      171.5000  -0.452775   0.379234  -0.073541 
      172.0000  -0.451195   0.369047  -0.082148 
      172.5000  -0.418085   0.332553  -0.085532 
      173.0000  -0.412981   0.329430  -0.083552 
      173.5000  -0.430784   0.344534  -0.086250 
      174.0000  -0.445018   0.367221  -0.077796 
      174.5000  -0.356583   0.279651  -0.076932 
      175.0000  -0.445307   0.359417  -0.085890 
      175.5000  -0.381608   0.294670  -0.086938 
      176.0000  -0.405492   0.323241  -0.082251 
      176.5000  -0.419984   0.328445  -0.091539 
      177.0000  -0.370042   0.285294  -0.084748 
      177.5000  -0.437406   0.349960  -0.087445 
      178.0000  -0.434878   0.338479  -0.096399 
      178.5000  -0.394239   0.311776  -0.082463 
      179.0000  -0.364843   0.283850  -0.080993 
      179.5000  -0.453217   0.370957  -0.082259 
      180.0000  -0.397053   0.316287  -0.080765 
      180.5000  -0.426899   0.349307  -0.077592 
      181.0000  -0.400763   0.329447  -0.071315 
      181.5000  -0.386169   0.314615  -0.071553 
      182.0000  -0.386596   0.308671  -0.077925 
      182.5000  -0.366725   0.291096  -0.075629 
      183.0000  -0.395199   0.320213  -0.074986 
      183.5000  -0.413134   0.335304  -0.077829 
      184.0000  -0.389519   0.297241  -0.092278 
      184.5000  -0.352281   0.251283  -0.100997 
      185.0000  -0.399228   0.294822  -0.104406 
      185.5000  -0.420941   0.308349  -0.112592 
      186.0000  -0.423806   0.302898  -0.120907 
      186.5000  -0.392629   0.272901  -0.119728 
      187.0000  -0.398377   0.274194  -0.124183 
      187.5000  -0.403059   0.287034  -0.116025 
      188.0000  -0.413540   0.295660  -0.117879 
      188.5000  -0.410561   0.293847  -0.116714 
      189.0000  -0.382556   0.259540  -0.123015 
      189.5000  -0.387058   0.270498  -0.116560 
      190.0000  -0.432899   0.334005  -0.098894 
      190.5000  -0.368142   0.271667  -0.096476 
      191.0000  -0.406909   0.302285  -0.104624 
      191.5000  -0.430224   0.316775  -0.113449 
      192.0000  -0.395666   0.290729  -0.104936 
      192.5000  -0.391652   0.269999  -0.121652 
      193.0000  -0.445921   0.314986  -0.130935 
      193.5000  -0.434116   0.297648  -0.136468 
      194.0000  -0.442877   0.300858  -0.142019 
      194.5000  -0.440751   0.296175  -0.144577 
      195.0000  -0.411611   0.273153  -0.138459 
      195.5000  -0.400652   0.263753  -0.136899 
      196.0000  -0.432736   0.301077  -0.131659 
      196.5000  -0.438559   0.300234  -0.138325 
      197.0000  -0.438829   0.310128  -0.128701 
      197.5000  -0.449857   0.325700  -0.124158 
      198.0000  -0.408473   0.291240  -0.117234 
      198.5000  -0.443005   0.334574  -0.108431 
      199.0000  -0.422383   0.313738  -0.108645 
      199.5000  -0.402249   0.300992  -0.101256 
      200.0000  -0.405502   0.294737  -0.110765 
      200.5000  -0.450371   0.340407  -0.109964 
      201.0000  -0.396616   0.283886  -0.112730 
      201.5000  -0.468837   0.353910  -0.114927 
      202.0000  -0.426402   0.304722  -0.121680 
      202.5000  -0.419751   0.301461  -0.118290 
      203.0000  -0.469909   0.362397  -0.107512 
      203.5000  -0.400622   0.298477  -0.102145 
      204.0000  -0.482473   0.370718  -0.111755 
      204.5000  -0.436962   0.330076  -0.106887 
      205.0000  -0.428727   0.320240  -0.108487 
      205.5000  -0.458916   0.343121  -0.115795 
      206.0000  -0.491413   0.376318  -0.115094 
      206.5000  -0.424285   0.307101  -0.117184 
      207.0000  -0.471185   0.360235  -0.110950 
      207.5000  -0.492782   0.357169  -0.135613 
      208.0000  -0.443329   0.318396  -0.124933 
      208.5000  -0.435491   0.306702  -0.128789 
      209.0000  -0.472610   0.341667  -0.130943 
      209.5000  -0.480424   0.349646  -0.130778 
      210.0000  -0.447598   0.326004  -0.121594 
      210.5000  -0.448177   0.320792  -0.127385 
      211.0000  -0.430103   0.299139  -0.130964 
      211.5000  -0.466962   0.320249  -0.146713 
      212.0000  -0.459615   0.327376  -0.132239 
      212.5000  -0.458300   0.338444  -0.119856 
      213.0000  -0.446913   0.350796  -0.096117 
      213.5000  -0.469802   0.363764  -0.106038 
      214.0000  -0.447368   0.329518  -0.117850 
      214.5000  -0.455263   0.338249  -0.117014 
      215.0000  -0.434788   0.329744  -0.105044 
      215.5000  -0.468078   0.344344  -0.123734 
      216.0000  -0.481275   0.353551  -0.127724 
      216.5000  -0.447370   0.325999  -0.121372 
      217.0000  -0.462646   0.341845  -0.120801 
      217.5000  -0.454759   0.347090  -0.107669 
      218.0000  -0.445290   0.353709  -0.091581 
      218.5000  -0.438783   0.351832  -0.086951 
      219.0000  -0.464230   0.378518  -0.085711 
      219.5000  -0.437972   0.361625  -0.076347 
      220.0000  -0.436726   0.358332  -0.078394 
      220.5000  -0.452347   0.358455  -0.093891 
      221.0000  -0.467852   0.368323  -0.099530 
      221.5000  -0.412793   0.333589  -0.079204 
      222.0000  -0.423638   0.332022  -0.091616 
      222.5000  -0.428158   0.343226  -0.084932 
      223.0000  -0.443003   0.342493  -0.100510 
      223.5000  -0.440880   0.360670  -0.080210 
      224.0000  -0.427947   0.344678  -0.083269 
      224.5000  -0.471074   0.371524  -0.099549 
      225.0000  -0.394534   0.294645  -0.099889 
      225.5000  -0.457675   0.370600  -0.087074 
      226.0000  -0.437946   0.358402  -0.079544 
      226.5000  -0.384726   0.299572  -0.085155 
      227.0000  -0.471173   0.383590  -0.087583 
      227.5000  -0.409968   0.313664  -0.096304 
      228.0000  -0.432737   0.344384  -0.088352 
      228.5000  -0.453945   0.369152  -0.084793 
      229.0000  -0.431528   0.351225  -0.080303 
      229.5000  -0.444968   0.371957  -0.073011 
      230.0000  -0.395681   0.319490  -0.076191 
      230.5000  -0.487695   0.404400  -0.083295 
      231.0000  -0.411476   0.331251  -0.080226 
      231.5000  -0.434890   0.356587  -0.078304 
      232.0000  -0.441513   0.358569  -0.082944 
      232.5000  -0.461304   0.373438  -0.087866 
      233.0000  -0.438774   0.346337  -0.092436 
      233.5000  -0.458145   0.354923  -0.103222 
      234.0000  -0.481152   0.373691  -0.107461 
      234.5000  -0.433872   0.324952  -0.108920 
      235.0000  -0.478348   0.387028  -0.091320 
      235.5000  -0.394648   0.324042  -0.070606 
      236.0000  -0.396795   0.320328  -0.076466 
      236.5000  -0.427439   0.350148  -0.077291 
      237.0000  -0.378526   0.306881  -0.071645 
      237.5000  -0.391480   0.312043  -0.079437 
      238.0000  -0.453426   0.378499  -0.074927 
      238.5000  -0.442637   0.357951  -0.084686 
      239.0000  -0.443477   0.354685  -0.088792 
      239.5000  -0.465939   0.381657  -0.084281 
      240.0000  -0.420865   0.324960  -0.095905 
      240.5000  -0.454069   0.351430  -0.102639 
      241.0000  -0.435694   0.334605  -0.101090 
      241.5000  -0.424469   0.330488  -0.093981 
      242.0000  -0.389239   0.299520  -0.089719 
      242.5000  -0.407507   0.323167  -0.084340 
      243.0000  -0.414556   0.326912  -0.087644 
      243.5000  -0.499686   0.410203  -0.089483 
      244.0000  -0.390213   0.300231  -0.089982 
      244.5000  -0.449406   0.360007  -0.089399 
      245.0000  -0.434256   0.333000  -0.101256 
      245.5000  -0.433688   0.322258  -0.111430 
      246.0000  -0.464109   0.347935  -0.116174 
      246.5000  -0.449654   0.331398  -0.118256 
      247.0000  -0.428848   0.302833  -0.126015 
      247.5000  -0.501697   0.377473  -0.124224 
      248.0000  -0.474194   0.360679  -0.113515 
      248.5000  -0.466040   0.368818  -0.097222 
      249.0000  -0.428307   0.324724  -0.103583 
      249.5000  -0.453086   0.357726  -0.095360 
      250.0000  -0.432389   0.318439  -0.113951 
      250.5000  -0.422001   0.293249  -0.128753 
      251.0000  -0.428507   0.311822  -0.116685 
      251.5000  -0.471529   0.381941  -0.089588 
      252.0000  -0.431226   0.341540  -0.089686 
      252.5000  -0.471904   0.381158  -0.090746 
      253.0000  -0.408964   0.308847  -0.100118 
      253.5000  -0.462860   0.351464  -0.111396 
      254.0000  -0.450456   0.342164  -0.108292 
      254.5000  -0.402636   0.301922  -0.100714 
      255.0000  -0.413102   0.319807  -0.093295 
      255.5000  -0.375796   0.276120  -0.099676 
      256.0000  -0.392176   0.290232  -0.101943 
      256.5000  -0.365378   0.262905  -0.102473 
      257.0000  -0.423142   0.321802  -0.101340 
      257.5000  -0.405171   0.304656  -0.100515 
      258.0000  -0.436015   0.317901  -0.118114 
      258.5000  -0.401054   0.289083  -0.111970 
      259.0000  -0.404043   0.287538  -0.116504 
      259.5000  -0.464643   0.340428  -0.124215 
      260.0000  -0.434336   0.311682  -0.122653 
      260.5000  -0.406374   0.294185  -0.112189 
      261.0000  -0.417737   0.313409  -0.104328 
      261.5000  -0.489008   0.379706  -0.109302 
      262.0000  -0.417171   0.297912  -0.119258 
      262.5000  -0.456843   0.330397  -0.126446 
      263.0000  -0.492352   0.372346  -0.120006 
      263.5000  -0.445368   0.323039  -0.122328 
      264.0000  -0.496195   0.371168  -0.125027 
      264.5000  -0.442446   0.310407  -0.132039 
      265.0000  -0.505588   0.352236  -0.153352 
      265.5000  -0.517074   0.369183  -0.147891 
      266.0000  -0.515210   0.380388  -0.134822 
      266.5000  -0.529406   0.393598  -0.135809 
      267.0000  -0.494354   0.350104  -0.144250 
      267.5000  -0.506481   0.359444  -0.147037 
      268.0000  -0.489714   0.337187  -0.152527 
      268.5000  -0.507956   0.352545  -0.155411 
      269.0000  -0.501422   0.351115  -0.150307 
      269.5000  -0.466516   0.320701  -0.145815 
      270.0000  -0.537833   0.382822  -0.155011 
      270.5000  -0.495592   0.333901  -0.161691 
      271.0000  -0.523909   0.357152  -0.166757 
      271.5000  -0.509567   0.348094  -0.161473 
      272.0000  -0.505241   0.349598  -0.155643 
      272.5000  -0.494355   0.341457  -0.152898 
      273.0000  -0.482810   0.307488  -0.175322 
      273.5000  -0.482800   0.306925  -0.175874 
      274.0000  -0.579166   0.387561  -0.191605 
      274.5000  -0.555336   0.348527  -0.206809 
      275.0000  -0.512768   0.313669  -0.199100 
      275.5000  -0.533634   0.331794  -0.201841 
      276.0000  -0.577597   0.382636  -0.194961 
      276.5000  -0.525033   0.320276  -0.204756 
      277.0000  -0.564132   0.367396  -0.196736 
      277.5000  -0.517954   0.319833  -0.198121 
      278.0000  -0.551772   0.349203  -0.202569 
      278.5000  -0.497956   0.294939  -0.203017 
      279.0000  -0.588859   0.381752  -0.207107 
      279.5000  -0.540874   0.321264  -0.219610 
      280.0000  -0.552338   0.341879  -0.210459 
      280.5000  -0.581751   0.367122  -0.214629 
      281.0000  -0.543497   0.328208  -0.215289 
      281.5000  -0.582033   0.361811  -0.220222 
      282.0000  -0.563733   0.345619  -0.218113 
      282.5000  -0.575368   0.341012  -0.234355 
      283.0000  -0.539688   0.303066  -0.236622 
      283.5000  -0.573055   0.323357  -0.249699 
      284.0000  -0.560506   0.315871  -0.244635 
      284.5000  -0.547506   0.296644  -0.250863 
      285.0000  -0.579407   0.332220  -0.247187 
      285.5000  -0.568790   0.299840  -0.268950 
      286.0000  -0.597452   0.332424  -0.265028 
      286.5000  -0.587839   0.326096  -0.261743 
      287.0000  -0.593829   0.332667  -0.261163 
      287.5000  -0.577064   0.314604  -0.262460 
      288.0000  -0.568861   0.305271  -0.263590 
      288.5000  -0.557399   0.293191  -0.264208 
      289.0000  -0.565446   0.304039  -0.261408 
      289.5000  -0.548221   0.293977  -0.254244 
      290.0000  -0.570440   0.310281  -0.260159 
      290.5000  -0.586064   0.339245  -0.246819 
      291.0000  -0.549261   0.295339  -0.253922 
      291.5000  -0.558824   0.312540  -0.246284 
      292.0000  -0.572010   0.335106  -0.236903 
      292.5000  -0.554953   0.306760  -0.248192 
      293.0000  -0.536568   0.284107  -0.252460 
      293.5000  -0.592250   0.330090  -0.262160 
      294.0000  -0.582124   0.314708  -0.267417 
      294.5000  -0.596996   0.327193  -0.269802 
      295.0000  -0.559972   0.273618  -0.286354 
      295.5000  -0.610511   0.312170  -0.298341 
      296.0000  -0.585212   0.292344  -0.292868 
      296.5000  -0.615162   0.311325  -0.303837 
      297.0000  -0.634851   0.331003  -0.303848 
      297.5000  -0.580001   0.286551  -0.293451 
      298.0000  -0.610162   0.336439  -0.273723 
      298.5000  -0.619016   0.346797  -0.272219 
      299.0000  -0.646282   0.368305  -0.277978 
      299.5000  -0.619158   0.348205  -0.270953 
      300.0000  -0.593611   0.308506  -0.285104 
      300.5000  -0.582809   0.298145  -0.284665 
      301.0000  -0.571143   0.298417  -0.272725 
      301.5000  -0.636824   0.355054  -0.281769 
      302.0000  -0.579755   0.288494  -0.291261 
      302.5000  -0.592357   0.297415  -0.294942 
      303.0000  -0.622530   0.316211  -0.306320 
      303.5000  -0.610206   0.301868  -0.308337 
      304.0000  -0.617572   0.319580  -0.297993 
      304.5000  -0.610770   0.307817  -0.302953 
      305.0000  -0.601266   0.316983  -0.284283 
      305.5000  -0.588491   0.293689  -0.294801 
      306.0000  -0.549289   0.258479  -0.290810 
      306.5000  -0.602848   0.314778  -0.288070 
      307.0000  -0.544390   0.270214  -0.274176 
      307.5000  -0.573106   0.302158  -0.270948 
      308.0000  -0.577340   0.314142  -0.263199 
      308.5000  -0.574804   0.312268  -0.262536 
      309.0000  -0.542821   0.292011  -0.250810 
      309.5000  -0.567571   0.310437  -0.257134 
      310.0000  -0.537709   0.270480  -0.267230 
      310.5000  -0.569945   0.312958  -0.256986 
      311.0000  -0.584746   0.319507  -0.265240 
      311.5000  -0.549955   0.298853  -0.251102 
      312.0000  -0.575364   0.334511  -0.240853 
      312.5000  -0.552334   0.312360  -0.239973 
      313.0000  -0.576044   0.326963  -0.249082 
      313.5000  -0.566518   0.319154  -0.247364 
      314.0000  -0.564685   0.315559  -0.249126 
      314.5000  -0.571715   0.312545  -0.259170 
      315.0000  -0.595624   0.338271  -0.257353 
      315.5000  -0.545452   0.318966  -0.226486 
      316.0000  -0.564052   0.345668  -0.218384 
      316.5000  -0.577554   0.370632  -0.206922 
      317.0000  -0.573148   0.373342  -0.199806 
      317.5000  -0.559237   0.352091  -0.207146 
      318.0000  -0.612954   0.401381  -0.211573 
      318.5000  -0.619163   0.415431  -0.203732 
      319.0000  -0.577814   0.369730  -0.208084 
      319.5000  -0.611770   0.391883  -0.219887 
      320.0000  -0.565979   0.328319  -0.237660 
      320.5000  -0.601230   0.365523  -0.235708 
      321.0000  -0.572995   0.337431  -0.235564 
      321.5000  -0.602100   0.384423  -0.217677 
      322.0000  -0.612114   0.386534  -0.225580 
      322.5000  -0.541680   0.309183  -0.232497 
      323.0000  -0.607213   0.379566  -0.227647 
      323.5000  -0.616071   0.368895  -0.247176 
      324.0000  -0.575796   0.314708  -0.261087 
      324.5000  -0.590888   0.323508  -0.267380 
      325.0000  -0.609877   0.349639  -0.260238 
      325.5000  -0.599923   0.333704  -0.266220 
      326.0000  -0.596673   0.320045  -0.276628 
      326.5000  -0.614080   0.346292  -0.267788 
      327.0000  -0.589669   0.332051  -0.257618 
      327.5000  -0.587564   0.329156  -0.258409 
      328.0000  -0.611110   0.356513  -0.254597 
      328.5000  -0.602782   0.353016  -0.249766 
      329.0000  -0.548005   0.284587  -0.263418 
      329.5000  -0.662180   0.387653  -0.274528 
      330.0000  -0.605843   0.346794  -0.259049 
      330.5000  -0.597089   0.329133  -0.267956 
      331.0000  -0.535951   0.278905  -0.257045 
      331.5000  -0.579091   0.321721  -0.257371 
      332.0000  -0.622411   0.353809  -0.268602 
      332.5000  -0.623032   0.361353  -0.261680 
      333.0000  -0.615137   0.351577  -0.263561 
      333.5000  -0.610788   0.341546  -0.269242 
      334.0000  -0.647405   0.372324  -0.275081 
      334.5000  -0.580504   0.311290  -0.269214 
      335.0000  -0.601978   0.324335  -0.277643 
      335.5000  -0.602100   0.317004  -0.285096 
      336.0000  -0.600717   0.304258  -0.296459 
      336.5000  -0.649274   0.335765  -0.313510 
      337.0000  -0.591422   0.284613  -0.306809 
      337.5000  -0.656121   0.359958  -0.296162 
      338.0000  -0.663598   0.369395  -0.294203 
      338.5000  -0.634980   0.331433  -0.303547 
      339.0000  -0.633028   0.330665  -0.302363 
      339.5000  -0.653608   0.344671  -0.308937 
      340.0000  -0.626668   0.321868  -0.304800 
      340.5000  -0.617466   0.315377  -0.302089 
      341.0000  -0.642134   0.333676  -0.308458 
      341.5000  -0.624201   0.318863  -0.305338 
      342.0000  -0.642352   0.336712  -0.305640 
      342.5000  -0.630261   0.329638  -0.300623 
      343.0000  -0.680765   0.364940  -0.315825 
      343.5000  -0.603679   0.290878  -0.312801 
      344.0000  -0.585989   0.285337  -0.300652 
      344.5000  -0.602492   0.299033  -0.303459 
      345.0000  -0.630839   0.340354  -0.290484 
      345.5000  -0.619540   0.330469  -0.289072 
      346.0000  -0.572002   0.285454  -0.286548 
      346.5000  -0.617578   0.335332  -0.282246 
      347.0000  -0.598647   0.313927  -0.284719 
      347.5000  -0.623421   0.348767  -0.274654 
      348.0000  -0.593906   0.304496  -0.289410 
      348.5000  -0.617321   0.310227  -0.307094 
      349.0000  -0.605259   0.296686  -0.308573 
      349.5000  -0.617480   0.314615  -0.302865 
      350.0000  -0.609086   0.294390  -0.314696 
      350.5000  -0.611633   0.304746  -0.306887 
      351.0000  -0.625941   0.306771  -0.319170 
      351.5000  -0.641544   0.303776  -0.337768 
      352.0000  -0.614869   0.264683  -0.350186 
      352.5000  -0.631406   0.279472  -0.351934 
      353.0000  -0.621361   0.267411  -0.353949 
      353.5000  -0.616762   0.281073  -0.335690 
      354.0000  -0.591023   0.257277  -0.333746 
      354.5000  -0.635809   0.305190  -0.330619 
      355.0000  -0.607562   0.272259  -0.335304 
      355.5000  -0.639715   0.289869  -0.349846 
      356.0000  -0.622611   0.274302  -0.348309 
      356.5000  -0.653017   0.288666  -0.364350 
      357.0000  -0.628422   0.255143  -0.373280 
      357.5000  -0.653837   0.274241  -0.379596 
      358.0000  -0.652144   0.268576  -0.383568 
      358.5000  -0.627683   0.250253  -0.377430 
      359.0000  -0.639654   0.263314  -0.376340 
      359.5000  -0.621242   0.259925  -0.361317 
      360.0000  -0.631979   0.266532  -0.365447 
      360.5000  -0.631674   0.267735  -0.363939 
      361.0000  -0.602366   0.241251  -0.361115 
      361.5000  -0.607473   0.257064  -0.350409 
      362.0000  -0.607707   0.272001  -0.335706 
      362.5000  -0.627367   0.286109  -0.341258 
      363.0000  -0.591822   0.259080  -0.332742 
      363.5000  -0.610744   0.276998  -0.333747 
      364.0000  -0.583036   0.250656  -0.332380 
      364.5000  -0.607520   0.264430  -0.343091 
      365.0000  -0.575339   0.226668  -0.348670 
      365.5000  -0.614414   0.278366  -0.336048 
      366.0000  -0.622715   0.305781  -0.316934 
      366.5000  -0.603742   0.281259  -0.322483 
      367.0000  -0.659471   0.335234  -0.324237 
      367.5000  -0.619274   0.296805  -0.322469 
      368.0000  -0.633681   0.301463  -0.332219 
      368.5000  -0.590595   0.270712  -0.319883 
      369.0000  -0.597032   0.279990  -0.317042 
      369.5000  -0.602701   0.285594  -0.317107 
      370.0000  -0.604222   0.293275  -0.310947 
      370.5000  -0.594094   0.291523  -0.302571 
      371.0000  -0.618692   0.308119  -0.310573 
      371.5000  -0.612849   0.304939  -0.307910 
      372.0000  -0.627907   0.329125  -0.298783 
      372.5000  -0.616002   0.328715  -0.287287 
      373.0000  -0.594552   0.321400  -0.273153 
      373.5000  -0.644925   0.381139  -0.263786 
      374.0000  -0.596460   0.320381  -0.276079 
      374.5000  -0.604202   0.324023  -0.280178 
      375.0000  -0.634404   0.340991  -0.293413 
      375.5000  -0.641397   0.360750  -0.280647 
      376.0000  -0.617338   0.342671  -0.274667 
      376.5000  -0.625056   0.351821  -0.273235 
      377.0000  -0.617855   0.356157  -0.261698 
      377.5000  -0.595216   0.338355  -0.256860 
      378.0000  -0.620539   0.346866  -0.273673 
      378.5000  -0.654523   0.371894  -0.282628 
      379.0000  -0.680751   0.401802  -0.278949 
      379.5000  -0.594547   0.295158  -0.299389 
      380.0000  -0.697596   0.389732  -0.307865 
      380.5000  -0.685504   0.373437  -0.312067 
      381.0000  -0.642511   0.321744  -0.320767 
      381.5000  -0.684896   0.368704  -0.316193 
      382.0000  -0.627592   0.323003  -0.304589 
      382.5000  -0.625590   0.322718  -0.302872 
      383.0000  -0.667342   0.351872  -0.315470 
      383.5000  -0.674223   0.361630  -0.312594 
      384.0000  -0.671346   0.360574  -0.310772 
      384.5000  -0.667248   0.357895  -0.309353 
      385.0000  -0.666732   0.344895  -0.321837 
      385.5000  -0.697821   0.363656  -0.334165 
      386.0000  -0.686633   0.346519  -0.340114 
      386.5000  -0.667790   0.328683  -0.339107 
      387.0000  -0.633255   0.304261  -0.328994 
      387.5000  -0.681395   0.347817  -0.333578 
      388.0000  -0.635949   0.312879  -0.323069 
      388.5000  -0.682770   0.352066  -0.330704 
      389.0000  -0.659881   0.324397  -0.335483 
      389.5000  -0.682163   0.360974  -0.321189 
      390.0000  -0.629534   0.318338  -0.311196 
      390.5000  -0.652784   0.345588  -0.307197 
      391.0000  -0.621015   0.315708  -0.305307 
      391.5000  -0.676412   0.363237  -0.313175 
      392.0000  -0.676989   0.356988  -0.320001 
      392.5000  -0.637311   0.311028  -0.326283 
      393.0000  -0.639173   0.306655  -0.332518 
      393.5000  -0.744617   0.436264  -0.308353 
      394.0000  -0.644821   0.337922  -0.306899 
      394.5000  -0.647091   0.326532  -0.320559 
      395.0000  -0.698304   0.387099  -0.311204 
      395.5000  -0.644755   0.321188  -0.323566 
      396.0000  -0.700002   0.377109  -0.322893 
      396.5000  -0.628156   0.296824  -0.331332 
      397.0000  -0.688262   0.350284  -0.337978 
      397.5000  -0.741423   0.413825  -0.327598 
      398.0000  -0.679738   0.339210  -0.340528 
      398.5000  -0.657080   0.314241  -0.342838 
      399.0000  -0.698656   0.358985  -0.339671 
      399.5000  -0.663105   0.329069  -0.334036 
      400.0000  -0.638652   0.303240  -0.335412 
      400.5000  -0.646044   0.308393  -0.337651 
      401.0000  -0.656519   0.309662  -0.346857 
      401.5000  -0.678628   0.341963  -0.336665 
      402.0000  -0.681612   0.367677  -0.313935 
      402.5000  -0.655810   0.344839  -0.310971 
      403.0000  -0.634432   0.316426  -0.318006 
      403.5000  -0.651773   0.349422  -0.302351 
      404.0000  -0.608099   0.311784  -0.296315 
      404.5000  -0.646300   0.350725  -0.295575 
      405.0000  -0.607206   0.303538  -0.303668 
      405.5000  -0.640950   0.345945  -0.295006 
      406.0000  -0.619850   0.330405  -0.289444 
      406.5000  -0.628020   0.341650  -0.286370 
      407.0000  -0.619614   0.333255  -0.286358 
      407.5000  -0.634380   0.339182  -0.295198 
      408.0000  -0.631723   0.331587  -0.300136 
      408.5000  -0.622538   0.310446  -0.312091 
      409.0000  -0.639850   0.333751  -0.306099 
      409.5000  -0.607832   0.292501  -0.315330 
      410.0000  -0.641704   0.323448  -0.318256 
      410.5000  -0.699874   0.381296  -0.318578 
      411.0000  -0.665417   0.346083  -0.319334 
      411.5000  -0.690587   0.376592  -0.313995 
      412.0000  -0.668436   0.345179  -0.323257 
      412.5000  -0.624294   0.295338  -0.328957 
      413.0000  -0.699478   0.364950  -0.334528 
      413.5000  -0.695766   0.358616  -0.337150 
      414.0000  -0.678444   0.330986  -0.347458 
      414.5000  -0.751612   0.415578  -0.336034 
      415.0000  -0.698852   0.357713  -0.341140 
      415.5000  -0.740730   0.393677  -0.347053 
      416.0000  -0.728489   0.368917  -0.359572 
      416.5000  -0.725058   0.347784  -0.377274 
      417.0000  -0.753776   0.378798  -0.374979 
      417.5000  -0.670860   0.307609  -0.363251 
      418.0000  -0.710901   0.353761  -0.357140 
      418.5000  -0.711434   0.355452  -0.355982 
      419.0000  -0.719316   0.362301  -0.357015 
      419.5000  -0.708473   0.335873  -0.372600 
      420.0000  -0.737296   0.353174  -0.384122 
      420.5000  -0.751548   0.360745  -0.390803 
      421.0000  -0.755079   0.362057  -0.393022 
      421.5000  -0.762439   0.365729  -0.396710 
      422.0000  -0.732212   0.343588  -0.388624 
      422.5000  -0.761802   0.363627  -0.398175 
      423.0000  -0.728015   0.325940  -0.402075 
      423.5000  -0.749387   0.348163  -0.401224 
      424.0000  -0.745221   0.356168  -0.389053 
      424.5000  -0.748939   0.351963  -0.396976 
      425.0000  -0.713801   0.331134  -0.382667 
      425.5000  -0.743366   0.353884  -0.389483 
      426.0000  -0.779778   0.398148  -0.381630 
      426.5000  -0.691882   0.302855  -0.389028 
      427.0000  -0.753038   0.347786  -0.405252 
      427.5000  -0.774918   0.357823  -0.417094 
      428.0000  -0.750911   0.333791  -0.417120 
      428.5000  -0.769160   0.340399  -0.428761 
      429.0000  -0.792385   0.363389  -0.428996 
      429.5000  -0.747436   0.310662  -0.436775 
      430.0000  -0.770610   0.326076  -0.444534 
      430.5000  -0.777054   0.349678  -0.427375 
      431.0000  -0.780919   0.361642  -0.419277 
      431.5000  -0.726711   0.310867  -0.415844 
      432.0000  -0.727937   0.298740  -0.429197 
      432.5000  -0.764873   0.334973  -0.429900 
      433.0000  -0.739205   0.294974  -0.444231 
      433.5000  -0.756987   0.308127  -0.448860 
      434.0000  -0.755609   0.311325  -0.444284 
      434.5000  -0.757495   0.308568  -0.448927 
      435.0000  -0.722601   0.273523  -0.449078 
      435.5000  -0.718772   0.267293  -0.451479 
      436.0000  -0.714374   0.254049  -0.460325 
      436.5000  -0.741711   0.272701  -0.469010 
      437.0000  -0.699391   0.223729  -0.475662 
      437.5000  -0.756888   0.280968  -0.475920 
      438.0000  -0.767783   0.292051  -0.475731 
      438.5000  -0.715291   0.247492  -0.467799 
      439.0000  -0.776103   0.306650  -0.469454 
      439.5000  -0.735265   0.266749  -0.468516 
      440.0000  -0.763513   0.290999  -0.472514 
      440.5000  -0.771362   0.301454  -0.469908 
      441.0000  -0.797283   0.329069  -0.468214 
      441.5000  -0.753430   0.281966  -0.471464 
      442.0000  -0.728558   0.252322  -0.476236 
      442.5000  -0.748551   0.291517  -0.457034 
      443.0000  -0.780918   0.335939  -0.444979 
      443.5000  -0.738427   0.296281  -0.442146 
      444.0000  -0.738968   0.302381  -0.436588 
      444.5000  -0.746063   0.300393  -0.445669 
      445.0000  -0.775996   0.328911  -0.447085 
      445.5000  -0.766537   0.324651  -0.441886 
      446.0000  -0.763377   0.318654  -0.444723 
      446.5000  -0.737807   0.304498  -0.433309 
      447.0000  -0.727484   0.294005  -0.433479 
      447.5000  -0.747057   0.309248  -0.437810 
      448.0000  -0.707542   0.281281  -0.426261 
      448.5000  -0.727786   0.319944  -0.407842 
      449.0000  -0.748020   0.329518  -0.418503 
      449.5000  -0.704870   0.287828  -0.417042 
      450.0000  -0.719618   0.300439  -0.419179 
      450.5000  -0.739492   0.314642  -0.424850 
      451.0000  -0.698256   0.268305  -0.429951 
      451.5000  -0.784574   0.354005  -0.430569 
      452.0000  -0.760090   0.332615  -0.427475 
      452.5000  -0.724635   0.299071  -0.425564 
      453.0000  -0.690148   0.260820  -0.429328 
      453.5000  -0.750626   0.333764  -0.416862 
      454.0000  -0.689503   0.278885  -0.410618 
      454.5000  -0.701951   0.289759  -0.412192 
      455.0000  -0.702896   0.296410  -0.406486 
      455.5000  -0.709687   0.286076  -0.423611 
      456.0000  -0.712256   0.291320  -0.420936 
      456.5000  -0.691413   0.279718  -0.411695 
      457.0000  -0.729355   0.320564  -0.408791 
      457.5000  -0.713353   0.286260  -0.427093 
      458.0000  -0.704986   0.278486  -0.426500 
      458.5000  -0.718606   0.289151  -0.429454 
      459.0000  -0.712984   0.275346  -0.437638 
      459.5000  -0.730401   0.302362  -0.428039 
      460.0000  -0.723725   0.290959  -0.432766 
      460.5000  -0.765028   0.326694  -0.438334 
      461.0000  -0.734825   0.297136  -0.437689 
      461.5000  -0.752690   0.310204  -0.442486 
      462.0000  -0.736892   0.307138  -0.429754 
      462.5000  -0.710621   0.280756  -0.429865 
      463.0000  -0.704752   0.271878  -0.432874 
      463.5000  -0.715257   0.287126  -0.428131 
      464.0000  -0.716472   0.285400  -0.431072 
      464.5000  -0.684582   0.249266  -0.435316 
      465.0000  -0.720213   0.277772  -0.442441 
      465.5000  -0.728649   0.288841  -0.439809 
      466.0000  -0.762065   0.326499  -0.435565 
      466.5000  -0.729936   0.300178  -0.429759 
      467.0000  -0.742422   0.314502  -0.427920 
      467.5000  -0.718223   0.270581  -0.447642 
      468.0000  -0.778937   0.330713  -0.448223 
      468.5000  -0.701694   0.249814  -0.451881 
      469.0000  -0.729435   0.276137  -0.453297 
      469.5000  -0.763927   0.303691  -0.460236 
      470.0000  -0.758183   0.310228  -0.447955 
      470.5000  -0.720890   0.295611  -0.425280 
      471.0000  -0.690912   0.268113  -0.422799 
      471.5000  -0.744407   0.328123  -0.416284 
      472.0000  -0.739776   0.306420  -0.433356 
      472.5000  -0.722860   0.284309  -0.438551 
      473.0000  -0.770991   0.329848  -0.441143 
      473.5000  -0.713478   0.279474  -0.434004 
      474.0000  -0.735592   0.296598  -0.438994 
      474.5000  -0.714513   0.293637  -0.420875 
      475.0000  -0.747296   0.323696  -0.423600 
      475.5000  -0.746027   0.318580  -0.427447 
      476.0000  -0.745148   0.323524  -0.421624 
      476.5000  -0.771994   0.363887  -0.408107 
      477.0000  -0.770187   0.365566  -0.404620 
      477.5000  -0.726113   0.316991  -0.409122 
      478.0000  -0.740605   0.324460  -0.416145 
      478.5000  -0.756657   0.337032  -0.419625 
      479.0000  -0.757042   0.338183  -0.418859 
      479.5000  -0.757476   0.338815  -0.418661 
      480.0000  -0.747866   0.324793  -0.423073 
      480.5000  -0.758598   0.329190  -0.429408 
      481.0000  -0.727858   0.299880  -0.427978 
      481.5000  -0.761199   0.327901  -0.433297 
      482.0000  -0.759577   0.315451  -0.444126 
      482.5000  -0.789915   0.342038  -0.447877 
      483.0000  -0.771288   0.315793  -0.455495 
      483.5000  -0.768553   0.334274  -0.434279 
      484.0000  -0.769859   0.336201  -0.433658 
      484.5000  -0.723266   0.287154  -0.436112 
      485.0000  -0.786304   0.352088  -0.434216 
      485.5000  -0.739196   0.308655  -0.430541 
      486.0000  -0.791591   0.357021  -0.434570 
      486.5000  -0.750255   0.311178  -0.439076 
      487.0000  -0.746268   0.309184  -0.437085 
      487.5000  -0.737044   0.301814  -0.435231 
      488.0000  -0.732018   0.293207  -0.438811 
      488.5000  -0.735699   0.297493  -0.438205 
      489.0000  -0.781542   0.339673  -0.441869 
      489.5000  -0.788897   0.341293  -0.447604 
      490.0000  -0.778096   0.331635  -0.446461 
      490.5000  -0.748630   0.307187  -0.441443 
      491.0000  -0.757092   0.324692  -0.432400 
      491.5000  -0.745660   0.305237  -0.440422 
      492.0000  -0.813195   0.372052  -0.441143 
      492.5000  -0.765631   0.325775  -0.439856 
      493.0000  -0.756222   0.304077  -0.452145 
      493.5000  -0.771683   0.317697  -0.453986 
      494.0000  -0.750488   0.304105  -0.446383 
      494.5000  -0.780778   0.332986  -0.447792 
      495.0000  -0.779420   0.339641  -0.439779 
      495.5000  -0.716116   0.305044  -0.411072 
      496.0000  -0.704731   0.299745  -0.404985 
      496.5000  -0.717480   0.319655  -0.397824 
      497.0000  -0.736062   0.336858  -0.399204 
      497.5000  -0.727199   0.328392  -0.398806 
      498.0000  -0.739880   0.348314  -0.391566 
      498.5000  -0.705936   0.296428  -0.409508 
      499.0000  -0.715136   0.308821  -0.406315 
      499.5000  -0.742170   0.334833  -0.407336 
      500.0000  -0.753710   0.339602  -0.414108 
