t = 0
b =  30.0 30.0 30.0
E = 0. 0. 0.
25.96470515095553 21.57294746664987 17.76845399123591 0.4875022487545851 0.823789348914704 -0.28933141217971914 0.49326245414080394 0.013579370257948139 0.8697745409233296 0.0 0.0 0.0 0.0 0.0 0.0
26.46599124958627 21.472741536731593 17.933850850477995 -0.027548944872470005 0.9996204556495174 1.683640002309028e-05 0.49326245414080394 0.013579370257948139 0.8697745409233296 0.0 0.0 0.0 0.0 0.0 0.0
26.9609975653665 21.600399121131723 18.099251547578 -0.5321338337486778 0.7956790385203143 0.289358688549907 0.49326245414080394 0.013579370257948139 0.8697745409233296 0.0 0.0 0.0 0.0 0.0 0.0
27.334703957000105 21.909431767398637 18.33061156683764 -0.8345521823805088 0.2894458516131409 0.46876833710039856 0.49326245414080394 0.013579370257948139 0.8697745409233296 0.0 0.0 0.0 0.0 0.0 0.0
27.51817415240085 22.284443604648192 18.668827343289134 -0.8199102039575751 -0.32675265359843597 0.4700850569978026 0.49326245414080394 0.013579370257948139 0.8697745409233296 0.0 0.0 0.0 0.0 0.0 0.0
27.514745791010952 22.584972164228695 19.114199023274523 -0.49377063088357387 -0.8188123626949291 0.2928086043387127 0.49326245414080394 0.013579370257948139 0.8697745409233296 0.0 0.0 0.0 0.0 0.0 0.0
27.39876239877463 22.698852419968926 19.626316433832155 0.019960660267803576 -0.9997915653909608 0.004289267392547147 0.49326245414080394 0.013579370257948139 0.8697745409233296 0.0 0.0 0.0 0.0 0.0 0.0
27.287329039674418 22.584830156919796 20.139411583026885 0.5261085628589995 -0.8009332367713994 -0.28585963394877345 0.49326245414080394 0.013579370257948139 0.8697745409233296 0.0 0.0 0.0 0.0 0.0 0.0
27.295822144031945 22.28823513734723 20.5873450196684 0.8323790263539648 -0.29778698061277026 -0.46740568103474545 0.49326245414080394 0.013579370257948139 0.8697745409233296 0.0 0.0 0.0 0.0 0.0 0.0
27.494056073637697 21.9237595661741 20.92873331661111 0.8224147811018807 0.31849352821346155 -0.47137649528936576 0.49326245414080394 0.013579370257948139 0.8697745409233296 0.0 0.0 0.0 0.0 0.0 0.0
27.879759478472945 21.631884604778637 21.16267132662072 0.5000014104673107 0.8137730207435738 -0.2962634979888302 0.49326245414080394 0.013579370257948139 0.8697745409233296 0.0 0.0 0.0 0.0 0.0 0.0
28.379438220556782 21.525509229067083 21.329076062941837 -0.012370855581576228 0.9998865371338491 -0.008595044540797792 0.49326245414080394 0.013579370257948139 0.8697745409233296 0.0 0.0 0.0 0.0 0.0 0.0
28.87629702572155 21.64705802095666 21.493521558589432 -0.5200432267653468 0.8061264408555652 0.2823388100297653 0.49326245414080394 0.013579370257948139 0.8697745409233296 0.0 0.0 0.0 0.0 0.0 0.0
29.254611960981972 21.95236336040407 21.72232619486712 -0.8301424814418769 0.3061054319808968 0.466007430216848 0.49326245414080394 0.013579370257948139 0.8697745409233296 0.0 0.0 0.0 0.0 0.0 0.0
29.443695891477248 22.327445442703148 22.05735723952568 -0.8248567281764965 -0.31021014831321575 0.47263203643580554 0.49326245414080394 0.013579370257948139 0.8697745409233296 0.0 0.0 0.0 0.0 0.0 0.0
29.44475370483054 22.63181511193345 22.50012477176117 -0.5061941130078057 -0.8086717068260387 0.2996958300265465 0.49326245414080394 0.013579370257948139 0.8697745409233296 0.0 0.0 0.0 0.0 0.0 0.0
29.33042455419628 22.751848040147866 23.011207977881153 0.004780108806801419 -0.9999053636457167 0.012900167143130914 0.49326245414080394 0.013579370257948139 0.8697745409233296 0.0 0.0 0.0 0.0 0.0 0.0
29.217185029514937 22.643952509257172 23.52523177750732 0.5139382873665473 -0.8112582552902143 -0.2787964849172529 0.49326245414080394 0.013579370257948139 0.8697745409233296 0.0 0.0 0.0 0.0 0.0 0.0
29.22109775360989 22.3511306335468 23.97570390962425 0.8278427179658004 -0.31440057223524254 -0.46457369112891705 0.49326245414080394 0.013579370257948139 0.8697745409233296 0.0 0.0 0.0 0.0 0.0 0.0
29.413717251313255 21.986641137502772 24.320276454230516 0.8272358592176997 0.3019031447091486 -0.47385158482280004 0.49326245414080394 0.013579370257948139 0.8697745409233296 0.0 0.0 0.0 0.0 0.0 0.0
29.79490518915431 21.690970472794593 24.556834515166663 0.5123482669067856 0.803508809427129 -0.3031053390664852 0.49326245414080394 0.013579370257948139 0.8697745409233296 0.0 0.0 0.0 0.0 0.0 0.0
30.292882930557823 21.57845966647777 24.72429970452538 0.002811001991766756 0.9998480434928515 -0.01720430734778966 0.49326245414080394 0.013579370257948139 0.8697745409233296 0.0 0.0 0.0 0.0 0.0 0.0
30.791501439953812 21.693864253135402 24.887843171482835 -0.5077942095773712 0.8163282892678091 0.2752329283730109 0.49326245414080394 0.013579370257948139 0.8697745409233296 0.0 0.0 0.0 0.0 0.0 0.0
31.174368243298872 21.995350899017442 25.11412599312313 -0.8254799110616269 0.3226717696687613 0.4631045729557378 0.49326245414080394 0.013579370257948139 0.8697745409233296 0.0 0.0 0.0 0.0 0.0 0.0
31.36906687494367 22.370390584948353 25.4459735167403 -0.8295519930454488 -0.2935731500117461 0.4750350475770206 0.49326245414080394 0.013579370257948139 0.8697745409233296 0.0 0.0 0.0 0.0 0.0 0.0
