t = 0
b =  30.0 30.0 30.0
E = 0. 0. 0.
24.001575602052814 9.088895657849601 9.242002678689907 -0.3992481313302574 0.8727449518465982 0.2809220152561495 0.7995600886166042 0.18148793095911875 0.5725083367144851 0.0 0.0 0.0 0.0 0.0 0.0
24.425562655720746 9.418545799249255 9.22616396928743 -0.5864951824643856 0.44122347308437465 0.679224004099847 0.7995600886166042 0.18148793095911875 0.5725083367144851 0.0 0.0 0.0 0.0 0.0 0.0
24.715858114091823 9.848772845221609 9.365154392991329 -0.5509229081037572 -0.1579261799656815 0.8194774377662547 0.7995600886166042 0.18148793095911875 0.5725083367144851 0.0 0.0 0.0 0.0 0.0 0.0
24.880570678225837 10.243000613501628 9.69094472441894 -0.30604581001468656 -0.697077036861852 0.6483976918931422 0.7995600886166042 0.18148793095911875 0.5725083367144851 0.0 0.0 0.0 0.0 0.0 0.0
24.975520090337255 10.478329649295432 10.164537330115454 0.055103208112039004 -0.9713966729476569 0.23098082223852273 0.7995600886166042 0.18148793095911875 0.5725083367144851 0.0 0.0 0.0 0.0 0.0 0.0
25.08303028047164 10.492228782925775 10.690782021509063 0.3953175962004909 -0.8766664720943647 -0.2741895235779187 0.7995600886166042 0.18148793095911875 0.5725083367144851 0.0 0.0 0.0 0.0 0.0 0.0
25.28065312909861 10.306291766657859 11.154525202375698 0.5853442201346298 -0.44887602141063865 -0.6751906851827398 0.7995600886166042 0.18148793095911875 0.5725083367144851 0.0 0.0 0.0 0.0 0.0 0.0
25.61170521112315 10.018033447185482 11.464358645310023 0.5529887884061504 0.14944993461385267 -0.8196756169003764 0.7995600886166042 0.18148793095911875 0.5725083367144851 0.0 0.0 0.0 0.0 0.0 0.0
26.068811104864693 9.763842245010784 11.587347005580778 0.3105436704826726 0.6909973618088828 -0.6527520775120617 0.7995600886166042 0.18148793095911875 0.5725083367144851 0.0 0.0 0.0 0.0 0.0 0.0
26.596705438064028 9.667163913202682 11.561540509243784 -0.0498821798704647 0.9700233383929167 -0.23783711044416728 0.7995600886166042 0.18148793095911875 0.5725083367144851 0.0 0.0 0.0 0.0 0.0 0.0
27.113229126792348 9.791602431903074 11.481519036097486 -0.3913569561052396 0.8805212307961285 0.26743615130589915 0.7995600886166042 0.18148793095911875 0.5725083367144851 0.0 0.0 0.0 0.0 0.0 0.0
27.540542985062416 10.116755792869084 11.46245964205626 -0.5841486815762587 0.456494386089978 0.6711059478808485 0.7995600886166042 0.18148793095911875 0.5725083367144851 0.0 0.0 0.0 0.0 0.0 0.0
27.834700132986907 10.54596706350792 11.596378869950852 -0.5550125564713234 -0.1409623080708839 0.8198113745627676 0.7995600886166042 0.18148793095911875 0.5725083367144851 0.0 0.0 0.0 0.0 0.0 0.0
28.002342151200267 10.943045971586612 11.917174126472428 -0.315017881847833 -0.6848650646315069 0.6570567535330459 0.7995600886166042 0.18148793095911875 0.5725083367144851 0.0 0.0 0.0 0.0 0.0 0.0
28.098175833334363 11.184009866633243 12.387745490636183 0.04465735290776618 -0.9685761328053599 0.2446752864330275 0.7995600886166042 0.18148793095911875 0.5725083367144851 0.0 0.0 0.0 0.0 0.0 0.0
28.20418916046893 11.2041868017306 12.914090594041063 0.3873665126625805 -0.884308934397091 -0.2606624127355367 0.7995600886166042 0.18148793095911875 0.5725083367144851 0.0 0.0 0.0 0.0 0.0 0.0
28.398502696353436 11.022785487407322 13.381017692261125 0.5829086578341616 -0.4640779869544269 -0.666970103262734 0.7995600886166042 0.18148793095911875 0.5725083367144851 0.0 0.0 0.0 0.0 0.0 0.0
28.725690279132486 10.735597581355545 13.695908934456202 0.5569940581815024 0.13246394670239756 -0.8198847004149573 0.7995600886166042 0.18148793095911875 0.5725083367144851 0.0 0.0 0.0 0.0 0.0 0.0
29.179844674999853 10.478604836122566 13.82390743339398 0.31946810338164905 0.6786806123278961 -0.6613113921383501 0.7995600886166042 0.18148793095911875 0.5725083367144851 0.0 0.0 0.0 0.0 0.0 0.0
29.706821835085144 10.376317357824446 13.80115997968563 -0.039429125114746055 0.967055166395295 -0.2514948294515271 0.7995600886166042 0.18148793095911875 0.5725083367144851 0.0 0.0 0.0 0.0 0.0 0.0
30.22481112485989 10.494470135134566 13.721084271690508 -0.3833465697602319 0.8880292944489578 0.25386882371324865 0.7995600886166042 0.18148793095911875 0.5725083367144851 0.0 0.0 0.0 0.0 0.0 0.0
30.655416551995774 10.81504921805621 13.698877970048814 -0.581624243340948 0.4716262464834183 0.6627834662889761 0.7995600886166042 0.18148793095911875 0.5725083367144851 0.0 0.0 0.0 0.0 0.0 0.0
30.953440714561257 11.243135518703488 13.827753180402205 -0.5589331426376608 -0.1239554976915149 0.8198955888728976 0.7995600886166042 0.18148793095911875 0.5725083367144851 0.0 0.0 0.0 0.0 0.0 0.0
31.124056049675627 11.64296615975172 14.143523616037223 -0.3238939961825218 -0.6724444758680378 0.6655156693207717 0.7995600886166042 0.18148793095911875 0.5725083367144851 0.0 0.0 0.0 0.0 0.0 0.0
31.220839738168852 11.889513061367339 14.610998369434391 0.03419789464119205 -0.9654605549902027 0.258295220165062 0.7995600886166042 0.18148793095911875 0.5725083367144851 0.0 0.0 0.0 0.0 0.0 0.0
19.940005344880234 15.626936026434189 22.076458008174914 -0.4492207317102018 0.35386521169920176 0.8203536713825508 0.8385380098771108 0.48386303773905465 0.2504607088971614 0.0 0.0 0.0 0.0 0.0 0.0
20.107165877244466 16.1374625944655 22.086708953118713 -0.18310333754226543 -0.18269266988431182 0.9659692314724238 0.8385380098771108 0.48386303773905465 0.2504607088971614 0.0 0.0 0.0 0.0 0.0 0.0
20.23258799805458 16.606344362648247 22.31715261477091 0.15257807588252775 -0.6498425517202221 0.7445969303816231 0.8385380098771108 0.48386303773905465 0.2504607088971614 0.0 0.0 0.0 0.0 0.0 0.0
20.392790296062998 16.927094500719043 22.71732717013238 0.4302925273101572 -0.8701063833695495 0.24033980644204467 0.8385380098771108 0.48386303773905465 0.2504607088971614 0.0 0.0 0.0 0.0 0.0 0.0
20.651077789210934 17.04950386132282 23.172287191934615 0.5445316535052467 -0.759802252573835 -0.355226428232145 0.8385380098771108 0.48386303773905465 0.2504607088971614 0.0 0.0 0.0 0.0 0.0 0.0
21.033491289909108 16.998716274545174 23.546273338244113 0.4518941004499463 -0.36083654280909144 -0.8158362037517797 0.8385380098771108 0.48386303773905465 0.2504607088971614 0.0 0.0 0.0 0.0 0.0 0.0
21.518914065023715 16.865675986480458 23.734289596238074 0.1875744233672571 0.17521700243410276 -0.9664961654121795 0.8385380098771108 0.48386303773905465 0.2504607088971614 0.0 0.0 0.0 0.0 0.0 0.0
22.047094435846926 16.772576419633808 23.701993022915484 -0.14800791322977183 0.6447026789805226 -0.7499680748783271 0.8385380098771108 0.48386303773905465 0.2504607088971614 0.0 0.0 0.0 0.0 0.0 0.0
22.541536398192335 16.826436848746365 23.4987412033266 -0.4273595690304639 0.8692550289282611 -0.24851457390065174 0.8385380098771108 0.48386303773905465 0.2504607088971614 0.0 0.0 0.0 0.0 0.0 0.0
22.93856173333036 17.07844398905427 23.23884047879754 -0.5443501794855189 0.7635628602170904 0.34735376864398315 0.8385380098771108 0.48386303773905465 0.2504607088971614 0.0 0.0 0.0 0.0 0.0 0.0
23.211502427926657 17.5045053073742 23.058119056760376 -0.45453305570436253 0.36778039481921077 0.811256607035455 0.8385380098771108 0.48386303773905465 0.2504607088971614 0.0 0.0 0.0 0.0 0.0 0.0
23.380832298173246 18.014402178265396 23.06232360382317 -0.19203122467368544 -0.16772799153077833 0.9669494969269976 0.8385380098771108 0.48386303773905465 0.2504607088971614 0.0 0.0 0.0 0.0 0.0 0.0
23.506388644713194 18.48606544820958 23.286944319135582 0.14342647920138774 -0.6395137096357512 0.7552821064025097 0.8385380098771108 0.48386303773905465 0.2504607088971614 0.0 0.0 0.0 0.0 0.0 0.0
23.66463906170002 18.811951547919968 23.68373161436743 0.4243940656649994 -0.8683374773510621 0.2566704160122929 0.8385380098771108 0.48386303773905465 0.2504607088971614 0.0 0.0 0.0 0.0 0.0 0.0
23.91963011930876 18.939900092345905 24.139026939005433 0.5441272510920862 -0.7672653195922862 -0.3394546567215043 0.8385380098771108 0.48386303773905465 0.2504607088971614 0.0 0.0 0.0 0.0 0.0 0.0
24.29865500092493 18.89295048302874 24.51694356396281 0.45713739650679075 -0.3746962389283448 -0.8066152299875966 0.8385380098771108 0.48386303773905465 0.2504607088971614 0.0 0.0 0.0 0.0 0.0 0.0
24.781884366458673 18.760588854258028 24.710992221864327 0.19647340205887603 0.1602262074915135 -0.9673291914939273 0.8385380098771108 0.48386303773905465 0.2504607088971614 0.0 0.0 0.0 0.0 0.0 0.0
25.309899850173778 18.66475079452653 24.684538160127747 -0.1388341226913139 0.6342760388460129 -0.7605386202700961 0.8385380098771108 0.48386303773905465 0.2504607088971614 0.0 0.0 0.0 0.0 0.0 0.0
25.806268091252978 18.713495977807504 24.48471929597022 -0.42139624304832557 0.867353798513058 -0.26480671167801473 0.8385380098771108 0.48386303773905465 0.2504607088971614 0.0 0.0 0.0 0.0 0.0 0.0
26.20657904547006 18.959954486750856 24.224537733553532 -0.543862885301808 0.7709093487428069 0.33152969401266413 0.8385380098771108 0.48386303773905465 0.2504607088971614 0.0 0.0 0.0 0.0 0.0 0.0
26.482916437869925 19.382141805996827 24.039928375318627 -0.4597069245265952 0.3815835484681892 0.8019124260670372 0.8385380098771108 0.48386303773905465 0.2504607088971614 0.0 0.0 0.0 0.0 0.0 0.0
26.654463622359255 19.891311107122668 24.038114979837914 -0.2009006172338217 -0.15271222160620707 0.9676352201977576 0.8385380098771108 0.48386303773905465 0.2504607088971614 0.0 0.0 0.0 0.0 0.0 0.0
26.78021550482879 20.365669652528275 24.256874063247967 0.13423119342527942 -0.6289900654802169 0.765737216177204 0.8385380098771108 0.48386303773905465 0.2504607088971614 0.0 0.0 0.0 0.0 0.0 0.0
26.9365653920632 20.696649892716465 24.65018296917957 0.4183663294762423 -0.8663040673251998 0.2729228412874015 0.8385380098771108 0.48386303773905465 0.2504607088971614 0.0 0.0 0.0 0.0 0.0 0.0
27.188281897265643 20.830156093499582 25.105704645370164 0.5435571022471639 -0.7744946701617235 -0.32357948403405523 0.8385380098771108 0.48386303773905465 0.2504607088971614 0.0 0.0 0.0 0.0 0.0 0.0
27.56390226102837 20.787116209849824 25.487466367993754 0.4622414440842696 -0.38844179894345654 -0.7971485534105021 0.8385380098771108 0.48386303773905465 0.2504607088971614 0.0 0.0 0.0 0.0 0.0 0.0
28.044890576514558 20.655531005908564 25.6875180527851 0.2053125330489471 0.14518660609397616 -0.9678675597332174 0.8385380098771108 0.48386303773905465 0.2504607088971614 0.0 0.0 0.0 0.0 0.0 0.0
