t = 100000
b = 30 30 30
E = -0.487650398179604 -0.673223862178042 0.185573463998438
26.5515839217261 7.73742293266287 14.0884075840977 -0.5736756939629 -0.551452309452453 0.605637231139196 0.502412519823152 0.347065986064954 0.791913372469949 -0.0387958160742956 -0.287872448373151 -0.334975901401217 -0.0331598032860694 -0.279226409903038 0.174444651311148
26.2814300037079 7.55947297233519 12.9801818784051 -0.879245517401852 -0.179322546710319 -0.441328254973528 0.341572340020991 -0.883089978256082 -0.321683444796769 -0.538194087512489 0.213920213494681 0.571847423645798 0.728309960385953 0.297391813322148 0.420997695527827
26.6214776572935 8.09706457596416 12.817969758551 0.632818753942629 0.543959344643536 0.551043107522206 -0.0770316001517196 0.752363518225347 -0.654228619302979 -0.501254406473232 0.579291477299412 -0.433379189891955 0.482275024760604 0.41183014328601 0.5269155246115
26.2855977662655 8.52315530697069 12.8074807451079 0.991370607489882 0.129895807720434 -0.0176439468561885 -0.0988780300360605 0.652601914494532 -0.751221505275905 0.0309976453414938 0.208406556614321 -0.311880419131168 -0.836920517566019 0.134549925882753 0.0439676908760489
26.2378217697216 8.98968498703544 12.6812508326677 0.716569068882726 -0.525641959595559 -0.458507597815361 -0.151935954618289 0.523934073320568 -0.838098135862843 -0.243506727327123 0.13374979687212 -0.440508415170188 -0.0387195884136972 -0.286940926806952 -0.100141004118273
26.5190935392787 9.2546208466614 12.3471316056697 -0.119860132183108 -0.815132089448507 -0.566739017310204 -0.0611909124692366 0.575834665235715 -0.815272979367298 0.095657502659442 -0.161367668985549 -0.0735900175458977 0.174664277171962 0.0363741551540391 0.282813107779263
26.78043851884 9.43687613022908 11.9725590460399 -0.864047888790206 -0.356600531439143 -0.355326864879116 -0.0472280456291848 0.760149238317538 -0.648029695371443 0.186279651196071 0.604691101948713 -0.00082747098029789 -0.157793583794511 -0.667671407206919 0.19038331376206
26.7820182468243 9.48237316313712 11.4491711925648 -0.848523086912959 0.319842310969528 0.421555857603179 -0.0510350326445726 0.743474899889121 -0.666813555091362 0.0363136981916103 -0.00747510146231811 0.226587484105783 0.44680242104357 0.315599516864695 0.0204526012474701
27.5257629286429 9.52065922152455 10.9147126559241 -0.126608147072436 0.581699598929864 0.803489784745712 0.863952514230527 -0.333333843559199 0.37745794983498 0.418949388097059 -0.327031563068431 -0.0629493334470924 -0.0360789394976227 -0.304073119373759 0.0112568438154279
28.0493715549189 9.64947695962369 11.0150825079931 -0.40292323605847 -0.329521818790748 0.85385489263636 0.906448633291237 -0.272628955776697 0.322527907253205 0.161106350561031 0.276577015713296 -0.321541949100349 -0.0411152234315976 -0.485341551119179 -0.0435844254428904
28.3744029037898 9.72735735899152 11.362304568743 -0.30356873951208 -0.938462553367473 0.164723772421253 0.949650975135015 -0.283941468169156 0.13243930910186 0.314180155907269 0.0562220373601068 -0.197681721978406 -0.410124060708693 -0.480347537835645 -0.147490614883123
28.7977808993476 9.42705731455227 11.5972344570394 -0.467245126613922 -0.606881317046034 -0.642943945920702 0.838060488577022 -0.535689385711666 -0.103399014852793 -0.382311182463094 0.0463501159639532 -0.889343546268638 0.359480027361813 -0.125813597460004 -0.138576488703255
29.0166714445595 8.97594368232019 11.7116060074827 -0.0630420671022434 0.0189160181097874 -0.997831530282809 0.827973727848473 -0.557230834490195 -0.0628741053234026 -0.0124553791093463 -0.241519194615776 -0.0458764177844864 0.194038621806477 -0.0285743102498552 -0.437477675729397
28.3365097073783 9.74997788873293 12.38808221302 -0.492751827593018 0.771844237634711 -0.401810859550823 -0.649884512972968 -0.633495941774123 -0.419920095659397 -0.23518068129567 -0.4101777809392 -0.324889407039954 -0.032926205122944 -0.066332877000908 0.0812416880629751
27.8318604450197 9.4931123367851 12.4094627045582 0.180090985659002 0.68465499743335 -0.706268141960825 -0.803253437790567 -0.312070587743138 -0.507341886481419 -0.0314814462742193 0.525177920588931 0.534289804011654 0.189564182595281 0.162323894873044 0.337679670440067
27.2193361738014 9.07897909330764 13.7054609484367 -0.684762256958203 0.0152046890836237 0.72860785040923 0.47307217362222 -0.751228475455368 0.460280768044526 -0.537314170788935 0.142450751731452 -0.302783158841547 0.612458388404519 -0.231070280428019 -0.072022585873953
27.5640943174702 8.91875669289975 14.0779737673674 -0.830164027561509 -0.557518084613544 0.00106175725085895 0.525005605229005 -0.781108045262144 0.337992849046579 0.201765309859372 0.0903173249448243 -0.191456067709631 -0.00227286504984653 0.322715703471588 0.249726428780378
27.5598181871993 8.51533880175868 14.3203697138356 -0.376521893193705 -0.508309683092836 -0.774501376641107 0.616602421095201 -0.761450803829768 0.199984862165828 -0.561236132046704 0.109574037477518 -0.130878375193392 -0.737250533817229 0.123088496945312 0.206483308585415
27.57839907067 7.96460463466235 14.4655519539365 0.00963236104819538 -0.0774397847226418 -0.996950452944441 0.685485752916421 -0.725358099783151 0.0629664454433802 -0.0699678081279132 -0.0885386022544015 -0.302006135865172 0.0565405754258769 0.530241064119124 -0.242530326838941
27.3789417623977 7.53381363500358 14.3960872254047 0.838700089432322 0.0858651104669095 -0.537781809533464 0.358728453478127 -0.830092417181304 0.426919632387015 -0.142489267044562 0.354276805694657 0.33036802488196 0.323558074191828 -0.153496141359812 -0.477244894466646
27.5025695271572 7.12219198043045 14.3716170555304 0.830466178539164 0.545708680758432 0.111927900827713 0.503923617678865 -0.821564704732111 0.266631396381192 0.0545024061114888 0.138360533398262 -0.0488413909565477 -0.359399024637433 -0.218503128383738 -0.322062862262267
27.9174959932916 6.82226912561374 14.2265551853602 0.282065742092071 0.448033881047842 0.84835396017362 0.563971501042737 -0.792777573768791 0.231170265985704 0.377272908675297 0.56700661272833 -0.0276820793917175 -0.0208300183001302 0.04871964838419 0.78961575383277
28.3563633167425 6.56463197447258 14.2934469085371 -0.273287731869423 0.412073909869178 0.869200074995079 0.589710168187522 -0.642113633369781 0.489828373405377 0.268836140000583 -0.470548103990613 -0.422022968267596 0.110485144142616 0.129403115652411 -0.149183410193284
28.7830201248076 6.55998236842937 14.4872488960657 -0.566547362804626 -0.404001899858421 0.718196661974322 0.722198544021316 -0.663134783913961 0.196675855504457 0.0986890383156662 -0.35074587363604 -0.111480592286328 -0.49333264070993 -0.209214662924518 0.0771436161742735
29.3576761166055 7.69704577005813 14.5721945933953 0.476665590753563 0.790315650867895 0.384955822411401 0.486453451792612 -0.601882963473518 0.633324447574695 0.0431530567742236 -0.0424938226354919 0.12962695444852 0.140199374124296 0.319577869602143 -0.0564401295724087
24.7399070726536 9.21154097060932 17.2820277608423 -0.438611440837861 -0.836998363005605 -0.327190429462304 -0.374647213087426 0.501235730055948 -0.780001340385317 0.282345103170746 -0.170324082097185 -0.711598763754765 0.134876974861791 0.412534066250199 -0.299647201813842
24.7274962911795 9.22070271712725 16.8623024283997 -0.957105583196575 -0.107378773317092 0.269107060908013 -0.270222298276122 0.665930822691996 -0.695353071110578 0.00652755596030862 0.287485586812572 -0.531968507369468 -0.18891921709623 -0.430834201726919 -0.511522104786881
25.9476135502718 8.91968563623826 16.245412197374 0.634681617392608 0.365257796906507 -0.681003594683562 -0.16259267467757 0.924636939513858 0.344398031754609 -0.103873057385766 -0.346032571165944 0.0965709684056618 0.328432814113763 0.0610874708714984 0.254859818486027
26.2963579548043 9.21516502219454 16.4279277365914 -0.221300119968176 0.642183645370556 -0.733911606825108 -0.030827966397813 0.747588149622171 0.663446608479405 -0.0213403391921071 -0.340852667074221 -0.429913878830878 -0.15771146598137 0.419292918131709 -0.187104476747487
26.593055246589 9.55585699595797 16.566364214991 -0.942025874648644 0.292160380118937 -0.165013429454454 0.012439220804327 0.52185451795197 0.852943699020643 0.189359611669207 -0.202510199784191 0.00498117101353567 -0.00728524768603002 -0.18270357060981 -1.09700817555713
27.6892388209195 9.20364985580041 16.0211801612914 0.757032062851004 0.470941172854146 -0.452898161271473 0.383610347802475 0.240753811108696 0.891560770370085 0.106872023310876 -0.178062013044256 -0.501938451957318 0.177201875336142 0.0585765991246276 0.145457044223793
28.0562725574492 9.08478223541776 16.2582674681072 0.0618521701665488 0.996793632917209 -0.0507597897326956 0.523010324620741 0.0109461085364654 0.852255990083964 0.140777711404794 0.0175636444048654 -0.551168837062656 0.354030181370132 -0.108197014467153 -0.020722322883373
28.5057291351779 9.20743311833115 16.4461623673863 -0.66892807593111 0.657274166075053 0.347168233925215 0.410009168856881 -0.0633147788401066 0.909881114958557 -0.167755844783012 -0.0420306915311578 0.268255726908168 0.454274653139832 0.116469165722428 0.471016511109084
28.6492940028735 9.44682995623034 16.8710087589598 -0.956280871730904 -0.222508843439289 0.18978038807459 0.204315683444245 -0.0440167196045127 0.977914871973856 -0.395950501248189 -0.163299757272972 -0.618405720734922 -0.194358033686774 -0.166136508397817 0.152249018058261
28.6032483492165 9.76638019750201 17.2918882371777 -0.288303428412937 -0.923418465166742 0.25333620055357 0.384177154904241 0.13079283556517 0.913948033501796 0.726143395420952 0.155415411516023 -0.224568727358046 0.238083042180857 0.0980334319850909 0.315680447972231
28.7566741569883 9.70122709301664 17.8350758651398 -0.761639096288965 -0.642316003790329 -0.0856498367781058 0.0653746840349827 -0.207666059948758 0.976012739427805 0.330952306311348 -0.081724959122262 0.134771622817778 -0.125767095487699 0.0585463235646577 0.546730398423416
28.4695477587623 9.80155762930707 18.2648736371999 0.00555072630474713 -0.994115119915695 -0.108185542811739 0.103930460627485 -0.107027793574103 0.988809077193362 0.303779597840537 0.309561765451682 0.119087377949743 0.0330273274894555 0.206608458916889 1.14927750384138
28.7833370692744 10.6695637785971 18.9777328085641 0.926143137399729 -0.303502596591213 0.22393072639632 0.376921258516502 0.723102562196514 -0.578837565555473 0.0572105963840963 0.29479441000339 -0.394177162966359 0.385554521665418 -0.0968414504582222 0.458959333159819
29.0640101164354 11.1692831743933 18.9781976362228 0.669738124131086 -0.736979306089738 -0.091171096686632 0.727117452562079 0.675753250877887 -0.121068521711649 0.483288558427908 -0.31282570301493 0.401649093814062 0.239456047901698 0.20496125957955 0.104172706017647
27.9796495882242 11.2001839732385 19.1807839443251 -0.344020070899559 -0.92819274307376 0.141803321532518 -0.75753143856492 0.363595744255179 0.542166128046954 -0.0133390319933565 0.144333063961075 -0.443320490948341 0.244757718598835 0.216777986167141 -0.216566936687819
27.4923143861194 11.3026248729348 19.2504523785573 0.229598990195793 -0.783697740619829 0.577149895589021 -0.667929280185942 0.304441746502172 0.679106467329988 0.20727279828001 -0.109681295393824 0.0994421514606962 0.0401740710540893 -0.0903437908977943 0.654801549399488
26.3711623237938 11.2374739031762 18.9067737952991 -0.90077393662369 0.0669461397726347 -0.429097232428424 -0.0301246071901961 -0.995299020535592 -0.09204434350469 0.0106344606463656 -0.357268079937989 0.0185206799272383 -0.127078758013546 0.0795713436476072 0.0206240288080681
26.2429491305698 10.8342342122825 18.9740521396595 -0.122319921785492 0.180786390774107 -0.975886283464746 0.17143783484148 -0.964640986952167 -0.200191603780891 -0.265032249224624 0.0330825371673248 -0.392308425571303 0.0433436182522205 -0.285028355982606 0.429643194519806
25.9418859902268 10.4483742012526 18.7961490802795 0.779970285541158 0.0426987508071329 -0.624358113104458 -0.0204130628738415 -0.995402866490649 -0.0935745755280711 0.00873592452979773 0.00251367867330669 0.209480070007414 -0.286503635219349 -0.39431665243291 -0.3910055040565
25.8272597539608 10.0975253733861 18.4747720614832 0.93340996757456 -0.0701261270095299 0.351892080628888 -0.131659556940545 -0.979246168131959 0.154085851535936 0.0505133119411071 -0.0334393797273509 -0.224662183427231 0.403109398171151 0.813874655759411 0.388428754097142
26.2975630831168 9.63251457056663 18.39072710258 -0.213990981303677 0.0806477072554762 0.973500755649281 0.0837040070199477 -0.991406603362053 0.100530565296629 0.353156484945947 0.00651670489145925 -0.373433790655978 0.0495031775627705 -0.0627178373344649 -0.257850682438773
26.7510022082914 9.90906328433879 17.4460293389081 0.437436940291839 0.888272339497254 0.140074947622983 0.443094464113465 -0.348457430299274 0.825980987229244 0.029218598232395 -0.0157626343564792 0.244470625376204 0.362763156810236 0.0811646923931959 -0.230627318148054
27.2451253621527 9.84117273169466 17.6162660591889 -0.301112891211059 0.836426198191691 0.457954259095961 0.477384281499326 -0.283509148707541 0.831701102639267 -0.00268694602156739 0.0283108845166863 0.168045506968811 0.122947403289623 -0.0462265474722021 0.148021421391809
27.1844848332992 9.17844868291876 18.1583086987484 -0.61093609869543 0.505615698743001 0.609187735998872 0.419210084422158 0.859363177168484 -0.292844032539176 -0.144460253575514 0.12126943247529 0.591513778241543 1.22025887899642 -0.410100038016006 -0.483681983546597
28.1198430348487 8.1847003084141 18.2590161203819 0.777760333780647 -0.204157893340429 0.594481526902421 -0.583300794671203 0.11796515259276 0.803644368941875 0.257691574331989 0.0157407988230156 -0.227449174476825 0.329301044037198 -0.306058511559283 -0.263799795501265
28.607704168346 8.06605752838095 17.7911538300164 0.125271097454158 -0.835308022966952 -0.535319996837143 -0.585773556166312 -0.497755938364308 0.639615702956514 0.16211293945894 -0.0456863007702359 0.0902963650033989 0.530615053761083 -0.3758536397137 0.470038365442397
28.1533510704789 8.92490297632681 17.8934399299326 -0.0496319824127587 0.141711458620127 -0.988662939508969 0.978356013074654 -0.192203038461285 -0.0766642697783914 -0.255349487272738 -0.283337893535834 0.776712930034588 -0.428468416965677 0.153074514442648 -0.583474971573978
