#id1 id2 FENE BEXC STCK NEXC HB CRSTCK CXSTCK total, t = 100000
0 1 0.00979326 0 0 0 0 0 0 0.00979326
1 2 0.125504 0 0 0 0 0 0 0.125504
2 3 0.0250164 0 -0.867064 0 0 0 0 -0.842047
3 4 0.00603703 0 -1.22775 0 0 0 0 -1.22171
4 5 0.0124033 0 -1.32945 0 0 0 0 -1.31704
5 6 0.0136387 0 -1.1549 0 0 0 0 -1.14126
6 7 0.221732 0 -1.40656 0 0 0 0 -1.18483
7 8 0.0926514 0 0 0 0 0 0 0.0926514
8 9 0.0494474 0 -1.1626 0 0 0 0 -1.11315
9 10 0.00029144 0 -1.34291 0 0 0 0 -1.34262
10 11 0.199969 0 -1.09282 0 0 0 0 -0.89285
11 12 0.000197301 0 -1.39615 0 0 0 0 -1.39596
12 13 0.0777671 0 0 0 0 0 0 0.0777671
13 14 0.0702862 0 -0.861938 0 0 0 0 -0.791652
14 15 0.0154739 0 0 0 0 0 0 0.0154739
15 16 0.011587 0 -1.11609 0 0 0 0 -1.10451
16 17 0.0166781 0 -0.971337 0 0 0 0 -0.954659
17 18 0.00616747 0 -1.03441 0 0 0 0 -1.02824
18 19 0.00467899 0 -0.647235 0 0 0 0 -0.642556
19 20 0.109306 0 -0.973528 0 0 0 0 -0.864221
20 21 0.0637757 0 -1.42318 0 0 0 0 -1.35941
21 22 0.0340224 0 -1.11818 0 0 0 0 -1.08416
22 23 0.0847982 0 -1.08156 0 0 0 0 -0.996763
23 24 0.0264307 0 0 0 0 0 0 0.0264307
25 26 0.00162063 0 -1.1743 0 0 0 0 -1.17268
26 27 0.033516 0 0 0 0 0 0 0.033516
27 28 0.00120532 0 -0.918448 0 0 0 0 -0.917242
28 29 0.00156385 0 -1.1639 0 0 0 0 -1.16233
29 30 0.00580759 0 0 0 0 0 0 0.00580759
30 31 0.00945196 0 -1.22218 0 0 0 0 -1.21273
31 32 0.0181544 0 -1.35881 0 0 0 0 -1.34065
32 33 0.0523586 0 -1.19693 0 0 0 0 -1.14457
33 34 0.0158369 0 -1.01426 0 0 0 0 -0.998422
34 35 0.012968 0 -0.61125 0 0 0 0 -0.598282
35 36 0.00953411 0 -1.31185 0 0 0 0 -1.30232
36 37 0.102131 0 0 0 0 0 0 0.102131
37 38 0.0168596 0 -0.629638 0 0 0 0 -0.612778
38 39 0.0525216 0 0 0 0 0 0 0.0525216
39 40 0.011532 0 -1.35906 0 0 0 0 -1.34752
40 41 0.0164802 0 0 0 0 0 0 0.0164802
41 42 0.0640206 0 -1.08371 0 0 0 0 -1.01969
42 43 0.0461513 0 -1.26321 0 0 0 0 -1.21706
43 44 0.0286121 0 -1.25243 0 0 0 0 -1.22382
44 45 0.935671 0 -1.10229 0 0 0 0 -0.166614
45 46 0.214241 0 0 0 0 0 0 0.214241
46 47 0.0254399 0 -1.28764 0 0 0 0 -1.2622
47 48 0.0179238 0 0 0 0 0 0 0.0179238
48 49 0.058557 0 0 0 0 0 0 0.058557
49 50 0.00112588 0 -0 0 0 0 0 0.00112588
50 51 0.118965 0 0 0 0 0 0 0.118965
#Total energy per particle is  -0.673224 and should be -0.67322410

