        0.0000  -1.016306   0.301227  -0.715079 
        0.5000  -0.859360   0.745178  -0.114183 
        1.0000  -0.657617   1.521353   0.863736 
        1.5000  -0.545648   1.743259   1.197611 
        2.0000  -0.420232   1.169527   0.749295 
        2.5000  -0.377769   0.823282   0.445514 
        3.0000  -0.316198   1.219894   0.903696 
        3.5000  -0.285770   1.602537   1.316766 
        4.0000  -0.287781   1.437501   1.149720 
        4.5000  -0.291526   0.831611   0.540084 
        5.0000  -0.255035   0.655873   0.400838 
        5.5000  -0.235950   1.143783   0.907833 
        6.0000  -0.239398   1.407378   1.167980 
        6.5000  -0.168482   1.084757   0.916275 
        7.0000  -0.164584   0.610703   0.446120 
        7.5000  -0.190515   0.698571   0.508056 
        8.0000  -0.209027   1.151469   0.942441 
        8.5000  -0.219472   1.281529   1.062058 
        9.0000  -0.193416   0.910279   0.716863 
        9.5000  -0.238914   0.563261   0.324347 
       10.0000  -0.208218   0.707692   0.499474 
       10.5000  -0.215225   1.102338   0.887113 
       11.0000  -0.208667   1.130323   0.921656 
       11.5000  -0.192737   0.754684   0.561948 
       12.0000  -0.184942   0.476309   0.291367 
       12.5000  -0.177628   0.700943   0.523314 
       13.0000  -0.213971   1.060881   0.846910 
       13.5000  -0.208891   0.996410   0.787519 
       14.0000  -0.194198   0.640817   0.446619 
       14.5000  -0.229263   0.489349   0.260086 
       15.0000  -0.208209   0.746053   0.537845 
       15.5000  -0.206540   0.986645   0.780105 
       16.0000  -0.186963   0.891390   0.704426 
       16.5000  -0.218225   0.606913   0.388688 
       17.0000  -0.204136   0.485771   0.281635 
       17.5000  -0.204870   0.739972   0.535102 
       18.0000  -0.169834   0.889059   0.719225 
       18.5000  -0.167528   0.832363   0.664836 
       19.0000  -0.210338   0.578382   0.368044 
       19.5000  -0.186507   0.463730   0.277223 
       20.0000  -0.223458   0.724035   0.500577 
       20.5000  -0.204487   0.859540   0.655054 
       21.0000  -0.209775   0.764185   0.554411 
       21.5000  -0.234990   0.553215   0.318225 
       22.0000  -0.241081   0.527660   0.286578 
       22.5000  -0.206774   0.698295   0.491521 
       23.0000  -0.232077   0.816247   0.584170 
       23.5000  -0.237569   0.710322   0.472753 
       24.0000  -0.237728   0.489558   0.251831 
       24.5000  -0.272413   0.517455   0.245042 
       25.0000  -0.250779   0.708249   0.457470 
       25.5000  -0.212674   0.754275   0.541601 
       26.0000  -0.211200   0.678448   0.467247 
       26.5000  -0.200448   0.482836   0.282388 
       27.0000  -0.204790   0.485552   0.280762 
       27.5000  -0.192717   0.618917   0.426200 
       28.0000  -0.208053   0.684575   0.476522 
       28.5000  -0.193247   0.609123   0.415877 
       29.0000  -0.189686   0.430160   0.240474 
       29.5000  -0.188965   0.418319   0.229353 
       30.0000  -0.194063   0.577609   0.383546 
       30.5000  -0.185748   0.628653   0.442905 
       31.0000  -0.166267   0.556584   0.390317 
       31.5000  -0.142086   0.399744   0.257659 
       32.0000  -0.167242   0.418205   0.250963 
       32.5000  -0.173946   0.542935   0.368988 
       33.0000  -0.195343   0.624166   0.428823 
       33.5000  -0.247227   0.639208   0.391982 
       34.0000  -0.234809   0.480396   0.245587 
       34.5000  -0.234774   0.431825   0.197051 
       35.0000  -0.252678   0.546594   0.293916 
       35.5000  -0.247130   0.625918   0.378788 
       36.0000  -0.261324   0.634039   0.372715 
       36.5000  -0.245755   0.540126   0.294371 
       37.0000  -0.197271   0.435913   0.238642 
       37.5000  -0.216136   0.515473   0.299337 
       38.0000  -0.227842   0.589578   0.361737 
       38.5000  -0.223119   0.567681   0.344562 
       39.0000  -0.244305   0.513194   0.268888 
       39.5000  -0.201837   0.455772   0.253935 
       40.0000  -0.235135   0.545679   0.310544 
       40.5000  -0.216171   0.539295   0.323124 
       41.0000  -0.211866   0.499606   0.287740 
       41.5000  -0.213997   0.474782   0.260784 
       42.0000  -0.178864   0.435203   0.256339 
       42.5000  -0.179554   0.461822   0.282268 
       43.0000  -0.207767   0.493152   0.285385 
       43.5000  -0.195746   0.473736   0.277990 
       44.0000  -0.217080   0.472755   0.255676 
       44.5000  -0.198145   0.433503   0.235358 
       45.0000  -0.183772   0.429406   0.245634 
       45.5000  -0.208243   0.474833   0.266591 
       46.0000  -0.185354   0.455198   0.269844 
       46.5000  -0.211134   0.467862   0.256728 
       47.0000  -0.175141   0.398402   0.223261 
       47.5000  -0.216184   0.442631   0.226447 
       48.0000  -0.226453   0.472277   0.245825 
       48.5000  -0.225444   0.463106   0.237663 
       49.0000  -0.222779   0.443542   0.220763 
       49.5000  -0.195690   0.416335   0.220645 
       50.0000  -0.233145   0.476079   0.242934 
       50.5000  -0.232175   0.480386   0.248211 
       51.0000  -0.247152   0.482145   0.234993 
       51.5000  -0.218216   0.433489   0.215273 
       52.0000  -0.222429   0.431920   0.209492 
       52.5000  -0.244450   0.460041   0.215591 
       53.0000  -0.248890   0.466085   0.217194 
       53.5000  -0.260672   0.461028   0.200356 
       54.0000  -0.248621   0.428026   0.179405 
       54.5000  -0.227962   0.382438   0.154476 
       55.0000  -0.250473   0.415520   0.165047 
       55.5000  -0.277990   0.441653   0.163663 
       56.0000  -0.286975   0.455785   0.168810 
       56.5000  -0.246453   0.423235   0.176782 
       57.0000  -0.253004   0.426092   0.173088 
       57.5000  -0.245575   0.421784   0.176208 
       58.0000  -0.273626   0.452858   0.179232 
       58.5000  -0.251485   0.419209   0.167724 
       59.0000  -0.295257   0.459010   0.163753 
       59.5000  -0.270627   0.435851   0.165224 
       60.0000  -0.286041   0.447225   0.161184 
       60.5000  -0.246743   0.405644   0.158901 
       61.0000  -0.267936   0.415649   0.147713 
       61.5000  -0.276267   0.404402   0.128134 
       62.0000  -0.282490   0.419477   0.136986 
       62.5000  -0.255006   0.394879   0.139873 
       63.0000  -0.290803   0.421042   0.130239 
       63.5000  -0.288215   0.418841   0.130626 
       64.0000  -0.295274   0.410858   0.115585 
       64.5000  -0.348442   0.445695   0.097253 
       65.0000  -0.361690   0.448902   0.087212 
       65.5000  -0.368780   0.467261   0.098481 
       66.0000  -0.323769   0.407986   0.084217 
       66.5000  -0.326775   0.410452   0.083676 
       67.0000  -0.322118   0.402134   0.080016 
       67.5000  -0.330950   0.413528   0.082578 
       68.0000  -0.345936   0.421818   0.075882 
       68.5000  -0.345771   0.420173   0.074403 
       69.0000  -0.327899   0.402355   0.074456 
       69.5000  -0.375921   0.454629   0.078708 
       70.0000  -0.301501   0.363265   0.061764 
       70.5000  -0.316027   0.372183   0.056157 
       71.0000  -0.325525   0.378450   0.052925 
       71.5000  -0.346144   0.409046   0.062902 
       72.0000  -0.324107   0.397134   0.073028 
       72.5000  -0.368851   0.424586   0.055735 
       73.0000  -0.373482   0.425757   0.052274 
       73.5000  -0.400366   0.449971   0.049606 
       74.0000  -0.348841   0.397743   0.048902 
       74.5000  -0.323321   0.375602   0.052281 
       75.0000  -0.361817   0.412171   0.050354 
       75.5000  -0.346649   0.396729   0.050080 
       76.0000  -0.354588   0.401196   0.046607 
       76.5000  -0.371618   0.406540   0.034922 
       77.0000  -0.359736   0.388521   0.028785 
       77.5000  -0.356270   0.378641   0.022371 
       78.0000  -0.347559   0.370353   0.022794 
       78.5000  -0.336958   0.360419   0.023461 
       79.0000  -0.348281   0.379227   0.030945 
       79.5000  -0.355214   0.383544   0.028330 
       80.0000  -0.332595   0.354404   0.021809 
       80.5000  -0.367648   0.376845   0.009197 
       81.0000  -0.370487   0.376924   0.006437 
       81.5000  -0.332595   0.345111   0.012516 
       82.0000  -0.364825   0.375230   0.010404 
       82.5000  -0.324115   0.333925   0.009811 
       83.0000  -0.358977   0.369481   0.010504 
       83.5000  -0.365862   0.367574   0.001712 
       84.0000  -0.355558   0.352142  -0.003416 
       84.5000  -0.372229   0.365751  -0.006478 
       85.0000  -0.386256   0.380014  -0.006242 
       85.5000  -0.385880   0.397906   0.012026 
       86.0000  -0.352859   0.369129   0.016270 
       86.5000  -0.342705   0.360039   0.017334 
       87.0000  -0.378904   0.396824   0.017921 
       87.5000  -0.319001   0.335131   0.016130 
       88.0000  -0.348506   0.357869   0.009363 
       88.5000  -0.352869   0.356203   0.003335 
       89.0000  -0.341505   0.339667  -0.001838 
       89.5000  -0.352539   0.345308  -0.007230 
       90.0000  -0.377850   0.375140  -0.002710 
       90.5000  -0.347407   0.353182   0.005775 
       91.0000  -0.338836   0.342570   0.003734 
       91.5000  -0.347606   0.353878   0.006273 
       92.0000  -0.339730   0.351957   0.012226 
       92.5000  -0.350647   0.355365   0.004717 
       93.0000  -0.376151   0.382875   0.006724 
       93.5000  -0.360240   0.362955   0.002715 
       94.0000  -0.345263   0.344077  -0.001185 
       94.5000  -0.359986   0.350441  -0.009545 
       95.0000  -0.387967   0.375152  -0.012815 
       95.5000  -0.348644   0.332914  -0.015730 
       96.0000  -0.351944   0.334927  -0.017017 
       96.5000  -0.357661   0.345424  -0.012237 
       97.0000  -0.372543   0.370366  -0.002177 
       97.5000  -0.387501   0.385672  -0.001829 
       98.0000  -0.343170   0.341618  -0.001552 
       98.5000  -0.354985   0.356638   0.001653 
       99.0000  -0.354300   0.352747  -0.001552 
       99.5000  -0.355258   0.360769   0.005511 
      100.0000  -0.376434   0.376939   0.000505 
      100.5000  -0.340025   0.335940  -0.004085 
      101.0000  -0.354014   0.353288  -0.000727 
      101.5000  -0.326733   0.331701   0.004969 
      102.0000  -0.359324   0.356691  -0.002632 
      102.5000  -0.357217   0.362676   0.005460 
      103.0000  -0.311561   0.310111  -0.001450 
      103.5000  -0.357725   0.343965  -0.013759 
      104.0000  -0.364954   0.352658  -0.012296 
      104.5000  -0.363888   0.350142  -0.013746 
      105.0000  -0.382888   0.364617  -0.018272 
      105.5000  -0.364551   0.334652  -0.029900 
      106.0000  -0.371598   0.344050  -0.027548 
      106.5000  -0.401574   0.379549  -0.022025 
      107.0000  -0.368195   0.343143  -0.025052 
      107.5000  -0.362983   0.342197  -0.020786 
      108.0000  -0.405601   0.383468  -0.022134 
      108.5000  -0.394511   0.376255  -0.018256 
      109.0000  -0.388645   0.361444  -0.027201 
      109.5000  -0.418570   0.380225  -0.038345 
      110.0000  -0.377085   0.340966  -0.036118 
      110.5000  -0.412733   0.365386  -0.047347 
      111.0000  -0.370707   0.329788  -0.040919 
      111.5000  -0.384809   0.341888  -0.042920 
      112.0000  -0.404486   0.370526  -0.033960 
      112.5000  -0.392616   0.356873  -0.035743 
      113.0000  -0.403620   0.370584  -0.033035 
      113.5000  -0.389997   0.348606  -0.041392 
      114.0000  -0.408937   0.354541  -0.054396 
      114.5000  -0.399688   0.345056  -0.054632 
      115.0000  -0.379576   0.329207  -0.050369 
      115.5000  -0.443315   0.391441  -0.051875 
      116.0000  -0.396212   0.338255  -0.057957 
      116.5000  -0.410077   0.354755  -0.055322 
      117.0000  -0.400483   0.340343  -0.060140 
      117.5000  -0.389373   0.317869  -0.071504 
      118.0000  -0.407075   0.324007  -0.083068 
      118.5000  -0.390898   0.306274  -0.084624 
      119.0000  -0.430056   0.344671  -0.085386 
      119.5000  -0.427256   0.335001  -0.092255 
      120.0000  -0.430703   0.337619  -0.093085 
      120.5000  -0.432004   0.337548  -0.094456 
      121.0000  -0.465749   0.371470  -0.094279 
      121.5000  -0.421367   0.319715  -0.101652 
      122.0000  -0.451418   0.358585  -0.092833 
      122.5000  -0.430804   0.335106  -0.095698 
      123.0000  -0.432147   0.333498  -0.098649 
      123.5000  -0.431909   0.339665  -0.092244 
      124.0000  -0.439573   0.340855  -0.098718 
      124.5000  -0.413567   0.317538  -0.096029 
      125.0000  -0.430955   0.336115  -0.094840 
      125.5000  -0.437978   0.328790  -0.109188 
      126.0000  -0.428578   0.315609  -0.112969 
      126.5000  -0.417662   0.306383  -0.111279 
      127.0000  -0.417103   0.307013  -0.110089 
      127.5000  -0.424598   0.309748  -0.114850 
      128.0000  -0.445518   0.332826  -0.112692 
      128.5000  -0.421852   0.310207  -0.111645 
      129.0000  -0.416276   0.306643  -0.109633 
      129.5000  -0.446260   0.323741  -0.122519 
      130.0000  -0.424242   0.292402  -0.131840 
      130.5000  -0.410322   0.284546  -0.125776 
      131.0000  -0.431310   0.310253  -0.121057 
      131.5000  -0.432660   0.309101  -0.123559 
      132.0000  -0.439570   0.316139  -0.123431 
      132.5000  -0.437252   0.316681  -0.120571 
      133.0000  -0.446448   0.331368  -0.115080 
      133.5000  -0.421930   0.304936  -0.116995 
      134.0000  -0.443781   0.322961  -0.120819 
      134.5000  -0.457824   0.326292  -0.131531 
      135.0000  -0.472866   0.334225  -0.138641 
      135.5000  -0.472073   0.329074  -0.143000 
      136.0000  -0.452797   0.305880  -0.146917 
      136.5000  -0.439762   0.289992  -0.149770 
      137.0000  -0.445851   0.296190  -0.149661 
      137.5000  -0.488046   0.338479  -0.149568 
      138.0000  -0.473477   0.326682  -0.146795 
      138.5000  -0.452887   0.307185  -0.145702 
      139.0000  -0.456600   0.312669  -0.143931 
      139.5000  -0.463898   0.322237  -0.141662 
      140.0000  -0.476953   0.332845  -0.144108 
      140.5000  -0.484306   0.335197  -0.149109 
      141.0000  -0.468432   0.321419  -0.147013 
      141.5000  -0.473793   0.334798  -0.138995 
      142.0000  -0.452222   0.310526  -0.141696 
      142.5000  -0.464086   0.321734  -0.142352 
      143.0000  -0.470175   0.334093  -0.136082 
      143.5000  -0.469457   0.339718  -0.129739 
      144.0000  -0.488242   0.368247  -0.119994 
      144.5000  -0.425983   0.308328  -0.117655 
      145.0000  -0.458232   0.340005  -0.118227 
      145.5000  -0.428935   0.317571  -0.111365 
      146.0000  -0.454984   0.337884  -0.117100 
      146.5000  -0.445115   0.337471  -0.107644 
      147.0000  -0.457312   0.341834  -0.115478 
      147.5000  -0.438614   0.318735  -0.119879 
      148.0000  -0.430720   0.303968  -0.126752 
      148.5000  -0.468822   0.345321  -0.123500 
      149.0000  -0.453108   0.330753  -0.122355 
      149.5000  -0.447284   0.329460  -0.117824 
      150.0000  -0.449785   0.333899  -0.115886 
      150.5000  -0.450346   0.342869  -0.107477 
      151.0000  -0.467098   0.351299  -0.115800 
      151.5000  -0.454273   0.333069  -0.121204 
      152.0000  -0.455932   0.334988  -0.120944 
      152.5000  -0.425827   0.312038  -0.113789 
      153.0000  -0.463732   0.349524  -0.114208 
      153.5000  -0.454686   0.325048  -0.129638 
      154.0000  -0.464403   0.342613  -0.121791 
      154.5000  -0.445790   0.316192  -0.129598 
      155.0000  -0.454081   0.315194  -0.138887 
      155.5000  -0.468926   0.321237  -0.147689 
      156.0000  -0.488321   0.352484  -0.135837 
      156.5000  -0.454282   0.325337  -0.128945 
      157.0000  -0.469557   0.345226  -0.124331 
      157.5000  -0.455382   0.328119  -0.127263 
      158.0000  -0.470205   0.334822  -0.135383 
      158.5000  -0.471761   0.339747  -0.132015 
      159.0000  -0.461191   0.330950  -0.130241 
      159.5000  -0.443570   0.321719  -0.121851 
      160.0000  -0.427707   0.295702  -0.132005 
      160.5000  -0.452229   0.318375  -0.133854 
      161.0000  -0.448194   0.315943  -0.132251 
      161.5000  -0.444142   0.320735  -0.123407 
      162.0000  -0.463293   0.343910  -0.119384 
      162.5000  -0.460826   0.334525  -0.126301 
      163.0000  -0.457392   0.328380  -0.129012 
      163.5000  -0.474345   0.351915  -0.122430 
      164.0000  -0.478302   0.344226  -0.134076 
      164.5000  -0.485603   0.355087  -0.130517 
      165.0000  -0.493853   0.353059  -0.140794 
      165.5000  -0.471406   0.325528  -0.145878 
      166.0000  -0.459023   0.315300  -0.143724 
      166.5000  -0.466215   0.324762  -0.141453 
      167.0000  -0.473634   0.336464  -0.137170 
      167.5000  -0.425163   0.298594  -0.126569 
      168.0000  -0.478590   0.346559  -0.132031 
      168.5000  -0.440364   0.302290  -0.138074 
      169.0000  -0.459087   0.320279  -0.138809 
      169.5000  -0.457887   0.321580  -0.136307 
      170.0000  -0.429484   0.289560  -0.139923 
      170.5000  -0.460898   0.327377  -0.133521 
      171.0000  -0.422290   0.281087  -0.141203 
      171.5000  -0.448499   0.310927  -0.137573 
      172.0000  -0.433615   0.296695  -0.136920 
      172.5000  -0.451593   0.319743  -0.131850 
      173.0000  -0.450743   0.318327  -0.132416 
      173.5000  -0.472503   0.332996  -0.139507 
      174.0000  -0.457802   0.320390  -0.137412 
      174.5000  -0.414219   0.276822  -0.137398 
      175.0000  -0.480235   0.346203  -0.134031 
      175.5000  -0.456665   0.328134  -0.128531 
      176.0000  -0.439773   0.309694  -0.130080 
      176.5000  -0.457201   0.333455  -0.123746 
      177.0000  -0.477343   0.350081  -0.127262 
      177.5000  -0.462033   0.327600  -0.134433 
      178.0000  -0.468424   0.347165  -0.121259 
      178.5000  -0.442269   0.322746  -0.119522 
      179.0000  -0.436892   0.323035  -0.113857 
      179.5000  -0.436337   0.324970  -0.111368 
      180.0000  -0.448286   0.331885  -0.116400 
      180.5000  -0.444729   0.332178  -0.112550 
      181.0000  -0.442662   0.323298  -0.119364 
      181.5000  -0.425973   0.305445  -0.120529 
      182.0000  -0.442522   0.323173  -0.119349 
      182.5000  -0.435856   0.310080  -0.125776 
      183.0000  -0.421275   0.280755  -0.140521 
      183.5000  -0.471492   0.328265  -0.143227 
      184.0000  -0.478279   0.344701  -0.133578 
      184.5000  -0.480195   0.341022  -0.139173 
      185.0000  -0.453582   0.313388  -0.140194 
      185.5000  -0.456544   0.316520  -0.140024 
      186.0000  -0.464356   0.325360  -0.138996 
      186.5000  -0.452683   0.309056  -0.143627 
      187.0000  -0.443771   0.306271  -0.137500 
      187.5000  -0.484280   0.343669  -0.140611 
      188.0000  -0.445928   0.296706  -0.149222 
      188.5000  -0.445059   0.298899  -0.146160 
      189.0000  -0.445787   0.304792  -0.140995 
      189.5000  -0.442337   0.305672  -0.136665 
      190.0000  -0.454560   0.320597  -0.133963 
      190.5000  -0.467466   0.333718  -0.133748 
      191.0000  -0.468897   0.338628  -0.130269 
      191.5000  -0.444517   0.311137  -0.133380 
      192.0000  -0.448734   0.316762  -0.131973 
      192.5000  -0.473426   0.332507  -0.140919 
      193.0000  -0.454352   0.318394  -0.135958 
      193.5000  -0.469395   0.333476  -0.135919 
      194.0000  -0.460997   0.331049  -0.129948 
      194.5000  -0.469515   0.333341  -0.136175 
      195.0000  -0.494710   0.360337  -0.134373 
      195.5000  -0.453073   0.312368  -0.140704 
      196.0000  -0.464701   0.322393  -0.142308 
      196.5000  -0.467199   0.328483  -0.138716 
      197.0000  -0.467496   0.334001  -0.133495 
      197.5000  -0.468617   0.342452  -0.126165 
      198.0000  -0.422545   0.310273  -0.112272 
      198.5000  -0.458475   0.338376  -0.120099 
      199.0000  -0.442566   0.324304  -0.118262 
      199.5000  -0.478044   0.357819  -0.120225 
      200.0000  -0.446415   0.325838  -0.120576 
      200.5000  -0.442665   0.317916  -0.124749 
      201.0000  -0.422703   0.298765  -0.123938 
      201.5000  -0.439700   0.312429  -0.127271 
      202.0000  -0.449284   0.309153  -0.140130 
      202.5000  -0.456729   0.314504  -0.142225 
      203.0000  -0.468922   0.324372  -0.144550 
      203.5000  -0.470007   0.328821  -0.141186 
      204.0000  -0.472919   0.321753  -0.151166 
      204.5000  -0.471321   0.319177  -0.152144 
      205.0000  -0.464192   0.310874  -0.153318 
      205.5000  -0.475512   0.321077  -0.154436 
      206.0000  -0.483954   0.326208  -0.157746 
      206.5000  -0.467522   0.304437  -0.163084 
      207.0000  -0.450734   0.285352  -0.165382 
      207.5000  -0.463173   0.302073  -0.161100 
      208.0000  -0.455773   0.296763  -0.159010 
      208.5000  -0.464229   0.297838  -0.166390 
      209.0000  -0.476208   0.306159  -0.170049 
      209.5000  -0.470131   0.301820  -0.168311 
      210.0000  -0.494443   0.320950  -0.173493 
      210.5000  -0.491102   0.307309  -0.183793 
      211.0000  -0.486486   0.297116  -0.189370 
      211.5000  -0.487887   0.295433  -0.192453 
      212.0000  -0.483208   0.293938  -0.189271 
      212.5000  -0.481296   0.301011  -0.180285 
      213.0000  -0.470836   0.282788  -0.188048 
      213.5000  -0.493162   0.303934  -0.189228 
      214.0000  -0.486975   0.295963  -0.191012 
      214.5000  -0.471538   0.279978  -0.191560 
      215.0000  -0.479644   0.277904  -0.201740 
      215.5000  -0.490351   0.289206  -0.201145 
      216.0000  -0.457667   0.263189  -0.194478 
      216.5000  -0.500111   0.292532  -0.207579 
      217.0000  -0.488435   0.283208  -0.205227 
      217.5000  -0.466727   0.269858  -0.196869 
      218.0000  -0.512871   0.315183  -0.197687 
      218.5000  -0.486776   0.293530  -0.193246 
      219.0000  -0.474174   0.286234  -0.187940 
      219.5000  -0.471202   0.279758  -0.191444 
      220.0000  -0.511288   0.318949  -0.192339 
      220.5000  -0.492216   0.294276  -0.197940 
      221.0000  -0.499751   0.310825  -0.188927 
      221.5000  -0.489085   0.310346  -0.178739 
      222.0000  -0.471948   0.300354  -0.171594 
      222.5000  -0.486273   0.305669  -0.180604 
      223.0000  -0.465599   0.290058  -0.175542 
      223.5000  -0.492390   0.325205  -0.167185 
      224.0000  -0.465293   0.297872  -0.167421 
      224.5000  -0.485701   0.313356  -0.172345 
      225.0000  -0.495535   0.325107  -0.170428 
      225.5000  -0.467891   0.294249  -0.173641 
      226.0000  -0.480556   0.301646  -0.178910 
      226.5000  -0.469031   0.292875  -0.176156 
      227.0000  -0.484937   0.308573  -0.176364 
      227.5000  -0.466929   0.286625  -0.180304 
      228.0000  -0.504239   0.313955  -0.190284 
      228.5000  -0.464951   0.269671  -0.195279 
      229.0000  -0.490026   0.297699  -0.192327 
      229.5000  -0.497032   0.308420  -0.188611 
      230.0000  -0.496659   0.311805  -0.184854 
      230.5000  -0.509977   0.329461  -0.180515 
      231.0000  -0.477438   0.293019  -0.184419 
      231.5000  -0.506245   0.314915  -0.191330 
      232.0000  -0.472239   0.282132  -0.190107 
      232.5000  -0.476278   0.280269  -0.196010 
      233.0000  -0.485113   0.295632  -0.189481 
      233.5000  -0.479169   0.280829  -0.198340 
      234.0000  -0.486677   0.289807  -0.196870 
      234.5000  -0.499899   0.311887  -0.188012 
      235.0000  -0.489202   0.298995  -0.190207 
      235.5000  -0.496739   0.306541  -0.190198 
      236.0000  -0.497610   0.309563  -0.188047 
      236.5000  -0.485812   0.299482  -0.186331 
      237.0000  -0.508125   0.319109  -0.189016 
      237.5000  -0.470130   0.282988  -0.187141 
      238.0000  -0.485157   0.307806  -0.177350 
      238.5000  -0.487070   0.309102  -0.177967 
      239.0000  -0.499362   0.313526  -0.185836 
      239.5000  -0.468161   0.287342  -0.180818 
      240.0000  -0.484674   0.297880  -0.186794 
      240.5000  -0.490325   0.304880  -0.185445 
      241.0000  -0.480390   0.293866  -0.186523 
      241.5000  -0.496350   0.302585  -0.193765 
      242.0000  -0.470845   0.282405  -0.188439 
      242.5000  -0.481041   0.296585  -0.184455 
      243.0000  -0.450926   0.265645  -0.185281 
      243.5000  -0.460654   0.275819  -0.184835 
      244.0000  -0.476030   0.294332  -0.181698 
      244.5000  -0.465726   0.284291  -0.181435 
      245.0000  -0.470105   0.286432  -0.183673 
      245.5000  -0.498424   0.319947  -0.178477 
      246.0000  -0.486909   0.304808  -0.182101 
      246.5000  -0.476936   0.294888  -0.182048 
      247.0000  -0.488455   0.316087  -0.172368 
      247.5000  -0.481204   0.316905  -0.164299 
      248.0000  -0.437488   0.280376  -0.157112 
      248.5000  -0.445029   0.281455  -0.163574 
      249.0000  -0.458728   0.281929  -0.176799 
      249.5000  -0.457616   0.274152  -0.183464 
      250.0000  -0.483964   0.306158  -0.177806 
      250.5000  -0.457475   0.282110  -0.175364 
      251.0000  -0.465376   0.277094  -0.188282 
      251.5000  -0.494951   0.300144  -0.194806 
      252.0000  -0.457609   0.264826  -0.192783 
      252.5000  -0.461958   0.272645  -0.189314 
      253.0000  -0.488491   0.302297  -0.186194 
      253.5000  -0.450131   0.264758  -0.185373 
      254.0000  -0.459592   0.269875  -0.189718 
      254.5000  -0.467497   0.277178  -0.190319 
      255.0000  -0.480402   0.298977  -0.181424 
      255.5000  -0.473617   0.297027  -0.176590 
      256.0000  -0.468893   0.292663  -0.176230 
      256.5000  -0.472439   0.301770  -0.170669 
      257.0000  -0.473462   0.299134  -0.174328 
      257.5000  -0.450721   0.277167  -0.173554 
      258.0000  -0.465198   0.294029  -0.171169 
      258.5000  -0.445858   0.284265  -0.161593 
      259.0000  -0.480259   0.322340  -0.157919 
      259.5000  -0.443423   0.282192  -0.161231 
      260.0000  -0.451946   0.303391  -0.148556 
      260.5000  -0.458624   0.309989  -0.148635 
      261.0000  -0.488463   0.344445  -0.144018 
      261.5000  -0.447810   0.309083  -0.138726 
      262.0000  -0.457305   0.322440  -0.134865 
      262.5000  -0.456400   0.321975  -0.134425 
      263.0000  -0.439757   0.316263  -0.123494 
      263.5000  -0.474362   0.347099  -0.127263 
      264.0000  -0.463864   0.333141  -0.130723 
      264.5000  -0.455840   0.317862  -0.137978 
      265.0000  -0.443590   0.303406  -0.140184 
      265.5000  -0.477139   0.328868  -0.148272 
      266.0000  -0.460368   0.319330  -0.141038 
      266.5000  -0.441022   0.305870  -0.135153 
      267.0000  -0.440591   0.303376  -0.137214 
      267.5000  -0.449032   0.312751  -0.136281 
      268.0000  -0.480930   0.353713  -0.127218 
      268.5000  -0.468267   0.328791  -0.139476 
      269.0000  -0.441331   0.305492  -0.135839 
      269.5000  -0.442969   0.304516  -0.138453 
      270.0000  -0.430503   0.287762  -0.142741 
      270.5000  -0.441772   0.303184  -0.138588 
      271.0000  -0.432664   0.294034  -0.138630 
      271.5000  -0.495630   0.359524  -0.136106 
      272.0000  -0.446457   0.315667  -0.130790 
      272.5000  -0.458248   0.330828  -0.127420 
      273.0000  -0.454639   0.322208  -0.132432 
      273.5000  -0.434711   0.300351  -0.134360 
      274.0000  -0.483294   0.347519  -0.135775 
      274.5000  -0.451912   0.325241  -0.126672 
      275.0000  -0.445379   0.315907  -0.129472 
      275.5000  -0.469334   0.335317  -0.134017 
      276.0000  -0.457870   0.319504  -0.138366 
      276.5000  -0.442962   0.312713  -0.130249 
      277.0000  -0.471721   0.333741  -0.137980 
      277.5000  -0.464912   0.329995  -0.134917 
      278.0000  -0.442173   0.300681  -0.141492 
      278.5000  -0.462440   0.321640  -0.140800 
      279.0000  -0.476651   0.330160  -0.146492 
      279.5000  -0.454003   0.307891  -0.146112 
      280.0000  -0.472276   0.324294  -0.147982 
      280.5000  -0.452483   0.301994  -0.150490 
      281.0000  -0.451197   0.304153  -0.147044 
      281.5000  -0.470261   0.328068  -0.142193 
      282.0000  -0.455348   0.312928  -0.142420 
      282.5000  -0.454377   0.314492  -0.139885 
      283.0000  -0.459167   0.316055  -0.143112 
      283.5000  -0.493676   0.354844  -0.138832 
      284.0000  -0.440093   0.304517  -0.135575 
      284.5000  -0.461790   0.322272  -0.139518 
      285.0000  -0.444462   0.301549  -0.142914 
      285.5000  -0.454155   0.311159  -0.142996 
      286.0000  -0.450756   0.310081  -0.140675 
      286.5000  -0.434249   0.291595  -0.142654 
      287.0000  -0.462637   0.318706  -0.143932 
      287.5000  -0.455196   0.316817  -0.138379 
      288.0000  -0.447654   0.311450  -0.136204 
      288.5000  -0.464761   0.327379  -0.137382 
      289.0000  -0.441465   0.304131  -0.137334 
      289.5000  -0.464816   0.332359  -0.132457 
      290.0000  -0.456008   0.335442  -0.120566 
      290.5000  -0.446046   0.328113  -0.117933 
      291.0000  -0.451886   0.321099  -0.130787 
      291.5000  -0.497272   0.379852  -0.117420 
      292.0000  -0.467857   0.333691  -0.134166 
      292.5000  -0.419301   0.292900  -0.126401 
      293.0000  -0.475306   0.350950  -0.124357 
      293.5000  -0.450757   0.331503  -0.119254 
      294.0000  -0.467995   0.336801  -0.131194 
      294.5000  -0.459636   0.335304  -0.124332 
      295.0000  -0.454401   0.326620  -0.127781 
      295.5000  -0.471057   0.348396  -0.122662 
      296.0000  -0.460582   0.340512  -0.120071 
      296.5000  -0.433133   0.305659  -0.127473 
      297.0000  -0.456787   0.329062  -0.127725 
      297.5000  -0.460865   0.335913  -0.124952 
      298.0000  -0.454158   0.319598  -0.134559 
      298.5000  -0.421526   0.293954  -0.127572 
      299.0000  -0.461425   0.324032  -0.137393 
      299.5000  -0.459053   0.317788  -0.141264 
      300.0000  -0.421263   0.279901  -0.141362 
      300.5000  -0.453789   0.304235  -0.149554 
      301.0000  -0.444309   0.295047  -0.149263 
      301.5000  -0.494860   0.340214  -0.154646 
      302.0000  -0.470877   0.313661  -0.157217 
      302.5000  -0.488965   0.329576  -0.159389 
      303.0000  -0.469896   0.302357  -0.167539 
      303.5000  -0.477771   0.313899  -0.163872 
      304.0000  -0.453628   0.284497  -0.169131 
      304.5000  -0.419635   0.252972  -0.166663 
      305.0000  -0.453758   0.295963  -0.157795 
      305.5000  -0.489345   0.331713  -0.157633 
      306.0000  -0.467375   0.309111  -0.158263 
      306.5000  -0.453739   0.296100  -0.157639 
      307.0000  -0.458733   0.302938  -0.155796 
      307.5000  -0.480960   0.320496  -0.160464 
      308.0000  -0.465525   0.303665  -0.161860 
      308.5000  -0.453762   0.295852  -0.157910 
      309.0000  -0.430226   0.275231  -0.154995 
      309.5000  -0.463471   0.305840  -0.157631 
      310.0000  -0.434719   0.278720  -0.155999 
      310.5000  -0.457218   0.297251  -0.159967 
      311.0000  -0.445420   0.289697  -0.155723 
      311.5000  -0.467750   0.309297  -0.158453 
      312.0000  -0.414227   0.253533  -0.160694 
      312.5000  -0.451659   0.297682  -0.153977 
      313.0000  -0.450836   0.295986  -0.154849 
      313.5000  -0.458169   0.305983  -0.152186 
      314.0000  -0.455266   0.308698  -0.146568 
      314.5000  -0.450983   0.301534  -0.149450 
      315.0000  -0.455620   0.317456  -0.138164 
      315.5000  -0.470003   0.337891  -0.132111 
      316.0000  -0.470657   0.329807  -0.140850 
      316.5000  -0.452745   0.317579  -0.135167 
      317.0000  -0.453055   0.304379  -0.148677 
      317.5000  -0.467385   0.315453  -0.151932 
      318.0000  -0.453165   0.309115  -0.144049 
      318.5000  -0.445259   0.300802  -0.144457 
      319.0000  -0.472781   0.331461  -0.141320 
      319.5000  -0.438797   0.299067  -0.139729 
      320.0000  -0.462259   0.325567  -0.136692 
      320.5000  -0.474732   0.338808  -0.135924 
      321.0000  -0.448092   0.310885  -0.137207 
      321.5000  -0.480786   0.343913  -0.136873 
      322.0000  -0.464244   0.318779  -0.145466 
      322.5000  -0.448861   0.297108  -0.151753 
      323.0000  -0.449994   0.303128  -0.146865 
      323.5000  -0.446676   0.290025  -0.156651 
      324.0000  -0.462325   0.312121  -0.150204 
      324.5000  -0.454405   0.291720  -0.162685 
      325.0000  -0.466086   0.311734  -0.154351 
      325.5000  -0.433161   0.282779  -0.150381 
      326.0000  -0.447979   0.297581  -0.150398 
      326.5000  -0.459791   0.313713  -0.146077 
      327.0000  -0.484625   0.329893  -0.154732 
      327.5000  -0.465724   0.313551  -0.152173 
      328.0000  -0.458068   0.301914  -0.156154 
      328.5000  -0.469328   0.305340  -0.163988 
      329.0000  -0.448090   0.277276  -0.170814 
      329.5000  -0.442655   0.280534  -0.162122 
      330.0000  -0.434084   0.265526  -0.168558 
      330.5000  -0.466485   0.296909  -0.169576 
      331.0000  -0.458219   0.294748  -0.163470 
      331.5000  -0.467007   0.306237  -0.160770 
      332.0000  -0.415773   0.255461  -0.160312 
      332.5000  -0.490984   0.323412  -0.167572 
      333.0000  -0.462777   0.296607  -0.166170 
      333.5000  -0.448556   0.292172  -0.156384 
      334.0000  -0.451124   0.295401  -0.155723 
      334.5000  -0.481559   0.327450  -0.154109 
      335.0000  -0.451572   0.295306  -0.156266 
      335.5000  -0.470720   0.318745  -0.151975 
      336.0000  -0.475037   0.316522  -0.158516 
      336.5000  -0.427279   0.257971  -0.169309 
      337.0000  -0.478936   0.309928  -0.169007 
      337.5000  -0.488039   0.324864  -0.163175 
      338.0000  -0.453773   0.288296  -0.165477 
      338.5000  -0.454347   0.284368  -0.169979 
      339.0000  -0.476832   0.310437  -0.166395 
      339.5000  -0.472744   0.301620  -0.171124 
      340.0000  -0.468492   0.292872  -0.175620 
      340.5000  -0.453813   0.282028  -0.171784 
      341.0000  -0.462244   0.290347  -0.171897 
      341.5000  -0.457952   0.296698  -0.161254 
      342.0000  -0.474153   0.310764  -0.163388 
      342.5000  -0.459683   0.292733  -0.166950 
      343.0000  -0.444958   0.282656  -0.162302 
      343.5000  -0.459404   0.299333  -0.160071 
      344.0000  -0.457108   0.293373  -0.163735 
      344.5000  -0.441799   0.265549  -0.176250 
      345.0000  -0.484088   0.303343  -0.180745 
      345.5000  -0.492349   0.310356  -0.181993 
      346.0000  -0.463942   0.277549  -0.186393 
      346.5000  -0.469825   0.273651  -0.196175 
      347.0000  -0.487820   0.300642  -0.187178 
      347.5000  -0.505333   0.323589  -0.181744 
      348.0000  -0.471201   0.299853  -0.171348 
      348.5000  -0.486197   0.314437  -0.171760 
      349.0000  -0.499819   0.322212  -0.177607 
      349.5000  -0.474132   0.298952  -0.175180 
      350.0000  -0.501277   0.320208  -0.181069 
      350.5000  -0.484316   0.298178  -0.186138 
      351.0000  -0.442684   0.259674  -0.183010 
      351.5000  -0.461631   0.283609  -0.178022 
      352.0000  -0.478509   0.296541  -0.181968 
      352.5000  -0.491606   0.303831  -0.187775 
      353.0000  -0.484923   0.290769  -0.194154 
      353.5000  -0.497354   0.294116  -0.203237 
      354.0000  -0.496031   0.293411  -0.202620 
      354.5000  -0.495853   0.287431  -0.208422 
      355.0000  -0.504082   0.292636  -0.211446 
      355.5000  -0.498188   0.307603  -0.190585 
      356.0000  -0.488198   0.290786  -0.197412 
      356.5000  -0.511216   0.313030  -0.198186 
      357.0000  -0.529465   0.321798  -0.207667 
      357.5000  -0.511109   0.302337  -0.208772 
      358.0000  -0.530417   0.323970  -0.206447 
      358.5000  -0.491867   0.291457  -0.200409 
      359.0000  -0.490985   0.289073  -0.201913 
      359.5000  -0.550376   0.349065  -0.201311 
      360.0000  -0.478645   0.285081  -0.193565 
      360.5000  -0.491152   0.301696  -0.189456 
      361.0000  -0.515892   0.323892  -0.191999 
      361.5000  -0.501778   0.308633  -0.193145 
      362.0000  -0.494864   0.296670  -0.198193 
      362.5000  -0.537284   0.334837  -0.202447 
      363.0000  -0.490626   0.298427  -0.192198 
      363.5000  -0.518880   0.318758  -0.200123 
      364.0000  -0.528418   0.331460  -0.196958 
      364.5000  -0.533349   0.323965  -0.209384 
      365.0000  -0.519002   0.326354  -0.192648 
      365.5000  -0.502642   0.315748  -0.186894 
      366.0000  -0.511153   0.327526  -0.183628 
      366.5000  -0.526026   0.345240  -0.180786 
      367.0000  -0.515338   0.335660  -0.179678 
      367.5000  -0.475925   0.306421  -0.169504 
      368.0000  -0.504249   0.343927  -0.160321 
      368.5000  -0.487518   0.331597  -0.155921 
      369.0000  -0.487615   0.326952  -0.160662 
      369.5000  -0.493065   0.339775  -0.153290 
      370.0000  -0.495382   0.338596  -0.156786 
      370.5000  -0.488761   0.334365  -0.154396 
      371.0000  -0.533597   0.375187  -0.158410 
      371.5000  -0.499506   0.344893  -0.154612 
      372.0000  -0.485591   0.323152  -0.162439 
      372.5000  -0.534693   0.371169  -0.163523 
      373.0000  -0.550330   0.373317  -0.177012 
      373.5000  -0.545730   0.357705  -0.188025 
      374.0000  -0.514321   0.328744  -0.185577 
      374.5000  -0.511648   0.327186  -0.184461 
      375.0000  -0.500212   0.332415  -0.167797 
      375.5000  -0.508687   0.341237  -0.167449 
      376.0000  -0.505032   0.338278  -0.166754 
      376.5000  -0.455366   0.291158  -0.164208 
      377.0000  -0.528748   0.361139  -0.167610 
      377.5000  -0.502525   0.330811  -0.171714 
      378.0000  -0.509199   0.339603  -0.169597 
      378.5000  -0.532633   0.352763  -0.179870 
      379.0000  -0.553994   0.370960  -0.183034 
      379.5000  -0.499577   0.307496  -0.192081 
      380.0000  -0.491208   0.310904  -0.180304 
      380.5000  -0.504862   0.318333  -0.186529 
      381.0000  -0.526872   0.346774  -0.180098 
      381.5000  -0.485314   0.309060  -0.176254 
      382.0000  -0.510174   0.330777  -0.179396 
      382.5000  -0.494363   0.306710  -0.187652 
      383.0000  -0.503262   0.307836  -0.195426 
      383.5000  -0.516310   0.318548  -0.197762 
      384.0000  -0.520198   0.324910  -0.195288 
      384.5000  -0.538073   0.343386  -0.194687 
      385.0000  -0.517983   0.311246  -0.206737 
      385.5000  -0.521688   0.314495  -0.207193 
      386.0000  -0.510924   0.305327  -0.205597 
      386.5000  -0.518421   0.311427  -0.206995 
      387.0000  -0.513996   0.314383  -0.199613 
      387.5000  -0.508891   0.300307  -0.208584 
      388.0000  -0.484340   0.280558  -0.203782 
      388.5000  -0.498850   0.298146  -0.200704 
      389.0000  -0.529494   0.326913  -0.202581 
      389.5000  -0.501810   0.300409  -0.201400 
      390.0000  -0.503986   0.298595  -0.205391 
      390.5000  -0.507925   0.307348  -0.200577 
      391.0000  -0.505045   0.294158  -0.210887 
      391.5000  -0.538292   0.318912  -0.219380 
      392.0000  -0.516944   0.293415  -0.223530 
      392.5000  -0.531092   0.315684  -0.215409 
      393.0000  -0.537933   0.317890  -0.220043 
      393.5000  -0.544314   0.320092  -0.224222 
      394.0000  -0.543669   0.313358  -0.230311 
      394.5000  -0.552698   0.314815  -0.237883 
      395.0000  -0.538037   0.283685  -0.254353 
      395.5000  -0.581431   0.336096  -0.245336 
      396.0000  -0.541697   0.306374  -0.235323 
      396.5000  -0.553510   0.314262  -0.239248 
      397.0000  -0.586636   0.334489  -0.252147 
      397.5000  -0.586056   0.334610  -0.251446 
      398.0000  -0.539273   0.291780  -0.247494 
      398.5000  -0.577590   0.326530  -0.251060 
      399.0000  -0.565135   0.316154  -0.248981 
      399.5000  -0.566058   0.305663  -0.260395 
      400.0000  -0.587852   0.328290  -0.259561 
      400.5000  -0.592295   0.339908  -0.252387 
      401.0000  -0.583813   0.333832  -0.249982 
      401.5000  -0.572325   0.325789  -0.246537 
      402.0000  -0.549021   0.297561  -0.251460 
      402.5000  -0.556602   0.305861  -0.250741 
      403.0000  -0.569587   0.315188  -0.254399 
      403.5000  -0.557632   0.303510  -0.254123 
      404.0000  -0.564284   0.316106  -0.248178 
      404.5000  -0.566298   0.312703  -0.253596 
      405.0000  -0.577240   0.316740  -0.260499 
      405.5000  -0.576845   0.318477  -0.258368 
      406.0000  -0.587259   0.313671  -0.273587 
      406.5000  -0.580169   0.306519  -0.273650 
      407.0000  -0.608856   0.339930  -0.268925 
      407.5000  -0.559467   0.292699  -0.266768 
      408.0000  -0.594707   0.331952  -0.262755 
      408.5000  -0.563912   0.307481  -0.256431 
      409.0000  -0.580927   0.327362  -0.253565 
      409.5000  -0.561719   0.301186  -0.260532 
      410.0000  -0.603864   0.345550  -0.258314 
      410.5000  -0.556095   0.295342  -0.260753 
      411.0000  -0.589569   0.332480  -0.257090 
      411.5000  -0.563022   0.306988  -0.256034 
      412.0000  -0.568833   0.312820  -0.256013 
      412.5000  -0.567080   0.309839  -0.257241 
      413.0000  -0.578816   0.322106  -0.256710 
      413.5000  -0.586975   0.326241  -0.260734 
      414.0000  -0.584190   0.315065  -0.269125 
      414.5000  -0.608475   0.341401  -0.267073 
      415.0000  -0.630536   0.372407  -0.258129 
      415.5000  -0.599573   0.340293  -0.259280 
      416.0000  -0.600720   0.329739  -0.270981 
      416.5000  -0.599278   0.330501  -0.268778 
      417.0000  -0.592996   0.315840  -0.277156 
      417.5000  -0.585780   0.306333  -0.279447 
      418.0000  -0.627518   0.336615  -0.290903 
      418.5000  -0.616740   0.324901  -0.291839 
      419.0000  -0.593010   0.307444  -0.285567 
      419.5000  -0.589269   0.294564  -0.294706 
      420.0000  -0.626507   0.335167  -0.291340 
      420.5000  -0.568687   0.276380  -0.292307 
      421.0000  -0.585733   0.294409  -0.291324 
      421.5000  -0.571489   0.281794  -0.289695 
      422.0000  -0.603253   0.317251  -0.286002 
      422.5000  -0.582014   0.288593  -0.293421 
      423.0000  -0.599072   0.298264  -0.300808 
      423.5000  -0.586738   0.287591  -0.299147 
      424.0000  -0.605425   0.308166  -0.297259 
      424.5000  -0.600555   0.310602  -0.289954 
      425.0000  -0.609565   0.324051  -0.285514 
      425.5000  -0.595026   0.301237  -0.293790 
      426.0000  -0.622235   0.314635  -0.307600 
      426.5000  -0.605461   0.296356  -0.309105 
      427.0000  -0.625542   0.313173  -0.312368 
      427.5000  -0.611922   0.301414  -0.310508 
      428.0000  -0.611448   0.299719  -0.311729 
      428.5000  -0.614559   0.302558  -0.312001 
      429.0000  -0.588803   0.289119  -0.299684 
      429.5000  -0.599196   0.303554  -0.295642 
      430.0000  -0.590045   0.290658  -0.299387 
      430.5000  -0.602773   0.310183  -0.292590 
      431.0000  -0.579051   0.294227  -0.284823 
      431.5000  -0.570812   0.280518  -0.290294 
      432.0000  -0.599108   0.309498  -0.289610 
      432.5000  -0.602120   0.317260  -0.284860 
      433.0000  -0.599858   0.318406  -0.281452 
      433.5000  -0.589751   0.316921  -0.272830 
      434.0000  -0.619432   0.352130  -0.267302 
      434.5000  -0.593076   0.325783  -0.267293 
      435.0000  -0.614082   0.341871  -0.272211 
      435.5000  -0.622706   0.342456  -0.280250 
      436.0000  -0.574935   0.294432  -0.280503 
      436.5000  -0.593684   0.306695  -0.286988 
      437.0000  -0.583767   0.296703  -0.287064 
      437.5000  -0.594505   0.308848  -0.285657 
      438.0000  -0.596092   0.310749  -0.285343 
      438.5000  -0.607892   0.328540  -0.279353 
      439.0000  -0.612207   0.328920  -0.283287 
      439.5000  -0.593795   0.297368  -0.296426 
      440.0000  -0.612567   0.322762  -0.289805 
      440.5000  -0.611154   0.305884  -0.305270 
      441.0000  -0.644874   0.332952  -0.311922 
      441.5000  -0.626235   0.314444  -0.311791 
      442.0000  -0.626049   0.317096  -0.308953 
      442.5000  -0.622361   0.317539  -0.304822 
      443.0000  -0.612761   0.311336  -0.301425 
      443.5000  -0.606526   0.297131  -0.309395 
      444.0000  -0.590176   0.271132  -0.319044 
      444.5000  -0.622094   0.308105  -0.313989 
      445.0000  -0.581410   0.276453  -0.304957 
      445.5000  -0.611386   0.312136  -0.299250 
      446.0000  -0.596718   0.312046  -0.284672 
      446.5000  -0.599380   0.318007  -0.281373 
      447.0000  -0.617425   0.336283  -0.281143 
      447.5000  -0.606580   0.313603  -0.292976 
      448.0000  -0.582365   0.290093  -0.292272 
      448.5000  -0.605724   0.314210  -0.291513 
      449.0000  -0.599414   0.303142  -0.296272 
      449.5000  -0.597317   0.293093  -0.304224 
      450.0000  -0.608382   0.304679  -0.303703 
      450.5000  -0.629944   0.321722  -0.308222 
      451.0000  -0.625685   0.312221  -0.313463 
      451.5000  -0.605406   0.295188  -0.310218 
      452.0000  -0.611351   0.308467  -0.302884 
      452.5000  -0.606933   0.299752  -0.307181 
      453.0000  -0.610995   0.309184  -0.301811 
      453.5000  -0.616018   0.320895  -0.295123 
      454.0000  -0.601688   0.296789  -0.304900 
      454.5000  -0.612438   0.314964  -0.297474 
      455.0000  -0.610651   0.311747  -0.298903 
      455.5000  -0.620917   0.324413  -0.296504 
      456.0000  -0.647893   0.340946  -0.306947 
      456.5000  -0.623921   0.312319  -0.311602 
      457.0000  -0.634661   0.318375  -0.316285 
      457.5000  -0.618513   0.299117  -0.319396 
      458.0000  -0.633135   0.319081  -0.314054 
      458.5000  -0.624576   0.309586  -0.314990 
      459.0000  -0.622116   0.309094  -0.313022 
      459.5000  -0.596782   0.287923  -0.308859 
      460.0000  -0.628686   0.316054  -0.312632 
      460.5000  -0.644912   0.323645  -0.321267 
      461.0000  -0.608477   0.294332  -0.314145 
      461.5000  -0.637158   0.317246  -0.319912 
      462.0000  -0.623429   0.305106  -0.318322 
      462.5000  -0.634782   0.326488  -0.308294 
      463.0000  -0.596964   0.280542  -0.316422 
      463.5000  -0.628597   0.306053  -0.322544 
      464.0000  -0.609439   0.294782  -0.314657 
      464.5000  -0.629989   0.310461  -0.319529 
      465.0000  -0.609592   0.293223  -0.316369 
      465.5000  -0.626262   0.310431  -0.315832 
      466.0000  -0.635320   0.311791  -0.323528 
      466.5000  -0.632797   0.307223  -0.325573 
      467.0000  -0.624830   0.301211  -0.323620 
      467.5000  -0.634446   0.306346  -0.328100 
      468.0000  -0.618132   0.277913  -0.340219 
      468.5000  -0.606967   0.269709  -0.337258 
      469.0000  -0.636727   0.298872  -0.337855 
      469.5000  -0.601071   0.260046  -0.341025 
      470.0000  -0.611037   0.269267  -0.341771 
      470.5000  -0.603134   0.264407  -0.338728 
      471.0000  -0.614108   0.269772  -0.344336 
      471.5000  -0.600627   0.250411  -0.350216 
      472.0000  -0.634923   0.281798  -0.353126 
      472.5000  -0.626537   0.275966  -0.350571 
      473.0000  -0.620009   0.271614  -0.348396 
      473.5000  -0.650134   0.304600  -0.345534 
      474.0000  -0.638693   0.295390  -0.343303 
      474.5000  -0.660816   0.307740  -0.353076 
      475.0000  -0.616820   0.262365  -0.354455 
      475.5000  -0.626968   0.274824  -0.352145 
      476.0000  -0.642046   0.292509  -0.349536 
      476.5000  -0.650778   0.304807  -0.345972 
      477.0000  -0.637964   0.279246  -0.358719 
      477.5000  -0.633444   0.274914  -0.358530 
      478.0000  -0.671543   0.310343  -0.361201 
      478.5000  -0.626805   0.273614  -0.353191 
      479.0000  -0.635775   0.295638  -0.340136 
      479.5000  -0.649478   0.310250  -0.339228 
      480.0000  -0.625186   0.284055  -0.341131 
      480.5000  -0.649140   0.301103  -0.348037 
      481.0000  -0.618255   0.280475  -0.337780 
      481.5000  -0.636853   0.302742  -0.334111 
      482.0000  -0.640938   0.307775  -0.333163 
      482.5000  -0.650029   0.320467  -0.329563 
      483.0000  -0.649326   0.316258  -0.333068 
      483.5000  -0.644214   0.304814  -0.339401 
      484.0000  -0.647000   0.306444  -0.340556 
      484.5000  -0.660694   0.310669  -0.350025 
      485.0000  -0.640616   0.282052  -0.358563 
      485.5000  -0.661931   0.304467  -0.357464 
      486.0000  -0.633784   0.276866  -0.356918 
      486.5000  -0.656861   0.301275  -0.355585 
      487.0000  -0.635032   0.284805  -0.350227 
      487.5000  -0.660683   0.308020  -0.352662 
      488.0000  -0.661169   0.308808  -0.352361 
      488.5000  -0.636949   0.281283  -0.355666 
      489.0000  -0.682850   0.317722  -0.365128 
      489.5000  -0.674327   0.305232  -0.369096 
      490.0000  -0.691740   0.319149  -0.372592 
      490.5000  -0.655760   0.295875  -0.359885 
      491.0000  -0.672442   0.320273  -0.352169 
      491.5000  -0.665384   0.309490  -0.355894 
      492.0000  -0.683798   0.330107  -0.353691 
      492.5000  -0.679063   0.322400  -0.356662 
      493.0000  -0.674369   0.322254  -0.352114 
      493.5000  -0.658844   0.294760  -0.364084 
      494.0000  -0.703527   0.332469  -0.371058 
      494.5000  -0.675349   0.301437  -0.373912 
      495.0000  -0.679633   0.312016  -0.367617 
      495.5000  -0.677367   0.321650  -0.355718 
      496.0000  -0.668323   0.319851  -0.348472 
      496.5000  -0.684664   0.339134  -0.345529 
      497.0000  -0.692301   0.349521  -0.342780 
      497.5000  -0.667042   0.317372  -0.349670 
      498.0000  -0.690734   0.334507  -0.356227 
      498.5000  -0.701199   0.345250  -0.355949 
      499.0000  -0.670211   0.313718  -0.356493 
      499.5000  -0.666428   0.311033  -0.355396 
      500.0000  -0.673224   0.322305  -0.350918 
