t = 100000
b = 30 30 30
E = -0.624011203706282 -0.77432089442549 0.150309690719208
23.0263555318149 16.2856667023118 20.3188964492927 -0.982976794963082 0.170305503367146 0.0689386362144568 -0.119071137846793 -0.304745319852294 -0.94496150967554 0.00800886251088065 -0.385356203014002 0.164795448291546 -0.304536295555077 0.0563675510178751 0.140607302464339
22.857887817429 15.8717936849395 20.0349350703423 -0.484164867588142 0.874567323107704 -0.0267613474285625 -0.303451630083615 -0.196522115310296 -0.932360468416433 -0.559123511294498 -0.536730261187486 0.187196203529115 0.674297770316743 0.42197537557065 0.0238148205637046
22.5049584367303 15.8827481474984 19.7167529744771 0.546547911463755 0.802578075014044 -0.23906830890572 -0.249328021094035 -0.116580422733801 -0.961376337550129 -0.208529078552396 0.452791471920756 0.0159122197392209 0.0262357864690444 0.0191880715118717 0.208811665102126
21.69590634404 16.3234956937048 19.9333257779119 0.188399481813625 0.77157127187997 0.607604482291104 0.103873246519265 0.599558228923874 -0.793561656135358 -0.526978732182117 -0.115730946339143 0.0316025472091202 -0.275933813270879 -0.029800626916099 -0.505527876005853
21.9040430671816 16.3485753604371 18.9776912012624 -0.0916320843843123 0.989714620365772 -0.109855714460907 0.923765519159514 0.125679324329047 0.361748331946077 -0.0987505884233753 -0.0407906556392178 0.258643273520354 0.644462615130826 0.095579071159646 -0.402990709262745
22.3482122375081 16.4756808469132 18.9232318103513 -0.425648094777976 0.8089247428775 0.405541970430927 0.847467802506892 0.199256633246542 0.492031506911665 -0.221451882528317 0.344258968635438 -0.402634424316636 -0.347589020229377 -0.00916511754832817 0.130099958212355
22.7447773491273 16.7747675790997 18.9231914157604 -0.535399567534083 0.0298658361084509 0.844070622742306 0.842312366883551 0.0923672470316679 0.531016053567374 0.221044639092173 0.156817906438081 -0.249721309973193 0.042356099702001 -0.13658192588765 0.1246546706171
22.8763277646958 17.1115555030683 19.2478793278436 -0.216620607456849 -0.718683143821739 0.660734375492997 0.885732776152393 0.139940068647908 0.442599278296224 -0.014764154317639 -0.394853902452684 -0.230175181117633 0.243653389877871 -0.212302939619803 -0.571261776144336
23.3446415931046 17.1430117543442 19.6492956177759 -0.424799266209123 -0.817060805784014 0.389816648148932 0.619717483645027 0.051433857627195 0.783137709447833 -0.605656435365393 0.53776864610514 -0.044150016385811 0.280140957802305 -0.0700278561775132 0.464998603919725
23.2391422543487 17.2614059263172 20.1136870275894 0.362917380262545 -0.931403619802899 0.0278932984757539 0.452751249727441 0.202417724732622 0.868356625090759 -0.396107066352699 0.267784844898638 0.414435819651017 0.114729899263641 0.441941365796744 0.500854541348135
22.6206192585277 18.1385444147418 19.0995872724857 -0.45084588405144 0.116837157827484 -0.884922015231996 -0.235808877596797 0.940584501892759 0.244325143231109 -0.530372608335811 -0.378115197736914 -0.0701288314498247 -0.152500499162371 0.17801520523831 0.237357345358501
22.7405123139435 18.6351917094514 19.0509055543154 -0.887740020095441 -0.322712188157465 -0.328290069856353 -0.402184307856714 0.890670600187292 0.212022291589984 -0.0255473370632862 0.0551314829781403 0.166921882841581 0.148652604233032 -0.33499167327861 0.120371685316709
22.5834735090057 19.0663684741617 18.7121488577582 -0.809451436268466 -0.522818934488497 0.267298717897088 -0.515351693855821 0.850725004049959 0.103341338548344 0.126464455683562 -0.546553379853891 0.0491989555597923 -0.350860367282505 0.0968919438080457 0.155512183499266
22.264984820667 19.3788467556168 18.4773209319639 -0.523097134146635 -0.374383110580437 0.765641253680383 -0.5113611798512 0.856553399340775 0.0694680454562329 0.392666016796844 0.0237668386901513 -0.12621001846779 0.147619542793518 -0.197634770331746 0.321979380404788
21.7889795198746 19.5660146886095 18.3986719781429 0.0497602686231758 0.0223333030721952 0.998511389572238 -0.492724892484283 0.870170117360848 0.00509192697371146 0.291100910261128 -0.43821316813912 0.153828568556728 0.513858127481766 0.413242795004714 -0.272094160267561
21.3854584015461 19.7912258658976 18.4365611931569 0.670974501097348 0.245596453004015 0.699625252534467 -0.374523996091754 0.926596685578605 0.0339141180615167 0.561318778804362 -0.13271594835379 -0.0289635682096846 -0.403541532932616 0.407927810877152 0.37292357933444
21.1461477491665 20.2403304113401 18.6460527150919 0.977511909300395 0.168601251987458 0.126664768937564 -0.160106100214625 0.984279159415869 -0.0745676852977368 0.476103284508915 -0.106462388796646 -0.635986802349462 -0.0397846441074575 0.25181485409 -0.0468694995862619
21.1889429159951 20.6604742435491 18.9125610666871 0.769631528445964 0.156239936784457 -0.619076967802864 -0.0862308235698151 0.986149686538007 0.141678698556134 0.00646570567352785 -0.322712571829961 0.104913081622726 -0.470615516489109 0.091667985342461 0.0533862420871862
20.6786647945396 20.2167258005168 19.9288689152396 -0.889518134324581 0.238013568141545 0.390008860485524 -0.0457919231411153 0.802859137559435 -0.594407348940356 0.253207082755833 -0.578228954410473 0.303077690421015 0.463379889388185 0.0127103999101745 0.0255884883175727
21.7845425691955 20.4358280082976 19.9766502948398 0.133439045009874 -0.266707114694689 0.954495251647685 0.18767405593302 -0.938881789480116 -0.288581348296309 0.696200901076735 0.0804627865384922 0.075316364382714 0.562037814957345 0.0906044041498758 0.267465771615801
22.2156256465151 20.0762912392724 19.8836967391916 -0.732816049903506 -0.389170864756497 0.558145639370091 0.141109415010974 -0.88937601684968 -0.434854291933949 -0.475556712242456 0.409123023621746 0.156240913717195 -0.101690493386928 0.380211561467826 0.422911800338183
22.3737041773687 19.6745790787426 20.0536759095883 -0.939968889551061 -0.183380815532513 -0.287801739201095 0.251723567404474 -0.942015411387215 -0.221905354907909 -0.357857659946803 -0.181213059825355 -0.213142706844645 0.240854900501212 0.207035820586169 -0.0208395582318879
22.3646206712061 19.21047433199 20.2129674595656 -0.574635073404333 0.0189403503387844 -0.818190506584492 0.248980077937503 -0.948299425723691 -0.196817017140926 0.180140868727765 -0.0244914385424893 0.0431556001495293 0.0657586224085364 -0.0889631098185948 0.302030475362896
22.099919926126 18.7733105688847 20.2878676238794 0.406579946122572 0.0631847205395402 -0.911427618002978 0.22977383520653 -0.972611728621347 0.035073792841869 -0.104326273594364 -0.0122103437048444 -0.038355103142098 0.00458626843396619 -0.321290769740356 -0.176306283831417
21.5177760379674 18.8808950424744 20.539041436296 0.407173347721437 -0.0317254736147685 -0.912799661248378 -0.864307878997347 -0.336465782610989 -0.373848280151267 0.168553257461551 0.109363252470477 0.157958964159995 -0.571352488304797 -0.0258973228863206 0.0919353536574092
22.1534612613327 22.2731544268149 16.0836801997358 0.0981414434000437 -0.735495677705395 0.670383673049411 -0.400564126664324 -0.64585234391084 -0.649940797977823 -0.337477345389532 0.0359827850549145 -0.593892447776333 0.310849495329669 -0.0445080175764966 0.722253651176075
22.9761001837024 23.1773168598621 15.5554982928221 0.495493571733309 0.856964076366061 0.141769129662385 -0.0680154599193584 0.200991035717466 -0.977228925603263 -0.534663903982062 -0.135291255324018 0.247856201103897 0.417679428083028 -0.480132805487207 -0.0378725878028947
22.7671879781391 23.5984253090986 15.174455947866 0.975366647552082 0.127961128125792 -0.179682340847986 -0.172989603674461 -0.0617164932144539 -0.982988059126185 0.436830812899174 -0.046393629568277 0.394129609451089 -0.22419910166144 -0.35187519591699 -0.0600697275087999
22.7886355680694 23.8738997188008 14.6995968974821 0.778280218779368 -0.62354282896606 -0.0739874875391753 -0.134919133331027 -0.0509844891790988 -0.989543992217908 0.295935781041235 -0.186881053674348 0.441595651462813 -0.533304989549738 0.0901534959216437 0.701160015999195
21.8753227745034 24.4019649529394 15.0660104760887 -0.373327309042284 -0.765463590652723 0.524110758862872 -0.669292039998128 -0.168975699399156 -0.723529749343474 -0.0455542268000145 0.298757830631566 -0.0558696504998318 0.172840494054629 0.206095012104474 0.243869108691784
21.6628397262574 24.0754934003772 14.6898376493863 -0.517883434668639 -0.38113224798849 0.76585565593834 -0.770928264952331 -0.180083652263712 -0.610933237195677 0.140941434990226 0.0114096626649882 -0.129104761595107 0.21756470431167 -0.00409931553264549 0.60256383972351
21.3726435681605 23.7692642349451 14.4035262286245 -0.611145071537978 0.449551519084603 0.651463728556686 -0.790363471375514 -0.302151395480848 -0.532944639286477 0.446295286511131 0.0722364468042493 -0.15356669853115 -0.01508523898982 0.0418967197360651 0.0344331815292091
20.9822271446637 23.4502542369891 14.506198331588 -0.3930337906549 0.891481089834438 -0.225356786392026 -0.734421077808079 -0.451814107202777 -0.506447970349266 -0.194715313322255 -0.0654008201881432 0.0261620639663525 -0.312418456922093 0.169138124509815 0.0394624499083736
21.0235362478932 22.8645952433684 15.3244814357177 -0.536194430275545 0.695738753043663 0.477957120057033 0.653801670891667 -0.0158248430417926 0.756500409997727 0.582823678136876 -0.111551512482164 0.270125623793891 -0.394615294155026 -0.745102418635035 -0.154071890522743
21.3826281031626 23.0156400283148 15.6272499446458 -0.737919996204469 0.245216564519446 0.62876294606959 0.614148422604449 -0.142283094469107 0.776258430158287 -0.0200160360866529 -0.415583919442537 0.621744609712122 0.0992206123374575 0.28734188012996 0.438495461942704
21.5756937271317 23.2227154716219 15.9876084350388 -0.719388047710181 -0.490951629575047 0.491372824118615 0.589638414913282 -0.0576982402567204 0.805603742218739 0.442803866314855 -0.087613061584562 0.228994805157597 -0.0257319365386667 0.251839790899929 -0.13824110506588
21.5854797160533 23.2937635655826 16.4853516913983 0.128335851126221 -0.991529629943472 -0.0199666174538916 0.538842913203402 0.052813290909828 0.840749040894942 0.10919706453678 -0.198752354661998 -0.216116050138388 0.38175430735679 -0.131806660724484 -0.96677431233791
21.5098253589395 23.1738343087969 16.941823724942 0.842256585000274 -0.402797827383427 -0.358270317212677 0.431703699581365 0.105951489239861 0.895771208338332 0.00770732345053337 -0.145264613955814 -0.445525289522644 0.290856990428847 -0.00620500006118412 -0.364583951915405
21.7041631086925 22.9081089824432 17.3296843725422 0.762662803709616 0.547408979446861 -0.344512361573789 0.434280421540185 -0.0386667161437763 0.899947394059273 -0.0995067814875358 -0.122332557113588 -0.356777073685059 -0.00861053398028685 0.00923065845977789 0.394272922483074
21.5739074079483 22.2731906895834 17.1096179069583 -0.761743033421223 -0.346538668050222 0.547410659439393 -0.636448886888456 0.558266991685009 -0.532231798151977 -0.219266701061209 0.112245569180814 0.145048055409271 -0.0644508455116827 -0.296276789674793 0.270308397949503
21.1550538140668 22.273323947693 16.8101982340697 -0.489975849723215 0.273782240958436 0.827627261277136 -0.599924069503719 0.582912811801487 -0.547999705681288 0.378241128594679 -0.108435621162346 0.0649188890711489 0.569660959140805 0.0439802231505371 0.151113186145814
20.6581955123646 22.3276460943806 16.6318156610631 0.111535453093914 0.662920664440177 0.740334965527328 -0.679203357132702 0.594675640791478 -0.430166853431183 0.482899216051812 -0.0358672996125293 0.21736107258472 -0.373091328052282 0.391620242672665 -0.706825061178131
20.12691311374 21.5539376622706 16.5866739047268 -0.423386236119037 0.178879747344895 0.888113725334713 -0.905700164258231 -0.106559730777498 -0.41030734984048 -0.0520184309013127 -0.0703377457363857 0.137618259287502 0.462528418966145 0.0874003937341888 -0.0192341012976281
19.5750384327658 21.4642126291983 16.5027111419942 -0.182093374118539 0.587099355333354 0.788768810664846 -0.947418780261021 0.109910851318836 -0.300528198237762 0.409552914149321 0.135315751387865 0.530003943733558 0.25140015708374 0.436808224054294 0.0558981362003261
19.0955297736304 21.4621961912277 16.6281853329235 0.0502830079455689 0.979706830784902 0.194025761515362 -0.977010971129717 0.08855113068348 -0.193928393214797 -0.532287874522611 -0.184220927589919 -0.393662274393162 -0.0051351377983369 0.610206266304155 -0.238484688050972
18.6702134808469 21.5452290728886 16.8546206594919 0.145876344310672 0.673615284941069 -0.72454292315869 -0.977713420840375 -0.0136102232136652 -0.209502171523781 -0.272168167990676 -0.15384710956227 -0.0325710226933325 0.0363037944055549 -0.263240446339819 0.200230130777844
18.2171350493451 21.7530904405364 16.8231253168083 0.284936518665677 0.0449120625570259 -0.95749358393437 -0.94634495242596 0.172053221937634 -0.273548535390462 -0.398126485483042 -0.29969802813726 0.0970952152242068 0.341010797867823 0.0554147596249497 0.0129696746833654
18.0845951424827 21.4256200096425 18.2401090575156 -0.302681351597872 -0.445131770869936 0.842758294827202 0.197277373496597 -0.894347451891514 -0.401527140097844 -0.12364934567496 -0.397269407845129 -0.107027180324492 0.029355148158776 -0.196407593864311 0.468226034820971
18.4119020457295 21.0156937595047 18.2015027078984 -0.884908555014006 -0.325958124335646 0.332698179546796 0.197322811391397 -0.909399060976097 -0.366137836782746 0.156357582497358 -0.292240806449732 -0.294308447181057 -0.642558379471462 0.136055775487586 0.303647713231498
18.4995294204737 20.544972853388 18.1655140351834 -0.955275759388351 0.115252749097541 -0.272332491477615 -0.0368735677759912 -0.960161311595649 -0.277002613705398 0.0751116675642112 -0.0333575865041104 0.0570392808642305 0.3252113080824 0.489505013061267 -0.179499442163981
19.2969097485512 20.4634212104932 18.6049072230921 -0.404740346095507 -0.895753898554714 -0.183875195659338 -0.9141535753867 0.401311084668664 0.0572064304827675 -0.161445818900255 -0.0933087463732566 0.192405940043203 -0.0136091141329266 0.0923976145471564 0.366427256584458
19.1243059948387 20.4742853179141 19.3676386499292 0.574881587404217 -0.5367761425318 0.617561640178995 -0.162604263848171 0.664748202703647 0.729156708634674 -0.119015383539488 0.727325723727513 0.306657715293497 0.205932350114027 0.00537077687666794 0.228259978207615
