        0.0000  -1.016306   0.281987  -0.734320 
        0.5000  -0.972519   0.520646  -0.451873 
        1.0000  -0.810656   0.839169   0.028513 
        1.5000  -0.706987   1.050668   0.343681 
        2.0000  -0.677290   1.071617   0.394327 
        2.5000  -0.629086   0.943665   0.314578 
        3.0000  -0.591598   0.862486   0.270889 
        3.5000  -0.585623   0.884558   0.298935 
        4.0000  -0.563394   0.930347   0.366953 
        4.5000  -0.534572   0.900478   0.365906 
        5.0000  -0.507569   0.815727   0.308158 
        5.5000  -0.532774   0.803177   0.270403 
        6.0000  -0.548736   0.838496   0.289760 
        6.5000  -0.500821   0.802311   0.301490 
        7.0000  -0.527007   0.808572   0.281565 
        7.5000  -0.501086   0.761811   0.260725 
        8.0000  -0.529894   0.743141   0.213247 
        8.5000  -0.512324   0.727388   0.215063 
        9.0000  -0.532890   0.759007   0.226118 
        9.5000  -0.489319   0.696467   0.207148 
       10.0000  -0.507484   0.688186   0.180701 
       10.5000  -0.528225   0.654866   0.126641 
       11.0000  -0.518512   0.645797   0.127285 
       11.5000  -0.495931   0.650021   0.154091 
       12.0000  -0.476643   0.646818   0.170175 
       12.5000  -0.492560   0.656400   0.163840 
       13.0000  -0.477643   0.619460   0.141818 
       13.5000  -0.439532   0.566239   0.126707 
       14.0000  -0.478037   0.616509   0.138472 
       14.5000  -0.426843   0.566777   0.139934 
       15.0000  -0.423777   0.555316   0.131540 
       15.5000  -0.438293   0.556706   0.118413 
       16.0000  -0.457513   0.576186   0.118673 
       16.5000  -0.408890   0.537720   0.128830 
       17.0000  -0.435918   0.561066   0.125149 
       17.5000  -0.421469   0.544846   0.123377 
       18.0000  -0.424312   0.546839   0.122527 
       18.5000  -0.407434   0.528502   0.121068 
       19.0000  -0.409773   0.524101   0.114329 
       19.5000  -0.424502   0.533242   0.108740 
       20.0000  -0.392267   0.495290   0.103023 
       20.5000  -0.388275   0.483390   0.095115 
       21.0000  -0.442958   0.539025   0.096067 
       21.5000  -0.400894   0.504261   0.103366 
       22.0000  -0.435695   0.526335   0.090640 
       22.5000  -0.418352   0.513026   0.094674 
       23.0000  -0.450424   0.533829   0.083405 
       23.5000  -0.439533   0.509900   0.070367 
       24.0000  -0.397747   0.457714   0.059967 
       24.5000  -0.424089   0.481494   0.057405 
       25.0000  -0.439238   0.493329   0.054091 
       25.5000  -0.485681   0.528027   0.042346 
       26.0000  -0.464480   0.502472   0.037992 
       26.5000  -0.469713   0.497291   0.027578 
       27.0000  -0.460749   0.481168   0.020419 
       27.5000  -0.440661   0.452899   0.012238 
       28.0000  -0.421778   0.424299   0.002521 
       28.5000  -0.465646   0.462794  -0.002852 
       29.0000  -0.470609   0.479236   0.008627 
       29.5000  -0.482599   0.485049   0.002450 
       30.0000  -0.439125   0.444202   0.005076 
       30.5000  -0.463248   0.444270  -0.018978 
       31.0000  -0.462966   0.438217  -0.024748 
       31.5000  -0.451998   0.453876   0.001878 
       32.0000  -0.445396   0.441088  -0.004308 
       32.5000  -0.418880   0.406270  -0.012611 
       33.0000  -0.411544   0.360038  -0.051506 
       33.5000  -0.424813   0.364059  -0.060754 
       34.0000  -0.432408   0.400217  -0.032191 
       34.5000  -0.444823   0.420425  -0.024399 
       35.0000  -0.453337   0.426415  -0.026922 
       35.5000  -0.458960   0.414242  -0.044719 
       36.0000  -0.406013   0.344791  -0.061222 
       36.5000  -0.426760   0.369619  -0.057142 
       37.0000  -0.439689   0.410775  -0.028914 
       37.5000  -0.429382   0.405304  -0.024078 
       38.0000  -0.437627   0.410621  -0.027006 
       38.5000  -0.427194   0.399920  -0.027273 
       39.0000  -0.439967   0.391887  -0.048079 
       39.5000  -0.443078   0.385935  -0.057143 
       40.0000  -0.443905   0.385597  -0.058308 
       40.5000  -0.466326   0.436326  -0.029999 
       41.0000  -0.416252   0.393930  -0.022321 
       41.5000  -0.432494   0.421823  -0.010670 
       42.0000  -0.426376   0.405130  -0.021246 
       42.5000  -0.452280   0.422859  -0.029421 
       43.0000  -0.406027   0.372049  -0.033977 
       43.5000  -0.416151   0.404293  -0.011858 
       44.0000  -0.421538   0.419539  -0.001998 
       44.5000  -0.400813   0.404118   0.003305 
       45.0000  -0.433486   0.422177  -0.011309 
       45.5000  -0.423434   0.401621  -0.021813 
       46.0000  -0.423158   0.414577  -0.008581 
       46.5000  -0.434055   0.421265  -0.012790 
       47.0000  -0.420973   0.401301  -0.019672 
       47.5000  -0.429854   0.409165  -0.020690 
       48.0000  -0.442792   0.417191  -0.025601 
       48.5000  -0.393855   0.354959  -0.038896 
       49.0000  -0.392564   0.352785  -0.039779 
       49.5000  -0.425585   0.384712  -0.040874 
       50.0000  -0.422972   0.376798  -0.046174 
       50.5000  -0.435424   0.388875  -0.046549 
       51.0000  -0.433620   0.382834  -0.050786 
       51.5000  -0.420811   0.358384  -0.062427 
       52.0000  -0.444875   0.383424  -0.061451 
       52.5000  -0.444354   0.377907  -0.066447 
       53.0000  -0.448095   0.379909  -0.068185 
       53.5000  -0.459233   0.386237  -0.072996 
       54.0000  -0.425117   0.360882  -0.064235 
       54.5000  -0.453921   0.377494  -0.076427 
       55.0000  -0.471493   0.388341  -0.083151 
       55.5000  -0.447394   0.350144  -0.097250 
       56.0000  -0.472780   0.368622  -0.104158 
       56.5000  -0.478548   0.361801  -0.116748 
       57.0000  -0.473502   0.360869  -0.112633 
       57.5000  -0.468949   0.356047  -0.112902 
       58.0000  -0.475393   0.363472  -0.111921 
       58.5000  -0.462938   0.354952  -0.107986 
       59.0000  -0.469862   0.361732  -0.108130 
       59.5000  -0.473719   0.360498  -0.113222 
       60.0000  -0.475133   0.365664  -0.109469 
       60.5000  -0.478503   0.367826  -0.110676 
       61.0000  -0.518089   0.404997  -0.113092 
       61.5000  -0.483688   0.372027  -0.111661 
       62.0000  -0.491891   0.398049  -0.093841 
       62.5000  -0.483443   0.383271  -0.100173 
       63.0000  -0.464116   0.362822  -0.101294 
       63.5000  -0.464167   0.365762  -0.098405 
       64.0000  -0.461404   0.356944  -0.104460 
       64.5000  -0.511423   0.404824  -0.106599 
       65.0000  -0.521490   0.416900  -0.104591 
       65.5000  -0.504737   0.397355  -0.107381 
       66.0000  -0.505962   0.395736  -0.110226 
       66.5000  -0.540789   0.425042  -0.115747 
       67.0000  -0.491541   0.381238  -0.110303 
       67.5000  -0.522571   0.408502  -0.114069 
       68.0000  -0.509440   0.396949  -0.112492 
       68.5000  -0.522376   0.409855  -0.112521 
       69.0000  -0.534709   0.412184  -0.122525 
       69.5000  -0.551342   0.419600  -0.131742 
       70.0000  -0.557580   0.432845  -0.124735 
       70.5000  -0.570732   0.432451  -0.138281 
       71.0000  -0.578385   0.427520  -0.150864 
       71.5000  -0.563003   0.415997  -0.147006 
       72.0000  -0.543876   0.394714  -0.149163 
       72.5000  -0.582558   0.429222  -0.153336 
       73.0000  -0.581212   0.425461  -0.155750 
       73.5000  -0.529087   0.384323  -0.144764 
       74.0000  -0.576573   0.429120  -0.147453 
       74.5000  -0.541895   0.377746  -0.164149 
       75.0000  -0.583009   0.418467  -0.164542 
       75.5000  -0.637678   0.460411  -0.177267 
       76.0000  -0.589661   0.400632  -0.189029 
       76.5000  -0.612227   0.426796  -0.185431 
       77.0000  -0.567658   0.386345  -0.181312 
       77.5000  -0.599044   0.415017  -0.184026 
       78.0000  -0.584081   0.392964  -0.191117 
       78.5000  -0.594008   0.398641  -0.195367 
       79.0000  -0.590267   0.388032  -0.202235 
       79.5000  -0.598998   0.397688  -0.201310 
       80.0000  -0.606974   0.403485  -0.203489 
       80.5000  -0.633309   0.410009  -0.223300 
       81.0000  -0.670288   0.432218  -0.238070 
       81.5000  -0.666841   0.428117  -0.238725 
       82.0000  -0.695334   0.450660  -0.244675 
       82.5000  -0.704915   0.441351  -0.263564 
       83.0000  -0.649057   0.380334  -0.268723 
       83.5000  -0.690026   0.416269  -0.273757 
       84.0000  -0.686953   0.402659  -0.284294 
       84.5000  -0.676573   0.387875  -0.288698 
       85.0000  -0.696378   0.407207  -0.289170 
       85.5000  -0.682681   0.398501  -0.284180 
       86.0000  -0.690613   0.399850  -0.290763 
       86.5000  -0.626338   0.332444  -0.293894 
       87.0000  -0.667686   0.376689  -0.290997 
       87.5000  -0.681776   0.378288  -0.303487 
       88.0000  -0.665331   0.361150  -0.304181 
       88.5000  -0.691225   0.388836  -0.302389 
       89.0000  -0.665742   0.364873  -0.300870 
       89.5000  -0.686939   0.387944  -0.298995 
       90.0000  -0.673729   0.362551  -0.311178 
       90.5000  -0.668699   0.350125  -0.318574 
       91.0000  -0.651712   0.330596  -0.321116 
       91.5000  -0.687089   0.371881  -0.315208 
       92.0000  -0.646947   0.333652  -0.313295 
       92.5000  -0.663128   0.347409  -0.315719 
       93.0000  -0.657300   0.347930  -0.309370 
       93.5000  -0.662136   0.347068  -0.315069 
       94.0000  -0.613713   0.305641  -0.308072 
       94.5000  -0.666748   0.354935  -0.311813 
       95.0000  -0.636052   0.330795  -0.305257 
       95.5000  -0.659841   0.358941  -0.300900 
       96.0000  -0.629146   0.325733  -0.303413 
       96.5000  -0.671853   0.361798  -0.310055 
       97.0000  -0.638601   0.334739  -0.303862 
       97.5000  -0.637206   0.342371  -0.294836 
       98.0000  -0.638398   0.352042  -0.286356 
       98.5000  -0.640409   0.353655  -0.286755 
       99.0000  -0.671019   0.381245  -0.289775 
       99.5000  -0.623567   0.350402  -0.273165 
      100.0000  -0.629712   0.363976  -0.265736 
      100.5000  -0.613824   0.343950  -0.269875 
      101.0000  -0.622227   0.360311  -0.261916 
      101.5000  -0.630958   0.367570  -0.263388 
      102.0000  -0.630648   0.360350  -0.270298 
      102.5000  -0.643979   0.378611  -0.265367 
      103.0000  -0.601257   0.338101  -0.263156 
      103.5000  -0.651447   0.392758  -0.258690 
      104.0000  -0.603429   0.343597  -0.259832 
      104.5000  -0.612216   0.347786  -0.264431 
      105.0000  -0.657369   0.398799  -0.258570 
      105.5000  -0.639844   0.382127  -0.257717 
      106.0000  -0.673809   0.417206  -0.256603 
      106.5000  -0.628615   0.367838  -0.260776 
      107.0000  -0.632265   0.368593  -0.263673 
      107.5000  -0.663594   0.405166  -0.258429 
      108.0000  -0.634150   0.368424  -0.265726 
      108.5000  -0.663667   0.385344  -0.278322 
      109.0000  -0.648632   0.357669  -0.290962 
      109.5000  -0.666777   0.372929  -0.293848 
      110.0000  -0.673105   0.380888  -0.292217 
      110.5000  -0.640839   0.346015  -0.294824 
      111.0000  -0.652478   0.343680  -0.308798 
      111.5000  -0.694032   0.389672  -0.304360 
      112.0000  -0.638742   0.333981  -0.304761 
      112.5000  -0.651374   0.346815  -0.304559 
      113.0000  -0.664377   0.358202  -0.306175 
      113.5000  -0.642832   0.325288  -0.317544 
      114.0000  -0.629582   0.312384  -0.317198 
      114.5000  -0.679261   0.358176  -0.321086 
      115.0000  -0.656361   0.343137  -0.313225 
      115.5000  -0.663350   0.346117  -0.317233 
      116.0000  -0.675200   0.347485  -0.327715 
      116.5000  -0.677041   0.347347  -0.329693 
      117.0000  -0.659475   0.331195  -0.328280 
      117.5000  -0.661517   0.337260  -0.324257 
      118.0000  -0.661382   0.343859  -0.317523 
      118.5000  -0.640222   0.326488  -0.313734 
      119.0000  -0.708303   0.399334  -0.308969 
      119.5000  -0.625810   0.319649  -0.306162 
      120.0000  -0.672460   0.367871  -0.304589 
      120.5000  -0.653999   0.346367  -0.307632 
      121.0000  -0.707352   0.395398  -0.311954 
      121.5000  -0.641205   0.333584  -0.307621 
      122.0000  -0.703576   0.394888  -0.308688 
      122.5000  -0.676975   0.357905  -0.319070 
      123.0000  -0.680870   0.354750  -0.326120 
      123.5000  -0.684506   0.355791  -0.328715 
      124.0000  -0.696446   0.355477  -0.340969 
      124.5000  -0.690211   0.347079  -0.343132 
      125.0000  -0.692382   0.345961  -0.346421 
      125.5000  -0.665398   0.316863  -0.348536 
      126.0000  -0.693558   0.344260  -0.349299 
      126.5000  -0.674849   0.316731  -0.358118 
      127.0000  -0.662968   0.318177  -0.344791 
      127.5000  -0.650346   0.300961  -0.349385 
      128.0000  -0.744773   0.393790  -0.350983 
      128.5000  -0.696534   0.339591  -0.356943 
      129.0000  -0.726572   0.361569  -0.365003 
      129.5000  -0.670287   0.310459  -0.359828 
      130.0000  -0.675708   0.325157  -0.350551 
      130.5000  -0.692326   0.337623  -0.354703 
      131.0000  -0.704029   0.349310  -0.354719 
      131.5000  -0.688911   0.334688  -0.354223 
      132.0000  -0.667922   0.311243  -0.356678 
      132.5000  -0.725566   0.367118  -0.358447 
      133.0000  -0.681129   0.318583  -0.362546 
      133.5000  -0.667078   0.308684  -0.358394 
      134.0000  -0.644462   0.282242  -0.362220 
      134.5000  -0.696930   0.331468  -0.365462 
      135.0000  -0.704104   0.335677  -0.368426 
      135.5000  -0.715591   0.336217  -0.379374 
      136.0000  -0.718803   0.322267  -0.396536 
      136.5000  -0.704859   0.298830  -0.406029 
      137.0000  -0.679179   0.276248  -0.402931 
      137.5000  -0.728312   0.320808  -0.407504 
      138.0000  -0.737970   0.336754  -0.401215 
      138.5000  -0.708186   0.314013  -0.394173 
      139.0000  -0.711004   0.321182  -0.389821 
      139.5000  -0.716807   0.333324  -0.383483 
      140.0000  -0.697560   0.307564  -0.389997 
      140.5000  -0.703555   0.317062  -0.386493 
      141.0000  -0.715983   0.330635  -0.385349 
      141.5000  -0.711163   0.316393  -0.394770 
      142.0000  -0.709229   0.306730  -0.402499 
      142.5000  -0.741377   0.336566  -0.404811 
      143.0000  -0.723481   0.323294  -0.400187 
      143.5000  -0.714904   0.319051  -0.395853 
      144.0000  -0.724020   0.335464  -0.388556 
      144.5000  -0.707303   0.320684  -0.386619 
      145.0000  -0.693070   0.306626  -0.386444 
      145.5000  -0.743594   0.359395  -0.384199 
      146.0000  -0.723908   0.337433  -0.386474 
      146.5000  -0.708860   0.321126  -0.387734 
      147.0000  -0.705800   0.321600  -0.384200 
      147.5000  -0.691867   0.321128  -0.370740 
      148.0000  -0.736353   0.363704  -0.372649 
      148.5000  -0.722617   0.336926  -0.385691 
      149.0000  -0.694175   0.312893  -0.381282 
      149.5000  -0.746363   0.351177  -0.395186 
      150.0000  -0.720477   0.335820  -0.384657 
      150.5000  -0.724788   0.353614  -0.371174 
      151.0000  -0.711797   0.327105  -0.384692 
      151.5000  -0.715682   0.325433  -0.390249 
      152.0000  -0.698304   0.300820  -0.397483 
      152.5000  -0.711332   0.301542  -0.409790 
      153.0000  -0.706266   0.305060  -0.401205 
      153.5000  -0.738020   0.341283  -0.396737 
      154.0000  -0.745031   0.351557  -0.393474 
      154.5000  -0.704528   0.319100  -0.385428 
      155.0000  -0.713800   0.329769  -0.384031 
      155.5000  -0.704525   0.323454  -0.381071 
      156.0000  -0.717926   0.331365  -0.386560 
      156.5000  -0.732359   0.335927  -0.396432 
      157.0000  -0.678155   0.277834  -0.400321 
      157.5000  -0.735586   0.331950  -0.403636 
      158.0000  -0.706151   0.307115  -0.399035 
      158.5000  -0.755159   0.362087  -0.393072 
      159.0000  -0.719655   0.322986  -0.396669 
      159.5000  -0.731436   0.319302  -0.412133 
      160.0000  -0.711393   0.297143  -0.414250 
      160.5000  -0.733119   0.322549  -0.410571 
      161.0000  -0.693407   0.281764  -0.411643 
      161.5000  -0.752474   0.343250  -0.409224 
      162.0000  -0.697600   0.279861  -0.417739 
      162.5000  -0.692568   0.273355  -0.419214 
      163.0000  -0.742946   0.319184  -0.423762 
      163.5000  -0.711382   0.286970  -0.424412 
      164.0000  -0.722009   0.305708  -0.416301 
      164.5000  -0.715985   0.303295  -0.412690 
      165.0000  -0.734572   0.306833  -0.427739 
      165.5000  -0.732110   0.297368  -0.434742 
      166.0000  -0.750340   0.317326  -0.433014 
      166.5000  -0.715617   0.284216  -0.431401 
      167.0000  -0.722348   0.289825  -0.432524 
      167.5000  -0.735639   0.301830  -0.433809 
      168.0000  -0.723025   0.278601  -0.444424 
      168.5000  -0.739626   0.305162  -0.434465 
      169.0000  -0.726634   0.284451  -0.442183 
      169.5000  -0.717290   0.272968  -0.444322 
      170.0000  -0.742641   0.299206  -0.443435 
      170.5000  -0.743173   0.296580  -0.446592 
      171.0000  -0.757603   0.309368  -0.448236 
      171.5000  -0.747944   0.298686  -0.449258 
      172.0000  -0.763719   0.314705  -0.449015 
      172.5000  -0.753533   0.305830  -0.447703 
      173.0000  -0.750048   0.311028  -0.439020 
      173.5000  -0.716698   0.279509  -0.437189 
      174.0000  -0.715016   0.269697  -0.445319 
      174.5000  -0.724897   0.279978  -0.444919 
      175.0000  -0.722756   0.280136  -0.442620 
      175.5000  -0.714554   0.274925  -0.439629 
      176.0000  -0.727723   0.290391  -0.437332 
      176.5000  -0.700277   0.254848  -0.445430 
      177.0000  -0.732431   0.282204  -0.450227 
      177.5000  -0.711099   0.258326  -0.452773 
      178.0000  -0.714794   0.261749  -0.453044 
      178.5000  -0.746883   0.296068  -0.450815 
      179.0000  -0.736020   0.287112  -0.448908 
      179.5000  -0.730679   0.278072  -0.452607 
      180.0000  -0.721753   0.274743  -0.447010 
      180.5000  -0.704228   0.258639  -0.445589 
      181.0000  -0.713061   0.274972  -0.438089 
      181.5000  -0.702770   0.272750  -0.430020 
      182.0000  -0.713348   0.276289  -0.437059 
      182.5000  -0.761401   0.316420  -0.444981 
      183.0000  -0.715053   0.258374  -0.456678 
      183.5000  -0.730048   0.272258  -0.457790 
      184.0000  -0.763077   0.298222  -0.464855 
      184.5000  -0.727410   0.253834  -0.473575 
      185.0000  -0.728702   0.263228  -0.465474 
      185.5000  -0.730728   0.262643  -0.468085 
      186.0000  -0.766371   0.297452  -0.468918 
      186.5000  -0.754295   0.285929  -0.468365 
      187.0000  -0.726615   0.251225  -0.475390 
      187.5000  -0.749541   0.267655  -0.481886 
      188.0000  -0.736099   0.259567  -0.476532 
      188.5000  -0.735699   0.258991  -0.476708 
      189.0000  -0.758313   0.283783  -0.474530 
      189.5000  -0.764656   0.296617  -0.468039 
      190.0000  -0.729586   0.258384  -0.471202 
      190.5000  -0.718873   0.258871  -0.460003 
      191.0000  -0.726890   0.263523  -0.463367 
      191.5000  -0.723148   0.263057  -0.460091 
      192.0000  -0.738157   0.280568  -0.457589 
      192.5000  -0.729690   0.277261  -0.452429 
      193.0000  -0.727678   0.272022  -0.455655 
      193.5000  -0.715505   0.256452  -0.459053 
      194.0000  -0.748076   0.276870  -0.471206 
      194.5000  -0.731160   0.263895  -0.467265 
      195.0000  -0.759694   0.301569  -0.458126 
      195.5000  -0.745832   0.289314  -0.456519 
      196.0000  -0.743472   0.281848  -0.461623 
      196.5000  -0.738255   0.276984  -0.461271 
      197.0000  -0.754509   0.289821  -0.464688 
      197.5000  -0.759411   0.293053  -0.466358 
      198.0000  -0.719272   0.254054  -0.465218 
      198.5000  -0.756363   0.291266  -0.465097 
      199.0000  -0.755606   0.288076  -0.467530 
      199.5000  -0.768901   0.303865  -0.465036 
      200.0000  -0.730086   0.266722  -0.463364 
      200.5000  -0.780617   0.321963  -0.458654 
      201.0000  -0.725368   0.261194  -0.464175 
      201.5000  -0.766058   0.301441  -0.464617 
      202.0000  -0.737226   0.271249  -0.465977 
      202.5000  -0.748012   0.285721  -0.462292 
      203.0000  -0.755357   0.297242  -0.458115 
      203.5000  -0.763446   0.303326  -0.460120 
      204.0000  -0.735201   0.271362  -0.463839 
      204.5000  -0.733655   0.273265  -0.460390 
      205.0000  -0.749162   0.294150  -0.455012 
      205.5000  -0.757827   0.309410  -0.448417 
      206.0000  -0.750379   0.313907  -0.436472 
      206.5000  -0.743581   0.311332  -0.432249 
      207.0000  -0.711653   0.276491  -0.435162 
      207.5000  -0.752303   0.320694  -0.431610 
      208.0000  -0.719455   0.291748  -0.427707 
      208.5000  -0.735333   0.304826  -0.430507 
      209.0000  -0.769392   0.335349  -0.434042 
      209.5000  -0.716791   0.279852  -0.436938 
      210.0000  -0.755741   0.303740  -0.452001 
      210.5000  -0.725117   0.277192  -0.447925 
      211.0000  -0.728625   0.278929  -0.449695 
      211.5000  -0.697864   0.257723  -0.440140 
      212.0000  -0.711901   0.282265  -0.429637 
      212.5000  -0.724963   0.300479  -0.424484 
      213.0000  -0.729455   0.309597  -0.419858 
      213.5000  -0.706561   0.282635  -0.423926 
      214.0000  -0.727798   0.296275  -0.431524 
      214.5000  -0.713795   0.284621  -0.429175 
      215.0000  -0.751447   0.320290  -0.431157 
      215.5000  -0.716207   0.277322  -0.438884 
      216.0000  -0.739793   0.299170  -0.440623 
      216.5000  -0.723988   0.277826  -0.446163 
      217.0000  -0.729382   0.290026  -0.439356 
      217.5000  -0.729917   0.286138  -0.443779 
      218.0000  -0.733374   0.291511  -0.441863 
      218.5000  -0.712012   0.264437  -0.447575 
      219.0000  -0.713850   0.272534  -0.441315 
      219.5000  -0.702265   0.258730  -0.443535 
      220.0000  -0.717334   0.263381  -0.453953 
      220.5000  -0.742499   0.285192  -0.457307 
      221.0000  -0.718882   0.259206  -0.459676 
      221.5000  -0.747375   0.275692  -0.471683 
      222.0000  -0.731909   0.261775  -0.470134 
      222.5000  -0.741208   0.260438  -0.480770 
      223.0000  -0.746413   0.270110  -0.476304 
      223.5000  -0.757058   0.285388  -0.471670 
      224.0000  -0.736601   0.262892  -0.473709 
      224.5000  -0.749191   0.277392  -0.471799 
      225.0000  -0.748671   0.275637  -0.473033 
      225.5000  -0.752482   0.278966  -0.473515 
      226.0000  -0.737278   0.263779  -0.473499 
      226.5000  -0.772079   0.299290  -0.472790 
      227.0000  -0.749485   0.277377  -0.472108 
      227.5000  -0.789102   0.315619  -0.473484 
      228.0000  -0.770798   0.293996  -0.476802 
      228.5000  -0.749687   0.279676  -0.470011 
      229.0000  -0.722891   0.252365  -0.470526 
      229.5000  -0.760681   0.293666  -0.467016 
      230.0000  -0.742949   0.272240  -0.470709 
      230.5000  -0.761971   0.300078  -0.461893 
      231.0000  -0.767441   0.309951  -0.457490 
      231.5000  -0.747406   0.294364  -0.453042 
      232.0000  -0.771071   0.322525  -0.448546 
      232.5000  -0.758087   0.311724  -0.446362 
      233.0000  -0.756230   0.308444  -0.447785 
      233.5000  -0.748593   0.306226  -0.442366 
      234.0000  -0.765536   0.330598  -0.434938 
      234.5000  -0.748837   0.317917  -0.430920 
      235.0000  -0.737950   0.313593  -0.424357 
      235.5000  -0.720992   0.293402  -0.427590 
      236.0000  -0.761513   0.337362  -0.424151 
      236.5000  -0.744253   0.318245  -0.426008 
      237.0000  -0.770942   0.342745  -0.428197 
      237.5000  -0.743003   0.312144  -0.430859 
      238.0000  -0.733279   0.307427  -0.425852 
      238.5000  -0.722547   0.297635  -0.424912 
      239.0000  -0.775585   0.352560  -0.423025 
      239.5000  -0.745747   0.317338  -0.428409 
      240.0000  -0.754862   0.323042  -0.431820 
      240.5000  -0.759301   0.331185  -0.428116 
      241.0000  -0.740417   0.315117  -0.425299 
      241.5000  -0.738824   0.312714  -0.426110 
      242.0000  -0.759947   0.325174  -0.434774 
      242.5000  -0.758346   0.309722  -0.448624 
      243.0000  -0.762914   0.305363  -0.457551 
      243.5000  -0.745535   0.294511  -0.451024 
      244.0000  -0.768356   0.312260  -0.456095 
      244.5000  -0.763092   0.304797  -0.458295 
      245.0000  -0.781343   0.318051  -0.463292 
      245.5000  -0.740042   0.287550  -0.452491 
      246.0000  -0.756727   0.308708  -0.448019 
      246.5000  -0.745402   0.300647  -0.444755 
      247.0000  -0.780185   0.336584  -0.443601 
      247.5000  -0.784129   0.337800  -0.446328 
      248.0000  -0.767236   0.312323  -0.454913 
      248.5000  -0.752573   0.296082  -0.456491 
      249.0000  -0.791940   0.340868  -0.451072 
      249.5000  -0.786336   0.334149  -0.452187 
      250.0000  -0.783089   0.331162  -0.451927 
      250.5000  -0.725271   0.281155  -0.444116 
      251.0000  -0.778948   0.334575  -0.444373 
      251.5000  -0.766111   0.331583  -0.434529 
      252.0000  -0.747728   0.308781  -0.438947 
      252.5000  -0.752964   0.318455  -0.434510 
      253.0000  -0.759569   0.318566  -0.441003 
      253.5000  -0.753476   0.318240  -0.435236 
      254.0000  -0.758990   0.325458  -0.433532 
      254.5000  -0.750175   0.317201  -0.432975 
      255.0000  -0.777396   0.338929  -0.438467 
      255.5000  -0.769944   0.331721  -0.438223 
      256.0000  -0.808785   0.364403  -0.444382 
      256.5000  -0.754967   0.300709  -0.454258 
      257.0000  -0.819618   0.368886  -0.450732 
      257.5000  -0.743157   0.295955  -0.447202 
      258.0000  -0.788686   0.344605  -0.444082 
      258.5000  -0.765855   0.315654  -0.450201 
      259.0000  -0.773829   0.325319  -0.448510 
      259.5000  -0.784431   0.340160  -0.444271 
      260.0000  -0.761596   0.323845  -0.437750 
      260.5000  -0.764106   0.332076  -0.432029 
      261.0000  -0.755712   0.330726  -0.424986 
      261.5000  -0.738441   0.306421  -0.432019 
      262.0000  -0.748104   0.320337  -0.427766 
      262.5000  -0.751116   0.325032  -0.426084 
      263.0000  -0.769550   0.329709  -0.439841 
      263.5000  -0.760981   0.323155  -0.437826 
      264.0000  -0.764180   0.325781  -0.438398 
      264.5000  -0.765437   0.330992  -0.434445 
      265.0000  -0.754601   0.322680  -0.431921 
      265.5000  -0.776544   0.346249  -0.430296 
      266.0000  -0.775025   0.340043  -0.434982 
      266.5000  -0.776663   0.334346  -0.442316 
      267.0000  -0.755002   0.315741  -0.439261 
      267.5000  -0.770208   0.336913  -0.433296 
      268.0000  -0.743358   0.300056  -0.443302 
      268.5000  -0.773304   0.332907  -0.440397 
      269.0000  -0.765456   0.319624  -0.445832 
      269.5000  -0.770368   0.327223  -0.443146 
      270.0000  -0.748333   0.304315  -0.444018 
      270.5000  -0.765578   0.322388  -0.443190 
      271.0000  -0.777743   0.336062  -0.441682 
      271.5000  -0.795843   0.354101  -0.441742 
      272.0000  -0.752314   0.314453  -0.437862 
      272.5000  -0.772704   0.334094  -0.438610 
      273.0000  -0.826162   0.384021  -0.442141 
      273.5000  -0.742569   0.309996  -0.432573 
      274.0000  -0.771327   0.343122  -0.428204 
      274.5000  -0.754442   0.318820  -0.435622 
      275.0000  -0.756807   0.325823  -0.430983 
      275.5000  -0.740237   0.304779  -0.435458 
      276.0000  -0.787733   0.348018  -0.439714 
      276.5000  -0.795332   0.345767  -0.449565 
      277.0000  -0.785270   0.327285  -0.457985 
      277.5000  -0.788035   0.332250  -0.455785 
      278.0000  -0.778297   0.315882  -0.462415 
      278.5000  -0.739670   0.276426  -0.463244 
      279.0000  -0.763431   0.299287  -0.464145 
      279.5000  -0.798959   0.342572  -0.456387 
      280.0000  -0.772653   0.327138  -0.445515 
      280.5000  -0.792771   0.338508  -0.454263 
      281.0000  -0.771003   0.314147  -0.456855 
      281.5000  -0.783380   0.325179  -0.458201 
      282.0000  -0.747022   0.282887  -0.464134 
      282.5000  -0.777729   0.310990  -0.466739 
      283.0000  -0.756988   0.288195  -0.468793 
      283.5000  -0.785308   0.310229  -0.475079 
      284.0000  -0.791007   0.298651  -0.492356 
      284.5000  -0.787864   0.288692  -0.499171 
      285.0000  -0.803186   0.313008  -0.490178 
      285.5000  -0.777717   0.290424  -0.487293 
      286.0000  -0.754415   0.269125  -0.485290 
      286.5000  -0.810749   0.319535  -0.491214 
      287.0000  -0.808216   0.316454  -0.491762 
      287.5000  -0.765752   0.270128  -0.495625 
      288.0000  -0.811433   0.311460  -0.499973 
      288.5000  -0.801520   0.301595  -0.499924 
      289.0000  -0.793327   0.292225  -0.501102 
      289.5000  -0.779752   0.282580  -0.497173 
      290.0000  -0.782583   0.280202  -0.502381 
      290.5000  -0.787770   0.290039  -0.497732 
      291.0000  -0.769426   0.288596  -0.480830 
      291.5000  -0.788055   0.309954  -0.478101 
      292.0000  -0.786899   0.305291  -0.481608 
      292.5000  -0.777155   0.297886  -0.479268 
      293.0000  -0.790725   0.307081  -0.483644 
      293.5000  -0.803344   0.309016  -0.494328 
      294.0000  -0.799350   0.298854  -0.500496 
      294.5000  -0.781326   0.277594  -0.503732 
      295.0000  -0.799193   0.298545  -0.500649 
      295.5000  -0.804432   0.306684  -0.497748 
      296.0000  -0.799366   0.305447  -0.493919 
      296.5000  -0.774076   0.280953  -0.493123 
      297.0000  -0.785297   0.298840  -0.486457 
      297.5000  -0.794191   0.315172  -0.479019 
      298.0000  -0.794954   0.306629  -0.488325 
      298.5000  -0.804217   0.322578  -0.481639 
      299.0000  -0.793324   0.311620  -0.481704 
      299.5000  -0.784501   0.296270  -0.488232 
      300.0000  -0.785325   0.303111  -0.482214 
      300.5000  -0.819280   0.329859  -0.489421 
      301.0000  -0.806298   0.313307  -0.492991 
      301.5000  -0.807862   0.315876  -0.491986 
      302.0000  -0.786772   0.302062  -0.484711 
      302.5000  -0.781808   0.299868  -0.481940 
      303.0000  -0.786415   0.301048  -0.485367 
      303.5000  -0.791975   0.308652  -0.483322 
      304.0000  -0.783532   0.297650  -0.485882 
      304.5000  -0.757301   0.273612  -0.483689 
      305.0000  -0.775555   0.294267  -0.481288 
      305.5000  -0.765737   0.282408  -0.483330 
      306.0000  -0.743781   0.272827  -0.470954 
      306.5000  -0.790938   0.319237  -0.471700 
      307.0000  -0.757104   0.283975  -0.473130 
      307.5000  -0.768189   0.301747  -0.466442 
      308.0000  -0.756595   0.280410  -0.476185 
      308.5000  -0.768374   0.297845  -0.470529 
      309.0000  -0.753826   0.280767  -0.473059 
      309.5000  -0.753118   0.284359  -0.468759 
      310.0000  -0.737967   0.272916  -0.465051 
      310.5000  -0.781238   0.308498  -0.472740 
      311.0000  -0.734623   0.255655  -0.478968 
      311.5000  -0.768782   0.283376  -0.485406 
      312.0000  -0.750755   0.273306  -0.477450 
      312.5000  -0.747221   0.278957  -0.468264 
      313.0000  -0.741451   0.271575  -0.469876 
      313.5000  -0.747024   0.282248  -0.464777 
      314.0000  -0.722663   0.263357  -0.459306 
      314.5000  -0.749133   0.292119  -0.457014 
      315.0000  -0.739596   0.279557  -0.460039 
      315.5000  -0.741905   0.272554  -0.469351 
      316.0000  -0.778021   0.306871  -0.471150 
      316.5000  -0.765656   0.296686  -0.468970 
      317.0000  -0.765078   0.296384  -0.468694 
      317.5000  -0.765840   0.292680  -0.473160 
      318.0000  -0.768030   0.305017  -0.463013 
      318.5000  -0.745979   0.283209  -0.462770 
      319.0000  -0.720514   0.256357  -0.464157 
      319.5000  -0.730196   0.260355  -0.469841 
      320.0000  -0.742154   0.266694  -0.475460 
      320.5000  -0.750466   0.275729  -0.474737 
      321.0000  -0.734066   0.255902  -0.478164 
      321.5000  -0.754244   0.278906  -0.475338 
      322.0000  -0.750823   0.271036  -0.479787 
      322.5000  -0.760646   0.280433  -0.480213 
      323.0000  -0.779336   0.287826  -0.491510 
      323.5000  -0.794812   0.302207  -0.492605 
      324.0000  -0.755749   0.267688  -0.488061 
      324.5000  -0.762237   0.276779  -0.485458 
      325.0000  -0.768814   0.290930  -0.477884 
      325.5000  -0.744803   0.266766  -0.478037 
      326.0000  -0.786187   0.309607  -0.476580 
      326.5000  -0.790850   0.315504  -0.475346 
      327.0000  -0.835058   0.353602  -0.481456 
      327.5000  -0.782267   0.306272  -0.475995 
      328.0000  -0.776170   0.292469  -0.483701 
      328.5000  -0.788276   0.304027  -0.484249 
      329.0000  -0.747385   0.258559  -0.488826 
      329.5000  -0.768093   0.287824  -0.480269 
      330.0000  -0.761100   0.278254  -0.482846 
      330.5000  -0.767195   0.279948  -0.487248 
      331.0000  -0.758029   0.265559  -0.492470 
      331.5000  -0.770005   0.279154  -0.490851 
      332.0000  -0.777163   0.275675  -0.501488 
      332.5000  -0.811886   0.308134  -0.503752 
      333.0000  -0.797420   0.297129  -0.500291 
      333.5000  -0.787676   0.286714  -0.500963 
      334.0000  -0.781378   0.285661  -0.495717 
      334.5000  -0.771328   0.279859  -0.491469 
      335.0000  -0.769395   0.276213  -0.493182 
      335.5000  -0.778472   0.282215  -0.496257 
      336.0000  -0.777267   0.277534  -0.499733 
      336.5000  -0.778428   0.272107  -0.506321 
      337.0000  -0.769723   0.262849  -0.506874 
      337.5000  -0.788479   0.281571  -0.506907 
      338.0000  -0.811293   0.298277  -0.513015 
      338.5000  -0.789062   0.282352  -0.506711 
      339.0000  -0.788801   0.292165  -0.496636 
      339.5000  -0.766548   0.269469  -0.497078 
      340.0000  -0.796864   0.293825  -0.503039 
      340.5000  -0.792611   0.294360  -0.498251 
      341.0000  -0.803758   0.310119  -0.493638 
      341.5000  -0.795113   0.297590  -0.497524 
      342.0000  -0.767591   0.264560  -0.503031 
      342.5000  -0.789501   0.286872  -0.502630 
      343.0000  -0.783143   0.293545  -0.489598 
      343.5000  -0.753856   0.260052  -0.493804 
      344.0000  -0.788418   0.293743  -0.494674 
      344.5000  -0.810399   0.309105  -0.501294 
      345.0000  -0.808412   0.304958  -0.503454 
      345.5000  -0.790551   0.279342  -0.511209 
      346.0000  -0.799948   0.283065  -0.516883 
      346.5000  -0.789182   0.274817  -0.514365 
      347.0000  -0.805514   0.292648  -0.512866 
      347.5000  -0.791279   0.278535  -0.512744 
      348.0000  -0.756540   0.244304  -0.512236 
      348.5000  -0.784181   0.270336  -0.513845 
      349.0000  -0.756185   0.243744  -0.512441 
      349.5000  -0.786965   0.276337  -0.510628 
      350.0000  -0.813915   0.298954  -0.514961 
      350.5000  -0.777015   0.253557  -0.523458 
      351.0000  -0.774987   0.245280  -0.529707 
      351.5000  -0.778534   0.245495  -0.533039 
      352.0000  -0.802293   0.267993  -0.534300 
      352.5000  -0.813728   0.271545  -0.542183 
      353.0000  -0.830847   0.287652  -0.543194 
      353.5000  -0.796548   0.256713  -0.539835 
      354.0000  -0.829603   0.298923  -0.530679 
      354.5000  -0.785074   0.247747  -0.537327 
      355.0000  -0.791566   0.256771  -0.534795 
      355.5000  -0.810094   0.276265  -0.533829 
      356.0000  -0.815761   0.275556  -0.540205 
      356.5000  -0.792876   0.257544  -0.535332 
      357.0000  -0.796416   0.253820  -0.542595 
      357.5000  -0.810893   0.269608  -0.541285 
      358.0000  -0.825659   0.288131  -0.537528 
      358.5000  -0.843752   0.305922  -0.537830 
      359.0000  -0.798378   0.267315  -0.531063 
      359.5000  -0.821390   0.298340  -0.523050 
      360.0000  -0.797613   0.276279  -0.521333 
      360.5000  -0.821563   0.304051  -0.517512 
      361.0000  -0.800150   0.287201  -0.512949 
      361.5000  -0.795518   0.285379  -0.510139 
      362.0000  -0.771820   0.266569  -0.505251 
      362.5000  -0.778739   0.285327  -0.493412 
      363.0000  -0.787903   0.300773  -0.487129 
      363.5000  -0.759946   0.264146  -0.495800 
      364.0000  -0.827972   0.329892  -0.498080 
      364.5000  -0.781708   0.277280  -0.504428 
      365.0000  -0.791132   0.295979  -0.495154 
      365.5000  -0.785790   0.283908  -0.501883 
      366.0000  -0.779836   0.275866  -0.503970 
      366.5000  -0.796749   0.305043  -0.491706 
      367.0000  -0.793148   0.306481  -0.486667 
      367.5000  -0.769722   0.291429  -0.478293 
      368.0000  -0.777747   0.296627  -0.481120 
      368.5000  -0.771052   0.297888  -0.473164 
      369.0000  -0.762167   0.289258  -0.472908 
      369.5000  -0.789489   0.314191  -0.475298 
      370.0000  -0.774030   0.293015  -0.481014 
      370.5000  -0.762138   0.277830  -0.484308 
      371.0000  -0.790303   0.302644  -0.487658 
      371.5000  -0.796614   0.306133  -0.490481 
      372.0000  -0.755593   0.269226  -0.486367 
      372.5000  -0.746612   0.259185  -0.487427 
      373.0000  -0.814379   0.328156  -0.486223 
      373.5000  -0.777943   0.290565  -0.487378 
      374.0000  -0.772054   0.291132  -0.480922 
      374.5000  -0.763735   0.282788  -0.480946 
      375.0000  -0.768984   0.294099  -0.474885 
      375.5000  -0.734778   0.268584  -0.466194 
      376.0000  -0.770439   0.294054  -0.476385 
      376.5000  -0.763250   0.283868  -0.479382 
      377.0000  -0.764840   0.294333  -0.470508 
      377.5000  -0.742232   0.269857  -0.472375 
      378.0000  -0.798294   0.330064  -0.468230 
      378.5000  -0.714582   0.242865  -0.471718 
      379.0000  -0.788662   0.315467  -0.473195 
      379.5000  -0.787341   0.309090  -0.478251 
      380.0000  -0.756315   0.274925  -0.481390 
      380.5000  -0.779072   0.294371  -0.484701 
      381.0000  -0.774632   0.287333  -0.487298 
      381.5000  -0.764606   0.278660  -0.485946 
      382.0000  -0.753327   0.268966  -0.484361 
      382.5000  -0.796107   0.323288  -0.472819 
      383.0000  -0.763194   0.296987  -0.466206 
      383.5000  -0.774478   0.304281  -0.470197 
      384.0000  -0.770444   0.295491  -0.474953 
      384.5000  -0.793266   0.311496  -0.481770 
      385.0000  -0.779917   0.298011  -0.481906 
      385.5000  -0.788916   0.310597  -0.478318 
      386.0000  -0.763430   0.279354  -0.484076 
      386.5000  -0.782419   0.298301  -0.484118 
      387.0000  -0.791090   0.314220  -0.476870 
      387.5000  -0.799162   0.319188  -0.479973 
      388.0000  -0.777458   0.297591  -0.479866 
      388.5000  -0.811219   0.325732  -0.485487 
      389.0000  -0.787193   0.301956  -0.485237 
      389.5000  -0.782310   0.299448  -0.482862 
      390.0000  -0.821223   0.328274  -0.492950 
      390.5000  -0.804051   0.308506  -0.495545 
      391.0000  -0.784612   0.292043  -0.492570 
      391.5000  -0.821297   0.323980  -0.497316 
      392.0000  -0.830492   0.342203  -0.488289 
      392.5000  -0.801605   0.317561  -0.484045 
      393.0000  -0.813964   0.329313  -0.484651 
      393.5000  -0.777492   0.277982  -0.499511 
      394.0000  -0.783978   0.282817  -0.501162 
      394.5000  -0.807112   0.303537  -0.503574 
      395.0000  -0.808223   0.297306  -0.510917 
      395.5000  -0.810998   0.306636  -0.504362 
      396.0000  -0.807282   0.293298  -0.513983 
      396.5000  -0.818638   0.308758  -0.509880 
      397.0000  -0.773564   0.261697  -0.511867 
      397.5000  -0.808795   0.302360  -0.506436 
      398.0000  -0.798926   0.293239  -0.505687 
      398.5000  -0.825089   0.321185  -0.503904 
      399.0000  -0.805650   0.303706  -0.501945 
      399.5000  -0.781017   0.279453  -0.501563 
      400.0000  -0.863938   0.358366  -0.505572 
      400.5000  -0.808795   0.298477  -0.510318 
      401.0000  -0.800952   0.290136  -0.510816 
      401.5000  -0.813435   0.312161  -0.501273 
      402.0000  -0.822812   0.316492  -0.506320 
      402.5000  -0.817663   0.313233  -0.504430 
      403.0000  -0.832332   0.325061  -0.507272 
      403.5000  -0.800428   0.291940  -0.508488 
      404.0000  -0.781801   0.275456  -0.506345 
      404.5000  -0.758039   0.253750  -0.504290 
      405.0000  -0.774114   0.274185  -0.499930 
      405.5000  -0.797192   0.298423  -0.498770 
      406.0000  -0.784728   0.290367  -0.494360 
      406.5000  -0.802452   0.296722  -0.505730 
      407.0000  -0.760425   0.268121  -0.492304 
      407.5000  -0.790973   0.300383  -0.490590 
      408.0000  -0.782746   0.290285  -0.492460 
      408.5000  -0.776906   0.273937  -0.502969 
      409.0000  -0.807038   0.299411  -0.507627 
      409.5000  -0.782527   0.282743  -0.499784 
      410.0000  -0.793964   0.300948  -0.493016 
      410.5000  -0.777556   0.280077  -0.497479 
      411.0000  -0.812977   0.312218  -0.500759 
      411.5000  -0.756987   0.258486  -0.498500 
      412.0000  -0.780466   0.279107  -0.501359 
      412.5000  -0.775031   0.273502  -0.501529 
      413.0000  -0.784598   0.281950  -0.502648 
      413.5000  -0.760701   0.262382  -0.498319 
      414.0000  -0.777617   0.274183  -0.503433 
      414.5000  -0.808782   0.296449  -0.512333 
      415.0000  -0.796045   0.291352  -0.504694 
      415.5000  -0.768057   0.266935  -0.501122 
      416.0000  -0.778290   0.273732  -0.504558 
      416.5000  -0.794850   0.293962  -0.500888 
      417.0000  -0.779387   0.279337  -0.500050 
      417.5000  -0.785689   0.294199  -0.491490 
      418.0000  -0.801663   0.311698  -0.489965 
      418.5000  -0.807567   0.320276  -0.487291 
      419.0000  -0.782299   0.292098  -0.490201 
      419.5000  -0.775598   0.288545  -0.487053 
      420.0000  -0.792264   0.302427  -0.489837 
      420.5000  -0.817755   0.323000  -0.494755 
      421.0000  -0.803047   0.300940  -0.502107 
      421.5000  -0.798424   0.297968  -0.500456 
      422.0000  -0.794001   0.289468  -0.504533 
      422.5000  -0.815396   0.310495  -0.504901 
      423.0000  -0.821277   0.307989  -0.513288 
      423.5000  -0.805119   0.291761  -0.513358 
      424.0000  -0.787538   0.281691  -0.505847 
      424.5000  -0.821171   0.300801  -0.520371 
      425.0000  -0.804297   0.286924  -0.517373 
      425.5000  -0.818004   0.310059  -0.507946 
      426.0000  -0.827918   0.313239  -0.514679 
      426.5000  -0.860937   0.344714  -0.516223 
      427.0000  -0.810873   0.288219  -0.522655 
      427.5000  -0.805642   0.284879  -0.520763 
      428.0000  -0.773743   0.255196  -0.518547 
      428.5000  -0.817922   0.295931  -0.521991 
      429.0000  -0.815071   0.298127  -0.516945 
      429.5000  -0.829979   0.311858  -0.518121 
      430.0000  -0.792943   0.273581  -0.519362 
      430.5000  -0.819672   0.295231  -0.524441 
      431.0000  -0.809312   0.289800  -0.519512 
      431.5000  -0.818098   0.294430  -0.523668 
      432.0000  -0.824265   0.301017  -0.523249 
      432.5000  -0.836606   0.316680  -0.519926 
      433.0000  -0.801844   0.281669  -0.520175 
      433.5000  -0.809293   0.286740  -0.522553 
      434.0000  -0.812430   0.302323  -0.510107 
      434.5000  -0.815976   0.302310  -0.513666 
      435.0000  -0.790140   0.281780  -0.508359 
      435.5000  -0.839539   0.325856  -0.513683 
      436.0000  -0.818023   0.306576  -0.511447 
      436.5000  -0.807018   0.297836  -0.509181 
      437.0000  -0.793537   0.282173  -0.511365 
      437.5000  -0.798916   0.285907  -0.513008 
      438.0000  -0.808952   0.307263  -0.501689 
      438.5000  -0.793212   0.297353  -0.495859 
      439.0000  -0.818654   0.332051  -0.486603 
      439.5000  -0.762529   0.264909  -0.497620 
      440.0000  -0.818021   0.312029  -0.505993 
      440.5000  -0.819169   0.308391  -0.510777 
      441.0000  -0.810829   0.301869  -0.508960 
      441.5000  -0.832618   0.320503  -0.512115 
      442.0000  -0.799429   0.286777  -0.512652 
      442.5000  -0.852350   0.345893  -0.506458 
      443.0000  -0.791555   0.285198  -0.506357 
      443.5000  -0.812827   0.298895  -0.513932 
      444.0000  -0.773253   0.262342  -0.510910 
      444.5000  -0.823465   0.310880  -0.512585 
      445.0000  -0.850524   0.335960  -0.514563 
      445.5000  -0.814468   0.301673  -0.512795 
      446.0000  -0.811275   0.295891  -0.515385 
      446.5000  -0.835839   0.327384  -0.508455 
      447.0000  -0.824031   0.319333  -0.504698 
      447.5000  -0.809439   0.303993  -0.505446 
      448.0000  -0.820520   0.321009  -0.499511 
      448.5000  -0.836405   0.331994  -0.504412 
      449.0000  -0.810463   0.313419  -0.497045 
      449.5000  -0.822132   0.326516  -0.495616 
      450.0000  -0.792702   0.299937  -0.492765 
      450.5000  -0.832674   0.340124  -0.492550 
      451.0000  -0.838647   0.335477  -0.503170 
      451.5000  -0.820434   0.316891  -0.503542 
      452.0000  -0.812086   0.313547  -0.498539 
      452.5000  -0.795622   0.294688  -0.500934 
      453.0000  -0.811097   0.306692  -0.504405 
      453.5000  -0.794287   0.294939  -0.499348 
      454.0000  -0.759742   0.262933  -0.496809 
      454.5000  -0.776613   0.278435  -0.498178 
      455.0000  -0.800629   0.303389  -0.497239 
      455.5000  -0.785515   0.293460  -0.492055 
      456.0000  -0.808123   0.314369  -0.493753 
      456.5000  -0.779809   0.282084  -0.497724 
      457.0000  -0.815448   0.320735  -0.494712 
      457.5000  -0.796385   0.302407  -0.493978 
      458.0000  -0.779022   0.286016  -0.493006 
      458.5000  -0.764950   0.271391  -0.493559 
      459.0000  -0.774144   0.285128  -0.489015 
      459.5000  -0.811120   0.320410  -0.490710 
      460.0000  -0.779550   0.281643  -0.497907 
      460.5000  -0.797200   0.305269  -0.491931 
      461.0000  -0.768971   0.281461  -0.487510 
      461.5000  -0.754538   0.264922  -0.489616 
      462.0000  -0.785543   0.302067  -0.483476 
      462.5000  -0.785024   0.300312  -0.484712 
      463.0000  -0.770109   0.296610  -0.473499 
      463.5000  -0.782461   0.309342  -0.473119 
      464.0000  -0.785400   0.313972  -0.471427 
      464.5000  -0.766245   0.290150  -0.476095 
      465.0000  -0.763576   0.294660  -0.468916 
      465.5000  -0.749946   0.271464  -0.478482 
      466.0000  -0.767025   0.300036  -0.466990 
      466.5000  -0.772005   0.305837  -0.466168 
      467.0000  -0.805916   0.332275  -0.473641 
      467.5000  -0.770104   0.288566  -0.481539 
      468.0000  -0.768153   0.282754  -0.485399 
      468.5000  -0.787234   0.307890  -0.479344 
      469.0000  -0.797770   0.316420  -0.481350 
      469.5000  -0.785428   0.305784  -0.479644 
      470.0000  -0.792670   0.318550  -0.474120 
      470.5000  -0.781993   0.305249  -0.476744 
      471.0000  -0.762966   0.283917  -0.479049 
      471.5000  -0.777088   0.299891  -0.477197 
      472.0000  -0.742401   0.256480  -0.485921 
      472.5000  -0.780927   0.306412  -0.474515 
      473.0000  -0.775545   0.301074  -0.474472 
      473.5000  -0.761938   0.298948  -0.462990 
      474.0000  -0.799984   0.336415  -0.463569 
      474.5000  -0.765654   0.303281  -0.462373 
      475.0000  -0.731485   0.261303  -0.470181 
      475.5000  -0.755774   0.287687  -0.468087 
      476.0000  -0.739554   0.269261  -0.470293 
      476.5000  -0.763621   0.288347  -0.475275 
      477.0000  -0.771100   0.293694  -0.477406 
      477.5000  -0.800986   0.326781  -0.474205 
      478.0000  -0.779919   0.305247  -0.474671 
      478.5000  -0.750206   0.271304  -0.478902 
      479.0000  -0.794949   0.329434  -0.465515 
      479.5000  -0.772830   0.300557  -0.472273 
      480.0000  -0.802278   0.331448  -0.470830 
      480.5000  -0.779701   0.308410  -0.471292 
      481.0000  -0.789094   0.319543  -0.469551 
      481.5000  -0.794655   0.329810  -0.464845 
      482.0000  -0.747729   0.285262  -0.462467 
      482.5000  -0.744066   0.281421  -0.462645 
      483.0000  -0.758764   0.286682  -0.472082 
      483.5000  -0.774671   0.304516  -0.470155 
      484.0000  -0.761991   0.284093  -0.477899 
      484.5000  -0.779631   0.303323  -0.476309 
      485.0000  -0.753763   0.277158  -0.476606 
      485.5000  -0.747033   0.279786  -0.467248 
      486.0000  -0.772730   0.293284  -0.479447 
      486.5000  -0.771951   0.299315  -0.472636 
      487.0000  -0.766523   0.282494  -0.484029 
      487.5000  -0.793469   0.310560  -0.482910 
      488.0000  -0.760676   0.282647  -0.478029 
      488.5000  -0.782160   0.309311  -0.472849 
      489.0000  -0.787742   0.321234  -0.466508 
      489.5000  -0.744216   0.278666  -0.465551 
      490.0000  -0.791817   0.320988  -0.470829 
      490.5000  -0.754148   0.281107  -0.473042 
      491.0000  -0.763066   0.293969  -0.469097 
      491.5000  -0.765618   0.298898  -0.466719 
      492.0000  -0.756333   0.293329  -0.463003 
      492.5000  -0.787280   0.328676  -0.458605 
      493.0000  -0.730057   0.275270  -0.454787 
      493.5000  -0.738152   0.282053  -0.456099 
      494.0000  -0.745029   0.285778  -0.459251 
      494.5000  -0.760445   0.294797  -0.465648 
      495.0000  -0.742111   0.271706  -0.470406 
      495.5000  -0.745045   0.267428  -0.477617 
      496.0000  -0.759124   0.277447  -0.481676 
      496.5000  -0.761998   0.273185  -0.488813 
      497.0000  -0.769629   0.276772  -0.492857 
      497.5000  -0.762205   0.263448  -0.498758 
      498.0000  -0.766072   0.266792  -0.499280 
      498.5000  -0.764314   0.262634  -0.501680 
      499.0000  -0.741639   0.246435  -0.495203 
      499.5000  -0.766997   0.278196  -0.488801 
      500.0000  -0.774321   0.282858  -0.491463 
