#id1 id2 FENE BEXC STCK NEXC HB CRSTCK CXSTCK total, t = 100000
0 1 0.0111802 0 -1.36872 0 0 0 0 -1.35754
1 2 0.00611348 0 -0.826645 0 0 0 0 -0.820531
2 3 0.0822892 0 -1.17336 0 0 0 0 -1.09107
3 4 0.000867711 0 -1.26668 0 0 0 0 -1.26581
4 5 0.182267 0 -1.35918 0 0 0 0 -1.17691
5 6 0.117557 0 -1.13362 0 0 0 0 -1.01606
6 7 0.0730889 0 0 0 0 0 0 0.0730889
7 8 0.0554415 0 0 0 0 0 0 0.0554415
8 9 0.00567011 0 0 0 0 0 0 0.00567011
9 10 0.0836291 0 -1.06502 0 0 0 0 -0.981396
10 11 0.0209209 0 0 0 0 0 0 0.0209209
11 12 0.0294138 0 -1.282 0 0 0 0 -1.25259
12 13 0.0134157 0 -1.37815 0 0 0 0 -1.36474
13 14 0.0201411 0 0 0 0 0 0 0.0201411
14 15 0.016647 0 0 0 0 0 0 0.016647
15 16 0.018438 0 -1.40431 0 0 0 0 -1.38588
16 17 0.0175068 0 -0 0 0 0 0 0.0175068
17 18 0.0394078 0 -0 0 0 0 0 0.0394078
18 19 0.0410479 0 -1.14994 0 0 0 0 -1.10889
19 20 0.0264398 0 -1.29525 0 0 0 0 -1.26881
20 21 0.000686195 0 0 0 0 0 0 0.000686195
21 22 0.0121726 0 -0 0 0 0 0 0.0121726
22 23 9.38703e-06 0 -1.1298 0 0 0 0 -1.12979
23 24 0.0170775 0 0 0 0 0 0 0.0170775
25 26 0.365359 0 -0.939756 0 0 0 0 -0.574397
26 27 0.00946755 0 -1.12932 0 0 0 0 -1.11985
27 28 0.0479537 0 0 0 0 0 0 0.0479537
28 29 0.00968114 0 -1.28005 0 0 0 0 -1.27037
29 30 0.155819 0 -1.0557 0 0 0 0 -0.899883
30 31 0.125814 0 -1.27329 0 0 0 0 -1.14747
31 32 0.0044466 0 -0.972904 0 0 0 0 -0.968458
32 33 0.0674735 0 -1.23723 0 0 0 0 -1.16976
33 34 0.174944 0 0 0 0 0 0 0.174944
34 35 0.241148 0 -0.331466 0 0 0 0 -0.0903183
35 36 0.0265736 0 -1.29957 0 0 0 0 -1.273
36 37 0.358604 0 -1.3341 0 0 0 0 -0.975496
37 38 0.00414538 0 -1.30339 0 0 0 0 -1.29924
38 39 0.189317 0 -1.36004 0 0 0 0 -1.17073
39 40 0.0226477 0 0 0 0 0 0 0.0226477
40 41 0.00474444 0 -1.32867 0 0 0 0 -1.32392
41 42 0.0112844 0 -1.39096 0 0 0 0 -1.37967
38 43 0 0 0 0 0 -0.10888 -0 -0.10888
42 43 0.016481 0 -1.29829 0 0 0 0 -1.28181
39 44 0 0 0 0 -0 -0.147915 0 -0.147915
38 44 0 0 0 0 -0.788782 0 -0 -0.788782
37 44 0 0 0 0 0 -0.0721132 0 -0.0721132
43 44 0.0974856 0 -1.13072 0 0 0 0 -1.03324
38 45 0 0 0 0 0 -0.169739 0 -0.169739
37 45 0 0 0 0 0 -0.014891 -0 -0.014891
44 45 0.0015169 0 -1.43675 0 0 0 0 -1.43524
45 46 0.0378286 0 -0.822774 0 0 0 0 -0.784945
46 47 0.00225048 0 0 0 0 0 0 0.00225048
47 48 0.0917806 0 -1.30216 0 0 0 0 -1.21038
48 49 0.0262684 0 -1.0432 0 0 0 0 -1.01693
49 50 0.0510248 0 -0.985268 0 0 0 0 -0.934244
50 51 0.0178561 0 0 0 0 0 0 0.0178561
#Total energy per particle is  -0.737255 and should be -0.73725510

