#id1 id2 FENE BEXC STCK NEXC HB CRSTCK CXSTCK total, t = 100000
0 1 0.0323188 0 -0 0 0 0 0 0.0323188
1 2 0.0568185 0 0 0 0 0 0 0.0568185
2 3 0.0829648 0 0 0 0 0 0 0.0829648
3 4 0.0121806 0 0 0 0 0 0 0.0121806
4 5 4.08507e-05 0 -1.13116 0 0 0 0 -1.13112
5 6 0.0893718 0 -1.29427 0 0 0 0 -1.2049
6 7 0.0448277 0 0 0 0 0 0 0.0448277
7 8 0.0116777 0 0 0 0 0 0 0.0116777
8 9 0.00581134 0 -0.705725 0 0 0 0 -0.699914
9 10 0.0112613 0 -1.13484 0 0 0 0 -1.12357
10 11 0.00444255 0 -1.20391 0 0 0 0 -1.19947
11 12 0.134583 0 0 0 0 0 0 0.134583
12 13 0.174832 0 -0.797925 0 0 0 0 -0.623093
13 14 0.100461 0 0 0 0 0 0 0.100461
14 15 0.0139202 0 0 0 0 0 0 0.0139202
15 16 0.109301 0 -1.34914 0 0 0 0 -1.23984
16 17 0.0418899 0 -1.21003 0 0 0 0 -1.16814
17 18 0.00804894 0 -1.16224 0 0 0 0 -1.15419
18 19 0.024064 0 -0.967456 0 0 0 0 -0.943392
19 20 0.0185165 0 -1.37386 0 0 0 0 -1.35534
20 21 0.0073734 0 -1.35292 0 0 0 0 -1.34554
21 22 0.0083402 0 -1.0149 0 0 0 0 -1.00656
22 23 0.0229236 0 -1.25234 0 0 0 0 -1.22941
23 24 0.0217342 0 -0.925184 0 0 0 0 -0.903449
25 26 0.0146765 0 0 0 0 0 0 0.0146765
26 27 0.0239887 0 -1.27441 0 0 0 0 -1.25042
27 28 0.00032573 0 0 0 0 0 0 0.00032573
28 29 0.000707649 0 0 0 0 0 0 0.000707649
29 30 0.00140564 0 -1.21603 0 0 0 0 -1.21463
30 31 0.0189138 0 -1.2592 0 0 0 0 -1.24029
31 32 0.00288426 0 -0 0 0 0 0 0.00288426
32 33 0.012818 0 -1.20429 0 0 0 0 -1.19148
33 34 0.0320011 0 -1.313 0 0 0 0 -1.281
34 35 0.028369 0 -1.22626 0 0 0 0 -1.19789
35 36 0.0390162 0 -1.05668 0 0 0 0 -1.01767
36 37 0.0108942 0 -1.09152 0 0 0 0 -1.08063
37 38 0.0794427 0 0 0 0 0 0 0.0794427
38 39 0.00823548 0 -1.41849 0 0 0 0 -1.41026
39 40 0.0455757 0 -1.21173 0 0 0 0 -1.16616
40 41 0.149253 0 -1.25387 0 0 0 0 -1.10462
41 42 0.0311548 0 -1.29453 0 0 0 0 -1.26338
42 43 0.00123065 0 -1.39001 0 0 0 0 -1.38878
43 44 0.00401356 0 -0 0 0 0 0 0.00401356
44 45 0.0350697 0 -1.20639 0 0 0 0 -1.17132
45 46 0.0217983 0 -0 0 0 0 0 0.0217983
46 47 0.0807981 0 0 0 0 0 0 0.0807981
47 48 0.00771781 0 -1.37187 0 0 0 0 -1.36415
48 49 0.519907 0 -1.41623 0 0 0 0 -0.896322
49 50 0.260522 0 0 0 0 0 0 0.260522
50 51 0.0675707 0 -1.22176 0 0 0 0 -1.15419
#Total energy per particle is  -0.687811 and should be -0.68781110

