t = 100000
b = 30 30 30
E = -0.538466495491717 -0.698490504084412 0.160024008592696
18.3639269050897 17.6531467852608 17.9820907746966 -0.629165298763793 -0.101383646027436 -0.770631076838254 0.623922891753602 -0.657150361823011 -0.422934323332791 0.0850472199843278 0.687197370906673 0.784860212340313 -0.0386123226922012 0.131951389497274 -0.033526761324088
18.3238665503485 17.1137019500672 17.7710000393088 -0.216831843262888 0.443848449633955 -0.869472464509748 0.344317172266924 -0.798650121318485 -0.493562025691412 0.00550066149091933 0.520746487073976 -0.013843607030306 -0.168147902487077 -0.669619947280969 0.0286685657688531
18.2955087664746 16.6685951846369 17.4055729303479 0.036835789449985 0.767959080005122 -0.63943869945918 0.276238666919071 -0.622765332897783 -0.732021467108066 -0.476958779886067 -0.368410992500397 0.118606483051548 0.165946862706184 -0.627034004771707 0.193449984064746
18.1688040480022 16.5070146009373 16.955664060462 0.68147360951183 0.652755778691366 -0.330913084767591 0.249845072625733 -0.632506844514747 -0.733152378346472 0.0966102179943233 0.350463746712184 -0.218254862119016 -0.235269993715772 -0.0240867366039281 0.235266806264483
17.3912646521581 16.2080032268374 16.1302418713416 -0.326996469114409 -0.45666587902535 -0.827362965115442 -0.749299754277836 -0.408208038696812 0.521455626901549 -0.0142564704359871 -0.317528443369448 -0.141749530602703 -0.172055561758406 -0.414034047296007 -0.361325079189034
16.8969151824465 16.0798730299984 16.1234646330813 0.154170860743324 -0.899150469424434 -0.409584606087155 -0.951175076163187 -0.247250023669914 0.184751870702407 0.172597960226201 0.395478560337869 0.0271787170798495 -0.22720009178132 0.926412658935742 0.547937264066721
16.42824314366 15.9067669205287 16.0576517874685 0.419004277920834 -0.824067913918455 0.381244392970084 -0.892245477736675 -0.295849411451194 0.34113193786878 0.100104120234559 0.308489799840453 0.261332084892656 -0.230950130269397 0.482802669232481 0.217497333588522
15.1350954762621 15.9749616742118 16.1418962797385 -0.994833654702698 -0.0942494774794057 -0.0377222593095396 0.0410613169297129 -0.713402366900424 0.699550506402118 0.165441138318042 0.0731598227481673 0.549719689150897 0.281957790882574 -0.425039272265161 0.045526729916822
15.1323780829289 14.9542149080329 15.9621281817628 -0.238075707771748 -0.969205456408886 0.0629329490983553 -0.172341605576676 0.105924063114167 0.979325476954163 0.0344763883741007 -0.692964488255322 0.271291926614224 -0.19039565781526 -0.00143227751738149 0.159061811119992
14.7760148549252 15.0020157253747 16.2593504875362 0.539189947385706 -0.820022592541115 0.191929669285149 -0.200326415469004 0.0964744418689839 0.974967650504893 -0.222202369792116 -0.306168921546707 0.575720594561699 -0.347708186549114 0.0878874857068839 0.0583529517075523
14.4732905454026 14.8377401007991 16.6283117085525 0.989297522919468 0.0233848677969125 0.144025756232607 -0.145862979464653 0.184045586579069 0.97203451211902 -0.147183590457635 0.5155324354638 0.0525074851825862 0.10026768646093 -0.505582883142095 0.157443531266759
14.5216514893052 14.6970452157616 17.1112764290598 0.664675707072678 0.745247213183361 -0.0530340189648423 -0.169038681967754 0.219146418370041 0.960937381362058 0.0219727362127754 -0.0109560734265306 0.137542872093342 0.0727879217751134 0.426623669116557 0.210160125045931
15.3044553522404 14.0532618375308 17.3796439888873 0.769238863246592 -0.625452388481564 0.130693464931631 0.368207537528276 0.266745271566488 -0.890657106152655 0.0713318523956988 -0.25821220452185 0.0420911286305364 -0.467406434473948 -0.204767369951577 -0.291461059183098
15.6871936614072 14.2675098521762 17.2025431028081 0.0320868691024303 -0.954715661204672 -0.295784145324449 0.3730226740223 0.285992492084856 -0.882645054246979 -0.0560512183839756 0.0136874031859735 0.290856133035702 -0.0841606717455496 -0.878788036344013 -0.535691981427114
16.0640268547643 14.2220146651154 16.8760255494287 -0.749628444427912 -0.529307175959802 -0.397354996067003 0.260285059291546 0.316227153262065 -0.912278453982097 0.349323370722995 -0.212809348307326 0.111671054292075 -0.119885378815676 -0.0809514919416534 0.204128674689061
16.1903604610335 14.0985939894947 16.445316014494 -0.978397630191332 0.123589205962484 -0.165721581229707 0.185893386760509 0.17521318493821 -0.966821528685254 -0.376442896605063 0.075692553528636 -0.00183689654202906 0.719016160882047 -0.431877089757806 0.0934446312129949
16.1564340492826 14.270182719604 15.9212178610308 -0.991580904712418 0.0598978808600275 0.114801690845616 -0.0861172245740512 0.357041501021434 -0.930110240698657 0.34487394500463 -0.814185045143879 -0.0469355564941047 -0.342112689120397 0.0752605812133927 -0.243300195292424
16.2671511676275 14.7545841193024 15.2770447833714 0.319278194665517 -0.245283814939147 -0.915367246328348 -0.939249094204748 0.0465084538073592 -0.340070633928519 -0.260167155732512 0.35098932770951 -0.242866847474865 0.340765158998257 -0.138089417120074 -0.257391822871022
15.9897571335877 15.0049814676585 14.979010428612 -0.0242507111505296 -0.967085503190351 -0.253293015194438 -0.969043694197861 0.0850093687239715 -0.23179217130029 -0.222532184461909 -0.497395577810879 0.00136974247829415 0.688793743572208 -0.155010032736221 0.01320574644133
15.7003035987986 14.9345326016895 14.5401641543279 -0.198900835138578 -0.858606767681979 0.47247509972919 -0.964768236541341 0.0868248703943295 -0.248361830397212 -0.145982650914007 -0.336132206342208 -0.0159642752198433 -0.232578762919026 -0.528071043913746 0.0264955310394886
15.1803355995186 15.4179891289325 13.8396673766779 -0.617263311808297 -0.785172718986292 0.0498958104167968 0.757895618465448 -0.576403170161317 0.305537949744529 -0.313098640069471 0.140163590561187 0.069911416342382 -0.416982914232423 0.109068517150164 -0.389239639637684
15.6180624604566 15.7169331204407 13.2706144677828 -0.0621942994495884 0.908447002191566 0.413346943883096 -0.0901197068724013 -0.417568488421985 0.904165283310794 0.132792641326819 0.556824927071873 0.444175564890954 0.52353835213839 -0.0370516684920954 0.0684365660422482
16.1620130049078 14.6559423270272 12.9099394470493 0.909904073774123 0.198352805859994 -0.364322208219732 0.280523815597641 -0.941220924251334 0.188173906697815 -0.42914976278428 -0.421880608975469 0.0258025658171631 -0.279075158511456 0.151448865143848 -0.190946771792225
16.3014011691872 14.1842693411791 12.9136543536711 0.732891802109442 0.653174197841951 0.190349488939921 0.466842431810404 -0.686337187107843 0.557673088018419 -0.157171212573897 -0.307757595614628 -0.0226055850355275 -0.21237667097435 -0.10501680760455 0.191144574089982
16.7076835017365 13.8406037568074 12.9139222394484 0.27576308405827 0.741974358595937 0.611088073176803 0.58628358613454 -0.633624709620297 0.504768419091116 0.163076069579341 -0.220557663427454 -0.0377998388032538 0.0515314742557294 0.151711996705016 0.106518276860111
16.950485678242 11.5438495699671 16.2186650872628 -0.477859738867834 0.177648216904185 -0.860285487470589 -0.447790859357217 0.793278367415176 0.412544135413667 -0.24672765607089 -0.0881295522571737 -0.509491800330938 0.206476636585021 0.252802004876036 -0.15496283152148
16.8033986969832 12.0468166153333 16.2440560239769 -0.742607941735167 -0.332561829021002 -0.581322574213215 -0.574527029298606 0.762395727757654 0.297777180990955 0.12513867635283 0.0945465278450854 0.194924693505037 0.203310395054019 0.240915431095834 0.270599168013709
16.7682405764056 12.4463526493045 16.0336617180724 -0.686727228753412 -0.496462470754247 0.530971353985738 -0.363021105268677 0.867062698431575 0.341200446614722 -0.195134173859996 -0.0215418650141373 0.279115371416799 -0.0293399078677471 0.105425948744477 -0.164393762970556
16.4193698213464 12.7300916446191 15.949069705581 0.0499051579707879 -0.118746942275194 0.991669586899365 -0.287838556460404 0.949068639537007 0.128131018938345 0.0563339333521641 0.146449912662569 0.496750058011296 0.431382022188238 -0.470124684747022 -0.315842877990408
16.0407502379449 13.0569900819191 16.0426231733862 0.73123601730309 -0.0544842032878985 0.679945018127699 -0.132539126793143 0.966458510106829 0.219979710933693 -0.0345183288565571 -0.811917204620569 -0.304220119807671 0.119588638547036 -0.203487149904839 -0.112385824421917
15.5952120824252 14.0891864753001 15.4242578158469 0.165118882399403 0.74115666222427 -0.65070919558406 0.872422907312278 -0.417484709021741 -0.254135182443245 0.202571708801438 0.133455308506752 -0.32185158744981 0.043622085799929 0.265280763348836 -0.0712358921323762
15.8409061807541 13.9667030368862 15.041084139315 0.456640235661448 0.886833318433234 0.0707540704348583 0.876154693059108 -0.434487605091619 -0.208742222921076 -0.376642092585962 -0.169408939015815 0.110406468006748 0.129159653300964 -0.0586124650375867 -0.0683918420871276
16.2979200754777 13.9554934296474 14.7226459449379 0.252016763164826 0.573751583022627 0.77929231696047 0.957960707347714 -0.0338166217519976 -0.284899274598767 0.102239037628417 0.300915186673283 -0.418160441642941 0.162994866308101 0.015685100237102 0.000233486085235166
16.3354627340083 12.6377957509728 14.9303293439777 0.614639050690245 -0.6027001848049 0.508892164913896 -0.211172570569213 -0.747315571823989 -0.63002022026285 0.0111191752853714 -0.276290532227101 0.197631317614564 0.366526021739872 0.078999994650913 -0.509652339788794
16.526466163505 12.2984481345043 14.508202048223 -0.119218338341157 -0.512535331682736 0.850349542934962 0.060387951249484 -0.858615213319429 -0.509051056958123 -0.376199397439384 0.191833014169455 0.351926537334365 -0.369160387769473 0.209586324839996 -0.105729292933754
16.7877717814976 11.7732384665752 14.3942227349579 -0.845962477632577 -0.266213891313854 0.462036323248872 0.00477187254360663 -0.870210547973206 -0.492656791304418 0.226928366019829 0.206204563988856 0.727977969452983 0.507400445748913 -0.0770146376362351 -0.14732452788363
17.8804776013909 12.0876733469009 13.6901756412392 -0.0871747287285561 0.796644105155654 -0.598129203285267 0.949465799722628 -0.115287053500368 -0.291930557091427 0.0499940817930765 -0.171632781362411 0.279380104358685 0.469085320130636 -0.532559145763044 0.0734791158979178
18.168035692472 11.8757557519849 13.3796063268941 0.319258915017918 0.923197929783405 0.213960524996035 0.888576143728184 -0.370100319620518 0.271031459593443 0.0657040536764351 0.170928234190565 0.475764430911363 0.216535421583071 -0.706233085486771 0.287435456375031
18.747681801399 11.8392172189461 13.2932561439215 0.0523566083413937 0.545543816272636 0.836445241404138 0.954987222838437 -0.272257049695 0.117794043818381 -0.368171012667294 -0.269882995386655 -0.0593618777537723 -0.476651576066371 0.0387428130425062 0.00695686865546368
19.2744562073293 11.9308965842 13.3127599071973 -0.178409418909856 0.240959102821595 0.953996141431506 0.983781670656339 0.0254178408069771 0.177559680590968 -0.0365334027592788 0.357600242423465 -0.674781267854508 0.206467911222828 0.319910672649889 0.0954929889118602
19.649151789998 12.1444043633845 13.3965169141814 -0.0995129157578977 -0.695033453258784 0.712057291473596 0.994607019412569 -0.0484635395586533 0.0916955217036063 0.497542153172566 0.409936478276884 0.00358857021745104 0.193225386665236 -0.0237104401461002 -0.186575159559091
20.0004178820805 12.2115320392873 13.6835470496004 -0.0515152782860716 -0.981987110823505 -0.181789028299304 0.975007706539598 -0.0888463022074615 0.203632424972955 -0.0701494613173935 -0.050662974954281 0.0588850498610591 0.489999950046329 0.0230958592802712 -0.241388323058756
20.3530996781209 12.0871936413866 14.0374518092796 0.0503567334555031 -0.67163248196656 -0.73917104715143 0.962164084921744 -0.165811669719059 0.21620970974033 0.0651278311365604 0.337684564956244 -0.365854795667782 -0.338614669524579 0.148075124296122 -0.522783124352856
20.8705030022765 12.2979252039715 14.8371934734414 -0.325239406792769 -0.620809775280735 0.713312314710733 0.450819175099939 0.561290928326432 0.694056537724371 0.629031787241129 0.243976897150783 -0.157889034383351 -0.217488226072419 -0.00949338543229653 -0.486933941490606
20.7870885250208 12.5962214755933 15.2405584936985 0.700610986021934 -0.662056259317526 0.26613074428695 0.290405152935487 0.605250343300076 0.741172505204293 0.0931004660070464 0.458016221247475 -0.0670251147521803 0.448662190193311 0.113106684034661 -0.306834946469148
19.888164032634 13.0878922810977 15.1088717019068 -0.175098023781104 -0.772430908626325 -0.610484291228736 -0.328368406160611 0.630377354940085 -0.703419143661246 0.161658185011821 -0.0041307661560941 -0.275008711534556 -0.225260078517181 -0.301002212557541 0.439111227247673
19.6442301919621 13.119401292529 15.7175739524097 0.424861505763641 0.834451650751939 0.35097426504215 -0.867888438449343 0.48570934856298 -0.10419174540101 -0.273658670214621 0.182864041967714 0.0624244818851394 -0.0967942924383647 0.301568956474625 -0.0829982276394381
18.7368063848547 12.4075452485188 15.2916885801204 -0.858443273100572 0.358610900139093 0.36670592147475 0.224378474358725 0.905477484482154 -0.360228550136162 0.238066930884631 -0.0289596225419534 0.120995996514281 0.018573133584148 -0.603954545518289 -0.570602133395281
18.710055640727 12.8241852339173 14.9571382703839 -0.491368927413698 0.374975773895436 0.786097747890648 0.153506211512489 0.925730136156179 -0.345629044067433 0.360079881739255 0.195004852247902 0.404998702341439 0.415209021078539 0.143553266056622 -0.475345155042117
18.6261572356306 13.2538061375356 14.7536903884763 0.428782532182757 0.112859852600004 0.896330324804554 0.383513000284621 0.875586262263664 -0.29371115871358 0.226206035003782 -0.307086710316875 -0.0750050462212085 0.355971027426272 -0.801922567096399 0.947862787405572
17.8907696370987 13.5029087087597 14.8234858247606 0.492579175388847 -0.0999724730715077 0.864506334517887 -0.864122414436672 -0.174028447737306 0.472235604996833 -0.517428441569781 -0.0707177405559069 0.0880131877522028 -0.351102141254048 -0.410041210394707 0.295061289251889
17.6763447180618 13.1610566806683 15.0590792922836 -0.0563118762582767 0.867202245203316 0.49476158848489 -0.810651080454711 -0.328985002278049 0.484369227821725 0.058238309939442 0.317699637087096 0.0837889304451751 0.118042865894938 -0.0770188522393276 -0.0277704903724507
