t = 100000
b = 30 30 30
E = -0.842103318719909 -1.02410815694167 0.182004838221757
24.3012957729622 -14.8852593271144 51.8714973634178 0.487047087419449 0.811838077009576 -0.322030913904233 -0.428112010353091 -0.0994642327592172 -0.898235430150015 0.595453455043004 -0.599080945496441 -0.00514952341217614 0.155979406994793 -0.277279976799484 0.267881718628996
24.0173398564964 -14.7493363441654 51.4862794067425 0.925848135322537 0.292517173661507 -0.239246449525644 -0.252999537698368 0.00952928218529565 -0.967419414703677 0.311643069376805 0.288357034083314 -0.257706826694334 0.128500819247817 -0.617116810596777 -0.425165973104132
23.9448310837241 -14.4789512978315 51.0793175672521 0.934701252099645 -0.335503457589017 -0.117349312638392 -0.135202304922087 -0.0302716286261541 -0.99035541405426 -0.0820998609854329 -0.190356867801422 0.328650451785168 0.19130031915249 0.245303908252482 0.306243191486645
24.1043646085757 -14.2958485774905 50.6123982047259 0.422471831061658 -0.90552976448663 0.039157210237399 -0.032055361692549 -0.0581023254695584 -0.997795808496321 -0.251190432885933 0.08602922214611 0.0612594055765389 0.40959828822479 0.137837330973366 -0.336157513869137
24.4069820923742 -14.2906294159218 50.1781817441176 0.08048219061812 -0.993281518762518 0.0831521074771201 0.114148426349224 -0.0736891937414584 -0.990726988932649 -0.412148766116541 -0.159463690576918 0.0608118307939078 0.0585081684353888 0.256112000122534 0.494018206905721
24.7328219395564 -14.4173960970112 49.8343525843353 -0.709739316227753 -0.699287103558796 -0.0852496165662759 0.0259805627184874 0.0949483130634515 -0.995143080462589 0.318879599142233 -0.267383901554245 -0.599715251228193 -0.606794699243905 0.329365224080561 -0.316829426294733
24.9757143085417 -14.5608855443547 49.3736303328834 -0.986241078938752 -0.122695558315722 0.110789318015909 -0.12591207262278 0.123262540718904 -0.984353793326632 0.0326298618108347 0.350565366417678 -0.48051347475805 0.158391602755251 0.304026378067752 -0.581314427196283
24.7686743322125 -14.7418601954389 48.9747419070896 -0.607493671256573 0.789258495110713 0.0895671154823971 -0.0514427406072994 0.0734300013677161 -0.995972670159791 -0.235206897266717 -0.354873792257011 0.39434015405234 -0.161653949626622 0.021623899553595 -0.78476147297942
24.9239763728354 -15.740789622288 49.1832743447805 0.596844705525951 -0.483974819225979 -0.639956733576275 0.694639739770905 -0.0874993888207999 0.71401636200425 0.0334561116607063 0.0210535557032027 0.0630927429895476 0.0588760399388252 0.0218214712912609 -0.306748272149546
25.0558430269261 -16.070996907393 49.4704785974275 0.77842250066719 0.29785893058467 -0.552574313738766 0.556171064005681 0.0809365160443728 0.827117251339855 -0.284320067830891 -0.211743842233295 0.194118469693897 -0.244335740845745 0.182261675252779 0.256066483941476
23.8404837513066 -16.1998329425561 49.0183025342554 -0.509740640655505 -0.00738419991412387 -0.86029638282981 0.766792263139608 0.449539302874656 -0.458196374278663 -0.134119628323213 -0.137196045444971 0.394416244123231 -0.386767224765308 -0.51265140211363 0.279736675770974
24.1437244924373 -15.4365352030609 49.8367852685546 0.753431601940654 0.636005932765538 -0.166844750882282 0.143670737595391 0.088376587334393 0.985671442923771 -0.381503595953156 -0.120879107758443 -0.0892855401044608 -0.585787481720259 -0.871713031904859 0.203801760958591
24.4468383910328 -15.4873455351518 50.2803188436838 0.0269168269008558 0.988555452712876 -0.148436383155291 0.122519026024314 0.144108215071247 0.981947956314798 0.514694061997097 -0.258224708335858 -0.0986262810606096 -0.0135498614842129 -0.435155412484729 0.607978111101356
24.7977301584408 -15.2746792118687 50.7047076029085 -0.640117555008398 0.749878015964027 -0.167129516186568 0.256363271199119 0.413552734957686 0.873642879693006 -0.0174860960900768 -0.340466641578209 -0.6657656250082 0.0316587660415699 0.0879004469175821 0.291914748384949
25.0771081220094 -14.8928822824335 50.9148069539201 -0.910922517721051 0.406236146682856 0.0720572826490171 0.240707353543953 0.381438959312302 0.892504455169392 -0.169067087486858 0.284686396141184 -0.506847023498206 0.179420612923101 -0.70128436585317 -0.580909421564605
25.1804772209423 -14.5210284514044 51.2719380406474 -0.990087296100445 -0.0861735755525786 0.110910525688861 0.0621912963049822 0.439054377210207 0.896305415590496 0.0694387367114777 -0.290093045108641 -0.152914955428222 -0.30574537685465 -0.139272683139092 0.0375516651928681
25.0463506326145 -14.107476201844 51.5657011753276 -0.478449677238655 -0.785071038766426 0.393381796917754 0.17489818027744 0.353810888191145 0.918819008827858 -0.00250351397967434 0.331534083441469 -0.158169316129906 0.021788133638692 -0.370323870579093 -0.301672189879752
24.8443681334471 -13.9865869060247 52.0531015975861 0.306392625299847 -0.911491575823516 0.274420192962012 0.206241785539505 0.345002774445067 0.915662206948192 -0.116117933743839 -0.0803604422445001 0.278825516376458 -0.17864311650495 -0.0224475573907371 -0.403995083866801
24.7712555891385 -13.9812920799147 52.5356370421701 0.919712382823458 -0.38435158821074 -0.0800176760492302 0.230200972604098 0.362859865254723 0.902961853689652 -0.477334067961246 -0.351200321859561 0.00446721544542578 0.0696707739611583 0.166558567631871 0.0756874320143921
24.9118797481186 -14.1633831198139 53.005606230213 0.824385760395108 0.38627290252306 -0.413740571670815 0.258314705313003 0.393655470828808 0.882218110445324 -0.492254761434076 0.0399428258909117 0.424301686683774 0.0587066014317691 -0.108675046502328 0.262164252530758
25.3494704169893 -14.1307294772909 53.3151469897961 0.307026918172433 0.855521967711341 -0.416913023903387 0.424324519679553 0.269062560292251 0.864612022357119 -0.773530750918027 0.214466953298362 0.308515338581121 -0.428270306656464 0.137854250656101 -0.0346152771983355
25.6893820062948 -14.8704262818554 53.2656914014115 0.63630465784552 0.708668484388782 -0.304803614321318 0.0680885188775884 0.341977286391491 0.937238164974334 0.0633082195605981 -0.415306226292233 -0.0983414325593696 0.141950634149655 -0.391138503686735 0.399506682090417
26.0477503177114 -14.7813147309191 53.6480136040944 -0.370427998300664 0.860008369460552 -0.350953685449013 0.0873317279067502 0.4084045979049 0.908613621706255 0.296384857654927 0.0862147519255053 -0.0562347103590441 -0.692807807115586 -0.165711983225725 -0.367599480656824
26.2644496336682 -14.4227323518778 53.7928475903257 -0.9123863690445 0.322462103343172 0.252129237072236 0.382188410543678 0.450542878384039 0.806810385071414 0.163173584422451 0.449714513409421 -0.0404761937985805 -0.0911846057999646 0.165821382191015 0.434724576945784
26.4435594634667 -13.9621566549775 54.0765072951262 -0.713765096893243 -0.495822486334183 0.494670942613867 0.380798023968309 0.318043114469835 0.868240379585766 -0.0160569174857892 -0.146368166145506 0.477060366275666 0.135807409700491 0.82654742829273 0.222115252982379
26.587012220119 -13.725030553135 54.5225152858705 -0.491066833282217 -0.82160996627838 0.289500024789917 0.179338611622765 0.229860941777649 0.956557121638766 0.0796512313830245 0.474432659279571 0.800790360293515 -0.258616782359621 -0.09705122032435 -0.509963444457268
27.6231867310179 -13.3526476237825 54.5172985509322 0.50822376700346 0.0299834828544269 0.860702910440479 0.84346549051541 0.184581406824164 -0.504475562914714 -0.0637080450463577 -0.0856675251761175 0.0302289224766124 -0.0522130373530705 -0.15832685997367 0.113161374956294
