#id1 id2 FENE BEXC STCK NEXC HB CRSTCK CXSTCK total, t = 100000
0 1 0.0292114 0 -1.31067 0 0 0 0 -1.28146
1 2 0.0509219 0 -1.31268 0 0 0 0 -1.26175
2 3 0.00177537 0 -1.40773 0 0 0 0 -1.40595
3 4 0.266657 0 -0.954349 0 0 0 0 -0.687692
4 5 0.00233778 0 -1.33364 0 0 0 0 -1.3313
5 6 0.000810534 0 -0.97842 0 0 0 0 -0.97761
6 7 0.00110202 0 -1.25612 0 0 0 0 -1.25502
7 8 0.00637397 0 0 0 0 0 0 0.00637397
8 9 0.0579287 0 -1.16741 0 0 0 0 -1.10948
9 10 0.00715697 0 0 0 0 0 0 0.00715697
6 11 0 0 0 0 0 -0.00498762 0 -0.00498762
5 11 0 0 0 0 0 -0.00306865 -0 -0.00306865
4 11 0 0 0 0 0 -0.0421595 0 -0.0421595
10 11 0.00377394 0 0 0 0 0 0 0.00377394
5 12 0 0 0 0 0 -0.150251 0 -0.150251
4 12 0 0 0 0 -0.809019 0 -0 -0.809019
3 12 0 0 0 0 -2.35193e-31 -0.121003 0 -0.121003
11 12 0.00123404 0 -1.3017 0 0 0 0 -1.30047
4 13 0 0 0 0 0 -0.0853892 -0 -0.0853892
2 13 0 0 0 0 -1.31783e-30 -0.145326 0 -0.145326
12 13 0.0629674 0 -1.08054 0 0 0 0 -1.01757
3 14 0 0 0 0 0 -0.140592 0 -0.140592
2 14 0 0 0 0 -0.751386 0 -0 -0.751386
1 14 0 0 0 0 -1.93462e-29 -0.16075 0 -0.16075
13 14 0.154009 0 -1.0952 0 0 0 0 -0.941186
2 15 0 0 0 0 -0 -0.0822757 0 -0.0822757
1 15 0 0 0 0 -0.705576 0 -0 -0.705576
0 15 0 0 0 0 -0 -0.0808963 -0 -0.0808963
14 15 0.0953548 0 -1.31022 0 0 0 0 -1.21486
1 16 0 0 0 0 0 -0.137396 0 -0.137396
15 16 0.0257674 0 -1.35932 0 0 0 0 -1.33355
0 17 0 0 0 0 0 -0.00553598 0 -0.00553598
16 17 0.00168069 0 -1.22295 0 0 0 0 -1.22127
17 18 0.00787492 0 -1.36267 0 0 0 0 -1.3548
18 19 0.0334452 0 -1.34453 0 0 0 0 -1.31109
19 20 0.00663786 0 -1.02595 0 0 0 0 -1.01931
20 21 0.018903 0 -0 0 0 0 0 0.018903
21 22 0.207049 0 -1.43236 0 0 0 0 -1.22532
22 23 0.0118124 0 -1.14976 0 0 0 0 -1.13795
23 24 0.0662686 0 -1.1357 0 0 0 0 -1.06943
24 25 0.20181 0 -1.09731 0 0 0 0 -0.895496
25 26 0.0910466 0 0 0 0 0 0 0.0910466
#Total energy per particle is  -1.02411 and should be -1.0241110

