        0.0000  -1.017812   0.284083  -0.733729 
        0.5000  -1.018822   0.350920  -0.667902 
        1.0000  -0.944743   0.374338  -0.570405 
        1.5000  -0.894010   0.455943  -0.438067 
        2.0000  -0.877730   0.543832  -0.333898 
        2.5000  -0.811652   0.567187  -0.244465 
        3.0000  -0.822622   0.653906  -0.168716 
        3.5000  -0.726854   0.615430  -0.111424 
        4.0000  -0.659078   0.554295  -0.104783 
        4.5000  -0.678257   0.591339  -0.086917 
        5.0000  -0.658813   0.562127  -0.096685 
        5.5000  -0.615109   0.511057  -0.104052 
        6.0000  -0.566062   0.454202  -0.111860 
        6.5000  -0.644959   0.502646  -0.142313 
        7.0000  -0.651182   0.494952  -0.156231 
        7.5000  -0.624208   0.478900  -0.145308 
        8.0000  -0.578739   0.421053  -0.157686 
        8.5000  -0.595837   0.431540  -0.164298 
        9.0000  -0.618980   0.437247  -0.181733 
        9.5000  -0.607439   0.427243  -0.180196 
       10.0000  -0.594149   0.405261  -0.188889 
       10.5000  -0.608238   0.435091  -0.173147 
       11.0000  -0.587764   0.405641  -0.182123 
       11.5000  -0.613518   0.414494  -0.199024 
       12.0000  -0.605598   0.393481  -0.212117 
       12.5000  -0.557077   0.328124  -0.228953 
       13.0000  -0.604421   0.380041  -0.224380 
       13.5000  -0.554026   0.349121  -0.204904 
       14.0000  -0.599918   0.415547  -0.184371 
       14.5000  -0.585859   0.407965  -0.177893 
       15.0000  -0.568845   0.385082  -0.183762 
       15.5000  -0.546965   0.372845  -0.174119 
       16.0000  -0.609960   0.431556  -0.178404 
       16.5000  -0.569558   0.375741  -0.193817 
       17.0000  -0.607549   0.398419  -0.209130 
       17.5000  -0.563082   0.349486  -0.213596 
       18.0000  -0.567822   0.363495  -0.204327 
       18.5000  -0.601351   0.390586  -0.210766 
       19.0000  -0.603795   0.375386  -0.228409 
       19.5000  -0.650423   0.419963  -0.230460 
       20.0000  -0.572768   0.340615  -0.232153 
       20.5000  -0.626346   0.385548  -0.240799 
       21.0000  -0.569183   0.317703  -0.251480 
       21.5000  -0.615966   0.361999  -0.253967 
       22.0000  -0.612849   0.355275  -0.257573 
       22.5000  -0.618554   0.370927  -0.247628 
       23.0000  -0.580951   0.331336  -0.249615 
       23.5000  -0.607377   0.354819  -0.252558 
       24.0000  -0.632703   0.379258  -0.253445 
       24.5000  -0.551358   0.306884  -0.244475 
       25.0000  -0.557783   0.308837  -0.248946 
       25.5000  -0.593404   0.354228  -0.239175 
       26.0000  -0.548083   0.310520  -0.237564 
       26.5000  -0.601084   0.356693  -0.244392 
       27.0000  -0.550104   0.305052  -0.245053 
       27.5000  -0.560493   0.300985  -0.259508 
       28.0000  -0.596803   0.337765  -0.259039 
       28.5000  -0.595316   0.326126  -0.269190 
       29.0000  -0.565049   0.300451  -0.264599 
       29.5000  -0.600155   0.328233  -0.271922 
       30.0000  -0.617837   0.344184  -0.273654 
       30.5000  -0.587561   0.326018  -0.261542 
       31.0000  -0.545030   0.297697  -0.247333 
       31.5000  -0.591414   0.337402  -0.254012 
       32.0000  -0.602777   0.349751  -0.253026 
       32.5000  -0.563888   0.298022  -0.265866 
       33.0000  -0.534607   0.274160  -0.260447 
       33.5000  -0.574927   0.318961  -0.255966 
       34.0000  -0.575299   0.329178  -0.246122 
       34.5000  -0.593649   0.342095  -0.251554 
       35.0000  -0.547488   0.293348  -0.254140 
       35.5000  -0.559942   0.304222  -0.255720 
       36.0000  -0.591855   0.329053  -0.262802 
       36.5000  -0.528943   0.265783  -0.263160 
       37.0000  -0.526797   0.256439  -0.270358 
       37.5000  -0.564118   0.299032  -0.265086 
       38.0000  -0.535277   0.272523  -0.262754 
       38.5000  -0.529475   0.270767  -0.258709 
       39.0000  -0.589156   0.320764  -0.268392 
       39.5000  -0.546313   0.265927  -0.280387 
       40.0000  -0.590499   0.314596  -0.275903 
       40.5000  -0.513235   0.244710  -0.268525 
       41.0000  -0.560986   0.291793  -0.269193 
       41.5000  -0.540383   0.271528  -0.268855 
       42.0000  -0.549613   0.264459  -0.285155 
       42.5000  -0.561902   0.285942  -0.275959 
       43.0000  -0.587649   0.308115  -0.279533 
       43.5000  -0.561025   0.283358  -0.277667 
       44.0000  -0.592072   0.309139  -0.282932 
       44.5000  -0.569614   0.278588  -0.291026 
       45.0000  -0.583693   0.287785  -0.295909 
       45.5000  -0.622164   0.319825  -0.302339 
       46.0000  -0.589266   0.288889  -0.300378 
       46.5000  -0.588836   0.283115  -0.305721 
       47.0000  -0.561277   0.260279  -0.300998 
       47.5000  -0.586349   0.285300  -0.301049 
       48.0000  -0.560801   0.251479  -0.309323 
       48.5000  -0.636046   0.324440  -0.311606 
       49.0000  -0.612656   0.301835  -0.310821 
       49.5000  -0.571097   0.260083  -0.311014 
       50.0000  -0.595113   0.278534  -0.316580 
       50.5000  -0.600607   0.283377  -0.317229 
       51.0000  -0.595787   0.285997  -0.309790 
       51.5000  -0.604810   0.322654  -0.282157 
       52.0000  -0.622342   0.339975  -0.282366 
       52.5000  -0.580255   0.308658  -0.271597 
       53.0000  -0.614808   0.342611  -0.272197 
       53.5000  -0.549801   0.273214  -0.276587 
       54.0000  -0.585317   0.305776  -0.279542 
       54.5000  -0.577007   0.305590  -0.271417 
       55.0000  -0.542571   0.284346  -0.258225 
       55.5000  -0.565873   0.310416  -0.255457 
       56.0000  -0.565060   0.298500  -0.266559 
       56.5000  -0.531605   0.270222  -0.261383 
       57.0000  -0.543833   0.288451  -0.255382 
       57.5000  -0.541316   0.280761  -0.260556 
       58.0000  -0.545105   0.287443  -0.257662 
       58.5000  -0.516906   0.249510  -0.267395 
       59.0000  -0.584010   0.321392  -0.262618 
       59.5000  -0.516144   0.257486  -0.258658 
       60.0000  -0.567330   0.310268  -0.257062 
       60.5000  -0.492013   0.243472  -0.248541 
       61.0000  -0.522476   0.271728  -0.250747 
       61.5000  -0.534858   0.282368  -0.252490 
       62.0000  -0.546436   0.306133  -0.240303 
       62.5000  -0.543538   0.282129  -0.261409 
       63.0000  -0.509072   0.256189  -0.252883 
       63.5000  -0.568495   0.316882  -0.251614 
       64.0000  -0.549437   0.291448  -0.257989 
       64.5000  -0.578736   0.328520  -0.250215 
       65.0000  -0.525374   0.269354  -0.256020 
       65.5000  -0.566257   0.303130  -0.263128 
       66.0000  -0.606791   0.338157  -0.268635 
       66.5000  -0.536305   0.269361  -0.266945 
       67.0000  -0.578841   0.319668  -0.259173 
       67.5000  -0.536710   0.279088  -0.257621 
       68.0000  -0.561718   0.306821  -0.254897 
       68.5000  -0.526440   0.270201  -0.256239 
       69.0000  -0.574847   0.325870  -0.248977 
       69.5000  -0.560514   0.317572  -0.242942 
       70.0000  -0.505336   0.259468  -0.245868 
       70.5000  -0.556628   0.308339  -0.248289 
       71.0000  -0.563073   0.323227  -0.239846 
       71.5000  -0.544993   0.305392  -0.239601 
       72.0000  -0.549679   0.299391  -0.250288 
       72.5000  -0.549543   0.302617  -0.246927 
       73.0000  -0.526112   0.273964  -0.252148 
       73.5000  -0.556554   0.313407  -0.243147 
       74.0000  -0.568056   0.321517  -0.246539 
       74.5000  -0.523955   0.272669  -0.251286 
       75.0000  -0.560768   0.302722  -0.258046 
       75.5000  -0.517937   0.272224  -0.245713 
       76.0000  -0.539906   0.291965  -0.247941 
       76.5000  -0.560321   0.305653  -0.254668 
       77.0000  -0.572854   0.308457  -0.264397 
       77.5000  -0.584639   0.323983  -0.260656 
       78.0000  -0.551009   0.289727  -0.261283 
       78.5000  -0.581926   0.316750  -0.265176 
       79.0000  -0.584826   0.320171  -0.264656 
       79.5000  -0.582902   0.320806  -0.262095 
       80.0000  -0.569563   0.294337  -0.275225 
       80.5000  -0.594633   0.307451  -0.287181 
       81.0000  -0.588887   0.295812  -0.293075 
       81.5000  -0.570502   0.276123  -0.294379 
       82.0000  -0.557373   0.280521  -0.276851 
       82.5000  -0.554959   0.292424  -0.262535 
       83.0000  -0.548140   0.291781  -0.256358 
       83.5000  -0.563932   0.299117  -0.264815 
       84.0000  -0.549781   0.288220  -0.261561 
       84.5000  -0.573747   0.299530  -0.274217 
       85.0000  -0.534178   0.262527  -0.271651 
       85.5000  -0.530477   0.261834  -0.268642 
       86.0000  -0.571068   0.303736  -0.267332 
       86.5000  -0.587972   0.305473  -0.282500 
       87.0000  -0.552179   0.283060  -0.269119 
       87.5000  -0.535069   0.264986  -0.270083 
       88.0000  -0.580213   0.306805  -0.273408 
       88.5000  -0.561161   0.294836  -0.266324 
       89.0000  -0.539174   0.279929  -0.259245 
       89.5000  -0.570119   0.321450  -0.248668 
       90.0000  -0.501254   0.261838  -0.239416 
       90.5000  -0.567452   0.318970  -0.248482 
       91.0000  -0.535703   0.284646  -0.251057 
       91.5000  -0.529648   0.272572  -0.257076 
       92.0000  -0.544401   0.315383  -0.229018 
       92.5000  -0.525782   0.310498  -0.215284 
       93.0000  -0.533724   0.316602  -0.217121 
       93.5000  -0.517959   0.298206  -0.219752 
       94.0000  -0.518383   0.300604  -0.217779 
       94.5000  -0.553099   0.316734  -0.236366 
       95.0000  -0.570876   0.328062  -0.242814 
       95.5000  -0.553946   0.315847  -0.238099 
       96.0000  -0.562451   0.317240  -0.245212 
       96.5000  -0.536531   0.291164  -0.245367 
       97.0000  -0.541421   0.311013  -0.230408 
       97.5000  -0.526405   0.283018  -0.243387 
       98.0000  -0.526158   0.284298  -0.241860 
       98.5000  -0.528449   0.295872  -0.232577 
       99.0000  -0.529401   0.292612  -0.236788 
       99.5000  -0.573986   0.341516  -0.232470 
      100.0000  -0.525379   0.293247  -0.232132 
      100.5000  -0.573217   0.348828  -0.224389 
      101.0000  -0.497167   0.271967  -0.225200 
      101.5000  -0.538159   0.316644  -0.221515 
      102.0000  -0.521427   0.299764  -0.221664 
      102.5000  -0.536221   0.310221  -0.226000 
      103.0000  -0.543565   0.312995  -0.230570 
      103.5000  -0.552917   0.325200  -0.227717 
      104.0000  -0.540723   0.318367  -0.222356 
      104.5000  -0.547104   0.316271  -0.230833 
      105.0000  -0.544344   0.296650  -0.247694 
      105.5000  -0.537655   0.297418  -0.240237 
      106.0000  -0.536914   0.299526  -0.237388 
      106.5000  -0.513110   0.277950  -0.235160 
      107.0000  -0.546920   0.312018  -0.234902 
      107.5000  -0.551807   0.315442  -0.236364 
      108.0000  -0.564390   0.319846  -0.244544 
      108.5000  -0.550719   0.288474  -0.262245 
      109.0000  -0.529851   0.263594  -0.266257 
      109.5000  -0.570482   0.295087  -0.275395 
      110.0000  -0.524053   0.252303  -0.271750 
      110.5000  -0.580661   0.309955  -0.270706 
      111.0000  -0.534535   0.262274  -0.272261 
      111.5000  -0.539475   0.280680  -0.258795 
      112.0000  -0.567715   0.301895  -0.265821 
      112.5000  -0.515056   0.251350  -0.263706 
      113.0000  -0.562425   0.305306  -0.257119 
      113.5000  -0.588222   0.316693  -0.271529 
      114.0000  -0.569823   0.294518  -0.275305 
      114.5000  -0.549728   0.275113  -0.274615 
      115.0000  -0.546329   0.273847  -0.272482 
      115.5000  -0.554625   0.305133  -0.249491 
      116.0000  -0.550016   0.300118  -0.249898 
      116.5000  -0.567086   0.325547  -0.241539 
      117.0000  -0.518751   0.284598  -0.234153 
      117.5000  -0.585053   0.343046  -0.242007 
      118.0000  -0.536388   0.303321  -0.233067 
      118.5000  -0.507152   0.278874  -0.228278 
      119.0000  -0.540515   0.308001  -0.232514 
      119.5000  -0.613596   0.378647  -0.234948 
      120.0000  -0.530945   0.290797  -0.240148 
      120.5000  -0.594782   0.355445  -0.239337 
      121.0000  -0.576314   0.333157  -0.243156 
      121.5000  -0.511795   0.282241  -0.229554 
      122.0000  -0.518188   0.307362  -0.210827 
      122.5000  -0.532563   0.325161  -0.207402 
      123.0000  -0.532496   0.330158  -0.202338 
      123.5000  -0.511994   0.318998  -0.192995 
      124.0000  -0.495775   0.305705  -0.190070 
      124.5000  -0.543747   0.361898  -0.181849 
      125.0000  -0.483072   0.295212  -0.187860 
      125.5000  -0.541886   0.342914  -0.198972 
      126.0000  -0.585638   0.387705  -0.197932 
      126.5000  -0.562736   0.369124  -0.193612 
      127.0000  -0.492099   0.299273  -0.192826 
      127.5000  -0.570686   0.376281  -0.194405 
      128.0000  -0.545727   0.354233  -0.191494 
      128.5000  -0.526015   0.354969  -0.171046 
      129.0000  -0.556333   0.376894  -0.179439 
      129.5000  -0.510884   0.338647  -0.172236 
      130.0000  -0.567605   0.376060  -0.191545 
      130.5000  -0.578945   0.388486  -0.190459 
      131.0000  -0.558609   0.373206  -0.185403 
      131.5000  -0.595019   0.408446  -0.186573 
      132.0000  -0.551234   0.370227  -0.181006 
      132.5000  -0.530859   0.362909  -0.167950 
      133.0000  -0.564069   0.384764  -0.179304 
      133.5000  -0.531450   0.361229  -0.170221 
      134.0000  -0.557700   0.387331  -0.170369 
      134.5000  -0.556806   0.387557  -0.169249 
      135.0000  -0.559261   0.411955  -0.147306 
      135.5000  -0.523708   0.370576  -0.153132 
      136.0000  -0.551367   0.393688  -0.157680 
      136.5000  -0.565792   0.404773  -0.161019 
      137.0000  -0.575328   0.420723  -0.154605 
      137.5000  -0.538176   0.386425  -0.151751 
      138.0000  -0.537866   0.383394  -0.154472 
      138.5000  -0.560785   0.420907  -0.139878 
      139.0000  -0.549706   0.411116  -0.138590 
      139.5000  -0.545183   0.408681  -0.136503 
      140.0000  -0.545924   0.398132  -0.147792 
      140.5000  -0.521485   0.369745  -0.151739 
      141.0000  -0.569888   0.411986  -0.157902 
      141.5000  -0.572342   0.407711  -0.164632 
      142.0000  -0.503474   0.345452  -0.158022 
      142.5000  -0.561827   0.412352  -0.149475 
      143.0000  -0.539742   0.394062  -0.145679 
      143.5000  -0.523773   0.362213  -0.161560 
      144.0000  -0.527082   0.353560  -0.173522 
      144.5000  -0.527089   0.357343  -0.169746 
      145.0000  -0.527721   0.362157  -0.165564 
      145.5000  -0.492377   0.323228  -0.169148 
      146.0000  -0.544728   0.372630  -0.172098 
      146.5000  -0.532746   0.338583  -0.194163 
      147.0000  -0.534043   0.338014  -0.196029 
      147.5000  -0.612328   0.418612  -0.193716 
      148.0000  -0.551950   0.374338  -0.177611 
      148.5000  -0.556468   0.374100  -0.182368 
      149.0000  -0.569635   0.383456  -0.186179 
      149.5000  -0.611164   0.408587  -0.202577 
      150.0000  -0.537233   0.340839  -0.196394 
      150.5000  -0.536246   0.335535  -0.200710 
      151.0000  -0.575059   0.354982  -0.220076 
      151.5000  -0.564798   0.364800  -0.199998 
      152.0000  -0.542760   0.341567  -0.201193 
      152.5000  -0.558830   0.367054  -0.191776 
      153.0000  -0.547777   0.368657  -0.179121 
      153.5000  -0.560721   0.386329  -0.174392 
      154.0000  -0.534049   0.363275  -0.170773 
      154.5000  -0.533275   0.374213  -0.159063 
      155.0000  -0.497608   0.337221  -0.160388 
      155.5000  -0.532618   0.376633  -0.155986 
      156.0000  -0.556927   0.393039  -0.163887 
      156.5000  -0.556972   0.395605  -0.161367 
      157.0000  -0.535835   0.400855  -0.134979 
      157.5000  -0.557922   0.420043  -0.137879 
      158.0000  -0.471178   0.333263  -0.137915 
      158.5000  -0.556691   0.409890  -0.146800 
      159.0000  -0.560970   0.413743  -0.147227 
      159.5000  -0.597310   0.441393  -0.155917 
      160.0000  -0.562050   0.409092  -0.152958 
      160.5000  -0.554068   0.391076  -0.162992 
      161.0000  -0.526842   0.358687  -0.168155 
      161.5000  -0.544697   0.371355  -0.173342 
      162.0000  -0.520087   0.337663  -0.182424 
      162.5000  -0.554051   0.365623  -0.188428 
      163.0000  -0.569842   0.378451  -0.191390 
      163.5000  -0.524391   0.325856  -0.198535 
      164.0000  -0.517253   0.312899  -0.204354 
      164.5000  -0.538664   0.328831  -0.209833 
      165.0000  -0.585891   0.373651  -0.212239 
      165.5000  -0.572455   0.356437  -0.216018 
      166.0000  -0.582901   0.357225  -0.225676 
      166.5000  -0.576258   0.359913  -0.216345 
      167.0000  -0.562191   0.342970  -0.219221 
      167.5000  -0.563029   0.359853  -0.203176 
      168.0000  -0.561692   0.352076  -0.209616 
      168.5000  -0.565682   0.368267  -0.197414 
      169.0000  -0.565416   0.363710  -0.201707 
      169.5000  -0.583056   0.376598  -0.206458 
      170.0000  -0.539578   0.334474  -0.205105 
      170.5000  -0.555679   0.341929  -0.213751 
      171.0000  -0.580483   0.367596  -0.212887 
      171.5000  -0.540235   0.328796  -0.211439 
      172.0000  -0.624935   0.415736  -0.209199 
      172.5000  -0.612147   0.375725  -0.236422 
      173.0000  -0.570733   0.334779  -0.235954 
      173.5000  -0.602102   0.361267  -0.240835 
      174.0000  -0.608418   0.381851  -0.226567 
      174.5000  -0.627651   0.409545  -0.218106 
      175.0000  -0.598828   0.364339  -0.234489 
      175.5000  -0.675399   0.434057  -0.241342 
      176.0000  -0.610552   0.362300  -0.248252 
      176.5000  -0.604273   0.354468  -0.249805 
      177.0000  -0.594381   0.333365  -0.261016 
      177.5000  -0.683766   0.424631  -0.259135 
      178.0000  -0.627934   0.365430  -0.262503 
      178.5000  -0.586282   0.314999  -0.271283 
      179.0000  -0.642844   0.361104  -0.281740 
      179.5000  -0.620475   0.344660  -0.275815 
      180.0000  -0.600303   0.318406  -0.281896 
      180.5000  -0.654154   0.357139  -0.297015 
      181.0000  -0.614944   0.320526  -0.294418 
      181.5000  -0.643321   0.355968  -0.287353 
      182.0000  -0.654796   0.361499  -0.293297 
      182.5000  -0.680977   0.377958  -0.303019 
      183.0000  -0.662379   0.360728  -0.301651 
      183.5000  -0.581222   0.288161  -0.293061 
      184.0000  -0.662641   0.361523  -0.301118 
      184.5000  -0.648771   0.337552  -0.311219 
      185.0000  -0.678366   0.347243  -0.331123 
      185.5000  -0.660585   0.319907  -0.340678 
      186.0000  -0.667569   0.327054  -0.340515 
      186.5000  -0.682731   0.338015  -0.344716 
      187.0000  -0.694134   0.342817  -0.351317 
      187.5000  -0.667315   0.320536  -0.346779 
      188.0000  -0.669674   0.337855  -0.331819 
      188.5000  -0.656568   0.329173  -0.327396 
      189.0000  -0.629123   0.310132  -0.318991 
      189.5000  -0.632583   0.313225  -0.319358 
      190.0000  -0.644639   0.338799  -0.305840 
      190.5000  -0.600410   0.280363  -0.320048 
      191.0000  -0.653098   0.330757  -0.322341 
      191.5000  -0.609809   0.281612  -0.328197 
      192.0000  -0.669818   0.338175  -0.331643 
      192.5000  -0.678727   0.350964  -0.327762 
      193.0000  -0.683114   0.344681  -0.338433 
      193.5000  -0.705809   0.353724  -0.352085 
      194.0000  -0.648157   0.295285  -0.352872 
      194.5000  -0.664928   0.302378  -0.362551 
      195.0000  -0.660890   0.307670  -0.353220 
      195.5000  -0.665178   0.311013  -0.354165 
      196.0000  -0.652074   0.306884  -0.345190 
      196.5000  -0.665340   0.327592  -0.337748 
      197.0000  -0.642678   0.303315  -0.339363 
      197.5000  -0.623456   0.283929  -0.339527 
      198.0000  -0.638796   0.279258  -0.359538 
      198.5000  -0.633722   0.280264  -0.353458 
      199.0000  -0.660159   0.299543  -0.360616 
      199.5000  -0.656543   0.311188  -0.345355 
      200.0000  -0.661169   0.303526  -0.357643 
      200.5000  -0.645727   0.277618  -0.368109 
      201.0000  -0.658366   0.295211  -0.363155 
      201.5000  -0.679690   0.313333  -0.366358 
      202.0000  -0.703654   0.333170  -0.370484 
      202.5000  -0.659187   0.286595  -0.372592 
      203.0000  -0.643992   0.268945  -0.375048 
      203.5000  -0.721665   0.339557  -0.382109 
      204.0000  -0.687539   0.313761  -0.373777 
      204.5000  -0.712556   0.334589  -0.377967 
      205.0000  -0.652640   0.280680  -0.371961 
      205.5000  -0.672353   0.307779  -0.364574 
      206.0000  -0.678198   0.318742  -0.359456 
      206.5000  -0.684458   0.326634  -0.357824 
      207.0000  -0.654793   0.306501  -0.348292 
      207.5000  -0.662001   0.320049  -0.341951 
      208.0000  -0.668602   0.321492  -0.347110 
      208.5000  -0.676997   0.326675  -0.350322 
      209.0000  -0.679078   0.315038  -0.364040 
      209.5000  -0.675799   0.307706  -0.368093 
      210.0000  -0.692182   0.319072  -0.373109 
      210.5000  -0.674070   0.301164  -0.372906 
      211.0000  -0.694833   0.327864  -0.366969 
      211.5000  -0.654707   0.297347  -0.357360 
      212.0000  -0.621328   0.254574  -0.366754 
      212.5000  -0.683035   0.314689  -0.368346 
      213.0000  -0.660071   0.292650  -0.367421 
      213.5000  -0.653766   0.290300  -0.363465 
      214.0000  -0.638274   0.272956  -0.365318 
      214.5000  -0.673102   0.311399  -0.361702 
      215.0000  -0.663307   0.300155  -0.363152 
      215.5000  -0.685454   0.324813  -0.360641 
      216.0000  -0.694288   0.328409  -0.365879 
      216.5000  -0.677298   0.312650  -0.364647 
      217.0000  -0.704317   0.328120  -0.376198 
      217.5000  -0.722632   0.332646  -0.389986 
      218.0000  -0.687296   0.297052  -0.390243 
      218.5000  -0.626073   0.231839  -0.394234 
      219.0000  -0.728563   0.340478  -0.388085 
      219.5000  -0.706566   0.322731  -0.383834 
      220.0000  -0.744397   0.363182  -0.381215 
      220.5000  -0.737931   0.349181  -0.388750 
      221.0000  -0.712824   0.318051  -0.394773 
      221.5000  -0.729215   0.318498  -0.410716 
      222.0000  -0.773874   0.379221  -0.394653 
      222.5000  -0.687387   0.299606  -0.387781 
      223.0000  -0.739907   0.363117  -0.376791 
      223.5000  -0.672067   0.292407  -0.379660 
      224.0000  -0.687095   0.322461  -0.364634 
      224.5000  -0.710041   0.340565  -0.369476 
      225.0000  -0.734101   0.359843  -0.374258 
      225.5000  -0.740545   0.359664  -0.380881 
      226.0000  -0.705889   0.311525  -0.394363 
      226.5000  -0.723024   0.328639  -0.394385 
      227.0000  -0.762238   0.370308  -0.391930 
      227.5000  -0.740559   0.345382  -0.395177 
      228.0000  -0.658637   0.273654  -0.384983 
      228.5000  -0.703701   0.335802  -0.367898 
      229.0000  -0.708571   0.326814  -0.381758 
      229.5000  -0.702023   0.322982  -0.379041 
      230.0000  -0.724584   0.346867  -0.377717 
      230.5000  -0.737757   0.352395  -0.385362 
      231.0000  -0.697831   0.315411  -0.382420 
      231.5000  -0.705326   0.331627  -0.373699 
      232.0000  -0.683457   0.307008  -0.376450 
      232.5000  -0.732061   0.358530  -0.373531 
      233.0000  -0.742487   0.359165  -0.383322 
      233.5000  -0.740719   0.358801  -0.381918 
      234.0000  -0.687987   0.309797  -0.378190 
      234.5000  -0.726343   0.349147  -0.377196 
      235.0000  -0.730418   0.341893  -0.388525 
      235.5000  -0.757051   0.354778  -0.402273 
      236.0000  -0.767701   0.372745  -0.394956 
      236.5000  -0.738778   0.341543  -0.397236 
      237.0000  -0.729768   0.336276  -0.393492 
      237.5000  -0.761784   0.365791  -0.395993 
      238.0000  -0.737030   0.331917  -0.405113 
      238.5000  -0.721061   0.318681  -0.402380 
      239.0000  -0.708293   0.296747  -0.411547 
      239.5000  -0.744609   0.319259  -0.425350 
      240.0000  -0.742238   0.333381  -0.408858 
      240.5000  -0.715409   0.313158  -0.402251 
      241.0000  -0.701607   0.303935  -0.397672 
      241.5000  -0.743966   0.332719  -0.411247 
      242.0000  -0.794836   0.372315  -0.422521 
      242.5000  -0.783605   0.359905  -0.423700 
      243.0000  -0.760400   0.325363  -0.435037 
      243.5000  -0.747663   0.311711  -0.435952 
      244.0000  -0.759463   0.311346  -0.448116 
      244.5000  -0.723905   0.271849  -0.452057 
      245.0000  -0.760302   0.306210  -0.454091 
      245.5000  -0.752357   0.301851  -0.450506 
      246.0000  -0.752035   0.304572  -0.447463 
      246.5000  -0.773279   0.321248  -0.452031 
      247.0000  -0.800280   0.354443  -0.445837 
      247.5000  -0.731316   0.287455  -0.443861 
      248.0000  -0.725056   0.289446  -0.435610 
      248.5000  -0.774416   0.347361  -0.427055 
      249.0000  -0.718340   0.296681  -0.421660 
      249.5000  -0.763629   0.330508  -0.433122 
      250.0000  -0.777410   0.346382  -0.431028 
      250.5000  -0.769965   0.340922  -0.429044 
      251.0000  -0.739346   0.316604  -0.422742 
      251.5000  -0.742297   0.325778  -0.416519 
      252.0000  -0.739653   0.333045  -0.406608 
      252.5000  -0.787643   0.381502  -0.406141 
      253.0000  -0.770982   0.367095  -0.403887 
      253.5000  -0.699190   0.296864  -0.402326 
      254.0000  -0.732446   0.328529  -0.403917 
      254.5000  -0.737389   0.331305  -0.406084 
      255.0000  -0.748006   0.327749  -0.420257 
      255.5000  -0.710528   0.287318  -0.423210 
      256.0000  -0.786329   0.372208  -0.414121 
      256.5000  -0.776633   0.372984  -0.403649 
      257.0000  -0.755426   0.356765  -0.398661 
      257.5000  -0.731103   0.314760  -0.416343 
      258.0000  -0.815753   0.392356  -0.423398 
      258.5000  -0.755413   0.349464  -0.405950 
      259.0000  -0.732939   0.308005  -0.424934 
      259.5000  -0.764513   0.328227  -0.436287 
      260.0000  -0.799459   0.356031  -0.443428 
      260.5000  -0.729826   0.285284  -0.444542 
      261.0000  -0.766386   0.326442  -0.439943 
      261.5000  -0.738893   0.304891  -0.434002 
      262.0000  -0.770591   0.331202  -0.439389 
      262.5000  -0.757196   0.335299  -0.421897 
      263.0000  -0.669925   0.254863  -0.415061 
      263.5000  -0.763890   0.343011  -0.420879 
      264.0000  -0.780861   0.349899  -0.430962 
      264.5000  -0.726506   0.293121  -0.433386 
      265.0000  -0.766307   0.331759  -0.434547 
      265.5000  -0.744429   0.302242  -0.442187 
      266.0000  -0.731251   0.276676  -0.454575 
      266.5000  -0.746972   0.282497  -0.464475 
      267.0000  -0.782871   0.314225  -0.468647 
      267.5000  -0.742396   0.286116  -0.456280 
      268.0000  -0.782464   0.335466  -0.446998 
      268.5000  -0.743915   0.290624  -0.453291 
      269.0000  -0.757339   0.295120  -0.462219 
      269.5000  -0.745519   0.287875  -0.457644 
      270.0000  -0.748570   0.293692  -0.454878 
      270.5000  -0.757567   0.306303  -0.451264 
      271.0000  -0.767215   0.326402  -0.440813 
      271.5000  -0.751513   0.308339  -0.443174 
      272.0000  -0.736660   0.302107  -0.434552 
      272.5000  -0.761318   0.327715  -0.433604 
      273.0000  -0.748518   0.326685  -0.421833 
      273.5000  -0.728431   0.316931  -0.411500 
      274.0000  -0.748871   0.334178  -0.414693 
      274.5000  -0.733104   0.321505  -0.411599 
      275.0000  -0.767582   0.346491  -0.421090 
      275.5000  -0.733031   0.307592  -0.425439 
      276.0000  -0.774435   0.346169  -0.428266 
      276.5000  -0.768157   0.326443  -0.441714 
      277.0000  -0.765513   0.320005  -0.445508 
      277.5000  -0.812126   0.382329  -0.429797 
      278.0000  -0.758779   0.321352  -0.437427 
      278.5000  -0.769930   0.329223  -0.440707 
      279.0000  -0.748740   0.295117  -0.453623 
      279.5000  -0.738863   0.289006  -0.449858 
      280.0000  -0.779111   0.322094  -0.457017 
      280.5000  -0.768246   0.303578  -0.464668 
      281.0000  -0.756430   0.306651  -0.449779 
      281.5000  -0.757705   0.303418  -0.454288 
      282.0000  -0.727746   0.275665  -0.452081 
      282.5000  -0.786609   0.335109  -0.451500 
      283.0000  -0.725962   0.277157  -0.448805 
      283.5000  -0.761782   0.310356  -0.451427 
      284.0000  -0.761285   0.314988  -0.446296 
      284.5000  -0.764930   0.319418  -0.445513 
      285.0000  -0.709138   0.265520  -0.443617 
      285.5000  -0.761940   0.320158  -0.441782 
      286.0000  -0.765720   0.329880  -0.435840 
      286.5000  -0.743267   0.305833  -0.437433 
      287.0000  -0.722488   0.289405  -0.433083 
      287.5000  -0.760496   0.317632  -0.442865 
      288.0000  -0.783565   0.340225  -0.443340 
      288.5000  -0.791622   0.358361  -0.433261 
      289.0000  -0.761766   0.320408  -0.441357 
      289.5000  -0.737698   0.299053  -0.438645 
      290.0000  -0.768507   0.326128  -0.442379 
      290.5000  -0.746791   0.304279  -0.442512 
      291.0000  -0.730482   0.294118  -0.436364 
      291.5000  -0.742584   0.301798  -0.440787 
      292.0000  -0.761756   0.325499  -0.436256 
      292.5000  -0.784691   0.350754  -0.433936 
      293.0000  -0.761046   0.325489  -0.435557 
      293.5000  -0.746507   0.315879  -0.430628 
      294.0000  -0.748588   0.313951  -0.434637 
      294.5000  -0.703457   0.264889  -0.438568 
      295.0000  -0.780291   0.346881  -0.433410 
      295.5000  -0.713798   0.276854  -0.436944 
      296.0000  -0.760544   0.322379  -0.438165 
      296.5000  -0.761579   0.326699  -0.434881 
      297.0000  -0.730884   0.297764  -0.433120 
      297.5000  -0.746221   0.319485  -0.426736 
      298.0000  -0.714162   0.299443  -0.414719 
      298.5000  -0.745003   0.330587  -0.414417 
      299.0000  -0.703616   0.289950  -0.413666 
      299.5000  -0.752915   0.335012  -0.417903 
      300.0000  -0.724343   0.309529  -0.414814 
      300.5000  -0.718311   0.306772  -0.411539 
      301.0000  -0.707745   0.309159  -0.398586 
      301.5000  -0.741009   0.348521  -0.392488 
      302.0000  -0.680853   0.290401  -0.390452 
      302.5000  -0.713238   0.326119  -0.387120 
      303.0000  -0.709916   0.329952  -0.379965 
      303.5000  -0.720087   0.337534  -0.382553 
      304.0000  -0.730792   0.346187  -0.384605 
      304.5000  -0.765765   0.384570  -0.381194 
      305.0000  -0.701205   0.322130  -0.379076 
      305.5000  -0.703761   0.324350  -0.379410 
      306.0000  -0.707032   0.317535  -0.389496 
      306.5000  -0.661611   0.272085  -0.389526 
      307.0000  -0.729698   0.350607  -0.379090 
      307.5000  -0.726079   0.353969  -0.372111 
      308.0000  -0.714837   0.344275  -0.370562 
      308.5000  -0.756854   0.364566  -0.392288 
      309.0000  -0.740655   0.342686  -0.397969 
      309.5000  -0.722714   0.325697  -0.397017 
      310.0000  -0.760586   0.358290  -0.402297 
      310.5000  -0.738206   0.338232  -0.399974 
      311.0000  -0.704885   0.306413  -0.398472 
      311.5000  -0.777603   0.362027  -0.415576 
      312.0000  -0.718778   0.320010  -0.398769 
      312.5000  -0.757148   0.346856  -0.410292 
      313.0000  -0.787045   0.366072  -0.420973 
      313.5000  -0.701377   0.283244  -0.418133 
      314.0000  -0.706739   0.299877  -0.406862 
      314.5000  -0.776323   0.373169  -0.403155 
      315.0000  -0.710780   0.309230  -0.401550 
      315.5000  -0.734802   0.337448  -0.397354 
      316.0000  -0.761536   0.353357  -0.408179 
      316.5000  -0.748185   0.339668  -0.408517 
      317.0000  -0.789217   0.357427  -0.431790 
      317.5000  -0.734636   0.304326  -0.430311 
      318.0000  -0.735401   0.305634  -0.429767 
      318.5000  -0.739465   0.319872  -0.419593 
      319.0000  -0.744408   0.331239  -0.413168 
      319.5000  -0.783714   0.369515  -0.414198 
      320.0000  -0.789594   0.370308  -0.419286 
      320.5000  -0.737659   0.312893  -0.424766 
      321.0000  -0.775878   0.361595  -0.414283 
      321.5000  -0.738924   0.328795  -0.410129 
      322.0000  -0.731479   0.325190  -0.406289 
      322.5000  -0.747576   0.337669  -0.409906 
      323.0000  -0.767729   0.353904  -0.413825 
      323.5000  -0.803555   0.384579  -0.418975 
      324.0000  -0.794358   0.373437  -0.420921 
      324.5000  -0.729650   0.306571  -0.423080 
      325.0000  -0.801246   0.382986  -0.418260 
      325.5000  -0.796268   0.378316  -0.417952 
      326.0000  -0.850017   0.428809  -0.421208 
      326.5000  -0.795178   0.371991  -0.423187 
      327.0000  -0.817487   0.381031  -0.436457 
      327.5000  -0.790923   0.351661  -0.439263 
      328.0000  -0.761570   0.315313  -0.446256 
      328.5000  -0.774711   0.321956  -0.452755 
      329.0000  -0.796387   0.341856  -0.454531 
      329.5000  -0.784383   0.320549  -0.463834 
      330.0000  -0.789519   0.336519  -0.453000 
      330.5000  -0.782746   0.331603  -0.451144 
      331.0000  -0.773020   0.330147  -0.442873 
      331.5000  -0.737459   0.293370  -0.444090 
      332.0000  -0.737194   0.293524  -0.443670 
      332.5000  -0.805555   0.354401  -0.451154 
      333.0000  -0.804277   0.348919  -0.455359 
      333.5000  -0.791883   0.338937  -0.452947 
      334.0000  -0.786894   0.327567  -0.459326 
      334.5000  -0.732887   0.289897  -0.442991 
      335.0000  -0.741034   0.305342  -0.435692 
      335.5000  -0.758354   0.320379  -0.437975 
      336.0000  -0.769494   0.328061  -0.441433 
      336.5000  -0.748436   0.308671  -0.439766 
      337.0000  -0.688809   0.244483  -0.444326 
      337.5000  -0.787642   0.344116  -0.443526 
      338.0000  -0.780544   0.329575  -0.450969 
      338.5000  -0.719837   0.277161  -0.442676 
      339.0000  -0.815714   0.389891  -0.425823 
      339.5000  -0.729008   0.307963  -0.421046 
      340.0000  -0.745777   0.331227  -0.414551 
      340.5000  -0.758259   0.325183  -0.433077 
      341.0000  -0.769273   0.327467  -0.441806 
      341.5000  -0.759822   0.314542  -0.445280 
      342.0000  -0.759310   0.310557  -0.448753 
      342.5000  -0.746356   0.300030  -0.446327 
      343.0000  -0.753135   0.302364  -0.450771 
      343.5000  -0.785226   0.339528  -0.445698 
      344.0000  -0.783420   0.340108  -0.443312 
      344.5000  -0.724195   0.285417  -0.438779 
      345.0000  -0.771696   0.332384  -0.439312 
      345.5000  -0.748592   0.315918  -0.432674 
      346.0000  -0.741812   0.295429  -0.446383 
      346.5000  -0.730794   0.284448  -0.446345 
      347.0000  -0.748627   0.299442  -0.449185 
      347.5000  -0.701838   0.240995  -0.460842 
      348.0000  -0.711985   0.251627  -0.460358 
      348.5000  -0.717745   0.263080  -0.454666 
      349.0000  -0.777623   0.313582  -0.464041 
      349.5000  -0.749575   0.288436  -0.461139 
      350.0000  -0.758583   0.304865  -0.453718 
      350.5000  -0.743566   0.307438  -0.436129 
      351.0000  -0.766361   0.332176  -0.434186 
      351.5000  -0.744522   0.309858  -0.434664 
      352.0000  -0.765955   0.326639  -0.439317 
      352.5000  -0.705437   0.272421  -0.433017 
      353.0000  -0.754291   0.321337  -0.432953 
      353.5000  -0.747563   0.309364  -0.438198 
      354.0000  -0.721969   0.289486  -0.432483 
      354.5000  -0.731327   0.291754  -0.439573 
      355.0000  -0.749147   0.311661  -0.437487 
      355.5000  -0.743477   0.314517  -0.428960 
      356.0000  -0.748341   0.322712  -0.425629 
      356.5000  -0.763121   0.332644  -0.430478 
      357.0000  -0.774799   0.352767  -0.422031 
      357.5000  -0.742983   0.326469  -0.416514 
      358.0000  -0.762504   0.348760  -0.413744 
      358.5000  -0.722958   0.296226  -0.426732 
      359.0000  -0.748863   0.320200  -0.428664 
      359.5000  -0.713365   0.278084  -0.435281 
      360.0000  -0.750591   0.303515  -0.447076 
      360.5000  -0.803350   0.354641  -0.448709 
      361.0000  -0.790982   0.327291  -0.463691 
      361.5000  -0.744727   0.280888  -0.463839 
      362.0000  -0.765308   0.294124  -0.471184 
      362.5000  -0.761487   0.297059  -0.464428 
      363.0000  -0.754065   0.294738  -0.459327 
      363.5000  -0.789949   0.302805  -0.487144 
      364.0000  -0.757247   0.275902  -0.481345 
      364.5000  -0.755985   0.275601  -0.480384 
      365.0000  -0.759412   0.292684  -0.466728 
      365.5000  -0.777034   0.326237  -0.450797 
      366.0000  -0.775621   0.314667  -0.460954 
      366.5000  -0.790447   0.338537  -0.451910 
      367.0000  -0.804504   0.360425  -0.444080 
      367.5000  -0.802992   0.365090  -0.437902 
      368.0000  -0.744466   0.300842  -0.443624 
      368.5000  -0.759850   0.315662  -0.444188 
      369.0000  -0.740774   0.317189  -0.423584 
      369.5000  -0.749992   0.332439  -0.417553 
      370.0000  -0.747448   0.327094  -0.420354 
      370.5000  -0.765254   0.325899  -0.439355 
      371.0000  -0.754445   0.321899  -0.432546 
      371.5000  -0.800635   0.369865  -0.430770 
      372.0000  -0.736306   0.308386  -0.427920 
      372.5000  -0.760893   0.327661  -0.433232 
      373.0000  -0.758490   0.321385  -0.437105 
      373.5000  -0.739798   0.298389  -0.441408 
      374.0000  -0.744998   0.301863  -0.443134 
      374.5000  -0.741023   0.299615  -0.441408 
      375.0000  -0.783628   0.338780  -0.444847 
      375.5000  -0.750253   0.315031  -0.435222 
      376.0000  -0.737846   0.312207  -0.425639 
      376.5000  -0.727692   0.309667  -0.418024 
      377.0000  -0.747898   0.323531  -0.424366 
      377.5000  -0.707738   0.291908  -0.415830 
      378.0000  -0.691436   0.271443  -0.419992 
      378.5000  -0.724127   0.301683  -0.422444 
      379.0000  -0.734621   0.311208  -0.423413 
      379.5000  -0.704264   0.272492  -0.431772 
      380.0000  -0.782799   0.352984  -0.429815 
      380.5000  -0.766676   0.339557  -0.427119 
      381.0000  -0.782660   0.357002  -0.425658 
      381.5000  -0.712452   0.288742  -0.423710 
      382.0000  -0.752729   0.339193  -0.413536 
      382.5000  -0.757484   0.340770  -0.416714 
      383.0000  -0.692497   0.280084  -0.412413 
      383.5000  -0.757439   0.317788  -0.439652 
      384.0000  -0.714882   0.273398  -0.441484 
      384.5000  -0.731757   0.299335  -0.432423 
      385.0000  -0.766160   0.326986  -0.439173 
      385.5000  -0.755365   0.314917  -0.440448 
      386.0000  -0.736524   0.289836  -0.446688 
      386.5000  -0.722925   0.280288  -0.442637 
      387.0000  -0.767244   0.322084  -0.445160 
      387.5000  -0.729758   0.301985  -0.427772 
      388.0000  -0.796856   0.365654  -0.431202 
      388.5000  -0.756913   0.320209  -0.436704 
      389.0000  -0.740626   0.307465  -0.433161 
      389.5000  -0.808566   0.377179  -0.431387 
      390.0000  -0.765670   0.335495  -0.430175 
      390.5000  -0.763463   0.327947  -0.435516 
      391.0000  -0.771357   0.338263  -0.433094 
      391.5000  -0.817684   0.386942  -0.430742 
      392.0000  -0.762150   0.329264  -0.432887 
      392.5000  -0.753875   0.338425  -0.415450 
      393.0000  -0.740017   0.338811  -0.401205 
      393.5000  -0.737994   0.334182  -0.403812 
      394.0000  -0.782371   0.370860  -0.411511 
      394.5000  -0.786208   0.376978  -0.409230 
      395.0000  -0.789999   0.378181  -0.411818 
      395.5000  -0.722081   0.300655  -0.421426 
      396.0000  -0.746168   0.316283  -0.429885 
      396.5000  -0.785628   0.354917  -0.430711 
      397.0000  -0.764745   0.323474  -0.441271 
      397.5000  -0.731017   0.289443  -0.441574 
      398.0000  -0.728594   0.285148  -0.443447 
      398.5000  -0.729864   0.285452  -0.444411 
      399.0000  -0.703112   0.271738  -0.431373 
      399.5000  -0.724451   0.281131  -0.443320 
      400.0000  -0.725628   0.279726  -0.445902 
      400.5000  -0.735505   0.280366  -0.455140 
      401.0000  -0.758893   0.305296  -0.453597 
      401.5000  -0.723886   0.285028  -0.438858 
      402.0000  -0.738580   0.292781  -0.445798 
      402.5000  -0.767503   0.324639  -0.442864 
      403.0000  -0.721406   0.283906  -0.437500 
      403.5000  -0.789434   0.354377  -0.435057 
      404.0000  -0.739630   0.307865  -0.431765 
      404.5000  -0.757188   0.313142  -0.444046 
      405.0000  -0.733262   0.281543  -0.451719 
      405.5000  -0.749737   0.305508  -0.444230 
      406.0000  -0.749680   0.313328  -0.436353 
      406.5000  -0.753482   0.320515  -0.432968 
      407.0000  -0.722099   0.285678  -0.436421 
      407.5000  -0.812620   0.369405  -0.443214 
      408.0000  -0.740888   0.296807  -0.444081 
      408.5000  -0.768747   0.330287  -0.438460 
      409.0000  -0.783018   0.337530  -0.445488 
      409.5000  -0.751097   0.315207  -0.435890 
      410.0000  -0.736567   0.293118  -0.443449 
      410.5000  -0.739107   0.298199  -0.440907 
      411.0000  -0.730832   0.294285  -0.436547 
      411.5000  -0.776298   0.339897  -0.436401 
      412.0000  -0.749708   0.311101  -0.438607 
      412.5000  -0.772507   0.324189  -0.448318 
      413.0000  -0.741030   0.299701  -0.441329 
      413.5000  -0.763941   0.314100  -0.449841 
      414.0000  -0.765481   0.316789  -0.448691 
      414.5000  -0.787585   0.339050  -0.448536 
      415.0000  -0.779076   0.340567  -0.438509 
      415.5000  -0.755924   0.302161  -0.453763 
      416.0000  -0.748290   0.282392  -0.465897 
      416.5000  -0.772596   0.325396  -0.447201 
      417.0000  -0.803572   0.328940  -0.474632 
      417.5000  -0.753882   0.293002  -0.460881 
      418.0000  -0.774395   0.298404  -0.475992 
      418.5000  -0.772071   0.291507  -0.480563 
      419.0000  -0.786829   0.302753  -0.484077 
      419.5000  -0.758616   0.272560  -0.486056 
      420.0000  -0.754973   0.265143  -0.489829 
      420.5000  -0.748929   0.259549  -0.489380 
      421.0000  -0.742247   0.252177  -0.490070 
      421.5000  -0.788347   0.291015  -0.497332 
      422.0000  -0.726864   0.235878  -0.490986 
      422.5000  -0.818596   0.336964  -0.481633 
      423.0000  -0.767308   0.279346  -0.487962 
      423.5000  -0.775798   0.297466  -0.478332 
      424.0000  -0.795097   0.309084  -0.486013 
      424.5000  -0.805164   0.310419  -0.494745 
      425.0000  -0.747615   0.254943  -0.492672 
      425.5000  -0.771123   0.277192  -0.493931 
      426.0000  -0.753557   0.265638  -0.487918 
      426.5000  -0.778122   0.306943  -0.471179 
      427.0000  -0.797357   0.322569  -0.474789 
      427.5000  -0.748663   0.270812  -0.477851 
      428.0000  -0.759595   0.274693  -0.484902 
      428.5000  -0.803015   0.314019  -0.488996 
      429.0000  -0.780708   0.281153  -0.499555 
      429.5000  -0.802650   0.310474  -0.492176 
      430.0000  -0.773620   0.287641  -0.485979 
      430.5000  -0.735437   0.243019  -0.492418 
      431.0000  -0.811696   0.310985  -0.500711 
      431.5000  -0.801253   0.295905  -0.505348 
      432.0000  -0.782270   0.277536  -0.504734 
      432.5000  -0.795041   0.284994  -0.510048 
      433.0000  -0.771709   0.252663  -0.519046 
      433.5000  -0.788850   0.277547  -0.511304 
      434.0000  -0.781689   0.271647  -0.510042 
      434.5000  -0.782530   0.281187  -0.501343 
      435.0000  -0.796199   0.292461  -0.503737 
      435.5000  -0.795143   0.292179  -0.502964 
      436.0000  -0.781995   0.289871  -0.492124 
      436.5000  -0.809723   0.323971  -0.485752 
      437.0000  -0.775352   0.287050  -0.488302 
      437.5000  -0.804487   0.308218  -0.496270 
      438.0000  -0.782143   0.295356  -0.486787 
      438.5000  -0.765871   0.284178  -0.481692 
      439.0000  -0.729071   0.243296  -0.485775 
      439.5000  -0.773711   0.298801  -0.474910 
      440.0000  -0.741373   0.263269  -0.478104 
      440.5000  -0.795744   0.307808  -0.487936 
      441.0000  -0.770746   0.281155  -0.489591 
      441.5000  -0.764220   0.270088  -0.494132 
      442.0000  -0.756717   0.263365  -0.493351 
      442.5000  -0.798051   0.309566  -0.488485 
      443.0000  -0.782767   0.296306  -0.486462 
      443.5000  -0.762873   0.276592  -0.486281 
      444.0000  -0.771962   0.279384  -0.492578 
      444.5000  -0.787976   0.292240  -0.495736 
      445.0000  -0.837089   0.342298  -0.494791 
      445.5000  -0.764191   0.275800  -0.488390 
      446.0000  -0.784365   0.297914  -0.486451 
      446.5000  -0.800287   0.302516  -0.497771 
      447.0000  -0.776138   0.273893  -0.502246 
      447.5000  -0.766875   0.271633  -0.495242 
      448.0000  -0.801701   0.312178  -0.489523 
      448.5000  -0.807419   0.325802  -0.481617 
      449.0000  -0.776648   0.300837  -0.475810 
      449.5000  -0.797794   0.328964  -0.468830 
      450.0000  -0.759311   0.284845  -0.474466 
      450.5000  -0.727318   0.259066  -0.468252 
      451.0000  -0.741012   0.271721  -0.469292 
      451.5000  -0.769408   0.301598  -0.467811 
      452.0000  -0.749483   0.273431  -0.476052 
      452.5000  -0.780402   0.294267  -0.486136 
      453.0000  -0.818041   0.331194  -0.486847 
      453.5000  -0.734425   0.247116  -0.487310 
      454.0000  -0.733394   0.256055  -0.477339 
      454.5000  -0.751385   0.277599  -0.473785 
      455.0000  -0.728931   0.241904  -0.487027 
      455.5000  -0.772766   0.292307  -0.480458 
      456.0000  -0.797060   0.319526  -0.477533 
      456.5000  -0.795239   0.324253  -0.470986 
      457.0000  -0.724958   0.263280  -0.461677 
      457.5000  -0.758604   0.273242  -0.485361 
      458.0000  -0.747986   0.262963  -0.485023 
      458.5000  -0.767420   0.268673  -0.498747 
      459.0000  -0.791454   0.275049  -0.516405 
      459.5000  -0.806642   0.278662  -0.527981 
      460.0000  -0.820599   0.287850  -0.532749 
      460.5000  -0.914635   0.382286  -0.532348 
      461.0000  -0.839234   0.311267  -0.527968 
      461.5000  -0.855230   0.313065  -0.542165 
      462.0000  -0.832699   0.295635  -0.537064 
      462.5000  -0.906488   0.370523  -0.535965 
      463.0000  -0.895524   0.346992  -0.548532 
      463.5000  -0.879113   0.328384  -0.550729 
      464.0000  -0.871538   0.314598  -0.556940 
      464.5000  -0.910439   0.353846  -0.556593 
      465.0000  -0.916677   0.361356  -0.555321 
      465.5000  -0.873523   0.317027  -0.556495 
      466.0000  -0.900754   0.346527  -0.554226 
      466.5000  -0.849768   0.288797  -0.560970 
      467.0000  -0.941391   0.377507  -0.563884 
      467.5000  -0.880431   0.289351  -0.591079 
      468.0000  -0.906307   0.323739  -0.582568 
      468.5000  -0.913442   0.329680  -0.583762 
      469.0000  -0.873805   0.286265  -0.587539 
      469.5000  -0.887372   0.296158  -0.591214 
      470.0000  -0.872020   0.289113  -0.582907 
      470.5000  -0.885432   0.313063  -0.572369 
      471.0000  -0.892328   0.326131  -0.566197 
      471.5000  -0.922360   0.349337  -0.573024 
      472.0000  -0.908776   0.334294  -0.574482 
      472.5000  -0.907910   0.315250  -0.592661 
      473.0000  -0.950639   0.351086  -0.599553 
      473.5000  -0.938419   0.343336  -0.595083 
      474.0000  -0.896746   0.300860  -0.595887 
      474.5000  -0.919919   0.319139  -0.600780 
      475.0000  -0.929496   0.345199  -0.584296 
      475.5000  -0.904802   0.333963  -0.570839 
      476.0000  -0.940196   0.378845  -0.561352 
      476.5000  -0.880467   0.316178  -0.564289 
      477.0000  -0.925121   0.369419  -0.555703 
      477.5000  -0.862052   0.309242  -0.552810 
      478.0000  -0.906237   0.350140  -0.556096 
      478.5000  -0.858363   0.287187  -0.571177 
      479.0000  -0.910701   0.335167  -0.575534 
      479.5000  -0.904182   0.326923  -0.577259 
      480.0000  -0.923909   0.339423  -0.584486 
      480.5000  -0.961825   0.364811  -0.597014 
      481.0000  -0.950901   0.345839  -0.605062 
      481.5000  -0.904451   0.293024  -0.611427 
      482.0000  -0.955084   0.347081  -0.608002 
      482.5000  -0.905661   0.294989  -0.610672 
      483.0000  -0.904690   0.291356  -0.613334 
      483.5000  -0.971428   0.350881  -0.620547 
      484.0000  -0.914004   0.297414  -0.616589 
      484.5000  -0.895579   0.277794  -0.617785 
      485.0000  -0.931673   0.318756  -0.612918 
      485.5000  -0.912718   0.282192  -0.630526 
      486.0000  -0.950813   0.329874  -0.620940 
      486.5000  -0.913086   0.300584  -0.612501 
      487.0000  -0.908167   0.301412  -0.606755 
      487.5000  -0.945773   0.317279  -0.628493 
      488.0000  -0.940036   0.295109  -0.644927 
      488.5000  -0.980229   0.332829  -0.647400 
      489.0000  -0.959301   0.303169  -0.656132 
      489.5000  -0.933226   0.267406  -0.665820 
      490.0000  -0.965659   0.297447  -0.668212 
      490.5000  -0.975315   0.301842  -0.673473 
      491.0000  -0.961239   0.274749  -0.686490 
      491.5000  -0.990515   0.301011  -0.689504 
      492.0000  -0.971785   0.285331  -0.686454 
      492.5000  -0.949045   0.262543  -0.686502 
      493.0000  -0.956964   0.267056  -0.689908 
      493.5000  -0.969514   0.272946  -0.696569 
      494.0000  -0.997847   0.306764  -0.691084 
      494.5000  -0.976763   0.290765  -0.685997 
      495.0000  -0.977801   0.303961  -0.673840 
      495.5000  -1.001337   0.333256  -0.668082 
      496.0000  -0.983611   0.315867  -0.667744 
      496.5000  -0.992647   0.317134  -0.675513 
      497.0000  -1.000263   0.320095  -0.680168 
      497.5000  -0.967434   0.292983  -0.674451 
      498.0000  -0.983603   0.292370  -0.691233 
      498.5000  -0.944627   0.256329  -0.688298 
      499.0000  -0.994092   0.300396  -0.693696 
      499.5000  -0.995664   0.304965  -0.690699 
      500.0000  -1.024108   0.328572  -0.695536 
