t = 0
b =  30.0 30.0 30.0
E = 0. 0. 0.
8.021308053713119 7.8268502647147775 17.864012048729087 0.5473227543858192 -0.4667907374482202 0.6946540217720379 0.19995054959705508 0.8789068677110109 0.43306176881162733 0.0 0.0 0.0 0.0 0.0 0.0
7.875700713862801 8.08168926771318 18.314057254514964 0.919890482629389 -0.32058032552442023 0.22589766456191296 0.19995054959705508 0.8789068677110109 0.43306176881162733 0.0 0.0 0.0 0.0 0.0 0.0
7.939782438472246 8.263451975421217 18.81559584004561 0.9429764367733512 -0.052576088116677154 -0.32868099222282565 0.19995054959705508 0.8789068677110109 0.43306176881162733 0.0 0.0 0.0 0.0 0.0 0.0
8.218815671514974 8.433229962188749 19.2422115830571 0.6078098768618447 0.23540268419190838 -0.758388244808972 0.19995054959705508 0.8789068677110109 0.43306176881162733 0.0 0.0 0.0 0.0 0.0 0.0
8.636399185113124 8.656667998224782 19.495952701801667 0.041726182691300795 0.4339480410529913 -0.8999711236169097 0.19995054959705508 0.8789068677110109 0.43306176881162733 0.0 0.0 0.0 0.0 0.0 0.0
9.063494183368672 8.97902450387304 19.544545374600123 -0.5402099859082401 0.46762928189370095 -0.6996399258480035 0.19995054959705508 0.8789068677110109 0.43306176881162733 0.0 0.0 0.0 0.0 0.0 0.0
9.367448298338704 9.407977119042942 19.43365510428733 -0.9169113490319231 0.32365034019833483 -0.233503822893674 0.19995054959705508 0.8789068677110109 0.43306176881162733 0.0 0.0 0.0 0.0 0.0 0.0
9.462392442446253 9.910705839444727 19.26953763019871 -0.9452627607181333 0.05671122311649721 0.32134428635369083 0.19995054959705508 0.8789068677110109 0.43306176881162733 0.0 0.0 0.0 0.0 0.0 0.0
9.34186391050537 10.42636188494034 19.17867059629553 -0.6144930456569543 -0.2317734357883849 0.7541083286253285 0.19995054959705508 0.8789068677110109 0.43306176881162733 0.0 0.0 0.0 0.0 0.0 0.0
9.081261669471932 10.889185168455228 19.259702579630545 -0.05026714877485211 -0.43220349139206055 0.9003740088333061 0.19995054959705508 0.8789068677110109 0.43306176881162733 0.0 0.0 0.0 0.0 0.0 0.0
8.809201030293607 11.253487652507994 19.545974846609422 0.5330560783487259 -0.4684322145588655 0.7045725496348493 0.19995054959705508 0.8789068677110109 0.43306176881162733 0.0 0.0 0.0 0.0 0.0 0.0
8.65865054094751 11.511010998512827 19.99285444844697 0.9138623890852615 -0.32669570764578054 0.24109219900527468 0.19995054959705508 0.8789068677110109 0.43306176881162733 0.0 0.0 0.0 0.0 0.0 0.0
8.716415011948119 11.694064047680309 20.494691024633745 0.9474770992439531 -0.06084203933711106 -0.3139831088730153 0.19995054959705508 0.8789068677110109 0.43306176881162733 0.0 0.0 0.0 0.0 0.0 0.0
8.990156917533795 11.863248152066497 20.924955141273426 0.6211294184275304 0.2281265369403782 -0.7497709841728112 0.19995054959705508 0.8789068677110109 0.43306176881162733 0.0 0.0 0.0 0.0 0.0 0.0
9.405485293593893 12.084433707726257 21.184308938479333 0.05880428682040695 0.4304260277619159 -0.9007083270829904 0.19995054959705508 0.8789068677110109 0.43306176881162733 0.0 0.0 0.0 0.0 0.0 0.0
9.834218108684981 12.403734889957722 21.23834624418585 -0.5258615765050352 0.46919947429728187 -0.7094515174941771 0.19995054959705508 0.8789068677110109 0.43306176881162733 0.0 0.0 0.0 0.0 0.0 0.0
10.14308076086549 12.829990107118633 21.13066405415664 -0.9107438349795092 0.32971619595023466 -0.2486622150124948 0.19995054959705508 0.8789068677110109 0.43306176881162733 0.0 0.0 0.0 0.0 0.0 0.0
10.244339327205822 13.331404141520935 20.966299304391168 -0.9496192837203586 0.06496822220086929 0.30659802036296396 0.19995054959705508 0.8789068677110109 0.43306176881162733 0.0 0.0 0.0 0.0 0.0 0.0
10.129132147942286 13.847627684218153 20.871823583014553 -0.627718489788093 -0.22446226537335634 0.7453765417569925 0.19995054959705508 0.8789068677110109 0.43306176881162733 0.0 0.0 0.0 0.0 0.0 0.0
9.870836519180363 14.3126850464608 20.94725646778475 -0.06733694669185036 -0.4286157855232956 0.900974052906333 0.19995054959705508 0.8789068677110109 0.43306176881162733 0.0 0.0 0.0 0.0 0.0 0.0
9.597191431301274 14.680039426906996 21.228066416264134 0.5186270282663377 -0.46993100267915133 0.7142764578736943 0.19995054959705508 0.8789068677110109 0.43306176881162733 0.0 0.0 0.0 0.0 0.0 0.0
9.44176739083412 14.94027302050608 21.67169570579057 0.907555924204635 -0.3327115750898194 0.2562132944293067 0.19995054959705508 0.8789068677110109 0.43306176881162733 0.0 0.0 0.0 0.0 0.0 0.0
9.493220751845698 15.124665000094655 22.173728823843927 0.9516891510117085 -0.0690894574829726 -0.2991895832266197 0.19995054959705508 0.8789068677110109 0.43306176881162733 0.0 0.0 0.0 0.0 0.0 0.0
9.761611684775339 15.293308035676084 22.607561666986765 0.6342597579553474 0.22078090013578494 -0.7409253360316767 0.19995054959705508 0.8789068677110109 0.43306176881162733 0.0 0.0 0.0 0.0 0.0 0.0
10.174582149487911 15.512278084390346 22.87250055646793 0.07586447859409773 0.4267729025331539 -0.9011711660672843 0.19995054959705508 0.8789068677110109 0.43306176881162733 0.0 0.0 0.0 0.0 0.0 0.0
10.604845924483088 15.82853102966547 22.93201745028867 -0.5113529845714916 0.4706267439957546 -0.719047003335511 0.19995054959705508 0.8789068677110109 0.43306176881162733 0.0 0.0 0.0 0.0 0.0 0.0
10.91854677055545 16.25206335604272 22.82762755707423 -0.9042988995323873 0.3356816169548155 -0.26374486221177784 0.19995054959705508 0.8789068677110109 0.43306176881162733 0.0 0.0 0.0 0.0 0.0 0.0
