        0.0000  -1.017812   0.325492  -0.692319 
        0.5000  -0.970396   0.542089  -0.428307 
        1.0000  -0.884722   0.845026  -0.039696 
        1.5000  -0.725582   1.096741   0.371160 
        2.0000  -0.641486   1.212368   0.570881 
        2.5000  -0.442414   1.087162   0.644748 
        3.0000  -0.386631   1.002694   0.616063 
        3.5000  -0.328079   0.915636   0.587557 
        4.0000  -0.240077   0.804810   0.564733 
        4.5000  -0.264230   0.820793   0.556563 
        5.0000  -0.257396   0.818805   0.561409 
        5.5000  -0.248912   0.811305   0.562392 
        6.0000  -0.164409   0.700335   0.535926 
        6.5000  -0.144033   0.669544   0.525511 
        7.0000  -0.102316   0.638748   0.536432 
        7.5000  -0.089683   0.626175   0.536492 
        8.0000  -0.089867   0.599943   0.510076 
        8.5000  -0.037619   0.508939   0.471320 
        9.0000  -0.033491   0.499214   0.465723 
        9.5000  -0.031010   0.491672   0.460661 
       10.0000  -0.068007   0.529463   0.461456 
       10.5000  -0.072701   0.521215   0.448514 
       11.0000   0.009106   0.427209   0.436315 
       11.5000  -0.056978   0.471372   0.414394 
       12.0000  -0.070770   0.493439   0.422669 
       12.5000  -0.022040   0.482927   0.460887 
       13.0000  -0.007574   0.451505   0.443931 
       13.5000  -0.091980   0.541549   0.449568 
       14.0000  -0.113187   0.557075   0.443888 
       14.5000  -0.097314   0.537829   0.440514 
       15.0000  -0.100462   0.528244   0.427781 
       15.5000  -0.063493   0.483874   0.420381 
       16.0000  -0.059992   0.470552   0.410560 
       16.5000  -0.129452   0.533774   0.404321 
       17.0000  -0.162538   0.560368   0.397830 
       17.5000  -0.170246   0.554538   0.384292 
       18.0000  -0.123376   0.495383   0.372007 
       18.5000  -0.166213   0.522403   0.356190 
       19.0000  -0.108785   0.453306   0.344521 
       19.5000  -0.194717   0.535820   0.341103 
       20.0000  -0.153453   0.488653   0.335201 
       20.5000  -0.153832   0.482598   0.328766 
       21.0000  -0.222749   0.535153   0.312403 
       21.5000  -0.219694   0.506078   0.286384 
       22.0000  -0.203948   0.490196   0.286248 
       22.5000  -0.163787   0.450237   0.286450 
       23.0000  -0.172669   0.469287   0.296618 
       23.5000  -0.162440   0.466556   0.304117 
       24.0000  -0.137748   0.441986   0.304238 
       24.5000  -0.119767   0.420620   0.300853 
       25.0000  -0.200641   0.500320   0.299679 
       25.5000  -0.147214   0.431732   0.284518 
       26.0000  -0.155133   0.424053   0.268920 
       26.5000  -0.169135   0.423280   0.254145 
       27.0000  -0.158898   0.422140   0.263241 
       27.5000  -0.133439   0.401650   0.268211 
       28.0000  -0.210626   0.467580   0.256954 
       28.5000  -0.191925   0.451763   0.259838 
       29.0000  -0.180908   0.436563   0.255655 
       29.5000  -0.257575   0.516063   0.258487 
       30.0000  -0.212279   0.481467   0.269188 
       30.5000  -0.199904   0.458891   0.258986 
       31.0000  -0.194554   0.457936   0.263383 
       31.5000  -0.213461   0.472384   0.258923 
       32.0000  -0.226039   0.480342   0.254303 
       32.5000  -0.211160   0.459824   0.248664 
       33.0000  -0.187488   0.439289   0.251801 
       33.5000  -0.159807   0.413665   0.253858 
       34.0000  -0.192243   0.451344   0.259102 
       34.5000  -0.174776   0.417069   0.242293 
       35.0000  -0.133387   0.371407   0.238020 
       35.5000  -0.171794   0.409229   0.237435 
       36.0000  -0.169222   0.393712   0.224490 
       36.5000  -0.174085   0.392552   0.218467 
       37.0000  -0.152167   0.371777   0.219610 
       37.5000  -0.172026   0.397717   0.225691 
       38.0000  -0.178457   0.402332   0.223875 
       38.5000  -0.196015   0.428738   0.232723 
       39.0000  -0.233026   0.468617   0.235591 
       39.5000  -0.151703   0.381438   0.229735 
       40.0000  -0.212673   0.428904   0.216230 
       40.5000  -0.229568   0.447760   0.218193 
       41.0000  -0.157893   0.376234   0.218341 
       41.5000  -0.220991   0.447410   0.226419 
       42.0000  -0.228034   0.462805   0.234771 
       42.5000  -0.173051   0.409633   0.236582 
       43.0000  -0.157124   0.383525   0.226401 
       43.5000  -0.182501   0.393499   0.210998 
       44.0000  -0.203770   0.414576   0.210806 
       44.5000  -0.137529   0.349749   0.212220 
       45.0000  -0.171979   0.379160   0.207181 
       45.5000  -0.132622   0.348066   0.215444 
       46.0000  -0.154387   0.368984   0.214596 
       46.5000  -0.194897   0.401440   0.206544 
       47.0000  -0.183097   0.390847   0.207749 
       47.5000  -0.186984   0.387828   0.200843 
       48.0000  -0.218558   0.410398   0.191840 
       48.5000  -0.253900   0.427104   0.173203 
       49.0000  -0.222730   0.405304   0.182574 
       49.5000  -0.229531   0.409579   0.180048 
       50.0000  -0.234638   0.414253   0.179615 
       50.5000  -0.235933   0.431293   0.195360 
       51.0000  -0.238007   0.432991   0.194983 
       51.5000  -0.273142   0.470763   0.197621 
       52.0000  -0.247381   0.438516   0.191135 
       52.5000  -0.224477   0.407520   0.183043 
       53.0000  -0.238235   0.413617   0.175382 
       53.5000  -0.213409   0.392148   0.178739 
       54.0000  -0.216052   0.400070   0.184018 
       54.5000  -0.232606   0.418449   0.185844 
       55.0000  -0.200549   0.370018   0.169469 
       55.5000  -0.197129   0.357747   0.160617 
       56.0000  -0.260339   0.435282   0.174943 
       56.5000  -0.226092   0.398831   0.172739 
       57.0000  -0.200833   0.365731   0.164898 
       57.5000  -0.200183   0.381623   0.181440 
       58.0000  -0.207464   0.370005   0.162541 
       58.5000  -0.172325   0.332720   0.160395 
       59.0000  -0.196652   0.374265   0.177613 
       59.5000  -0.220107   0.391845   0.171738 
       60.0000  -0.175642   0.338886   0.163245 
       60.5000  -0.222562   0.384165   0.161603 
       61.0000  -0.209781   0.375019   0.165238 
       61.5000  -0.206988   0.375384   0.168396 
       62.0000  -0.201638   0.374145   0.172507 
       62.5000  -0.215184   0.392800   0.177616 
       63.0000  -0.220494   0.388009   0.167515 
       63.5000  -0.193699   0.353629   0.159930 
       64.0000  -0.203671   0.370498   0.166827 
       64.5000  -0.191327   0.351497   0.160170 
       65.0000  -0.224446   0.383559   0.159113 
       65.5000  -0.216342   0.373330   0.156988 
       66.0000  -0.195713   0.357305   0.161592 
       66.5000  -0.216838   0.375641   0.158803 
       67.0000  -0.238958   0.390277   0.151319 
       67.5000  -0.205291   0.324829   0.119538 
       68.0000  -0.247169   0.356896   0.109726 
       68.5000  -0.235677   0.342931   0.107253 
       69.0000  -0.235444   0.330228   0.094785 
       69.5000  -0.227308   0.329035   0.101728 
       70.0000  -0.220853   0.311577   0.090724 
       70.5000  -0.233586   0.322627   0.089042 
       71.0000  -0.243638   0.333584   0.089946 
       71.5000  -0.212181   0.288789   0.076607 
       72.0000  -0.207756   0.288231   0.080475 
       72.5000  -0.272296   0.348932   0.076636 
       73.0000  -0.239940   0.330512   0.090572 
       73.5000  -0.236062   0.333166   0.097103 
       74.0000  -0.230428   0.340892   0.110464 
       74.5000  -0.222395   0.354692   0.132297 
       75.0000  -0.240922   0.356195   0.115273 
       75.5000  -0.237692   0.350697   0.113005 
       76.0000  -0.215187   0.337567   0.122380 
       76.5000  -0.204099   0.329741   0.125641 
       77.0000  -0.230365   0.344674   0.114309 
       77.5000  -0.179129   0.292177   0.113048 
       78.0000  -0.208538   0.331893   0.123355 
       78.5000  -0.223077   0.355639   0.132562 
       79.0000  -0.213857   0.345183   0.131325 
       79.5000  -0.200571   0.331751   0.131179 
       80.0000  -0.236132   0.342764   0.106633 
       80.5000  -0.219379   0.313883   0.094504 
       81.0000  -0.243525   0.330189   0.086664 
       81.5000  -0.250231   0.353518   0.103287 
       82.0000  -0.245190   0.350506   0.105316 
       82.5000  -0.243739   0.350915   0.107176 
       83.0000  -0.171821   0.277496   0.105675 
       83.5000  -0.223205   0.325380   0.102175 
       84.0000  -0.200523   0.292877   0.092354 
       84.5000  -0.252687   0.359990   0.107303 
       85.0000  -0.215600   0.311645   0.096045 
       85.5000  -0.260705   0.348170   0.087465 
       86.0000  -0.234741   0.321974   0.087233 
       86.5000  -0.253951   0.357397   0.103447 
       87.0000  -0.214939   0.324285   0.109345 
       87.5000  -0.217681   0.333773   0.116092 
       88.0000  -0.220987   0.345000   0.124012 
       88.5000  -0.235658   0.349480   0.113822 
       89.0000  -0.227402   0.334280   0.106878 
       89.5000  -0.216912   0.329247   0.112335 
       90.0000  -0.219031   0.325112   0.106081 
       90.5000  -0.310890   0.417010   0.106119 
       91.0000  -0.273297   0.372130   0.098834 
       91.5000  -0.226384   0.320163   0.093779 
       92.0000  -0.233867   0.328353   0.094485 
       92.5000  -0.248772   0.330287   0.081514 
       93.0000  -0.284165   0.349751   0.065586 
       93.5000  -0.259520   0.312507   0.052987 
       94.0000  -0.261390   0.327116   0.065726 
       94.5000  -0.254362   0.345193   0.090831 
       95.0000  -0.255847   0.352074   0.096227 
       95.5000  -0.315711   0.412117   0.096407 
       96.0000  -0.250429   0.346364   0.095936 
       96.5000  -0.266816   0.357669   0.090852 
       97.0000  -0.298226   0.391585   0.093359 
       97.5000  -0.267850   0.353902   0.086052 
       98.0000  -0.279329   0.364608   0.085279 
       98.5000  -0.308776   0.397315   0.088540 
       99.0000  -0.352302   0.449443   0.097141 
       99.5000  -0.294058   0.374585   0.080527 
      100.0000  -0.284227   0.358813   0.074585 
      100.5000  -0.302615   0.371365   0.068750 
      101.0000  -0.284342   0.352238   0.067897 
      101.5000  -0.287297   0.353645   0.066348 
      102.0000  -0.278906   0.341468   0.062562 
      102.5000  -0.301314   0.347860   0.046545 
      103.0000  -0.276741   0.330632   0.053891 
      103.5000  -0.303102   0.361044   0.057942 
      104.0000  -0.275585   0.327579   0.051995 
      104.5000  -0.267921   0.322156   0.054235 
      105.0000  -0.317736   0.365506   0.047770 
      105.5000  -0.285449   0.326517   0.041068 
      106.0000  -0.286709   0.316887   0.030178 
      106.5000  -0.303000   0.335742   0.032742 
      107.0000  -0.298512   0.327742   0.029230 
      107.5000  -0.294897   0.323339   0.028442 
      108.0000  -0.337768   0.368834   0.031066 
      108.5000  -0.300348   0.322178   0.021830 
      109.0000  -0.387630   0.404467   0.016837 
      109.5000  -0.299500   0.303991   0.004491 
      110.0000  -0.351737   0.359618   0.007881 
      110.5000  -0.359785   0.362142   0.002357 
      111.0000  -0.338893   0.337958  -0.000935 
      111.5000  -0.333872   0.342535   0.008664 
      112.0000  -0.315370   0.332079   0.016709 
      112.5000  -0.324657   0.326656   0.001999 
      113.0000  -0.362286   0.373731   0.011445 
      113.5000  -0.320396   0.337820   0.017424 
      114.0000  -0.284048   0.303524   0.019476 
      114.5000  -0.339647   0.356746   0.017099 
      115.0000  -0.355683   0.381497   0.025814 
      115.5000  -0.336363   0.375108   0.038745 
      116.0000  -0.323437   0.376996   0.053559 
      116.5000  -0.307656   0.362816   0.055159 
      117.0000  -0.388975   0.426493   0.037518 
      117.5000  -0.308183   0.352827   0.044644 
      118.0000  -0.352788   0.397100   0.044312 
      118.5000  -0.378743   0.423201   0.044458 
      119.0000  -0.363821   0.412413   0.048592 
      119.5000  -0.345144   0.394436   0.049292 
      120.0000  -0.358451   0.404242   0.045791 
      120.5000  -0.346166   0.387573   0.041407 
      121.0000  -0.329881   0.356673   0.026792 
      121.5000  -0.340279   0.375793   0.035514 
      122.0000  -0.340632   0.370555   0.029923 
      122.5000  -0.346915   0.386091   0.039176 
      123.0000  -0.357389   0.377422   0.020033 
      123.5000  -0.384967   0.404042   0.019075 
      124.0000  -0.315532   0.332482   0.016949 
      124.5000  -0.317741   0.325970   0.008230 
      125.0000  -0.405739   0.418918   0.013179 
      125.5000  -0.384968   0.407378   0.022411 
      126.0000  -0.379908   0.396164   0.016257 
      126.5000  -0.361373   0.372104   0.010731 
      127.0000  -0.330105   0.338759   0.008654 
      127.5000  -0.397461   0.397890   0.000429 
      128.0000  -0.323083   0.323563   0.000480 
      128.5000  -0.348167   0.342923  -0.005244 
      129.0000  -0.304914   0.295648  -0.009265 
      129.5000  -0.338755   0.330269  -0.008487 
      130.0000  -0.319457   0.313694  -0.005764 
      130.5000  -0.391064   0.377926  -0.013138 
      131.0000  -0.366509   0.348528  -0.017981 
      131.5000  -0.378354   0.348095  -0.030259 
      132.0000  -0.345113   0.303707  -0.041406 
      132.5000  -0.358568   0.321682  -0.036887 
      133.0000  -0.344512   0.307082  -0.037430 
      133.5000  -0.386554   0.347771  -0.038783 
      134.0000  -0.370956   0.333733  -0.037222 
      134.5000  -0.399910   0.359201  -0.040708 
      135.0000  -0.405285   0.366354  -0.038931 
      135.5000  -0.368374   0.341410  -0.026965 
      136.0000  -0.368117   0.340715  -0.027402 
      136.5000  -0.393592   0.368914  -0.024678 
      137.0000  -0.332582   0.315121  -0.017461 
      137.5000  -0.337389   0.309414  -0.027976 
      138.0000  -0.362166   0.340163  -0.022003 
      138.5000  -0.319685   0.286632  -0.033053 
      139.0000  -0.339038   0.298554  -0.040483 
      139.5000  -0.329008   0.310135  -0.018872 
      140.0000  -0.366986   0.345032  -0.021954 
      140.5000  -0.323192   0.303051  -0.020141 
      141.0000  -0.331659   0.313232  -0.018427 
      141.5000  -0.373375   0.357251  -0.016124 
      142.0000  -0.353859   0.334041  -0.019818 
      142.5000  -0.312151   0.287965  -0.024186 
      143.0000  -0.359920   0.336554  -0.023366 
      143.5000  -0.400873   0.386448  -0.014425 
      144.0000  -0.340941   0.335139  -0.005802 
      144.5000  -0.319332   0.307618  -0.011714 
      145.0000  -0.341029   0.331295  -0.009735 
      145.5000  -0.337579   0.316627  -0.020952 
      146.0000  -0.299955   0.266420  -0.033535 
      146.5000  -0.324863   0.295463  -0.029400 
      147.0000  -0.342360   0.319849  -0.022511 
      147.5000  -0.333428   0.323870  -0.009558 
      148.0000  -0.350013   0.330646  -0.019368 
      148.5000  -0.345159   0.322844  -0.022315 
      149.0000  -0.339223   0.329210  -0.010013 
      149.5000  -0.317819   0.308749  -0.009071 
      150.0000  -0.375932   0.373834  -0.002098 
      150.5000  -0.342029   0.331508  -0.010522 
      151.0000  -0.358288   0.343190  -0.015098 
      151.5000  -0.355000   0.342548  -0.012452 
      152.0000  -0.384157   0.383271  -0.000886 
      152.5000  -0.315169   0.312175  -0.002994 
      153.0000  -0.311312   0.305641  -0.005671 
      153.5000  -0.280254   0.269863  -0.010392 
      154.0000  -0.301121   0.292360  -0.008761 
      154.5000  -0.331555   0.321765  -0.009790 
      155.0000  -0.317759   0.309402  -0.008356 
      155.5000  -0.332606   0.333594   0.000987 
      156.0000  -0.368606   0.363357  -0.005249 
      156.5000  -0.366680   0.363370  -0.003310 
      157.0000  -0.293865   0.298826   0.004961 
      157.5000  -0.341916   0.340435  -0.001482 
      158.0000  -0.345453   0.343508  -0.001945 
      158.5000  -0.393029   0.391500  -0.001529 
      159.0000  -0.408316   0.403887  -0.004429 
      159.5000  -0.385059   0.373104  -0.011955 
      160.0000  -0.385729   0.374741  -0.010988 
      160.5000  -0.313693   0.306058  -0.007635 
      161.0000  -0.391475   0.380643  -0.010832 
      161.5000  -0.375797   0.372726  -0.003071 
      162.0000  -0.349280   0.355017   0.005737 
      162.5000  -0.336127   0.352281   0.016153 
      163.0000  -0.361175   0.375052   0.013877 
      163.5000  -0.324169   0.338036   0.013866 
      164.0000  -0.341459   0.356685   0.015227 
      164.5000  -0.353840   0.371066   0.017226 
      165.0000  -0.332482   0.346490   0.014008 
      165.5000  -0.400859   0.408194   0.007334 
      166.0000  -0.358568   0.361398   0.002830 
      166.5000  -0.368357   0.365788  -0.002568 
      167.0000  -0.333702   0.322984  -0.010718 
      167.5000  -0.368998   0.354629  -0.014370 
      168.0000  -0.338085   0.312270  -0.025815 
      168.5000  -0.364427   0.339557  -0.024870 
      169.0000  -0.373459   0.358547  -0.014912 
      169.5000  -0.354956   0.324880  -0.030076 
      170.0000  -0.397765   0.363592  -0.034173 
      170.5000  -0.340804   0.300907  -0.039897 
      171.0000  -0.381703   0.339387  -0.042317 
      171.5000  -0.329097   0.280820  -0.048277 
      172.0000  -0.390889   0.343836  -0.047053 
      172.5000  -0.336245   0.287973  -0.048271 
      173.0000  -0.368929   0.316007  -0.052922 
      173.5000  -0.346017   0.277541  -0.068476 
      174.0000  -0.394290   0.322388  -0.071901 
      174.5000  -0.372573   0.306489  -0.066084 
      175.0000  -0.390592   0.323736  -0.066855 
      175.5000  -0.361998   0.295392  -0.066606 
      176.0000  -0.326273   0.267403  -0.058869 
      176.5000  -0.343668   0.295903  -0.047765 
      177.0000  -0.374704   0.328399  -0.046306 
      177.5000  -0.387460   0.337140  -0.050321 
      178.0000  -0.350163   0.306051  -0.044112 
      178.5000  -0.366653   0.324459  -0.042193 
      179.0000  -0.375939   0.336238  -0.039701 
      179.5000  -0.392968   0.356352  -0.036616 
      180.0000  -0.358443   0.313723  -0.044720 
      180.5000  -0.354220   0.314570  -0.039650 
      181.0000  -0.389286   0.358029  -0.031257 
      181.5000  -0.374175   0.335071  -0.039104 
      182.0000  -0.396462   0.359286  -0.037176 
      182.5000  -0.383518   0.341987  -0.041531 
      183.0000  -0.371083   0.327592  -0.043491 
      183.5000  -0.419385   0.368066  -0.051318 
      184.0000  -0.368836   0.312512  -0.056324 
      184.5000  -0.386897   0.332568  -0.054329 
      185.0000  -0.376992   0.334272  -0.042720 
      185.5000  -0.366789   0.315295  -0.051494 
      186.0000  -0.423725   0.379711  -0.044014 
      186.5000  -0.394317   0.339146  -0.055171 
      187.0000  -0.412146   0.359757  -0.052390 
      187.5000  -0.397476   0.345554  -0.051922 
      188.0000  -0.377901   0.320914  -0.056988 
      188.5000  -0.415120   0.372874  -0.042246 
      189.0000  -0.387451   0.339799  -0.047652 
      189.5000  -0.400042   0.352122  -0.047920 
      190.0000  -0.395747   0.345808  -0.049940 
      190.5000  -0.439712   0.386333  -0.053379 
      191.0000  -0.395621   0.331202  -0.064419 
      191.5000  -0.395872   0.323462  -0.072409 
      192.0000  -0.419108   0.337220  -0.081888 
      192.5000  -0.422326   0.336201  -0.086125 
      193.0000  -0.407388   0.327826  -0.079562 
      193.5000  -0.445478   0.373389  -0.072089 
      194.0000  -0.424398   0.359391  -0.065007 
      194.5000  -0.459394   0.386842  -0.072552 
      195.0000  -0.445365   0.357926  -0.087439 
      195.5000  -0.500214   0.415868  -0.084346 
      196.0000  -0.434249   0.333085  -0.101165 
      196.5000  -0.448411   0.334713  -0.113698 
      197.0000  -0.459895   0.344246  -0.115649 
      197.5000  -0.461421   0.337223  -0.124198 
      198.0000  -0.477177   0.347119  -0.130058 
      198.5000  -0.473076   0.351600  -0.121476 
      199.0000  -0.471848   0.345243  -0.126605 
      199.5000  -0.503722   0.374185  -0.129537 
      200.0000  -0.499873   0.371098  -0.128775 
      200.5000  -0.439708   0.308189  -0.131519 
      201.0000  -0.413356   0.290380  -0.122976 
      201.5000  -0.410859   0.295108  -0.115752 
      202.0000  -0.398563   0.288705  -0.109858 
      202.5000  -0.417543   0.306498  -0.111045 
      203.0000  -0.471994   0.351908  -0.120086 
      203.5000  -0.468100   0.345675  -0.122425 
      204.0000  -0.443222   0.328578  -0.114645 
      204.5000  -0.466197   0.364799  -0.101398 
      205.0000  -0.418919   0.332432  -0.086487 
      205.5000  -0.483124   0.409763  -0.073361 
      206.0000  -0.458024   0.386588  -0.071436 
      206.5000  -0.448083   0.376869  -0.071214 
      207.0000  -0.480146   0.403307  -0.076839 
      207.5000  -0.429412   0.356287  -0.073125 
      208.0000  -0.467621   0.393402  -0.074219 
      208.5000  -0.460473   0.380626  -0.079847 
      209.0000  -0.491286   0.407829  -0.083456 
      209.5000  -0.453266   0.374893  -0.078373 
      210.0000  -0.437279   0.375495  -0.061783 
      210.5000  -0.425230   0.353151  -0.072079 
      211.0000  -0.387597   0.292789  -0.094808 
      211.5000  -0.433529   0.348275  -0.085253 
      212.0000  -0.445975   0.351967  -0.094008 
      212.5000  -0.487380   0.393915  -0.093465 
      213.0000  -0.444225   0.371308  -0.072917 
      213.5000  -0.440578   0.380736  -0.059841 
      214.0000  -0.438317   0.359649  -0.078667 
      214.5000  -0.438932   0.378488  -0.060444 
      215.0000  -0.433739   0.369129  -0.064609 
      215.5000  -0.469543   0.390703  -0.078840 
      216.0000  -0.462736   0.392451  -0.070285 
      216.5000  -0.495977   0.420050  -0.075927 
      217.0000  -0.440059   0.348761  -0.091297 
      217.5000  -0.407028   0.310831  -0.096197 
      218.0000  -0.467228   0.362697  -0.104531 
      218.5000  -0.446368   0.338039  -0.108329 
      219.0000  -0.449275   0.332541  -0.116734 
      219.5000  -0.440260   0.305849  -0.134411 
      220.0000  -0.474267   0.344744  -0.129522 
      220.5000  -0.486694   0.351003  -0.135691 
      221.0000  -0.458148   0.296504  -0.161644 
      221.5000  -0.442049   0.269065  -0.172984 
      222.0000  -0.486959   0.319131  -0.167828 
      222.5000  -0.482110   0.316101  -0.166009 
      223.0000  -0.467844   0.289560  -0.178284 
      223.5000  -0.523328   0.351293  -0.172035 
      224.0000  -0.485487   0.308306  -0.177181 
      224.5000  -0.502496   0.331366  -0.171130 
      225.0000  -0.515062   0.348693  -0.166369 
      225.5000  -0.507130   0.344790  -0.162340 
      226.0000  -0.521096   0.333227  -0.187868 
      226.5000  -0.498953   0.308607  -0.190346 
      227.0000  -0.472870   0.286206  -0.186664 
      227.5000  -0.490768   0.312566  -0.178202 
      228.0000  -0.548095   0.362300  -0.185795 
      228.5000  -0.537049   0.351363  -0.185686 
      229.0000  -0.531261   0.329481  -0.201780 
      229.5000  -0.557768   0.355302  -0.202467 
      230.0000  -0.516123   0.325033  -0.191090 
      230.5000  -0.502368   0.324227  -0.178141 
      231.0000  -0.457594   0.284226  -0.173368 
      231.5000  -0.477664   0.295134  -0.182530 
      232.0000  -0.480784   0.294898  -0.185885 
      232.5000  -0.475607   0.293264  -0.182343 
      233.0000  -0.482434   0.301944  -0.180490 
      233.5000  -0.483176   0.293287  -0.189889 
      234.0000  -0.536419   0.354922  -0.181497 
      234.5000  -0.504716   0.315440  -0.189276 
      235.0000  -0.473821   0.297523  -0.176298 
      235.5000  -0.523584   0.351526  -0.172058 
      236.0000  -0.508706   0.333870  -0.174836 
      236.5000  -0.502771   0.312407  -0.190364 
      237.0000  -0.538396   0.338936  -0.199460 
      237.5000  -0.550938   0.340806  -0.210132 
      238.0000  -0.501815   0.306031  -0.195784 
      238.5000  -0.525621   0.337785  -0.187836 
      239.0000  -0.538594   0.349775  -0.188819 
      239.5000  -0.543782   0.358701  -0.185080 
      240.0000  -0.516566   0.340734  -0.175832 
      240.5000  -0.542016   0.369744  -0.172273 
      241.0000  -0.519834   0.354162  -0.165672 
      241.5000  -0.472707   0.302213  -0.170495 
      242.0000  -0.521949   0.363349  -0.158600 
      242.5000  -0.508441   0.348988  -0.159454 
      243.0000  -0.493367   0.333992  -0.159375 
      243.5000  -0.492459   0.331878  -0.160582 
      244.0000  -0.484997   0.330258  -0.154739 
      244.5000  -0.485530   0.334423  -0.151107 
      245.0000  -0.478522   0.324019  -0.154503 
      245.5000  -0.508844   0.356997  -0.151847 
      246.0000  -0.465834   0.312943  -0.152892 
      246.5000  -0.489736   0.319881  -0.169855 
      247.0000  -0.481506   0.299526  -0.181981 
      247.5000  -0.551299   0.365132  -0.186167 
      248.0000  -0.502469   0.329492  -0.172977 
      248.5000  -0.550499   0.363979  -0.186520 
      249.0000  -0.526096   0.341513  -0.184583 
      249.5000  -0.553757   0.356364  -0.197393 
      250.0000  -0.524210   0.307184  -0.217026 
      250.5000  -0.538933   0.315134  -0.223799 
      251.0000  -0.519955   0.299409  -0.220546 
      251.5000  -0.517121   0.293637  -0.223484 
      252.0000  -0.524754   0.294313  -0.230440 
      252.5000  -0.568219   0.349451  -0.218768 
      253.0000  -0.537382   0.314355  -0.223028 
      253.5000  -0.526583   0.313915  -0.212668 
      254.0000  -0.535319   0.329597  -0.205722 
      254.5000  -0.508684   0.288875  -0.219809 
      255.0000  -0.528130   0.299755  -0.228376 
      255.5000  -0.544022   0.305311  -0.238711 
      256.0000  -0.529119   0.293528  -0.235592 
      256.5000  -0.499799   0.281352  -0.218447 
      257.0000  -0.537974   0.338574  -0.199400 
      257.5000  -0.523140   0.314666  -0.208475 
      258.0000  -0.498547   0.295756  -0.202791 
      258.5000  -0.505426   0.290866  -0.214560 
      259.0000  -0.512002   0.304242  -0.207759 
      259.5000  -0.516435   0.292724  -0.223711 
      260.0000  -0.506748   0.281545  -0.225203 
      260.5000  -0.545511   0.334470  -0.211042 
      261.0000  -0.503469   0.294800  -0.208670 
      261.5000  -0.510483   0.313340  -0.197143 
      262.0000  -0.527460   0.322969  -0.204492 
      262.5000  -0.507872   0.308415  -0.199457 
      263.0000  -0.532367   0.336223  -0.196144 
      263.5000  -0.503411   0.302345  -0.201067 
      264.0000  -0.518240   0.323919  -0.194321 
      264.5000  -0.523385   0.317424  -0.205961 
      265.0000  -0.492987   0.289431  -0.203556 
      265.5000  -0.488553   0.282605  -0.205948 
      266.0000  -0.511898   0.308787  -0.203112 
      266.5000  -0.478589   0.276534  -0.202056 
      267.0000  -0.455712   0.249224  -0.206488 
      267.5000  -0.486664   0.270107  -0.216557 
      268.0000  -0.512391   0.297194  -0.215197 
      268.5000  -0.528014   0.298567  -0.229447 
      269.0000  -0.517799   0.275780  -0.242019 
      269.5000  -0.530569   0.274229  -0.256341 
      270.0000  -0.546548   0.307643  -0.238906 
      270.5000  -0.511822   0.279948  -0.231874 
      271.0000  -0.514578   0.286033  -0.228546 
      271.5000  -0.519640   0.280419  -0.239222 
      272.0000  -0.518498   0.275956  -0.242541 
      272.5000  -0.522668   0.275424  -0.247244 
      273.0000  -0.548129   0.297333  -0.250797 
      273.5000  -0.516929   0.259465  -0.257464 
      274.0000  -0.486262   0.236978  -0.249284 
      274.5000  -0.475309   0.223741  -0.251568 
      275.0000  -0.522341   0.268072  -0.254269 
      275.5000  -0.546890   0.307736  -0.239154 
      276.0000  -0.521487   0.294453  -0.227035 
      276.5000  -0.532703   0.321134  -0.211568 
      277.0000  -0.533207   0.323208  -0.209998 
      277.5000  -0.478958   0.262965  -0.215993 
      278.0000  -0.490971   0.273496  -0.217475 
      278.5000  -0.509397   0.287228  -0.222169 
      279.0000  -0.525151   0.303171  -0.221980 
      279.5000  -0.503208   0.278454  -0.224754 
      280.0000  -0.527675   0.296620  -0.231055 
      280.5000  -0.556563   0.324275  -0.232288 
      281.0000  -0.539644   0.308869  -0.230775 
      281.5000  -0.542614   0.301467  -0.241147 
      282.0000  -0.520618   0.270905  -0.249713 
      282.5000  -0.496432   0.240454  -0.255978 
      283.0000  -0.550138   0.295922  -0.254216 
      283.5000  -0.510174   0.254740  -0.255434 
      284.0000  -0.495604   0.242509  -0.253096 
      284.5000  -0.512587   0.243800  -0.268787 
      285.0000  -0.499803   0.232230  -0.267572 
      285.5000  -0.537582   0.279934  -0.257648 
      286.0000  -0.511029   0.255051  -0.255977 
      286.5000  -0.517833   0.250390  -0.267442 
      287.0000  -0.530342   0.261663  -0.268679 
      287.5000  -0.493357   0.223321  -0.270035 
      288.0000  -0.523887   0.246504  -0.277383 
      288.5000  -0.535545   0.266254  -0.269291 
      289.0000  -0.504174   0.232540  -0.271634 
      289.5000  -0.559595   0.283307  -0.276288 
      290.0000  -0.543632   0.257922  -0.285709 
      290.5000  -0.522702   0.236491  -0.286211 
      291.0000  -0.570762   0.284739  -0.286023 
      291.5000  -0.556613   0.271119  -0.285494 
      292.0000  -0.534410   0.259279  -0.275131 
      292.5000  -0.520287   0.246993  -0.273294 
      293.0000  -0.556523   0.294239  -0.262284 
      293.5000  -0.540288   0.268648  -0.271640 
      294.0000  -0.534306   0.266684  -0.267622 
      294.5000  -0.534042   0.258611  -0.275431 
      295.0000  -0.539624   0.258695  -0.280930 
      295.5000  -0.573983   0.303070  -0.270913 
      296.0000  -0.493597   0.212479  -0.281118 
      296.5000  -0.538228   0.263370  -0.274858 
      297.0000  -0.521359   0.247432  -0.273927 
      297.5000  -0.513445   0.239696  -0.273749 
      298.0000  -0.524069   0.252958  -0.271112 
      298.5000  -0.551033   0.288306  -0.262727 
      299.0000  -0.529242   0.265709  -0.263533 
      299.5000  -0.532473   0.267531  -0.264942 
      300.0000  -0.503774   0.231355  -0.272420 
      300.5000  -0.509216   0.234518  -0.274698 
      301.0000  -0.544896   0.270793  -0.274103 
      301.5000  -0.522820   0.254565  -0.268254 
      302.0000  -0.538077   0.251469  -0.286609 
      302.5000  -0.521567   0.253486  -0.268081 
      303.0000  -0.504330   0.243317  -0.261013 
      303.5000  -0.557949   0.285194  -0.272755 
      304.0000  -0.527324   0.254900  -0.272424 
      304.5000  -0.547592   0.270515  -0.277077 
      305.0000  -0.548540   0.284923  -0.263616 
      305.5000  -0.549703   0.284756  -0.264948 
      306.0000  -0.546069   0.273162  -0.272907 
      306.5000  -0.539287   0.271685  -0.267602 
      307.0000  -0.531433   0.257811  -0.273622 
      307.5000  -0.519412   0.238691  -0.280722 
      308.0000  -0.544874   0.256120  -0.288754 
      308.5000  -0.530909   0.241722  -0.289187 
      309.0000  -0.551746   0.267421  -0.284325 
      309.5000  -0.503527   0.221702  -0.281824 
      310.0000  -0.526201   0.241344  -0.284857 
      310.5000  -0.526258   0.236295  -0.289963 
      311.0000  -0.549593   0.258799  -0.290794 
      311.5000  -0.547258   0.251822  -0.295436 
      312.0000  -0.531003   0.222013  -0.308990 
      312.5000  -0.577920   0.265102  -0.312818 
      313.0000  -0.527863   0.225515  -0.302348 
      313.5000  -0.551425   0.258336  -0.293088 
      314.0000  -0.512979   0.224815  -0.288164 
      314.5000  -0.527154   0.234886  -0.292268 
      315.0000  -0.565910   0.280588  -0.285321 
      315.5000  -0.534592   0.257790  -0.276802 
      316.0000  -0.564139   0.279557  -0.284582 
      316.5000  -0.551780   0.264729  -0.287051 
      317.0000  -0.583755   0.290440  -0.293315 
      317.5000  -0.589096   0.278223  -0.310874 
      318.0000  -0.610247   0.302672  -0.307575 
      318.5000  -0.593057   0.284129  -0.308928 
      319.0000  -0.610952   0.308582  -0.302369 
      319.5000  -0.627313   0.307814  -0.319499 
      320.0000  -0.607470   0.281329  -0.326141 
      320.5000  -0.605481   0.274695  -0.330786 
      321.0000  -0.597027   0.261597  -0.335430 
      321.5000  -0.571051   0.238562  -0.332489 
      322.0000  -0.600398   0.268402  -0.331996 
      322.5000  -0.595653   0.261632  -0.334020 
      323.0000  -0.616253   0.281154  -0.335099 
      323.5000  -0.632908   0.293625  -0.339283 
      324.0000  -0.608583   0.263924  -0.344659 
      324.5000  -0.627180   0.280199  -0.346982 
      325.0000  -0.601846   0.250796  -0.351050 
      325.5000  -0.632887   0.280286  -0.352601 
      326.0000  -0.636878   0.282655  -0.354223 
      326.5000  -0.659003   0.306575  -0.352428 
      327.0000  -0.645026   0.279906  -0.365120 
      327.5000  -0.613214   0.248848  -0.364366 
      328.0000  -0.658582   0.291767  -0.366815 
      328.5000  -0.593435   0.243913  -0.349522 
      329.0000  -0.620561   0.276759  -0.343802 
      329.5000  -0.592918   0.249384  -0.343533 
      330.0000  -0.624036   0.271419  -0.352617 
      330.5000  -0.613722   0.268859  -0.344863 
      331.0000  -0.635440   0.283763  -0.351677 
      331.5000  -0.631589   0.278534  -0.353055 
      332.0000  -0.618377   0.271433  -0.346945 
      332.5000  -0.642134   0.299845  -0.342289 
      333.0000  -0.616202   0.278501  -0.337700 
      333.5000  -0.603847   0.282596  -0.321251 
      334.0000  -0.613195   0.299114  -0.314081 
      334.5000  -0.616493   0.298726  -0.317767 
      335.0000  -0.621160   0.306061  -0.315099 
      335.5000  -0.633955   0.344095  -0.289860 
      336.0000  -0.651418   0.368687  -0.282731 
      336.5000  -0.630392   0.353382  -0.277010 
      337.0000  -0.627485   0.343489  -0.283997 
      337.5000  -0.592658   0.302097  -0.290560 
      338.0000  -0.615169   0.324177  -0.290992 
      338.5000  -0.585001   0.297355  -0.287646 
      339.0000  -0.583911   0.291428  -0.292483 
      339.5000  -0.576310   0.285045  -0.291265 
      340.0000  -0.590737   0.294436  -0.296301 
      340.5000  -0.609982   0.301613  -0.308369 
      341.0000  -0.599638   0.285050  -0.314588 
      341.5000  -0.636833   0.323080  -0.313753 
      342.0000  -0.620089   0.324322  -0.295767 
      342.5000  -0.638634   0.341568  -0.297066 
      343.0000  -0.619993   0.320648  -0.299345 
      343.5000  -0.606410   0.310118  -0.296292 
      344.0000  -0.648317   0.341342  -0.306975 
      344.5000  -0.597388   0.280303  -0.317085 
      345.0000  -0.617166   0.306759  -0.310407 
      345.5000  -0.630840   0.321937  -0.308903 
      346.0000  -0.606402   0.292847  -0.313555 
      346.5000  -0.698078   0.372075  -0.326002 
      347.0000  -0.675115   0.351390  -0.323725 
      347.5000  -0.638691   0.308323  -0.330368 
      348.0000  -0.682577   0.347152  -0.335425 
      348.5000  -0.663816   0.330773  -0.333042 
      349.0000  -0.678736   0.343788  -0.334947 
      349.5000  -0.637939   0.313367  -0.324572 
      350.0000  -0.703135   0.370193  -0.332942 
      350.5000  -0.661861   0.332651  -0.329210 
      351.0000  -0.660062   0.340612  -0.319451 
      351.5000  -0.678845   0.353901  -0.324944 
      352.0000  -0.694342   0.374438  -0.319904 
      352.5000  -0.645636   0.322530  -0.323107 
      353.0000  -0.687852   0.353387  -0.334465 
      353.5000  -0.687237   0.340739  -0.346499 
      354.0000  -0.658924   0.310128  -0.348796 
      354.5000  -0.701306   0.353155  -0.348151 
      355.0000  -0.656684   0.316041  -0.340643 
      355.5000  -0.684979   0.340054  -0.344925 
      356.0000  -0.674694   0.334402  -0.340292 
      356.5000  -0.653176   0.311373  -0.341803 
      357.0000  -0.647716   0.305011  -0.342705 
      357.5000  -0.655142   0.314582  -0.340560 
      358.0000  -0.690506   0.351716  -0.338789 
      358.5000  -0.624922   0.283765  -0.341158 
      359.0000  -0.676936   0.334960  -0.341976 
      359.5000  -0.653589   0.312099  -0.341491 
      360.0000  -0.636517   0.293145  -0.343372 
      360.5000  -0.638844   0.292239  -0.346605 
      361.0000  -0.701932   0.352444  -0.349488 
      361.5000  -0.664514   0.311437  -0.353077 
      362.0000  -0.697273   0.337703  -0.359570 
      362.5000  -0.654912   0.303558  -0.351354 
      363.0000  -0.693682   0.343664  -0.350018 
      363.5000  -0.638032   0.294178  -0.343854 
      364.0000  -0.708543   0.352069  -0.356474 
      364.5000  -0.674248   0.313708  -0.360539 
      365.0000  -0.662537   0.302029  -0.360508 
      365.5000  -0.642018   0.286185  -0.355833 
      366.0000  -0.679319   0.317422  -0.361897 
      366.5000  -0.674793   0.319251  -0.355541 
      367.0000  -0.689169   0.328365  -0.360804 
      367.5000  -0.605204   0.241739  -0.363465 
      368.0000  -0.660897   0.299898  -0.360999 
      368.5000  -0.637162   0.260416  -0.376746 
      369.0000  -0.660580   0.297933  -0.362647 
      369.5000  -0.684700   0.331536  -0.353165 
      370.0000  -0.645538   0.303734  -0.341805 
      370.5000  -0.627147   0.278673  -0.348474 
      371.0000  -0.689873   0.337974  -0.351899 
      371.5000  -0.643164   0.285984  -0.357180 
      372.0000  -0.660720   0.316635  -0.344085 
      372.5000  -0.619519   0.280791  -0.338728 
      373.0000  -0.603944   0.265582  -0.338363 
      373.5000  -0.587276   0.253999  -0.333277 
      374.0000  -0.615201   0.295147  -0.320054 
      374.5000  -0.623881   0.307808  -0.316073 
      375.0000  -0.578332   0.268210  -0.310121 
      375.5000  -0.654534   0.346572  -0.307962 
      376.0000  -0.621547   0.313585  -0.307962 
      376.5000  -0.633777   0.330043  -0.303734 
      377.0000  -0.636534   0.343544  -0.292989 
      377.5000  -0.589474   0.301539  -0.287936 
      378.0000  -0.563362   0.273091  -0.290271 
      378.5000  -0.577705   0.281626  -0.296079 
      379.0000  -0.630055   0.338897  -0.291158 
      379.5000  -0.583968   0.305717  -0.278252 
      380.0000  -0.585256   0.305840  -0.279415 
      380.5000  -0.589863   0.295996  -0.293867 
      381.0000  -0.589042   0.304773  -0.284269 
      381.5000  -0.598485   0.303686  -0.294799 
      382.0000  -0.559299   0.264486  -0.294813 
      382.5000  -0.573102   0.282181  -0.290921 
      383.0000  -0.611507   0.320326  -0.291182 
      383.5000  -0.587916   0.288954  -0.298962 
      384.0000  -0.590743   0.294225  -0.296517 
      384.5000  -0.601464   0.296898  -0.304566 
      385.0000  -0.601612   0.292117  -0.309495 
      385.5000  -0.567574   0.248464  -0.319111 
      386.0000  -0.632942   0.314622  -0.318320 
      386.5000  -0.598162   0.280413  -0.317749 
      387.0000  -0.608145   0.294506  -0.313639 
      387.5000  -0.594385   0.271274  -0.323111 
      388.0000  -0.616897   0.298475  -0.318422 
      388.5000  -0.608672   0.290414  -0.318258 
      389.0000  -0.630088   0.307642  -0.322447 
      389.5000  -0.580820   0.278550  -0.302270 
      390.0000  -0.546190   0.240057  -0.306132 
      390.5000  -0.583780   0.272012  -0.311768 
      391.0000  -0.622560   0.305164  -0.317397 
      391.5000  -0.624282   0.311584  -0.312698 
      392.0000  -0.586183   0.275946  -0.310237 
      392.5000  -0.637066   0.325304  -0.311762 
      393.0000  -0.583326   0.273539  -0.309788 
      393.5000  -0.623182   0.312464  -0.310718 
      394.0000  -0.598951   0.280171  -0.318780 
      394.5000  -0.636178   0.317530  -0.318648 
      395.0000  -0.673663   0.359567  -0.314096 
      395.5000  -0.597880   0.270954  -0.326927 
      396.0000  -0.598292   0.271982  -0.326309 
      396.5000  -0.651236   0.311160  -0.340076 
      397.0000  -0.658900   0.313408  -0.345492 
      397.5000  -0.626142   0.286459  -0.339683 
      398.0000  -0.646984   0.303342  -0.343642 
      398.5000  -0.591053   0.243272  -0.347781 
      399.0000  -0.648957   0.310053  -0.338904 
      399.5000  -0.651968   0.316404  -0.335563 
      400.0000  -0.614392   0.275793  -0.338599 
      400.5000  -0.618530   0.279225  -0.339305 
      401.0000  -0.659445   0.323359  -0.336086 
      401.5000  -0.632510   0.292603  -0.339907 
      402.0000  -0.685098   0.338475  -0.346623 
      402.5000  -0.609918   0.266494  -0.343424 
      403.0000  -0.654354   0.309858  -0.344496 
      403.5000  -0.649483   0.311912  -0.337571 
      404.0000  -0.656662   0.326393  -0.330269 
      404.5000  -0.655291   0.328934  -0.326357 
      405.0000  -0.683886   0.347932  -0.335954 
      405.5000  -0.685074   0.328895  -0.356179 
      406.0000  -0.681023   0.308276  -0.372748 
      406.5000  -0.700577   0.333892  -0.366685 
      407.0000  -0.663081   0.298767  -0.364314 
      407.5000  -0.653334   0.302688  -0.350646 
      408.0000  -0.656441   0.312160  -0.344281 
      408.5000  -0.705350   0.366614  -0.338737 
      409.0000  -0.682889   0.343405  -0.339484 
      409.5000  -0.678718   0.352796  -0.325922 
      410.0000  -0.623761   0.296888  -0.326872 
      410.5000  -0.647802   0.315791  -0.332012 
      411.0000  -0.709384   0.361108  -0.348276 
      411.5000  -0.638887   0.290293  -0.348594 
      412.0000  -0.714836   0.376148  -0.338688 
      412.5000  -0.622056   0.275331  -0.346725 
      413.0000  -0.671917   0.325779  -0.346138 
      413.5000  -0.611298   0.280796  -0.330502 
      414.0000  -0.663748   0.322147  -0.341601 
      414.5000  -0.647436   0.308211  -0.339225 
      415.0000  -0.651907   0.311075  -0.340832 
      415.5000  -0.649976   0.302637  -0.347339 
      416.0000  -0.712416   0.371624  -0.340791 
      416.5000  -0.705370   0.373170  -0.332200 
      417.0000  -0.672863   0.344214  -0.328649 
      417.5000  -0.660514   0.338047  -0.322467 
      418.0000  -0.646512   0.305140  -0.341373 
      418.5000  -0.612601   0.263178  -0.349423 
      419.0000  -0.653641   0.311285  -0.342356 
      419.5000  -0.655973   0.309519  -0.346454 
      420.0000  -0.624140   0.269853  -0.354286 
      420.5000  -0.656182   0.298948  -0.357234 
      421.0000  -0.728241   0.375904  -0.352337 
      421.5000  -0.702196   0.343033  -0.359163 
      422.0000  -0.684154   0.325588  -0.358566 
      422.5000  -0.676875   0.331374  -0.345501 
      423.0000  -0.662455   0.311237  -0.351218 
      423.5000  -0.665948   0.313185  -0.352763 
      424.0000  -0.664154   0.308328  -0.355825 
      424.5000  -0.659466   0.307420  -0.352046 
      425.0000  -0.677660   0.326748  -0.350912 
      425.5000  -0.663696   0.323316  -0.340379 
      426.0000  -0.604377   0.259450  -0.344927 
      426.5000  -0.670933   0.329026  -0.341908 
      427.0000  -0.712004   0.367197  -0.344806 
      427.5000  -0.654104   0.300085  -0.354020 
      428.0000  -0.626851   0.274470  -0.352380 
      428.5000  -0.675110   0.323343  -0.351767 
      429.0000  -0.698063   0.338611  -0.359452 
      429.5000  -0.682851   0.314275  -0.368576 
      430.0000  -0.696598   0.315368  -0.381230 
      430.5000  -0.681831   0.286957  -0.394873 
      431.0000  -0.682145   0.291957  -0.390188 
      431.5000  -0.677430   0.293992  -0.383437 
      432.0000  -0.694875   0.312031  -0.382843 
      432.5000  -0.721183   0.324406  -0.396777 
      433.0000  -0.731128   0.336749  -0.394379 
      433.5000  -0.671386   0.288231  -0.383155 
      434.0000  -0.686762   0.294519  -0.392243 
      434.5000  -0.707979   0.304852  -0.403127 
      435.0000  -0.737839   0.318871  -0.418968 
      435.5000  -0.723346   0.301706  -0.421641 
      436.0000  -0.713909   0.278226  -0.435683 
      436.5000  -0.696213   0.272255  -0.423958 
      437.0000  -0.701036   0.293085  -0.407950 
      437.5000  -0.705220   0.311498  -0.393722 
      438.0000  -0.743437   0.351016  -0.392421 
      438.5000  -0.710494   0.317121  -0.393373 
      439.0000  -0.701048   0.311432  -0.389616 
      439.5000  -0.723374   0.344238  -0.379136 
      440.0000  -0.713918   0.334501  -0.379417 
      440.5000  -0.711352   0.324644  -0.386708 
      441.0000  -0.692988   0.299544  -0.393443 
      441.5000  -0.663100   0.273283  -0.389817 
      442.0000  -0.656288   0.261596  -0.394692 
      442.5000  -0.715326   0.305415  -0.409911 
      443.0000  -0.721415   0.322137  -0.399278 
      443.5000  -0.686362   0.286030  -0.400332 
      444.0000  -0.678758   0.296287  -0.382471 
      444.5000  -0.719730   0.337069  -0.382661 
      445.0000  -0.698969   0.320483  -0.378486 
      445.5000  -0.676159   0.313012  -0.363147 
      446.0000  -0.622451   0.271357  -0.351094 
      446.5000  -0.672320   0.321839  -0.350481 
      447.0000  -0.690444   0.343686  -0.346758 
      447.5000  -0.669417   0.328737  -0.340680 
      448.0000  -0.668276   0.316094  -0.352182 
      448.5000  -0.705059   0.345080  -0.359978 
      449.0000  -0.696112   0.332479  -0.363633 
      449.5000  -0.672632   0.318684  -0.353947 
      450.0000  -0.669781   0.322765  -0.347016 
      450.5000  -0.675597   0.330899  -0.344698 
      451.0000  -0.723415   0.376334  -0.347081 
      451.5000  -0.641246   0.279455  -0.361791 
      452.0000  -0.675923   0.312027  -0.363896 
      452.5000  -0.675205   0.310774  -0.364432 
      453.0000  -0.679274   0.304093  -0.375181 
      453.5000  -0.712359   0.336289  -0.376070 
      454.0000  -0.642769   0.272321  -0.370448 
      454.5000  -0.703463   0.342994  -0.360469 
      455.0000  -0.729117   0.361940  -0.367177 
      455.5000  -0.721336   0.352011  -0.369325 
      456.0000  -0.709312   0.339326  -0.369987 
      456.5000  -0.685328   0.315402  -0.369926 
      457.0000  -0.678427   0.292469  -0.385958 
      457.5000  -0.725761   0.334591  -0.391170 
      458.0000  -0.701177   0.311857  -0.389320 
      458.5000  -0.706401   0.320319  -0.386082 
      459.0000  -0.693049   0.303938  -0.389111 
      459.5000  -0.702926   0.316480  -0.386446 
      460.0000  -0.678734   0.295508  -0.383226 
      460.5000  -0.704104   0.309848  -0.394256 
      461.0000  -0.686499   0.295080  -0.391419 
      461.5000  -0.732369   0.343805  -0.388564 
      462.0000  -0.708107   0.321275  -0.386832 
      462.5000  -0.716369   0.336716  -0.379653 
      463.0000  -0.734629   0.350201  -0.384428 
      463.5000  -0.721861   0.324700  -0.397160 
      464.0000  -0.699210   0.307408  -0.391802 
      464.5000  -0.646606   0.266671  -0.379935 
      465.0000  -0.647993   0.268364  -0.379630 
      465.5000  -0.730567   0.350028  -0.380539 
      466.0000  -0.683358   0.301129  -0.382229 
      466.5000  -0.692576   0.307701  -0.384875 
      467.0000  -0.667004   0.275208  -0.391795 
      467.5000  -0.668541   0.280592  -0.387949 
      468.0000  -0.690759   0.296224  -0.394535 
      468.5000  -0.685217   0.286287  -0.398931 
      469.0000  -0.729323   0.329321  -0.400002 
      469.5000  -0.683402   0.285350  -0.398052 
      470.0000  -0.728597   0.317413  -0.411183 
      470.5000  -0.687539   0.273885  -0.413654 
      471.0000  -0.695567   0.293365  -0.402202 
      471.5000  -0.731910   0.321987  -0.409924 
      472.0000  -0.702954   0.304803  -0.398150 
      472.5000  -0.721804   0.333550  -0.388254 
      473.0000  -0.739512   0.370282  -0.369230 
      473.5000  -0.645597   0.281541  -0.364056 
      474.0000  -0.717473   0.349053  -0.368420 
      474.5000  -0.675301   0.314139  -0.361163 
      475.0000  -0.657349   0.292246  -0.365103 
      475.5000  -0.687952   0.327216  -0.360736 
      476.0000  -0.655428   0.299514  -0.355914 
      476.5000  -0.645555   0.286680  -0.358875 
      477.0000  -0.650894   0.285653  -0.365241 
      477.5000  -0.672711   0.302289  -0.370423 
      478.0000  -0.687015   0.314376  -0.372639 
      478.5000  -0.669638   0.302889  -0.366749 
      479.0000  -0.649084   0.293378  -0.355706 
      479.5000  -0.651889   0.298943  -0.352946 
      480.0000  -0.668333   0.302751  -0.365582 
      480.5000  -0.641833   0.279827  -0.362007 
      481.0000  -0.652881   0.295936  -0.356945 
      481.5000  -0.676790   0.319531  -0.357259 
      482.0000  -0.654039   0.289576  -0.364464 
      482.5000  -0.688063   0.321155  -0.366908 
      483.0000  -0.690907   0.309109  -0.381798 
      483.5000  -0.689558   0.322314  -0.367244 
      484.0000  -0.668465   0.300635  -0.367830 
      484.5000  -0.641758   0.271517  -0.370242 
      485.0000  -0.672886   0.288916  -0.383971 
      485.5000  -0.662116   0.284797  -0.377319 
      486.0000  -0.695761   0.310397  -0.385364 
      486.5000  -0.678314   0.281020  -0.397294 
      487.0000  -0.684422   0.284253  -0.400170 
      487.5000  -0.624790   0.235950  -0.388840 
      488.0000  -0.678181   0.288185  -0.389996 
      488.5000  -0.688424   0.286215  -0.402209 
      489.0000  -0.670966   0.270417  -0.400549 
      489.5000  -0.682820   0.288562  -0.394258 
      490.0000  -0.698961   0.292475  -0.406486 
      490.5000  -0.678803   0.263807  -0.414996 
      491.0000  -0.732034   0.324139  -0.407895 
      491.5000  -0.683183   0.267116  -0.416066 
      492.0000  -0.668057   0.248448  -0.419609 
      492.5000  -0.695957   0.272813  -0.423144 
      493.0000  -0.698292   0.277825  -0.420468 
      493.5000  -0.694774   0.267185  -0.427589 
      494.0000  -0.667042   0.243624  -0.423417 
      494.5000  -0.690055   0.267723  -0.422331 
      495.0000  -0.688005   0.280000  -0.408004 
      495.5000  -0.673192   0.277357  -0.395834 
      496.0000  -0.671714   0.278814  -0.392900 
      496.5000  -0.734927   0.330659  -0.404267 
      497.0000  -0.724242   0.331889  -0.392353 
      497.5000  -0.674829   0.286744  -0.388085 
      498.0000  -0.654571   0.263004  -0.391567 
      498.5000  -0.686731   0.283309  -0.403422 
      499.0000  -0.680485   0.286285  -0.394200 
      499.5000  -0.680240   0.291391  -0.388849 
      500.0000  -0.666612   0.285648  -0.380965 
