#id1 id2 FENE BEXC STCK NEXC HB CRSTCK CXSTCK total, t = 100000
0 1 0.0132915 0 0 0 0 0 0 0.0132915
1 2 0.00212517 0 0 0 0 0 0 0.00212517
2 3 0.166839 0 0 0 0 0 0 0.166839
3 4 0.000169844 0 -0.943759 0 0 0 0 -0.94359
4 5 0.0158792 0 -1.12788 0 0 0 0 -1.112
5 6 0.0869066 0 0 0 0 0 0 0.0869066
6 7 0.0259878 0 -0.885617 0 0 0 0 -0.859629
7 8 0.178653 0 0 0 0 0 0 0.178653
8 9 0.306558 0 -1.18891 0 0 0 0 -0.882355
9 10 0.00101856 0 -0.983443 0 0 0 0 -0.982425
10 11 0.0745444 0 -1.15668 0 0 0 0 -1.08213
11 12 0.000137979 0 -1.29403 0 0 0 0 -1.29389
12 13 0.0414128 0 0 0 0 0 0 0.0414128
13 14 0.148024 0 -0.800535 0 0 0 0 -0.652511
14 15 0.00198781 0 -1.2608 0 0 0 0 -1.25882
15 16 0.030211 0 -1.23781 0 0 0 0 -1.2076
16 17 0.0270242 0 -1.21686 0 0 0 0 -1.18983
17 18 0.0429154 0 0 0 0 0 0 0.0429154
18 19 0.0378608 0 -1.28613 0 0 0 0 -1.24827
19 20 0.0311663 0 -1.38176 0 0 0 0 -1.3506
20 21 0.0169043 0 0 0 0 0 0 0.0169043
21 22 0.0346603 0 -1.30938 0 0 0 0 -1.27472
22 23 0.0457062 0 -0.768265 0 0 0 0 -0.722559
23 24 0.0455497 0 -1.37604 0 0 0 0 -1.33049
24 25 0.0131412 0 0 0 0 0 0 0.0131412
25 26 0.0104755 0 -1.17977 0 0 0 0 -1.1693
#Total energy per particle is  -0.666613 and should be -0.66661310

