        0.0000  -1.017812   0.321884  -0.695928 
        0.5000  -0.814991   1.649244   0.834253 
        1.0000  -0.688186   4.298125   3.609939 
        1.5000  -0.600665   9.220869   8.620204 
        2.0000  -0.584883   3.730431   3.145549 
        2.5000  -0.550762   1.842707   1.291946 
        3.0000  -0.593052   6.509589   5.916537 
        3.5000   1.042454   6.416925   7.459379 
        4.0000  -0.467299   4.681994   4.214694 
        4.5000  -0.260352   3.253448   2.993096 
        5.0000  -0.222518   4.464947   4.242429 
        5.5000  -0.191990   5.837524   5.645534 
        6.0000  -0.148369   5.059560   4.911191 
        6.5000  -0.146324   3.155733   3.009409 
        7.0000  -0.100766   2.826924   2.726157 
        7.5000  -0.053257   4.420830   4.367573 
        8.0000  -0.023502   5.088129   5.064626 
        8.5000  -0.006014   3.863382   3.857368 
        9.0000   0.061792   2.313584   2.375376 
        9.5000   0.061017   2.888588   2.949606 
       10.0000   0.098362   4.363822   4.462184 
       10.5000   0.119010   4.366034   4.485044 
       11.0000   0.093743   2.797120   2.890863 
       11.5000   0.096931   1.951119   2.048050 
       12.0000   0.083954   3.121791   3.205745 
       12.5000   0.104597   4.169923   4.274520 
       13.0000   0.177077   3.452977   3.630054 
       13.5000   0.138629   2.039184   2.177813 
       14.0000   0.163654   1.993311   2.156965 
       14.5000   0.170641   3.301026   3.471668 
       15.0000   0.184537   3.709208   3.893745 
       15.5000   0.192978   2.710367   2.903345 
       16.0000   0.205176   1.585798   1.790974 
       16.5000   0.215553   2.115084   2.330636 
       17.0000   0.234586   3.222464   3.457049 
       17.5000   0.248689   3.174997   3.423686 
       18.0000   0.250811   1.957682   2.208494 
       18.5000   0.286321   1.360143   1.646464 
       19.0000   0.262956   2.263219   2.526175 
       19.5000   0.266238   3.055851   3.322089 
       20.0000   0.239183   2.616878   2.856061 
       20.5000   0.270956   1.477934   1.748890 
       21.0000   0.301454   1.368975   1.670429 
       21.5000   0.282366   2.386381   2.668747 
       22.0000   0.303530   2.725083   3.028613 
       22.5000   0.285942   2.041982   2.327924 
       23.0000   0.289974   1.191355   1.481330 
       23.5000   0.292501   1.521755   1.814256 
       24.0000   0.308456   2.386213   2.694669 
       24.5000   0.310844   2.426098   2.736942 
       25.0000   0.267741   1.610203   1.877944 
       25.5000   0.305273   1.055919   1.361192 
       26.0000   0.262352   1.704383   1.966736 
       26.5000   0.271854   2.349187   2.621041 
       27.0000   0.305670   2.100592   2.406262 
       27.5000   0.293083   1.248377   1.541459 
       28.0000   0.310859   1.072496   1.383355 
       28.5000   0.295775   1.789172   2.084947 
       29.0000   0.292134   2.183516   2.475650 
       29.5000   0.305660   1.721871   2.027531 
       30.0000   0.274698   1.035727   1.310425 
       30.5000   0.258553   1.176359   1.434911 
       31.0000   0.308950   1.825000   2.133950 
       31.5000   0.299052   1.970761   2.269812 
       32.0000   0.297009   1.419045   1.716054 
       32.5000   0.285068   0.923878   1.208947 
       33.0000   0.298416   1.253135   1.551551 
       33.5000   0.304115   1.814158   2.118273 
       34.0000   0.304146   1.752858   2.057005 
       34.5000   0.280879   1.152732   1.433610 
       35.0000   0.252773   0.890863   1.143636 
       35.5000   0.308427   1.319981   1.628408 
       36.0000   0.283547   1.749967   2.033514 
       36.5000   0.282874   1.583206   1.866079 
       37.0000   0.320035   0.956404   1.276439 
       37.5000   0.265420   0.926067   1.191487 
       38.0000   0.252502   1.443129   1.695630 
       38.5000   0.268852   1.663921   1.932772 
       39.0000   0.239602   1.411083   1.650685 
       39.5000   0.248549   0.903209   1.151758 
       40.0000   0.287248   0.932008   1.219256 
       40.5000   0.249645   1.443152   1.692797 
       41.0000   0.288867   1.515374   1.804242 
       41.5000   0.287705   1.151585   1.439290 
       42.0000   0.254680   0.817908   1.072588 
       42.5000   0.279580   0.963171   1.242751 
       43.0000   0.258213   1.395488   1.653701 
       43.5000   0.273412   1.359351   1.632762 
       44.0000   0.303149   0.951926   1.255074 
       44.5000   0.310602   0.683084   0.993686 
       45.0000   0.263281   0.983428   1.246709 
       45.5000   0.293640   1.258572   1.552212 
       46.0000   0.263263   1.241366   1.504628 
       46.5000   0.266275   0.880701   1.146976 
       47.0000   0.250776   0.733914   0.984690 
       47.5000   0.277133   0.968460   1.245593 
       48.0000   0.275431   1.204290   1.479721 
       48.5000   0.261079   1.141681   1.402760 
       49.0000   0.231869   0.850376   1.082245 
       49.5000   0.265090   0.727735   0.992825 
       50.0000   0.258900   1.002418   1.261318 
       50.5000   0.252771   1.168135   1.420906 
       51.0000   0.281376   1.015652   1.297028 
       51.5000   0.279822   0.738794   1.018616 
       52.0000   0.284905   0.701462   0.986368 
       52.5000   0.280690   0.949575   1.230265 
       53.0000   0.255930   1.084292   1.340222 
       53.5000   0.270746   0.936850   1.207596 
       54.0000   0.259398   0.693868   0.953266 
       54.5000   0.274984   0.684730   0.959714 
       55.0000   0.263372   0.916389   1.179761 
       55.5000   0.258766   0.997906   1.256672 
       56.0000   0.237038   0.917067   1.154105 
       56.5000   0.269835   0.664987   0.934822 
       57.0000   0.235014   0.710556   0.945569 
       57.5000   0.237086   0.903651   1.140736 
       58.0000   0.231589   0.977413   1.209002 
       58.5000   0.220005   0.881643   1.101648 
       59.0000   0.231133   0.668273   0.899406 
       59.5000   0.219453   0.694837   0.914290 
       60.0000   0.219999   0.879254   1.099253 
       60.5000   0.203940   0.944332   1.148271 
       61.0000   0.235725   0.817955   1.053680 
       61.5000   0.199249   0.685297   0.884546 
       62.0000   0.240302   0.656671   0.896974 
       62.5000   0.219141   0.838840   1.057981 
       63.0000   0.197303   0.903434   1.100737 
       63.5000   0.241643   0.774749   1.016392 
       64.0000   0.234645   0.632819   0.867464 
       64.5000   0.215652   0.660093   0.875745 
       65.0000   0.232715   0.792008   1.024724 
       65.5000   0.197665   0.865973   1.063638 
       66.0000   0.229582   0.776331   1.005913 
       66.5000   0.233378   0.624109   0.857488 
       67.0000   0.210738   0.642612   0.853350 
       67.5000   0.260008   0.731830   0.991838 
       68.0000   0.225177   0.797383   1.022560 
       68.5000   0.217606   0.744053   0.961660 
       69.0000   0.207766   0.630097   0.837863 
       69.5000   0.228915   0.578649   0.807564 
       70.0000   0.216235   0.699181   0.915416 
       70.5000   0.190307   0.790375   0.980682 
       71.0000   0.234028   0.697635   0.931663 
       71.5000   0.224648   0.598478   0.823126 
       72.0000   0.177423   0.588651   0.766075 
       72.5000   0.204838   0.650960   0.855799 
       73.0000   0.202089   0.718431   0.920520 
       73.5000   0.171120   0.737704   0.908823 
       74.0000   0.208762   0.614572   0.823333 
       74.5000   0.183607   0.574991   0.758598 
       75.0000   0.190374   0.606494   0.796868 
       75.5000   0.187924   0.669724   0.857647 
       76.0000   0.178045   0.688063   0.866107 
       76.5000   0.151745   0.641839   0.793585 
       77.0000   0.177899   0.530923   0.708822 
       77.5000   0.146725   0.580924   0.727650 
       78.0000   0.143439   0.656586   0.800024 
       78.5000   0.147386   0.663712   0.811098 
       79.0000   0.109081   0.668088   0.777169 
       79.5000   0.176049   0.551639   0.727688 
       80.0000   0.110831   0.619843   0.730674 
       80.5000   0.139903   0.625359   0.765262 
       81.0000   0.127935   0.646018   0.773953 
       81.5000   0.134476   0.585379   0.719855 
       82.0000   0.120303   0.545645   0.665949 
       82.5000   0.103518   0.583905   0.687423 
       83.0000   0.111025   0.633971   0.744997 
       83.5000   0.091796   0.653935   0.745731 
       84.0000   0.110403   0.612093   0.722496 
       84.5000   0.132261   0.576080   0.708341 
       85.0000   0.129044   0.594345   0.723389 
       85.5000   0.143196   0.584995   0.728191 
       86.0000   0.140711   0.590379   0.731090 
       86.5000   0.132205   0.596932   0.729137 
       87.0000   0.167340   0.546586   0.713926 
       87.5000   0.166377   0.530601   0.696978 
       88.0000   0.167538   0.522740   0.690279 
       88.5000   0.149824   0.532495   0.682319 
       89.0000   0.135468   0.531734   0.667203 
       89.5000   0.161837   0.497163   0.658999 
       90.0000   0.165236   0.479377   0.644613 
       90.5000   0.142738   0.473693   0.616431 
       91.0000   0.163888   0.460091   0.623978 
       91.5000   0.159477   0.481958   0.641435 
       92.0000   0.146991   0.495380   0.642371 
       92.5000   0.160978   0.484547   0.645525 
       93.0000   0.143886   0.471893   0.615779 
       93.5000   0.168890   0.423338   0.592228 
       94.0000   0.130588   0.464876   0.595464 
       94.5000   0.143939   0.464692   0.608631 
       95.0000   0.156232   0.433411   0.589643 
       95.5000   0.144747   0.431275   0.576021 
       96.0000   0.141573   0.426696   0.568269 
       96.5000   0.152161   0.418507   0.570668 
       97.0000   0.151134   0.416155   0.567290 
       97.5000   0.132613   0.438660   0.571273 
       98.0000   0.137331   0.437850   0.575181 
       98.5000   0.139721   0.422673   0.562394 
       99.0000   0.136281   0.429270   0.565551 
       99.5000   0.142155   0.421913   0.564067 
      100.0000   0.130659   0.422445   0.553104 
      100.5000   0.112172   0.431239   0.543411 
      101.0000   0.090131   0.454569   0.544700 
      101.5000   0.107847   0.443545   0.551392 
      102.0000   0.111719   0.441966   0.553685 
      102.5000   0.099212   0.451264   0.550477 
      103.0000   0.096217   0.443566   0.539784 
      103.5000   0.096628   0.439885   0.536513 
      104.0000   0.099472   0.437775   0.537248 
      104.5000   0.078704   0.455910   0.534614 
      105.0000   0.088781   0.449230   0.538011 
      105.5000   0.104027   0.429477   0.533504 
      106.0000   0.093104   0.452245   0.545349 
      106.5000   0.107658   0.432306   0.539965 
      107.0000   0.071220   0.455096   0.526316 
      107.5000   0.078522   0.448981   0.527502 
      108.0000   0.054858   0.474162   0.529020 
      108.5000   0.089104   0.449191   0.538295 
      109.0000   0.084557   0.441447   0.526005 
      109.5000   0.051943   0.467089   0.519032 
      110.0000   0.065821   0.455673   0.521494 
      110.5000   0.034299   0.488514   0.522813 
      111.0000   0.078657   0.433790   0.512447 
      111.5000   0.042058   0.458068   0.500126 
      112.0000   0.060432   0.438543   0.498975 
      112.5000   0.019509   0.482941   0.502451 
      113.0000   0.002158   0.490375   0.492534 
      113.5000   0.030623   0.452082   0.482705 
      114.0000  -0.000245   0.471858   0.471613 
      114.5000   0.001675   0.472320   0.473994 
      115.0000  -0.006570   0.480988   0.474418 
      115.5000   0.018637   0.444989   0.463626 
      116.0000   0.004648   0.434506   0.439153 
      116.5000   0.002866   0.427760   0.430625 
      117.0000  -0.007451   0.439120   0.431670 
      117.5000   0.021596   0.404965   0.426561 
      118.0000   0.006423   0.414951   0.421374 
      118.5000   0.021482   0.400881   0.422363 
      119.0000  -0.024376   0.443462   0.419086 
      119.5000  -0.010451   0.429691   0.419240 
      120.0000  -0.030384   0.445396   0.415012 
      120.5000   0.003445   0.400540   0.403986 
      121.0000  -0.010111   0.414677   0.404566 
      121.5000  -0.004423   0.402135   0.397713 
      122.0000  -0.002661   0.388067   0.385406 
      122.5000  -0.009357   0.397890   0.388533 
      123.0000  -0.032929   0.410820   0.377891 
      123.5000   0.009369   0.360528   0.369897 
      124.0000  -0.034395   0.408275   0.373880 
      124.5000  -0.060406   0.434590   0.374184 
      125.0000  -0.045222   0.415562   0.370340 
      125.5000  -0.009151   0.373458   0.364306 
      126.0000  -0.044231   0.402656   0.358425 
      126.5000  -0.061120   0.410177   0.349057 
      127.0000  -0.052986   0.399510   0.346524 
      127.5000  -0.023568   0.361211   0.337643 
      128.0000  -0.052294   0.379517   0.327223 
      128.5000  -0.115679   0.435060   0.319381 
      129.0000  -0.092173   0.411003   0.318830 
      129.5000  -0.132517   0.447206   0.314690 
      130.0000  -0.095046   0.405943   0.310897 
      130.5000  -0.145518   0.443558   0.298040 
      131.0000  -0.104708   0.397935   0.293227 
      131.5000  -0.093875   0.379441   0.285566 
      132.0000  -0.145273   0.446438   0.301166 
      132.5000  -0.118129   0.421935   0.303806 
      133.0000  -0.092076   0.401405   0.309329 
      133.5000  -0.110188   0.409626   0.299438 
      134.0000  -0.115887   0.404306   0.288420 
      134.5000  -0.102551   0.384031   0.281480 
      135.0000  -0.104193   0.384444   0.280251 
      135.5000  -0.116576   0.393463   0.276887 
      136.0000  -0.091567   0.377786   0.286219 
      136.5000  -0.117079   0.403305   0.286226 
      137.0000  -0.120389   0.402494   0.282106 
      137.5000  -0.083711   0.354181   0.270470 
      138.0000  -0.112266   0.378958   0.266693 
      138.5000  -0.126077   0.398931   0.272854 
      139.0000  -0.103437   0.376541   0.273104 
      139.5000  -0.103724   0.371174   0.267449 
      140.0000  -0.091121   0.364887   0.273766 
      140.5000  -0.160536   0.428553   0.268016 
      141.0000  -0.141450   0.410302   0.268852 
      141.5000  -0.121790   0.397406   0.275616 
      142.0000  -0.095774   0.371541   0.275767 
      142.5000  -0.103957   0.382416   0.278459 
      143.0000  -0.130039   0.405969   0.275929 
      143.5000  -0.122271   0.374498   0.252227 
      144.0000  -0.120232   0.365624   0.245392 
      144.5000  -0.129872   0.381622   0.251750 
      145.0000  -0.165365   0.427179   0.261813 
      145.5000  -0.181246   0.437452   0.256206 
      146.0000  -0.144170   0.397948   0.253779 
      146.5000  -0.183275   0.423153   0.239878 
      147.0000  -0.154492   0.400972   0.246480 
      147.5000  -0.109015   0.362301   0.253286 
      148.0000  -0.153537   0.414139   0.260602 
      148.5000  -0.136940   0.403793   0.266854 
      149.0000  -0.148763   0.420659   0.271897 
      149.5000  -0.181573   0.437624   0.256051 
      150.0000  -0.202775   0.446714   0.243940 
      150.5000  -0.181183   0.420107   0.238924 
      151.0000  -0.165405   0.408774   0.243369 
      151.5000  -0.160063   0.406440   0.246377 
      152.0000  -0.206699   0.436544   0.229846 
      152.5000  -0.244805   0.449558   0.204753 
      153.0000  -0.213604   0.389715   0.176112 
      153.5000  -0.251852   0.434276   0.182424 
      154.0000  -0.230857   0.438136   0.207278 
      154.5000  -0.241282   0.471102   0.229820 
      155.0000  -0.201132   0.406811   0.205678 
      155.5000  -0.214044   0.409159   0.195115 
      156.0000  -0.195027   0.383217   0.188190 
      156.5000  -0.179679   0.361224   0.181545 
      157.0000  -0.215568   0.402581   0.187012 
      157.5000  -0.227913   0.425267   0.197354 
      158.0000  -0.181908   0.371204   0.189296 
      158.5000  -0.218779   0.386175   0.167396 
      159.0000  -0.223653   0.396817   0.173164 
      159.5000  -0.195020   0.376592   0.181572 
      160.0000  -0.247707   0.417898   0.170191 
      160.5000  -0.225959   0.386638   0.160678 
      161.0000  -0.214349   0.370950   0.156601 
      161.5000  -0.205407   0.357940   0.152533 
      162.0000  -0.215636   0.363628   0.147992 
      162.5000  -0.228282   0.375883   0.147601 
      163.0000  -0.255561   0.415315   0.159754 
      163.5000  -0.219983   0.381783   0.161800 
      164.0000  -0.285847   0.457549   0.171702 
      164.5000  -0.241715   0.413408   0.171693 
      165.0000  -0.244878   0.411908   0.167030 
      165.5000  -0.236778   0.401688   0.164909 
      166.0000  -0.314308   0.474232   0.159924 
      166.5000  -0.272066   0.423325   0.151259 
      167.0000  -0.340300   0.477465   0.137165 
      167.5000  -0.307614   0.432470   0.124856 
      168.0000  -0.284279   0.399447   0.115169 
      168.5000  -0.329589   0.453357   0.123768 
      169.0000  -0.248043   0.391898   0.143855 
      169.5000  -0.314932   0.442245   0.127313 
      170.0000  -0.258075   0.375532   0.117457 
      170.5000  -0.274015   0.385538   0.111523 
      171.0000  -0.265829   0.369242   0.103413 
      171.5000  -0.283414   0.385999   0.102585 
      172.0000  -0.288248   0.387775   0.099527 
      172.5000  -0.289932   0.393943   0.104011 
      173.0000  -0.306444   0.402049   0.095605 
      173.5000  -0.287407   0.377465   0.090058 
      174.0000  -0.358968   0.452649   0.093682 
      174.5000  -0.330157   0.420001   0.089844 
      175.0000  -0.346951   0.427476   0.080525 
      175.5000  -0.334840   0.412017   0.077177 
      176.0000  -0.336822   0.404338   0.067516 
      176.5000  -0.290717   0.366796   0.076079 
      177.0000  -0.280199   0.353187   0.072988 
      177.5000  -0.314060   0.387984   0.073924 
      178.0000  -0.324123   0.405002   0.080879 
      178.5000  -0.281185   0.356819   0.075634 
      179.0000  -0.279779   0.352873   0.073094 
      179.5000  -0.283327   0.355125   0.071798 
      180.0000  -0.269594   0.337271   0.067677 
      180.5000  -0.297005   0.370447   0.073441 
      181.0000  -0.277504   0.356435   0.078930 
      181.5000  -0.281736   0.364753   0.083017 
      182.0000  -0.262310   0.355362   0.093052 
      182.5000  -0.315089   0.406879   0.091789 
      183.0000  -0.306489   0.391797   0.085308 
      183.5000  -0.327163   0.406060   0.078897 
      184.0000  -0.341301   0.424120   0.082820 
      184.5000  -0.272404   0.349100   0.076695 
      185.0000  -0.291789   0.372604   0.080814 
      185.5000  -0.329759   0.399212   0.069453 
      186.0000  -0.356073   0.425232   0.069160 
      186.5000  -0.353627   0.409209   0.055582 
      187.0000  -0.359510   0.400760   0.041250 
      187.5000  -0.351789   0.382102   0.030312 
      188.0000  -0.318149   0.352599   0.034449 
      188.5000  -0.350569   0.388346   0.037776 
      189.0000  -0.360789   0.398138   0.037350 
      189.5000  -0.310336   0.344227   0.033891 
      190.0000  -0.344531   0.374622   0.030091 
      190.5000  -0.345226   0.375159   0.029933 
      191.0000  -0.381784   0.409913   0.028129 
      191.5000  -0.363672   0.387564   0.023892 
      192.0000  -0.379905   0.398110   0.018205 
      192.5000  -0.372882   0.390564   0.017682 
      193.0000  -0.367480   0.383099   0.015619 
      193.5000  -0.373309   0.404565   0.031255 
      194.0000  -0.357113   0.387692   0.030579 
      194.5000  -0.334879   0.356662   0.021783 
      195.0000  -0.386127   0.400157   0.014030 
      195.5000  -0.386662   0.397660   0.010997 
      196.0000  -0.408273   0.417445   0.009171 
      196.5000  -0.402324   0.418465   0.016141 
      197.0000  -0.341755   0.357185   0.015429 
      197.5000  -0.343105   0.361467   0.018362 
      198.0000  -0.337904   0.348150   0.010246 
      198.5000  -0.355332   0.349931  -0.005401 
      199.0000  -0.413745   0.397047  -0.016698 
      199.5000  -0.360358   0.343019  -0.017339 
      200.0000  -0.418292   0.396800  -0.021492 
      200.5000  -0.400403   0.375707  -0.024696 
      201.0000  -0.376256   0.347565  -0.028691 
      201.5000  -0.436890   0.401284  -0.035605 
      202.0000  -0.403823   0.370181  -0.033643 
      202.5000  -0.411753   0.379787  -0.031966 
      203.0000  -0.359274   0.335724  -0.023550 
      203.5000  -0.399102   0.380934  -0.018168 
      204.0000  -0.380699   0.360203  -0.020496 
      204.5000  -0.413274   0.393643  -0.019631 
      205.0000  -0.436181   0.409582  -0.026598 
      205.5000  -0.425593   0.400672  -0.024921 
      206.0000  -0.423596   0.390389  -0.033207 
      206.5000  -0.414241   0.381420  -0.032821 
      207.0000  -0.426933   0.390591  -0.036342 
      207.5000  -0.445858   0.416576  -0.029282 
      208.0000  -0.406664   0.377864  -0.028801 
      208.5000  -0.427737   0.383811  -0.043926 
      209.0000  -0.430876   0.377007  -0.053869 
      209.5000  -0.426898   0.375799  -0.051099 
      210.0000  -0.382477   0.333883  -0.048594 
      210.5000  -0.422564   0.375145  -0.047419 
      211.0000  -0.428150   0.379618  -0.048532 
      211.5000  -0.433262   0.383081  -0.050181 
      212.0000  -0.422909   0.362653  -0.060256 
      212.5000  -0.438995   0.376818  -0.062178 
      213.0000  -0.463753   0.393354  -0.070398 
      213.5000  -0.464206   0.394800  -0.069405 
      214.0000  -0.447106   0.397159  -0.049947 
      214.5000  -0.454243   0.409522  -0.044720 
      215.0000  -0.457168   0.403701  -0.053467 
      215.5000  -0.461584   0.417532  -0.044052 
      216.0000  -0.486073   0.443916  -0.042157 
      216.5000  -0.424658   0.371718  -0.052940 
      217.0000  -0.421457   0.357750  -0.063707 
      217.5000  -0.473134   0.408459  -0.064674 
      218.0000  -0.444225   0.386183  -0.058042 
      218.5000  -0.450920   0.394584  -0.056336 
      219.0000  -0.455609   0.396218  -0.059391 
      219.5000  -0.458105   0.399742  -0.058363 
      220.0000  -0.436671   0.373988  -0.062682 
      220.5000  -0.428594   0.361895  -0.066699 
      221.0000  -0.480634   0.410996  -0.069638 
      221.5000  -0.466471   0.396069  -0.070402 
      222.0000  -0.465258   0.382912  -0.082347 
      222.5000  -0.464530   0.370156  -0.094374 
      223.0000  -0.480302   0.377730  -0.102573 
      223.5000  -0.434631   0.337000  -0.097631 
      224.0000  -0.475324   0.371080  -0.104244 
      224.5000  -0.446437   0.345878  -0.100559 
      225.0000  -0.444632   0.348784  -0.095848 
      225.5000  -0.433068   0.340466  -0.092602 
      226.0000  -0.437401   0.351146  -0.086254 
      226.5000  -0.484164   0.390599  -0.093565 
      227.0000  -0.469454   0.377833  -0.091621 
      227.5000  -0.465252   0.381983  -0.083269 
      228.0000  -0.435876   0.348777  -0.087099 
      228.5000  -0.434441   0.353431  -0.081010 
      229.0000  -0.426754   0.344022  -0.082732 
      229.5000  -0.434482   0.348272  -0.086210 
      230.0000  -0.430897   0.342105  -0.088791 
      230.5000  -0.417323   0.331230  -0.086093 
      231.0000  -0.460582   0.370492  -0.090091 
      231.5000  -0.441360   0.351701  -0.089659 
      232.0000  -0.418921   0.328487  -0.090434 
      232.5000  -0.447339   0.342346  -0.104993 
      233.0000  -0.452279   0.335154  -0.117125 
      233.5000  -0.470885   0.354470  -0.116415 
      234.0000  -0.461028   0.354902  -0.106127 
      234.5000  -0.475408   0.369124  -0.106283 
      235.0000  -0.460833   0.347089  -0.113745 
      235.5000  -0.474215   0.361762  -0.112452 
      236.0000  -0.487816   0.376593  -0.111223 
      236.5000  -0.465497   0.352294  -0.113202 
      237.0000  -0.423811   0.313762  -0.110049 
      237.5000  -0.438631   0.339693  -0.098938 
      238.0000  -0.423874   0.332601  -0.091273 
      238.5000  -0.446004   0.352889  -0.093114 
      239.0000  -0.434641   0.343525  -0.091116 
      239.5000  -0.440578   0.360837  -0.079741 
      240.0000  -0.482130   0.402772  -0.079358 
      240.5000  -0.418736   0.339640  -0.079096 
      241.0000  -0.465600   0.382868  -0.082732 
      241.5000  -0.472654   0.393283  -0.079371 
      242.0000  -0.409449   0.328082  -0.081367 
      242.5000  -0.436208   0.358096  -0.078112 
      243.0000  -0.452830   0.380232  -0.072597 
      243.5000  -0.410518   0.325911  -0.084607 
      244.0000  -0.454569   0.366831  -0.087738 
      244.5000  -0.479028   0.392110  -0.086918 
      245.0000  -0.409312   0.315839  -0.093473 
      245.5000  -0.443437   0.352116  -0.091321 
      246.0000  -0.496468   0.405287  -0.091180 
      246.5000  -0.449567   0.357333  -0.092234 
      247.0000  -0.433609   0.332386  -0.101223 
      247.5000  -0.437270   0.333418  -0.103853 
      248.0000  -0.473796   0.366487  -0.107309 
      248.5000  -0.432171   0.333712  -0.098459 
      249.0000  -0.434710   0.342288  -0.092422 
      249.5000  -0.475383   0.381699  -0.093683 
      250.0000  -0.454267   0.360723  -0.093544 
      250.5000  -0.451532   0.372746  -0.078786 
      251.0000  -0.433030   0.351096  -0.081934 
      251.5000  -0.453028   0.365800  -0.087228 
      252.0000  -0.455496   0.368090  -0.087406 
      252.5000  -0.424337   0.335488  -0.088849 
      253.0000  -0.442854   0.348039  -0.094815 
      253.5000  -0.429404   0.335656  -0.093748 
      254.0000  -0.478566   0.390545  -0.088021 
      254.5000  -0.448100   0.361428  -0.086672 
      255.0000  -0.446268   0.345882  -0.100385 
      255.5000  -0.441661   0.336685  -0.104976 
      256.0000  -0.458879   0.354419  -0.104459 
      256.5000  -0.458028   0.358310  -0.099718 
      257.0000  -0.452928   0.354276  -0.098652 
      257.5000  -0.426282   0.332351  -0.093930 
      258.0000  -0.448191   0.354802  -0.093390 
      258.5000  -0.454478   0.361150  -0.093328 
      259.0000  -0.447507   0.350180  -0.097327 
      259.5000  -0.457922   0.343874  -0.114048 
      260.0000  -0.411623   0.302701  -0.108922 
      260.5000  -0.464622   0.355112  -0.109509 
      261.0000  -0.452110   0.357762  -0.094348 
      261.5000  -0.441627   0.347210  -0.094417 
      262.0000  -0.448030   0.362880  -0.085150 
      262.5000  -0.419986   0.337805  -0.082182 
      263.0000  -0.423664   0.335731  -0.087933 
      263.5000  -0.439437   0.352302  -0.087135 
      264.0000  -0.436072   0.353170  -0.082902 
      264.5000  -0.445386   0.365248  -0.080138 
      265.0000  -0.431748   0.343507  -0.088241 
      265.5000  -0.450072   0.355758  -0.094314 
      266.0000  -0.445378   0.345678  -0.099700 
      266.5000  -0.430267   0.328901  -0.101366 
      267.0000  -0.429373   0.334780  -0.094593 
      267.5000  -0.444035   0.347582  -0.096453 
      268.0000  -0.396135   0.295495  -0.100639 
      268.5000  -0.415661   0.318994  -0.096667 
      269.0000  -0.457226   0.364383  -0.092843 
      269.5000  -0.438416   0.341021  -0.097395 
      270.0000  -0.441191   0.338444  -0.102747 
      270.5000  -0.434088   0.328450  -0.105637 
      271.0000  -0.448130   0.353611  -0.094519 
      271.5000  -0.419327   0.321633  -0.097693 
      272.0000  -0.399033   0.302702  -0.096332 
      272.5000  -0.429730   0.327236  -0.102494 
      273.0000  -0.421913   0.318716  -0.103198 
      273.5000  -0.494217   0.389288  -0.104930 
      274.0000  -0.456099   0.344597  -0.111502 
      274.5000  -0.451219   0.333889  -0.117331 
      275.0000  -0.438161   0.325815  -0.112345 
      275.5000  -0.432619   0.308491  -0.124128 
      276.0000  -0.475551   0.340787  -0.134765 
      276.5000  -0.445333   0.308711  -0.136622 
      277.0000  -0.453577   0.319524  -0.134053 
      277.5000  -0.441378   0.307490  -0.133887 
      278.0000  -0.443632   0.305852  -0.137780 
      278.5000  -0.460673   0.327584  -0.133089 
      279.0000  -0.450041   0.315821  -0.134220 
      279.5000  -0.477135   0.344437  -0.132698 
      280.0000  -0.432502   0.300585  -0.131917 
      280.5000  -0.474717   0.335751  -0.138966 
      281.0000  -0.480185   0.331420  -0.148765 
      281.5000  -0.480230   0.330452  -0.149778 
      282.0000  -0.454926   0.312215  -0.142711 
      282.5000  -0.470913   0.325657  -0.145255 
      283.0000  -0.479448   0.346614  -0.132835 
      283.5000  -0.485699   0.356104  -0.129596 
      284.0000  -0.473038   0.338551  -0.134487 
      284.5000  -0.460380   0.325248  -0.135131 
      285.0000  -0.490075   0.348837  -0.141238 
      285.5000  -0.458516   0.316777  -0.141740 
      286.0000  -0.484994   0.341595  -0.143400 
      286.5000  -0.449150   0.309779  -0.139371 
      287.0000  -0.482355   0.340775  -0.141580 
      287.5000  -0.469707   0.321683  -0.148024 
      288.0000  -0.470966   0.325557  -0.145409 
      288.5000  -0.478636   0.329136  -0.149500 
      289.0000  -0.470641   0.322271  -0.148369 
      289.5000  -0.500945   0.350469  -0.150475 
      290.0000  -0.464728   0.315082  -0.149646 
      290.5000  -0.473657   0.322845  -0.150812 
      291.0000  -0.513621   0.363572  -0.150049 
      291.5000  -0.482962   0.339071  -0.143891 
      292.0000  -0.494722   0.353185  -0.141538 
      292.5000  -0.490924   0.345707  -0.145217 
      293.0000  -0.494694   0.342089  -0.152605 
      293.5000  -0.549832   0.379773  -0.170060 
      294.0000  -0.503648   0.326204  -0.177444 
      294.5000  -0.533064   0.350433  -0.182631 
      295.0000  -0.521454   0.336882  -0.184572 
      295.5000  -0.518302   0.335166  -0.183136 
      296.0000  -0.529054   0.338435  -0.190619 
      296.5000  -0.532137   0.341044  -0.191093 
      297.0000  -0.509235   0.323420  -0.185815 
      297.5000  -0.506931   0.323566  -0.183365 
      298.0000  -0.554426   0.366292  -0.188134 
      298.5000  -0.536611   0.351944  -0.184667 
      299.0000  -0.476383   0.286144  -0.190238 
      299.5000  -0.516281   0.322961  -0.193321 
      300.0000  -0.517604   0.323379  -0.194226 
      300.5000  -0.503954   0.310635  -0.193318 
      301.0000  -0.511586   0.328760  -0.182826 
      301.5000  -0.514886   0.335722  -0.179164 
      302.0000  -0.530962   0.354570  -0.176392 
      302.5000  -0.502546   0.338134  -0.164412 
      303.0000  -0.494932   0.322424  -0.172508 
      303.5000  -0.510944   0.333281  -0.177664 
      304.0000  -0.524195   0.348282  -0.175912 
      304.5000  -0.519629   0.338865  -0.180764 
      305.0000  -0.502031   0.321092  -0.180938 
      305.5000  -0.531582   0.359463  -0.172119 
      306.0000  -0.523205   0.349353  -0.173853 
      306.5000  -0.500327   0.326100  -0.174227 
      307.0000  -0.494770   0.318008  -0.176762 
      307.5000  -0.524844   0.342830  -0.182015 
      308.0000  -0.508824   0.331244  -0.177580 
      308.5000  -0.490568   0.326278  -0.164290 
      309.0000  -0.508046   0.337893  -0.170153 
      309.5000  -0.531105   0.368872  -0.162232 
      310.0000  -0.485508   0.338345  -0.147163 
      310.5000  -0.525371   0.379832  -0.145539 
      311.0000  -0.436382   0.289843  -0.146539 
      311.5000  -0.526090   0.368032  -0.158058 
      312.0000  -0.518970   0.358054  -0.160916 
      312.5000  -0.522712   0.360794  -0.161918 
      313.0000  -0.481589   0.322057  -0.159532 
      313.5000  -0.495086   0.336592  -0.158493 
      314.0000  -0.469284   0.310648  -0.158636 
      314.5000  -0.508497   0.349747  -0.158750 
      315.0000  -0.487715   0.336747  -0.150968 
      315.5000  -0.500995   0.350227  -0.150768 
      316.0000  -0.488048   0.329923  -0.158126 
      316.5000  -0.470467   0.305354  -0.165113 
      317.0000  -0.469992   0.305268  -0.164723 
      317.5000  -0.498406   0.330267  -0.168139 
      318.0000  -0.492694   0.320774  -0.171920 
      318.5000  -0.507494   0.342950  -0.164544 
      319.0000  -0.525246   0.354387  -0.170859 
      319.5000  -0.486872   0.321049  -0.165824 
      320.0000  -0.502763   0.338351  -0.164412 
      320.5000  -0.478814   0.312370  -0.166444 
      321.0000  -0.475980   0.301386  -0.174594 
      321.5000  -0.484193   0.302585  -0.181608 
      322.0000  -0.497009   0.317526  -0.179483 
      322.5000  -0.487802   0.308131  -0.179671 
      323.0000  -0.465346   0.284016  -0.181330 
      323.5000  -0.476979   0.298898  -0.178081 
      324.0000  -0.475087   0.302265  -0.172822 
      324.5000  -0.454872   0.280731  -0.174142 
      325.0000  -0.455408   0.286473  -0.168935 
      325.5000  -0.492110   0.324991  -0.167119 
      326.0000  -0.491351   0.313625  -0.177726 
      326.5000  -0.475088   0.301259  -0.173828 
      327.0000  -0.506063   0.341649  -0.164415 
      327.5000  -0.493323   0.335408  -0.157916 
      328.0000  -0.497032   0.337644  -0.159388 
      328.5000  -0.481506   0.313452  -0.168053 
      329.0000  -0.506474   0.342172  -0.164303 
      329.5000  -0.497583   0.341916  -0.155667 
      330.0000  -0.456938   0.300673  -0.156266 
      330.5000  -0.501999   0.337047  -0.164952 
      331.0000  -0.474836   0.308626  -0.166210 
      331.5000  -0.468914   0.302519  -0.166395 
      332.0000  -0.486303   0.322706  -0.163597 
      332.5000  -0.490006   0.324186  -0.165819 
      333.0000  -0.480399   0.313675  -0.166724 
      333.5000  -0.488447   0.317116  -0.171331 
      334.0000  -0.477314   0.303532  -0.173783 
      334.5000  -0.498115   0.322409  -0.175706 
      335.0000  -0.503895   0.330049  -0.173846 
      335.5000  -0.474508   0.307271  -0.167237 
      336.0000  -0.454527   0.283941  -0.170586 
      336.5000  -0.503825   0.332334  -0.171491 
      337.0000  -0.491651   0.323170  -0.168481 
      337.5000  -0.529438   0.359062  -0.170376 
      338.0000  -0.460243   0.288340  -0.171902 
      338.5000  -0.482425   0.306185  -0.176239 
      339.0000  -0.476089   0.294338  -0.181751 
      339.5000  -0.526424   0.342674  -0.183749 
      340.0000  -0.520400   0.336395  -0.184005 
      340.5000  -0.523164   0.325287  -0.197877 
      341.0000  -0.496529   0.301521  -0.195008 
      341.5000  -0.521222   0.330014  -0.191208 
      342.0000  -0.516605   0.320166  -0.196440 
      342.5000  -0.503007   0.314715  -0.188292 
      343.0000  -0.494187   0.309090  -0.185097 
      343.5000  -0.514309   0.325490  -0.188819 
      344.0000  -0.480043   0.301607  -0.178436 
      344.5000  -0.477176   0.295873  -0.181304 
      345.0000  -0.500961   0.318640  -0.182321 
      345.5000  -0.472715   0.277207  -0.195508 
      346.0000  -0.513333   0.325454  -0.187879 
      346.5000  -0.510172   0.320617  -0.189555 
      347.0000  -0.492523   0.308857  -0.183666 
      347.5000  -0.526204   0.340659  -0.185545 
      348.0000  -0.485174   0.298277  -0.186897 
      348.5000  -0.506664   0.314886  -0.191778 
      349.0000  -0.511387   0.326199  -0.185188 
      349.5000  -0.466287   0.281155  -0.185132 
      350.0000  -0.493755   0.305206  -0.188549 
      350.5000  -0.494921   0.307766  -0.187155 
      351.0000  -0.485979   0.310208  -0.175771 
      351.5000  -0.489796   0.317067  -0.172729 
      352.0000  -0.470893   0.302145  -0.168748 
      352.5000  -0.491818   0.321949  -0.169868 
      353.0000  -0.477583   0.300229  -0.177354 
      353.5000  -0.485898   0.302209  -0.183689 
      354.0000  -0.475725   0.295071  -0.180654 
      354.5000  -0.471963   0.284855  -0.187108 
      355.0000  -0.493606   0.306529  -0.187076 
      355.5000  -0.489252   0.293993  -0.195259 
      356.0000  -0.495486   0.298319  -0.197168 
      356.5000  -0.514209   0.321601  -0.192608 
      357.0000  -0.487465   0.306210  -0.181255 
      357.5000  -0.534315   0.352663  -0.181653 
      358.0000  -0.484472   0.306133  -0.178339 
      358.5000  -0.491704   0.319896  -0.171809 
      359.0000  -0.481397   0.302754  -0.178643 
      359.5000  -0.496847   0.308238  -0.188609 
      360.0000  -0.491890   0.292833  -0.199057 
      360.5000  -0.504668   0.311788  -0.192880 
      361.0000  -0.486887   0.299553  -0.187334 
      361.5000  -0.472286   0.286854  -0.185432 
      362.0000  -0.506496   0.316243  -0.190253 
      362.5000  -0.491458   0.297172  -0.194286 
      363.0000  -0.501260   0.306296  -0.194965 
      363.5000  -0.483461   0.302729  -0.180732 
      364.0000  -0.485464   0.308320  -0.177145 
      364.5000  -0.477105   0.293249  -0.183855 
      365.0000  -0.507314   0.319649  -0.187666 
      365.5000  -0.471390   0.284640  -0.186750 
      366.0000  -0.491202   0.313841  -0.177361 
      366.5000  -0.504355   0.328300  -0.176055 
      367.0000  -0.473776   0.289351  -0.184425 
      367.5000  -0.500225   0.326480  -0.173746 
      368.0000  -0.476277   0.303266  -0.173011 
      368.5000  -0.486879   0.309099  -0.177781 
      369.0000  -0.484355   0.302184  -0.182171 
      369.5000  -0.467610   0.289859  -0.177752 
      370.0000  -0.473232   0.299727  -0.173505 
      370.5000  -0.485590   0.302643  -0.182947 
      371.0000  -0.467640   0.280458  -0.187182 
      371.5000  -0.474469   0.295311  -0.179158 
      372.0000  -0.455063   0.274327  -0.180736 
      372.5000  -0.468867   0.288492  -0.180376 
      373.0000  -0.491943   0.309171  -0.182772 
      373.5000  -0.481922   0.297566  -0.184357 
      374.0000  -0.505215   0.320425  -0.184790 
      374.5000  -0.508440   0.320996  -0.187444 
      375.0000  -0.514321   0.337209  -0.177112 
      375.5000  -0.461491   0.276970  -0.184521 
      376.0000  -0.523418   0.337544  -0.185874 
      376.5000  -0.492230   0.307130  -0.185100 
      377.0000  -0.486474   0.302275  -0.184199 
      377.5000  -0.507644   0.314299  -0.193345 
      378.0000  -0.536549   0.343080  -0.193468 
      378.5000  -0.489864   0.307817  -0.182046 
      379.0000  -0.489499   0.307490  -0.182010 
      379.5000  -0.498231   0.311227  -0.187004 
      380.0000  -0.504185   0.319028  -0.185157 
      380.5000  -0.512944   0.336664  -0.176280 
      381.0000  -0.517815   0.342683  -0.175132 
      381.5000  -0.510444   0.333550  -0.176894 
      382.0000  -0.510467   0.325995  -0.184473 
      382.5000  -0.488546   0.304190  -0.184356 
      383.0000  -0.526256   0.332876  -0.193380 
      383.5000  -0.516856   0.317883  -0.198972 
      384.0000  -0.514203   0.319819  -0.194383 
      384.5000  -0.495962   0.309972  -0.185989 
      385.0000  -0.516680   0.334468  -0.182211 
      385.5000  -0.526569   0.342345  -0.184224 
      386.0000  -0.504710   0.319523  -0.185187 
      386.5000  -0.515641   0.337358  -0.178284 
      387.0000  -0.532935   0.355133  -0.177801 
      387.5000  -0.493169   0.313015  -0.180154 
      388.0000  -0.481336   0.306784  -0.174552 
      388.5000  -0.487307   0.319532  -0.167775 
      389.0000  -0.482431   0.316539  -0.165892 
      389.5000  -0.464083   0.298844  -0.165239 
      390.0000  -0.479480   0.314633  -0.164847 
      390.5000  -0.475458   0.302040  -0.173418 
      391.0000  -0.466801   0.287230  -0.179571 
      391.5000  -0.461643   0.285482  -0.176161 
      392.0000  -0.465027   0.297991  -0.167037 
      392.5000  -0.442712   0.276023  -0.166689 
      393.0000  -0.472115   0.307303  -0.164812 
      393.5000  -0.448782   0.288637  -0.160145 
      394.0000  -0.474467   0.311666  -0.162801 
      394.5000  -0.444034   0.285919  -0.158115 
      395.0000  -0.486357   0.324527  -0.161829 
      395.5000  -0.508757   0.347485  -0.161271 
      396.0000  -0.481961   0.317283  -0.164678 
      396.5000  -0.461926   0.299706  -0.162220 
      397.0000  -0.466100   0.306610  -0.159490 
      397.5000  -0.491885   0.332238  -0.159647 
      398.0000  -0.469507   0.304893  -0.164614 
      398.5000  -0.474905   0.314630  -0.160276 
      399.0000  -0.481298   0.327740  -0.153557 
      399.5000  -0.485922   0.316909  -0.169014 
      400.0000  -0.472741   0.295126  -0.177615 
      400.5000  -0.474414   0.305922  -0.168491 
      401.0000  -0.456975   0.279014  -0.177962 
      401.5000  -0.461659   0.281368  -0.180291 
      402.0000  -0.483619   0.296019  -0.187600 
      402.5000  -0.482668   0.290119  -0.192549 
      403.0000  -0.489737   0.302341  -0.187396 
      403.5000  -0.476026   0.289328  -0.186698 
      404.0000  -0.495053   0.312467  -0.182586 
      404.5000  -0.477386   0.293215  -0.184171 
      405.0000  -0.489051   0.309603  -0.179448 
      405.5000  -0.485941   0.313964  -0.171978 
      406.0000  -0.499718   0.328061  -0.171657 
      406.5000  -0.480947   0.310496  -0.170450 
      407.0000  -0.477537   0.320933  -0.156603 
      407.5000  -0.450214   0.281668  -0.168546 
      408.0000  -0.481938   0.321064  -0.160874 
      408.5000  -0.472030   0.310178  -0.161852 
      409.0000  -0.458839   0.289955  -0.168884 
      409.5000  -0.483483   0.308510  -0.174973 
      410.0000  -0.495536   0.322912  -0.172624 
      410.5000  -0.462143   0.289012  -0.173131 
      411.0000  -0.466096   0.299087  -0.167008 
      411.5000  -0.525494   0.355445  -0.170049 
      412.0000  -0.481894   0.325888  -0.156006 
      412.5000  -0.468367   0.306549  -0.161818 
      413.0000  -0.479080   0.307623  -0.171457 
      413.5000  -0.470228   0.294311  -0.175916 
      414.0000  -0.480984   0.301547  -0.179437 
      414.5000  -0.498783   0.320891  -0.177892 
      415.0000  -0.466971   0.296854  -0.170117 
      415.5000  -0.504560   0.337570  -0.166990 
      416.0000  -0.491782   0.318494  -0.173288 
      416.5000  -0.506380   0.335723  -0.170657 
      417.0000  -0.476925   0.311770  -0.165156 
      417.5000  -0.464472   0.298017  -0.166455 
      418.0000  -0.488163   0.315700  -0.172463 
      418.5000  -0.486149   0.322810  -0.163339 
      419.0000  -0.467882   0.311854  -0.156027 
      419.5000  -0.455453   0.299630  -0.155823 
      420.0000  -0.464139   0.304203  -0.159936 
      420.5000  -0.500518   0.337310  -0.163208 
      421.0000  -0.493860   0.323935  -0.169925 
      421.5000  -0.474542   0.312740  -0.161802 
      422.0000  -0.450083   0.297769  -0.152314 
      422.5000  -0.466339   0.312048  -0.154292 
      423.0000  -0.461242   0.313533  -0.147709 
      423.5000  -0.432563   0.291573  -0.140990 
      424.0000  -0.427941   0.281989  -0.145952 
      424.5000  -0.476816   0.321968  -0.154848 
      425.0000  -0.468813   0.317579  -0.151235 
      425.5000  -0.441309   0.301537  -0.139772 
      426.0000  -0.465780   0.327093  -0.138687 
      426.5000  -0.457643   0.317716  -0.139927 
      427.0000  -0.457654   0.309342  -0.148312 
      427.5000  -0.450487   0.299950  -0.150536 
      428.0000  -0.448122   0.304495  -0.143626 
      428.5000  -0.464231   0.316422  -0.147809 
      429.0000  -0.452620   0.314512  -0.138107 
      429.5000  -0.488984   0.344158  -0.144826 
      430.0000  -0.467715   0.317306  -0.150408 
      430.5000  -0.474067   0.327146  -0.146921 
      431.0000  -0.498609   0.348543  -0.150066 
      431.5000  -0.438289   0.282023  -0.156266 
      432.0000  -0.454968   0.307733  -0.147235 
      432.5000  -0.445229   0.301074  -0.144155 
      433.0000  -0.465692   0.329009  -0.136683 
      433.5000  -0.452089   0.309932  -0.142156 
      434.0000  -0.436857   0.301032  -0.135825 
      434.5000  -0.439301   0.308170  -0.131131 
      435.0000  -0.475098   0.341652  -0.133446 
      435.5000  -0.463116   0.329307  -0.133809 
      436.0000  -0.474264   0.340332  -0.133932 
      436.5000  -0.456921   0.332421  -0.124501 
      437.0000  -0.415941   0.290869  -0.125072 
      437.5000  -0.481569   0.351415  -0.130154 
      438.0000  -0.468702   0.344091  -0.124612 
      438.5000  -0.452010   0.322159  -0.129851 
      439.0000  -0.446120   0.316468  -0.129652 
      439.5000  -0.458084   0.327029  -0.131054 
      440.0000  -0.442439   0.320652  -0.121787 
      440.5000  -0.430649   0.301577  -0.129072 
      441.0000  -0.470816   0.342172  -0.128645 
      441.5000  -0.450815   0.318136  -0.132679 
      442.0000  -0.468520   0.319645  -0.148875 
      442.5000  -0.447618   0.309844  -0.137775 
      443.0000  -0.464820   0.325334  -0.139486 
      443.5000  -0.474108   0.320224  -0.153884 
      444.0000  -0.446595   0.309451  -0.137144 
      444.5000  -0.501082   0.356067  -0.145015 
      445.0000  -0.461088   0.315456  -0.145632 
      445.5000  -0.458924   0.322754  -0.136170 
      446.0000  -0.473419   0.346626  -0.126793 
      446.5000  -0.455709   0.331410  -0.124299 
      447.0000  -0.496892   0.369228  -0.127665 
      447.5000  -0.467474   0.333069  -0.134406 
      448.0000  -0.477122   0.339810  -0.137312 
      448.5000  -0.466487   0.336085  -0.130402 
      449.0000  -0.476447   0.341593  -0.134854 
      449.5000  -0.445666   0.311074  -0.134592 
      450.0000  -0.467933   0.325742  -0.142191 
      450.5000  -0.447406   0.307254  -0.140151 
      451.0000  -0.464171   0.314716  -0.149455 
      451.5000  -0.446363   0.291411  -0.154953 
      452.0000  -0.466140   0.318006  -0.148134 
      452.5000  -0.473256   0.334023  -0.139233 
      453.0000  -0.470862   0.326653  -0.144209 
      453.5000  -0.471387   0.337577  -0.133810 
      454.0000  -0.480367   0.346735  -0.133632 
      454.5000  -0.487216   0.342471  -0.144745 
      455.0000  -0.491292   0.339757  -0.151534 
      455.5000  -0.485700   0.337911  -0.147789 
      456.0000  -0.508583   0.353075  -0.155507 
      456.5000  -0.510291   0.357314  -0.152977 
      457.0000  -0.498164   0.336909  -0.161255 
      457.5000  -0.487157   0.327697  -0.159460 
      458.0000  -0.505463   0.339048  -0.166416 
      458.5000  -0.493045   0.324360  -0.168685 
      459.0000  -0.533235   0.370159  -0.163076 
      459.5000  -0.542284   0.383478  -0.158806 
      460.0000  -0.492286   0.331742  -0.160543 
      460.5000  -0.499495   0.341412  -0.158083 
      461.0000  -0.509638   0.345669  -0.163969 
      461.5000  -0.553150   0.383582  -0.169568 
      462.0000  -0.533439   0.361850  -0.171589 
      462.5000  -0.516190   0.346821  -0.169370 
      463.0000  -0.519638   0.344543  -0.175096 
      463.5000  -0.517908   0.338249  -0.179660 
      464.0000  -0.522755   0.334848  -0.187908 
      464.5000  -0.525422   0.340023  -0.185398 
      465.0000  -0.541008   0.354798  -0.186210 
      465.5000  -0.537268   0.355102  -0.182166 
      466.0000  -0.517398   0.335072  -0.182326 
      466.5000  -0.495767   0.308435  -0.187333 
      467.0000  -0.506558   0.317274  -0.189284 
      467.5000  -0.549882   0.369184  -0.180698 
      468.0000  -0.525341   0.340876  -0.184465 
      468.5000  -0.563975   0.373408  -0.190567 
      469.0000  -0.541170   0.337463  -0.203706 
      469.5000  -0.563443   0.354516  -0.208927 
      470.0000  -0.514900   0.300449  -0.214451 
      470.5000  -0.536318   0.321091  -0.215227 
      471.0000  -0.542518   0.330507  -0.212011 
      471.5000  -0.568219   0.352679  -0.215540 
      472.0000  -0.552489   0.335875  -0.216614 
      472.5000  -0.602287   0.390619  -0.211668 
      473.0000  -0.554887   0.349087  -0.205800 
      473.5000  -0.545560   0.337447  -0.208114 
      474.0000  -0.548244   0.339644  -0.208601 
      474.5000  -0.556641   0.339567  -0.217074 
      475.0000  -0.577451   0.355289  -0.222161 
      475.5000  -0.577954   0.358644  -0.219309 
      476.0000  -0.554314   0.329209  -0.225105 
      476.5000  -0.610701   0.396063  -0.214638 
      477.0000  -0.596153   0.377640  -0.218513 
      477.5000  -0.521694   0.309257  -0.212437 
      478.0000  -0.583858   0.369462  -0.214396 
      478.5000  -0.591700   0.365403  -0.226297 
      479.0000  -0.587423   0.360288  -0.227135 
      479.5000  -0.562777   0.336778  -0.225999 
      480.0000  -0.578579   0.346079  -0.232501 
      480.5000  -0.567359   0.327557  -0.239802 
      481.0000  -0.561613   0.331884  -0.229729 
      481.5000  -0.593624   0.359964  -0.233659 
      482.0000  -0.572184   0.336460  -0.235724 
      482.5000  -0.589993   0.348901  -0.241093 
      483.0000  -0.564787   0.322063  -0.242725 
      483.5000  -0.596614   0.343127  -0.253486 
      484.0000  -0.552135   0.293256  -0.258879 
      484.5000  -0.626943   0.368872  -0.258071 
      485.0000  -0.575756   0.318095  -0.257660 
      485.5000  -0.592240   0.338529  -0.253712 
      486.0000  -0.622835   0.363241  -0.259593 
      486.5000  -0.565725   0.306712  -0.259014 
      487.0000  -0.609256   0.349273  -0.259983 
      487.5000  -0.564249   0.310132  -0.254117 
      488.0000  -0.617638   0.361886  -0.255752 
      488.5000  -0.593096   0.341535  -0.251561 
      489.0000  -0.609410   0.372010  -0.237400 
      489.5000  -0.581700   0.344433  -0.237267 
      490.0000  -0.594081   0.352944  -0.241136 
      490.5000  -0.629161   0.373748  -0.255413 
      491.0000  -0.602040   0.333326  -0.268713 
      491.5000  -0.556521   0.288789  -0.267732 
      492.0000  -0.620214   0.349034  -0.271180 
      492.5000  -0.595833   0.327538  -0.268295 
      493.0000  -0.611692   0.346661  -0.265031 
      493.5000  -0.597650   0.333914  -0.263736 
      494.0000  -0.630838   0.365109  -0.265729 
      494.5000  -0.621657   0.352673  -0.268985 
      495.0000  -0.632294   0.370848  -0.261446 
      495.5000  -0.597643   0.321825  -0.275819 
      496.0000  -0.611047   0.327155  -0.283892 
      496.5000  -0.644037   0.361970  -0.282067 
      497.0000  -0.663292   0.378629  -0.284664 
      497.5000  -0.613465   0.336455  -0.277010 
      498.0000  -0.636641   0.355872  -0.280769 
      498.5000  -0.612872   0.328757  -0.284115 
      499.0000  -0.603848   0.319281  -0.284567 
      499.5000  -0.576370   0.296548  -0.279822 
      500.0000  -0.612780   0.331937  -0.280843 
