t = 100000
b = 30 30 30
E = -0.444327166042983 -0.612780182379533 0.168453016336549
27.9724526401086 17.9318032066898 14.3367793546506 0.906139589812337 -0.396298826078122 0.147844974292349 0.18941869707034 0.0676673006863135 -0.979561934633894 0.126929566857198 -0.175242003143026 -0.450591246718201 -0.0127796081180945 0.734575328844877 0.833551383732112
27.2019810631648 18.402937769407 15.0878365052168 0.240408882466109 0.361909865261215 0.900680148613718 0.529013699898446 0.729129995520064 -0.434181816002173 -0.399531419345828 0.199442262839214 0.202258120836548 -0.0438387807964719 -0.470288690490659 -0.16174189315754
26.3007383505053 17.9172720056909 15.0725129129956 -0.310758254515812 -0.560473369826416 0.767657992295371 -0.053544996769419 -0.796039811405384 -0.60287096744085 -0.225176131133865 0.0162604253452448 -0.00195443721753638 0.0521296801669425 0.0338984815133795 0.410424434275872
26.2410411725236 17.4198030161163 14.8418577644369 -0.516976544202837 -0.209437112811224 0.829982676806561 -0.0656251034347166 -0.957055536410121 -0.282378915884971 -0.487058754064435 0.170479015492295 -0.320948805397068 0.582224563198771 0.104109863923051 0.183638532351228
26.3171831359227 16.9153786601544 14.8313090892043 -0.997321874457651 0.0654134002878445 0.032712747812289 -0.0731095367684917 -0.879380767661956 -0.47047243379208 0.13131286246067 0.470886475955069 -0.386885957654604 -0.0288053714244831 0.0717716432593463 -0.227940804240827
26.0380870339372 16.5265741781264 14.7920555059858 -0.454413156297789 0.484799269738057 -0.747313995091253 0.109494201412283 -0.802172670491838 -0.586966637196134 -0.374963500469811 0.184259332597015 -0.287067788738343 -0.318298995301799 0.346629070201056 0.542091965446595
25.8567586376016 16.1965843932251 14.5064552405215 0.485767226594431 0.625173394503397 -0.610891422428038 0.162776470941893 -0.751365210290657 -0.639495134878908 -0.28785326144535 0.446779976775084 0.508368678764071 -0.0536511604855099 -0.352895053410306 0.42831947288633
25.6502831400612 15.996750994175 14.0729714316833 0.963221957386592 0.2686834819391 0.00353963432272386 0.219258523314881 -0.778283535080167 -0.588387875743674 -0.015335937451645 -0.335572557096521 0.142799544644807 -0.710263649322847 0.332990846593229 0.120657591379082
25.9044797626035 15.9273477291952 13.6491950653028 0.617344427318587 -0.400173022302791 0.677308860740316 0.136802163203244 -0.7932314132114 -0.593353965997643 -0.610798931436304 0.151806378770073 0.362865267973334 -0.228921294718976 -0.154295213757685 -0.229093417361237
26.5170864879134 16.2990191797739 13.282883919091 0.334111775608259 0.074519595443677 -0.939582908040412 0.35945803614889 0.911452489339821 0.20011031019818 0.642213866755856 0.17953838780668 0.369673815637496 -0.457719256825763 -0.422051084285604 0.558413545674985
26.9622728695449 16.4852834424973 13.3570518862314 -0.533647217156891 0.520042498758273 -0.666915509161536 0.44974174353626 0.842343942301245 0.296966059557622 0.22531290826957 0.547959360525443 0.0518453789604973 0.127075429294835 -0.144260128732546 -0.00629392665493441
27.2257322653168 16.6796862623187 13.1549109224895 -0.616368955457792 0.69160484304749 0.376526165155705 0.786968225739097 0.524153218773161 0.325490912465662 -0.366759638405744 0.293864164922967 -0.0575727035912516 -0.115111079064845 -0.389583402566719 0.319768693547549
27.4093957558189 17.0377088679915 13.075935141618 -0.239546791661869 0.0497040156047176 0.969611657651201 0.796236059622202 0.581507429150535 0.166904493648555 0.117960525562792 -0.406730122257261 0.100672551742264 0.129977008853174 0.458186183721524 -0.572785801190989
27.7527689328987 17.3569975427511 13.2016906714066 0.206678674706233 -0.707945755414511 0.675349229494124 0.922926373607408 0.370202654503575 0.105625684077025 -0.522269813697379 -0.159395765986446 -0.326397928652924 -0.012564882996684 0.307808421420439 -0.0332033359364308
27.8241832428573 17.5004087146824 12.1109119494449 -0.789454761992096 -0.0674927498201604 -0.610086744542635 -0.271424975730248 0.92986434408427 0.248355861813496 -0.16917886106572 0.429961217045069 -0.335362220039522 0.22757239201132 0.0960497733319244 -0.370164068936868
28.288470944452 18.0223157074267 11.5206539686377 0.659159133420569 0.679883288851057 -0.321353031926841 0.386941572174939 0.059777293349336 0.920164540635833 -0.231885951036264 -0.511346412854973 -0.0209285261811305 -0.692680632400308 0.201840614027861 0.576918174374693
28.7640433184459 17.929824185795 11.7708909235794 -0.204545212883698 0.977024618946183 -0.0598666517650578 0.457755038030062 0.14953512068495 0.876412856083661 -0.186115885157827 -0.0337590197744868 -0.372155640002921 0.138764958956235 -0.504867942274482 -0.0275449385514262
29.2653664457293 18.1574780860926 11.9215010204557 -0.796977574787394 0.355210599336985 0.488520278373108 0.587871112389562 0.27046192787462 0.762402652145501 -0.242911986847701 0.0207263236169483 0.37936793928368 0.178251680968867 0.448131113784128 0.563440811367408
30.4320647336297 17.3146596121111 11.5892823048094 0.749316429678954 -0.660005526173039 -0.0540133822460008 0.464673494802911 0.465929630117541 0.752986056072069 -0.358556139975474 -0.130895364411299 -0.0406659225770708 0.617858774100206 0.19474919064255 -0.135862747149922
30.5397304507263 17.3414243855762 12.0602569882672 0.82293405177408 0.0803877523175256 -0.562420916678533 0.450049914789462 0.511947391554891 0.731686290531705 0.5970360629823 0.00334857746193712 0.592548533030796 0.482833248075915 -0.287514251050646 0.407497736345596
30.9291825647971 17.3106834420766 12.2904386439463 0.115847840189335 0.87842432647773 -0.463626756832287 0.577035911913396 0.320402813151037 0.751246606332215 0.315228785536661 -0.0884325397267331 -0.341583981174361 -0.433614213009084 0.663282906869492 0.012872540490347
30.7996333957162 16.1705039776801 12.7420987474825 -0.461220812063924 -0.715410233758801 -0.524846125523604 0.692130524034872 -0.660205689571223 0.291691091532775 -0.0968906714610952 -0.117411135852485 -0.096675016993661 -0.341604419450847 -0.97318425750929 -0.171157779987685
30.7692474751782 15.7709762170242 13.0003994288737 0.237343787361704 -0.238114339854904 -0.941790530463791 0.743196116933787 -0.579808108496769 0.333889137301506 -0.374289468285407 -0.0841223817154432 0.264041771381607 0.0653892429138882 0.394604593528387 -0.434760529738441
31.0763897338453 15.0828294650786 13.9829078094114 0.255470041452174 -0.854653006357119 0.451999027780668 -0.683596008555497 0.170927433471365 0.709563390378954 -0.346139476931513 0.328707123914952 0.303165843574141 0.434355913908902 -0.42364550710263 0.265630065891721
29.9113452076242 15.3772012623847 14.0638164557643 -0.923472077801342 0.121021121670236 -0.36407849896534 -0.316690731772016 -0.776123503887467 0.545288134243419 0.668145039598484 -0.529840799999462 0.0951287407124304 0.0153329916190135 0.0241301995056784 -0.0838693526664964
30.7027363462092 14.7550174450942 13.9976786258189 0.850733922087095 0.383072639646222 -0.359870813451166 -0.095405350587219 0.785865125218513 0.610993971407742 0.191727337105938 -0.103570669119219 0.394083708264843 -0.446888733691102 0.541144034852459 -0.149843889923443
29.582790738325 14.7983260467024 14.8163176882442 -0.968607531528769 -0.233062178776987 0.086495165476687 -0.202132879674102 0.535825890219192 -0.819776077065072 -0.389169412941786 -0.0835572088393206 -0.0248635745874419 0.622030872754965 0.383222575664729 0.175926426639071
29.2454270252853 18.7039470967165 15.897893290238 -0.153643441197749 0.545662905143962 -0.823799503837091 -0.732898331477942 -0.62211329527232 -0.275381511443479 0.0951023298026488 -0.316184765452783 0.255060829346012 0.0522818936674964 -0.3353025837443 -0.215941029557095
28.8064881046236 18.551908261666 15.8530668795316 0.545809316770375 -0.0989275827361357 -0.832048942598058 -0.647807508902437 -0.679640070279328 -0.344143456548984 0.0844859708862065 -0.0793154921463474 0.706125034363519 -0.370428403825261 -0.399032227858574 -0.276478647965167
28.6097277131211 18.4711378794064 15.5422538001196 0.607851674334733 -0.789456100051412 0.0852948236960727 -0.780983534438126 -0.613796648002476 -0.115404597509542 0.253150855815494 0.112078533459103 -0.867711938220186 -0.0589062491845085 0.395239454713619 -0.113433791434776
28.241010415344 18.0281005213927 15.6196715510892 0.839024581423296 -0.344129885388234 0.421440751042316 -0.504346821054758 -0.782513524069794 0.365111999920466 -0.728473281443564 0.0131233569259768 -0.259992984710046 -0.0976193535284787 0.00228081313870304 0.128135378336141
27.9125720572145 17.4321096071767 15.5985305986748 0.856148771295989 -0.0448236990548931 0.514781505779711 -0.279782301495799 -0.877776276811048 0.388883602658062 -0.770346611187253 0.762533901138712 0.632402144090826 0.349369051895742 -0.0675494677610544 0.129021087197979
27.9233241988989 16.9055635584496 15.7236303087291 0.587155709993361 0.436665579569014 0.681594651684574 -0.158020039078943 -0.763990497463064 0.625578208283563 0.300831916879464 0.324534328815997 0.216576362836025 0.487409841976723 -0.839198853808223 0.135316764962075
28.577968375698 16.463183134109 16.2377113718713 0.570446858727533 -0.29868605837774 0.765099300060034 0.736265752386203 0.598810636345449 -0.315180086933006 -0.0962966299640916 -0.0986620473932162 -0.365310770529118 0.332087811070532 -0.307333266500644 0.283546188719181
28.8625950582863 16.8260038395507 16.4864710652575 0.731908440210267 -0.676278156871408 -0.083412874767685 0.651119821517042 0.730208802131593 -0.20697316989178 0.557570842231856 -0.254989334885024 0.450815548619727 -0.21207693745402 -0.607752364690495 -0.198812888008912
29.1912102882419 17.0324657408773 16.6075791431359 0.237127124551278 -0.414977231994337 -0.878387473535444 0.351684461661131 0.879517950013752 -0.320571535294555 -0.168366681188085 0.03709219166563 -0.200140753450811 0.0894048886067588 0.129605668468227 -0.110842588726128
29.4613902504767 17.3683004589579 16.3647508214363 -0.562715082336649 -0.384406439175718 -0.731835558761694 0.07123477743193 0.859459666705048 -0.506215838723978 0.0504337304804395 0.54437901946861 -0.0571579280311856 0.275520936561442 0.138196578297757 -0.230641405282408
30.2117107192049 18.1133279876172 16.0237250922536 0.95468915893267 0.297475534175604 0.00876432458674069 -0.293780709788496 0.946719364755006 -0.131966705817717 -0.187306465420428 0.116740442114567 -0.138789128837071 -0.122750397944274 -0.19624103391819 0.766589594655305
30.2177789767584 18.5503660915219 16.2912561908024 0.575516812818736 0.0811945826300323 -0.813749199964959 -0.154470541558019 0.987939679655271 -0.0106728650636546 -0.0206834649983836 -0.261514624008126 -0.488929439427754 -0.243130233301345 -0.209034909316645 -0.0292129929849426
30.1421674759808 19.5143174761134 16.379079045714 0.219826007296378 0.764847334466254 -0.605545117695043 -0.421455824117615 -0.485352904451556 -0.766033548829399 0.274033201128748 -0.654957112650431 -0.280932779858447 -0.0224951068844827 0.041409184700204 0.0361100078641449
29.7496195948466 19.4639195830191 16.1243119308731 0.802631421770345 0.156290443316032 -0.575635333664474 -0.37880453621736 -0.611904094014331 -0.694320113977421 -0.364961088260072 -0.443041022269165 0.206440083867304 -0.266148867946697 0.447923218354731 0.248148026916294
29.7104177351697 19.508960244373 15.7578444708233 0.527846936480102 -0.849207105239764 0.0149899075564793 -0.628475952177715 -0.402395548608744 -0.665654308822909 0.160434341832146 0.111176656329847 -0.118453109222175 -0.458097351942799 -0.00725494054870539 -0.335577956267124
29.7734201805933 19.3414247154435 15.3295932325729 -0.186355227353553 -0.88080866212551 0.435255922705796 -0.588083083128434 -0.254885067413759 -0.767588319359389 -0.033383030757412 -0.0554833338187442 0.15697946436111 0.19447492418154 0.158326411498709 0.10157309615215
29.7292186062066 19.0697861056517 15.0426601539305 -0.85199275852482 -0.0568285463190112 0.520460183476734 -0.521237557516105 0.185469587830805 -0.833014020749953 0.183531796964413 -0.0529346234872512 0.468984690538126 0.00373411598474753 -0.375446229706614 -0.308389700627427
30.8809244658096 19.0996979239247 14.1700823563334 0.353974470885982 -0.564424654436323 -0.745739045968313 0.901501404872814 -0.00636851915949962 0.432729167565772 0.0207735997381633 -0.39360072194236 -0.284691581721581 -0.36192567976671 -0.423676659196711 -0.140880767344272
31.2202585000759 19.0193512448822 14.4865674063625 0.24688170433715 -0.308591892497946 -0.918596974148733 0.957680480350449 -0.0670577195269707 0.279913025176647 -0.194254361392713 -0.604141535372398 -0.305127786110943 0.250976921769537 -0.112381273073654 0.139292783267327
31.4780903031737 18.6889003568544 14.5992800426131 0.401651311669162 0.360944296433664 -0.841662223188242 0.914285219383385 -0.210753387490147 0.34592690817204 -0.000606983163037034 -0.311093176457411 -0.406162703526603 -0.0189521191266461 0.119390161115807 0.265522605498857
31.9618142732688 18.5011917654506 14.7053243508589 0.0688834755154064 0.835773490782472 -0.544736300786341 0.985684708430435 0.0272090563716915 0.166388771106558 -0.105130728380695 -0.0798845255007 -0.0082167087327922 -0.19311317845081 0.582051557199166 0.399556762253782
32.5280305123771 18.4448053937264 14.7829825098727 -0.26970031768205 0.908156486386805 -0.320177157434528 0.882441160126277 0.366178743759322 0.29531452930773 -0.134353772777478 -0.257923913532606 -0.011168500844245 -0.31722130225619 0.0760702419429482 0.330240146843377
33.0164348784609 18.6290682560032 14.7614602996282 -0.667247990014363 0.655098409809311 0.35443760545937 0.74445755684705 0.571402471014859 0.345372258464009 -0.117932864862372 0.359679849431214 0.743295168380135 0.16580116139161 0.00234894684572811 0.251029908931828
33.3916217167625 18.6938955349778 13.7592977952303 -0.615136686189334 0.668115392062551 -0.418603146783904 0.0514354926620716 -0.495800732717839 -0.866911729555872 0.189653212116038 0.0899833770102179 0.492202295179272 -0.040292771615279 -0.165105931725788 0.301208540997152
33.1150143939198 18.3580729064007 13.5389542017306 0.075827362624616 0.752017109561279 -0.65476735206248 0.160321854200713 -0.657309385829114 -0.736370217457803 -0.139977409351809 0.0823508556298931 -0.154265158958759 -0.0067954043526954 -0.113898216448531 -0.0517681155772366
32.3235711608354 18.1048765940605 13.3841065513462 0.117038687262939 0.634757793819945 -0.76379598040007 0.519587011053483 0.616290264540837 0.591790058050014 -0.290095553792717 -0.488861247556409 0.115038243713748 -0.143354890110771 -0.290609594701554 -0.166595350029855
32.1283509731878 17.0621667766499 13.1238498714919 0.0995417784410526 -0.98879124153291 0.111279750272808 0.37122294053035 0.140664450852505 0.917827299843371 0.297887562269093 0.348735161086906 0.0297615476619872 -0.563433968274709 0.0089313238802369 -0.225926297166677
