t = 0
b =  30.0 30.0 30.0
E = 0. 0. 0.
11.837876187151528 16.68968270824746 18.04894058189529 0.8701930023428388 0.09792566927898087 -0.4828816645616397 0.4608756351003609 0.18479524105987388 0.8680117325546137 0.0 0.0 0.0 0.0 0.0 0.0
12.177988556187609 16.428826872105944 18.37292038265135 0.6027260596105583 0.6527292641314879 -0.45898344720991424 0.4608756351003609 0.18479524105987388 0.8680117325546137 0.0 0.0 0.0 0.0 0.0 0.0
12.65549234947672 16.316760692261358 18.59227489217398 0.1062734097898957 0.9595500984891145 -0.26070974446913103 0.4608756351003609 0.18479524105987388 0.8680117325546137 0.0 0.0 0.0 0.0 0.0 0.0
13.157221169871335 16.42342398755965 18.752200607241623 -0.43055428520660743 0.9018218076086069 0.03661194902995571 0.4608756351003609 0.18479524105987388 0.8680117325546137 0.0 0.0 0.0 0.0 0.0 0.0
13.560805127405692 16.73565759227819 18.92047201724264 -0.8038072087693505 0.5014763343610233 0.3200241509734173 0.4608756351003609 0.18479524105987388 0.8680117325546137 0.0 0.0 0.0 0.0 0.0 0.0
13.781161206409248 17.1622027431933 19.161692942527626 -0.8716803347807548 -0.08938838254751111 0.48185382744360417 0.4608756351003609 0.18479524105987388 0.8680117325546137 0.0 0.0 0.0 0.0 0.0 0.0
13.80281772567207 17.5683718094941 19.51275246293993 -0.6083875278909361 -0.6462929584321878 0.46061917870158786 0.4608756351003609 0.18479524105987388 0.8680117325546137 0.0 0.0 0.0 0.0 0.0 0.0
13.68579228880921 17.82721837558464 19.968810139630666 -0.11395812745831793 -0.957660033966441 0.2643876028288547 0.4608756351003609 0.18479524105987388 0.8680117325546137 0.0 0.0 0.0 0.0 0.0 0.0
13.54279009320653 17.867766306799716 20.485134978705208 0.42376587087400197 -0.9051960513749173 -0.03228924368355385 0.4608756351003609 0.18479524105987388 0.8680117325546137 0.0 0.0 0.0 0.0 0.0 0.0
13.496385341203393 17.70197476962184 20.9940994836661 0.8004941298737537 -0.5088329547951492 -0.31669886667321484 0.4608756351003609 0.18479524105987388 0.8680117325546137 0.0 0.0 0.0 0.0 0.0 0.0
13.63245325129256 17.420194744387967 21.430872472003887 0.873101285386329 0.08084428854462876 -0.48078929529103703 0.4608756351003609 0.18479524105987388 0.8680117325546137 0.0 0.0 0.0 0.0 0.0 0.0
13.967544626857713 17.156843177271604 21.75804952535203 0.6140026651055963 0.639807435021878 -0.46221983225944496 0.4608756351003609 0.18479524105987388 0.8680117325546137 0.0 0.0 0.0 0.0 0.0 0.0
14.442597929253306 17.039335735100053 21.97986355339286 0.12163416677412683 0.9556970399244491 -0.26804532704900597 0.4608756351003609 0.18479524105987388 0.8680117325546137 0.0 0.0 0.0 0.0 0.0 0.0
14.945377743792287 17.139679463250328 22.140576640698814 -0.4169451851296538 0.9085013609573064 0.02796407938623141 0.4608756351003609 0.18479524105987388 0.8680117325546137 0.0 0.0 0.0 0.0 0.0 0.0
15.353114890261764 17.447116105216857 22.30766414078075 -0.7971200902509286 0.5161508256297404 0.3133494645281646 0.4608756351003609 0.18479524105987388 0.8680117325546137 0.0 0.0 0.0 0.0 0.0 0.0
15.579148487077124 17.872209344126393 22.54617966116144 -0.8744557459486725 -0.07229403793617262 0.47968814917218083 0.4608756351003609 0.18479524105987388 0.8680117325546137 0.0 0.0 0.0 0.0 0.0 0.0
15.605849869088694 18.280823154813646 22.89404011023933 -0.6195710436401013 -0.6332731877982761 0.46378528598751745 0.4608756351003609 0.18479524105987388 0.8680117325546137 0.0 0.0 0.0 0.0 0.0 0.0
15.491320012207671 18.54508232241631 23.347620429851105 -0.12930094317721058 -0.9536612658527358 0.27168263857972164 0.4608756351003609 0.18479524105987388 0.8680117325546137 0.0 0.0 0.0 0.0 0.0 0.0
15.347316001260944 18.59195437446085 23.863130815475632 0.4100927473951886 -0.9117374846436529 -0.023636785515997516 0.4608756351003609 0.18479524105987388 0.8680117325546137 0.0 0.0 0.0 0.0 0.0 0.0
15.296792644986539 18.43099583819301 24.373253195098055 0.7936853468470545 -0.5234293895806008 -0.3099761996082099 0.4608756351003609 0.18479524105987388 0.8680117325546137 0.0 0.0 0.0 0.0 0.0 0.0
15.427189888499262 18.15072155610054 24.81271649026637 0.8757436133203685 0.06373828185682981 -0.4785504729435782 0.4608756351003609 0.18479524105987388 0.8680117325546137 0.0 0.0 0.0 0.0 0.0 0.0
15.757212916223677 17.88497641736286 25.14309419006959 0.6250922394408658 0.6266907143696065 -0.46531542067044546 0.4608756351003609 0.18479524105987388 0.8680117325546137 0.0 0.0 0.0 0.0 0.0 0.0
16.22972573959719 17.762085446684587 25.367403225089806 0.13695787281286192 0.9515528667833778 -0.2752992604256485 0.4608756351003609 0.18479524105987388 0.8680117325546137 0.0 0.0 0.0 0.0 0.0 0.0
16.733458114387783 17.85610098193024 25.528957785033693 -0.4032090795102711 0.914904175990608 0.019307691613031863 0.4608756351003609 0.18479524105987388 0.8680117325546137 0.0 0.0 0.0 0.0 0.0 0.0
17.14527896681702 18.15866895288045 25.69491353388829 -0.7901901612311406 0.5306680923569049 0.306579328800532 0.4608756351003609 0.18479524105987388 0.8680117325546137 0.0 0.0 0.0 0.0 0.0 0.0
17.376975947130248 18.582202732180914 25.9307540503895 -0.8769647894253313 -0.055177671860551 0.477376353243676 0.4608756351003609 0.18479524105987388 0.8680117325546137 0.0 0.0 0.0 0.0 0.0 0.0
17.40876877610024 18.993158759444597 26.275412521633275 -0.6305658320474542 -0.6200605160167061 0.46681011978254605 0.4608756351003609 0.18479524105987388 0.8680117325546137 0.0 0.0 0.0 0.0 0.0 0.0
2.8689381336321604 27.04262777483752 27.501240043425224 0.7119526819185505 0.46892861363923 -0.5227134339381121 0.13903651910165035 0.6354982387399942 0.759480634983185 0.0 0.0 0.0 0.0 0.0 0.0
3.24644330885367 27.127962378059046 27.873923488579905 0.17309617430343402 0.7395269548726575 -0.6504902746838646 0.13903651910165035 0.6354982387399942 0.759480634983185 0.0 0.0 0.0 0.0 0.0 0.0
3.663405762454126 27.38187217391304 28.098327655152694 -0.43152246394326027 0.729166641718633 -0.5311349844597963 0.13903651910165035 0.6354982387399942 0.759480634983185 0.0 0.0 0.0 0.0 0.0 0.0
3.982002656820842 27.801995528690064 28.201659585305688 -0.8721985034670549 0.44178373035956936 -0.20999263353606729 0.13903651910165035 0.6354982387399942 0.759480634983185 0.0 0.0 0.0 0.0 0.0 0.0
4.101781874878478 28.322823498703293 28.257123688036707 -0.9815117491423825 -0.01344020639317567 0.19092942975761845 0.13903651910165035 0.6354982387399942 0.759480634983185 0.0 0.0 0.0 0.0 0.0 0.0
3.997825458835797 28.840587773246305 28.35611016028858 -0.7179322713171814 -0.4635579840288857 0.5193142105165502 0.13903651910165035 0.6354982387399942 0.759480634983185 0.0 0.0 0.0 0.0 0.0 0.0
3.7302163589565933 29.252683990744057 28.573474323167943 -0.18159832043110954 -0.7375623332558338 0.6504028402296609 0.13903651910165035 0.6354982387399942 0.759480634983185 0.0 0.0 0.0 0.0 0.0 0.0
3.421211916221119 29.496652851168708 28.93909783394261 0.4237278685487468 -0.7313544206942834 0.5343925567839285 0.13903651910165035 0.6354982387399942 0.759480634983185 0.0 0.0 0.0 0.0 0.0 0.0
3.2087962544539477 29.573909448384 29.426536144850864 0.8680727559147643 -0.4472927361171307 0.21535760644889218 0.13903651910165035 0.6354982387399942 0.759480634983185 0.0 0.0 0.0 0.0 0.0 0.0
3.1942578047114956 29.549205652327306 29.96306522892538 0.9826222899062506 0.006702937246664907 -0.1854952991632471 0.13903651910165035 0.6354982387399942 0.759480634983185 0.0 0.0 0.0 0.0 0.0 0.0
3.4037081368714275 29.526029791026897 30.457310653719013 0.7238571873937631 0.4581520526833178 -0.5158754393072531 0.13903651910165035 0.6354982387399942 0.759480634983185 0.0 0.0 0.0 0.0 0.0 0.0
3.7781617376739662 29.607289704551427 30.833962255890516 0.19008663714359725 0.7355415434117419 -0.650265875081039 0.13903651910165035 0.6354982387399942 0.759480634983185 0.0 0.0 0.0 0.0 0.0 0.0
4.195945593394473 29.85621633604051 31.06238573137665 -0.4159010046365145 0.7334865041992422 -0.5376094330458788 0.13903651910165035 0.6354982387399942 0.759480634983185 0.0 0.0 0.0 0.0 0.0 0.0
4.518924802021742 30.272341239240994 31.16826111968407 -0.863880901261231 0.45276767880107077 -0.22070617904619733 0.13903651910165035 0.6354982387399942 0.759480634983185 0.0 0.0 0.0 0.0 0.0 0.0
4.644982332024463 30.791674549070542 31.223826527533383 -0.9836580001783661 3.484235446684584e-05 0.18004704238366817 0.13903651910165035 0.6354982387399942 0.759480634983185 0.0 0.0 0.0 0.0 0.0 0.0
4.546814989935681 31.311015801215884 31.32043366435924 -0.7297269789429985 -0.45271123128513235 0.5123973821859578 0.13903651910165035 0.6354982387399942 0.759480634983185 0.0 0.0 0.0 0.0 0.0 0.0
4.282306360035951 31.7271615139452 31.53384180057699 -0.19856047802271665 -0.7334647392313566 0.650079389668421 0.13903651910165035 0.6354982387399942 0.759480634983185 0.0 0.0 0.0 0.0 0.0 0.0
3.9725358629232295 31.97611391628823 31.895435554124433 0.40804246825255286 -0.7355627298670999 0.5407853682680612 0.13903651910165035 0.6354982387399942 0.759480634983185 0.0 0.0 0.0 0.0 0.0 0.0
3.755778659287751 32.05739477121354 32.38030134938442 0.8596232587324156 -0.4582081414733106 0.22603794401346727 0.13903651910165035 0.6354982387399942 0.759480634983185 0.0 0.0 0.0 0.0 0.0 0.0
3.7349726045284113 32.03422706587247 32.91669250109457 0.9846188010853809 -0.006772619302220104 -0.17458507432473339 0.13903651910165035 0.6354982387399942 0.759480634983185 0.0 0.0 0.0 0.0 0.0 0.0
3.9386104364575587 32.009515541748364 33.41328697961907 0.735541198957534 0.44723593417393986 -0.508880304020184 0.13903651910165035 0.6354982387399942 0.759480634983185 0.0 0.0 0.0 0.0 0.0 0.0
4.309914907832913 32.0867514628915 33.79388217683023 0.20701919775267608 0.7313320788713524 -0.6498433981933973 0.13903651910165035 0.6354982387399942 0.759480634983185 0.0 0.0 0.0 0.0 0.0 0.0
4.728409411849858 32.33069455442476 34.026345550975854 -0.40015285785483323 0.7375829395852291 -0.5439201205907166 0.13903651910165035 0.6354982387399942 0.759480634983185 0.0 0.0 0.0 0.0 0.0 0.0
5.055689059327967 32.74276970024455 34.13482231651835 -0.8553001525642812 0.46361370982155026 -0.23135249531616142 0.13903651910165035 0.6354982387399942 0.759480634983185 0.0 0.0 0.0 0.0 0.0 0.0
5.188003010116989 33.260525605805796 34.190562273474015 -0.9855046194585866 0.013509880488790389 0.16910981093645283 0.13903651910165035 0.6354982387399942 0.759480634983185 0.0 0.0 0.0 0.0 0.0 0.0
5.09567115189148 33.78136108904955 34.28485081715369 -0.7412994046620057 -0.4417265783148176 0.5053244726490465 0.13903651910165035 0.6354982387399942 0.759480634983185 0.0 0.0 0.0 0.0 0.0 0.0
4.8343600710482475 34.20150498486749 34.49432809027377 -0.21546215216921957 -0.729143724742077 0.6495579186276277 0.13903651910165035 0.6354982387399942 0.759480634983185 0.0 0.0 0.0 0.0 0.0 0.0
