        0.0000  -1.017812   0.307722  -0.710090 
        0.5000  -0.870368   1.734279   0.863911 
        1.0000  -0.689700   4.488195   3.798495 
        1.5000  -0.572544   4.992281   4.419737 
        2.0000  -0.309762   3.298485   2.988723 
        2.5000  -0.174214   2.182076   2.007862 
        3.0000  -0.101704   3.133326   3.031622 
        3.5000  -0.051250   4.286704   4.235454 
        4.0000  -0.024466   3.717118   3.692653 
        4.5000  -0.006753   2.167406   2.160653 
        5.0000   0.001999   1.906956   1.908956 
        5.5000   0.033816   3.195198   3.229014 
        6.0000   0.048926   3.807406   3.856332 
        6.5000   0.106240   2.810276   2.916516 
        7.0000   0.119086   1.604322   1.723408 
        7.5000   0.119226   2.027040   2.146265 
        8.0000   0.178530   3.142449   3.320980 
        8.5000   0.201810   3.191939   3.393749 
        9.0000   0.215562   1.995854   2.211416 
        9.5000   0.254390   1.294979   1.549368 
       10.0000   0.250145   2.151760   2.401904 
       10.5000   0.257157   2.947475   3.204632 
       11.0000   0.267386   2.539276   2.806662 
       11.5000   0.284552   1.376545   1.661098 
       12.0000   0.302695   1.262274   1.564969 
       12.5000   0.301297   2.267400   2.568697 
       13.0000   0.323656   2.637589   2.961245 
       13.5000   0.358694   1.892456   2.251149 
       14.0000   0.346900   1.038214   1.385114 
       14.5000   0.319995   1.387922   1.707917 
       15.0000   0.315202   2.304557   2.619759 
       15.5000   0.276125   2.385394   2.661520 
       16.0000   0.304603   1.515202   1.819805 
       16.5000   0.303705   0.985488   1.289193 
       17.0000   0.317147   1.590763   1.907910 
       17.5000   0.327920   2.240300   2.568220 
       18.0000   0.320347   2.001638   2.321985 
       18.5000   0.299299   1.161463   1.460762 
       19.0000   0.290931   0.987220   1.278151 
       19.5000   0.269984   1.745922   2.015906 
       20.0000   0.293564   2.101579   2.395143 
       20.5000   0.345090   1.629968   1.975058 
       21.0000   0.280081   0.950226   1.230307 
       21.5000   0.333681   1.047546   1.381227 
       22.0000   0.310756   1.791003   2.101759 
       22.5000   0.304303   1.931822   2.236125 
       23.0000   0.303523   1.343485   1.647008 
       23.5000   0.261876   0.857918   1.119794 
       24.0000   0.285788   1.174481   1.460269 
       24.5000   0.277673   1.784872   2.062545 
       25.0000   0.253819   1.761908   2.015727 
       25.5000   0.303372   1.073402   1.376773 
       26.0000   0.240239   0.826365   1.066604 
       26.5000   0.263977   1.300180   1.564157 
       27.0000   0.270140   1.732669   2.002810 
       27.5000   0.243824   1.558387   1.802211 
       28.0000   0.241206   0.921253   1.162459 
       28.5000   0.264336   0.828208   1.092544 
       29.0000   0.252548   1.364879   1.617427 
       29.5000   0.216776   1.612158   1.828934 
       30.0000   0.234799   1.279210   1.514010 
       30.5000   0.245438   0.766545   1.011984 
       31.0000   0.248036   0.849610   1.097647 
       31.5000   0.212567   1.387112   1.599679 
       32.0000   0.199906   1.500230   1.700135 
       32.5000   0.200636   1.142547   1.343183 
       33.0000   0.214286   0.724740   0.939026 
       33.5000   0.157819   1.009173   1.166992 
       34.0000   0.182331   1.350535   1.532867 
       34.5000   0.212920   1.390521   1.603441 
       35.0000   0.225871   1.078895   1.304766 
       35.5000   0.229056   0.778195   1.007251 
       36.0000   0.194644   0.968214   1.162858 
       36.5000   0.209460   1.266720   1.476180 
       37.0000   0.271099   1.198876   1.469975 
       37.5000   0.222952   0.954871   1.177823 
       38.0000   0.224983   0.757880   0.982863 
       38.5000   0.187350   0.966673   1.154023 
       39.0000   0.210091   1.167829   1.377920 
       39.5000   0.173405   1.167236   1.340641 
       40.0000   0.185970   0.874158   1.060128 
       40.5000   0.263297   0.765478   1.028776 
       41.0000   0.271663   0.875075   1.146738 
       41.5000   0.282575   1.001210   1.283785 
       42.0000   0.308032   0.953465   1.261498 
       42.5000   0.306585   0.866799   1.173385 
       43.0000   0.304636   0.725520   1.030157 
       43.5000   0.292393   0.757199   1.049592 
       44.0000   0.245019   0.903312   1.148331 
       44.5000   0.258269   0.890541   1.148809 
       45.0000   0.247500   0.826329   1.073830 
       45.5000   0.253633   0.690517   0.944149 
       46.0000   0.218976   0.746360   0.965336 
       46.5000   0.224739   0.852719   1.077459 
       47.0000   0.262818   0.831396   1.094214 
       47.5000   0.305647   0.758580   1.064227 
       48.0000   0.354001   0.652925   1.006926 
       48.5000   0.349023   0.657367   1.006390 
       49.0000   0.402675   0.641480   1.044155 
       49.5000   0.399697   0.643711   1.043408 
       50.0000   0.417236   0.597262   1.014498 
       50.5000   0.418579   0.582024   1.000603 
       51.0000   0.401579   0.603230   1.004808 
       51.5000   0.402516   0.611257   1.013773 
       52.0000   0.441418   0.561951   1.003369 
       52.5000   0.441208   0.551311   0.992519 
       53.0000   0.458614   0.512310   0.970923 
       53.5000   0.428329   0.535727   0.964056 
       54.0000   0.443573   0.544971   0.988544 
       54.5000   0.468697   0.533237   1.001933 
       55.0000   0.473580   0.521782   0.995361 
       55.5000   0.425295   0.566424   0.991719 
       56.0000   0.447664   0.529796   0.977461 
       56.5000   0.469936   0.495973   0.965909 
       57.0000   0.460291   0.520658   0.980949 
       57.5000   0.477263   0.511115   0.988377 
       58.0000   0.414948   0.562232   0.977180 
       58.5000   0.475048   0.489299   0.964347 
       59.0000   0.496500   0.457997   0.954497 
       59.5000   0.480776   0.468279   0.949054 
       60.0000   0.489297   0.472217   0.961514 
       60.5000   0.462118   0.497694   0.959813 
       61.0000   0.474966   0.497396   0.972362 
       61.5000   0.455481   0.499490   0.954971 
       62.0000   0.448692   0.479118   0.927810 
       62.5000   0.486107   0.427981   0.914088 
       63.0000   0.409942   0.514042   0.923984 
       63.5000   0.446757   0.475623   0.922380 
       64.0000   0.430847   0.492305   0.923153 
       64.5000   0.412739   0.501765   0.914504 
       65.0000   0.452046   0.449444   0.901490 
       65.5000   0.436945   0.456341   0.893286 
       66.0000   0.448528   0.441737   0.890265 
       66.5000   0.417270   0.460687   0.877958 
       67.0000   0.402944   0.468022   0.870966 
       67.5000   0.344718   0.521628   0.866345 
       68.0000   0.355611   0.500777   0.856388 
       68.5000   0.366597   0.477608   0.844205 
       69.0000   0.337914   0.508310   0.846224 
       69.5000   0.329521   0.501029   0.830550 
       70.0000   0.311307   0.516022   0.827329 
       70.5000   0.278610   0.537968   0.816578 
       71.0000   0.301963   0.497804   0.799767 
       71.5000   0.296035   0.498874   0.794909 
       72.0000   0.296910   0.513475   0.810385 
       72.5000   0.280490   0.544700   0.825190 
       73.0000   0.266816   0.561823   0.828639 
       73.5000   0.312482   0.503166   0.815648 
       74.0000   0.204970   0.587554   0.792525 
       74.5000   0.232676   0.547186   0.779862 
       75.0000   0.202598   0.567148   0.769746 
       75.5000   0.204702   0.558835   0.763536 
       76.0000   0.213630   0.533428   0.747058 
       76.5000   0.178493   0.548013   0.726506 
       77.0000   0.229309   0.482222   0.711531 
       77.5000   0.232435   0.484487   0.716922 
       78.0000   0.207935   0.501045   0.708980 
       78.5000   0.205760   0.501431   0.707191 
       79.0000   0.204712   0.495710   0.700422 
       79.5000   0.205587   0.492302   0.697889 
       80.0000   0.225199   0.464105   0.689304 
       80.5000   0.193079   0.488479   0.681558 
       81.0000   0.182610   0.496121   0.678731 
       81.5000   0.188019   0.493506   0.681524 
       82.0000   0.162244   0.497198   0.659442 
       82.5000   0.124042   0.522628   0.646670 
       83.0000   0.137692   0.520722   0.658413 
       83.5000   0.164201   0.478193   0.642395 
       84.0000   0.149452   0.490087   0.639539 
       84.5000   0.157588   0.474573   0.632161 
       85.0000   0.177367   0.443077   0.620445 
       85.5000   0.153062   0.467603   0.620665 
       86.0000   0.127545   0.480848   0.608393 
       86.5000   0.100956   0.516513   0.617469 
       87.0000   0.125926   0.492579   0.618505 
       87.5000   0.123168   0.490257   0.613425 
       88.0000   0.122067   0.495548   0.617615 
       88.5000   0.106051   0.499040   0.605091 
       89.0000   0.125842   0.471771   0.597613 
       89.5000   0.112880   0.493075   0.605955 
       90.0000   0.116811   0.474953   0.591764 
       90.5000   0.115773   0.461888   0.577661 
       91.0000   0.069668   0.498140   0.567807 
       91.5000   0.085312   0.480424   0.565736 
       92.0000   0.092334   0.476716   0.569050 
       92.5000   0.121165   0.451751   0.572916 
       93.0000   0.119592   0.446341   0.565933 
       93.5000   0.107878   0.448638   0.556517 
       94.0000   0.099471   0.455661   0.555132 
       94.5000   0.112537   0.450153   0.562690 
       95.0000   0.112014   0.445607   0.557621 
       95.5000   0.103077   0.447252   0.550329 
       96.0000   0.073799   0.466864   0.540663 
       96.5000   0.092341   0.436080   0.528421 
       97.0000   0.087538   0.443518   0.531056 
       97.5000   0.099509   0.424425   0.523934 
       98.0000   0.085515   0.429946   0.515461 
       98.5000   0.095306   0.423790   0.519096 
       99.0000   0.055800   0.458302   0.514103 
       99.5000   0.069445   0.435344   0.504788 
      100.0000   0.087315   0.405558   0.492872 
      100.5000   0.090283   0.400884   0.491166 
      101.0000   0.048932   0.427683   0.476616 
      101.5000   0.081090   0.393129   0.474218 
      102.0000   0.061475   0.402349   0.463824 
      102.5000   0.106611   0.358515   0.465125 
      103.0000   0.089085   0.380618   0.469703 
      103.5000   0.069827   0.405794   0.475621 
      104.0000   0.030968   0.445011   0.475979 
      104.5000   0.056763   0.412535   0.469298 
      105.0000   0.027622   0.431872   0.459494 
      105.5000  -0.024250   0.481643   0.457393 
      106.0000   0.042310   0.410568   0.452878 
      106.5000   0.008129   0.444866   0.452995 
      107.0000   0.011655   0.437113   0.448768 
      107.5000   0.018811   0.416513   0.435324 
      108.0000   0.037217   0.396247   0.433464 
      108.5000   0.015323   0.415169   0.430492 
      109.0000   0.041081   0.381081   0.422162 
      109.5000   0.030272   0.396919   0.427190 
      110.0000  -0.002130   0.421879   0.419749 
      110.5000  -0.025446   0.434039   0.408593 
      111.0000  -0.021777   0.421429   0.399652 
      111.5000  -0.048141   0.444029   0.395888 
      112.0000  -0.000471   0.397402   0.396931 
      112.5000  -0.038139   0.430756   0.392617 
      113.0000  -0.020821   0.405561   0.384740 
      113.5000  -0.006523   0.384399   0.377876 
      114.0000   0.010131   0.357725   0.367856 
      114.5000  -0.007364   0.374957   0.367593 
      115.0000   0.017957   0.345766   0.363722 
      115.5000   0.038449   0.320520   0.358969 
      116.0000   0.012400   0.348241   0.360641 
      116.5000   0.002637   0.361136   0.363773 
      117.0000   0.019912   0.343374   0.363286 
      117.5000   0.005347   0.360033   0.365381 
      118.0000  -0.030593   0.387291   0.356698 
      118.5000  -0.029926   0.395756   0.365830 
      119.0000  -0.009276   0.386452   0.377176 
      119.5000  -0.010541   0.390393   0.379852 
      120.0000  -0.019225   0.397795   0.378570 
      120.5000  -0.010980   0.387088   0.376109 
      121.0000  -0.009096   0.378128   0.369032 
      121.5000   0.005909   0.353483   0.359392 
      122.0000  -0.025407   0.382116   0.356709 
      122.5000  -0.036621   0.389725   0.353104 
      123.0000  -0.007737   0.367306   0.359569 
      123.5000  -0.028357   0.382254   0.353897 
      124.0000  -0.030623   0.374412   0.343789 
      124.5000   0.006908   0.338127   0.345035 
      125.0000  -0.035288   0.380112   0.344824 
      125.5000  -0.017102   0.355297   0.338195 
      126.0000  -0.029114   0.362824   0.333710 
      126.5000  -0.040452   0.374789   0.334337 
      127.0000  -0.073212   0.399040   0.325828 
      127.5000  -0.029055   0.354592   0.325537 
      128.0000  -0.050567   0.383416   0.332849 
      128.5000  -0.046280   0.366008   0.319729 
      129.0000  -0.030140   0.353918   0.323778 
      129.5000  -0.037156   0.366302   0.329146 
      130.0000  -0.050258   0.379289   0.329031 
      130.5000  -0.019499   0.346590   0.327091 
      131.0000  -0.041467   0.374300   0.332833 
      131.5000  -0.033498   0.366543   0.333045 
      132.0000  -0.035852   0.366159   0.330307 
      132.5000  -0.056554   0.377288   0.320734 
      133.0000  -0.038740   0.356851   0.318112 
      133.5000  -0.042495   0.359591   0.317097 
      134.0000  -0.028084   0.342067   0.313982 
      134.5000  -0.050947   0.372730   0.321782 
      135.0000  -0.074128   0.386366   0.312238 
      135.5000  -0.057232   0.367876   0.310644 
      136.0000  -0.042496   0.344226   0.301730 
      136.5000  -0.072418   0.371753   0.299335 
      137.0000  -0.043937   0.348969   0.305032 
      137.5000  -0.066435   0.369370   0.302935 
      138.0000  -0.036290   0.345882   0.309592 
      138.5000  -0.040680   0.336570   0.295890 
      139.0000  -0.053370   0.342982   0.289612 
      139.5000  -0.045281   0.340719   0.295438 
      140.0000  -0.051304   0.346757   0.295452 
      140.5000  -0.035931   0.337833   0.301902 
      141.0000  -0.036417   0.334980   0.298563 
      141.5000  -0.031441   0.336488   0.305047 
      142.0000  -0.060326   0.375927   0.315601 
      142.5000  -0.021337   0.332423   0.311086 
      143.0000  -0.032829   0.345347   0.312518 
      143.5000  -0.037057   0.350754   0.313698 
      144.0000   0.000056   0.310010   0.310066 
      144.5000   0.001217   0.316025   0.317242 
      145.0000   0.008393   0.311356   0.319749 
      145.5000  -0.012774   0.337516   0.324742 
      146.0000  -0.006654   0.331061   0.324407 
      146.5000  -0.026011   0.335232   0.309221 
      147.0000  -0.040395   0.350124   0.309728 
      147.5000  -0.043050   0.347126   0.304076 
      148.0000  -0.063252   0.351108   0.287856 
      148.5000  -0.027674   0.322429   0.294755 
      149.0000  -0.049069   0.340638   0.291569 
      149.5000  -0.050679   0.340345   0.289666 
      150.0000  -0.065353   0.356261   0.290908 
      150.5000  -0.027954   0.307607   0.279653 
      151.0000  -0.046147   0.325774   0.279627 
      151.5000  -0.029515   0.313602   0.284087 
      152.0000  -0.016399   0.299147   0.282749 
      152.5000  -0.053725   0.333521   0.279796 
      153.0000  -0.065951   0.338268   0.272316 
      153.5000  -0.061857   0.333061   0.271204 
      154.0000  -0.062090   0.331969   0.269879 
      154.5000  -0.072325   0.343956   0.271630 
      155.0000  -0.062359   0.343707   0.281348 
      155.5000  -0.051349   0.331426   0.280077 
      156.0000  -0.061081   0.336778   0.275697 
      156.5000  -0.094049   0.375664   0.281615 
      157.0000  -0.083511   0.365694   0.282183 
      157.5000  -0.072370   0.349578   0.277208 
      158.0000  -0.092253   0.375942   0.283689 
      158.5000  -0.091912   0.372789   0.280877 
      159.0000  -0.081088   0.362143   0.281055 
      159.5000  -0.101284   0.369642   0.268358 
      160.0000  -0.080274   0.352227   0.271952 
      160.5000  -0.095074   0.371335   0.276261 
      161.0000  -0.099361   0.390980   0.291620 
      161.5000  -0.110671   0.406453   0.295782 
      162.0000  -0.098502   0.385154   0.286651 
      162.5000  -0.053378   0.341815   0.288437 
      163.0000  -0.090128   0.369828   0.279700 
      163.5000  -0.060812   0.335907   0.275094 
      164.0000  -0.069607   0.335497   0.265890 
      164.5000  -0.091360   0.357647   0.266288 
      165.0000  -0.103827   0.375473   0.271646 
      165.5000  -0.085093   0.359221   0.274127 
      166.0000  -0.062051   0.340614   0.278563 
      166.5000  -0.079214   0.365647   0.286433 
      167.0000  -0.073997   0.355426   0.281429 
      167.5000  -0.093844   0.361854   0.268010 
      168.0000  -0.078055   0.352613   0.274558 
      168.5000  -0.085230   0.358478   0.273249 
      169.0000  -0.099742   0.366383   0.266641 
      169.5000  -0.047304   0.316840   0.269536 
      170.0000  -0.053009   0.334928   0.281919 
      170.5000  -0.063829   0.339434   0.275605 
      171.0000  -0.057752   0.344254   0.286501 
      171.5000  -0.049702   0.338801   0.289099 
      172.0000  -0.086859   0.368379   0.281520 
      172.5000  -0.084510   0.359529   0.275019 
      173.0000  -0.068258   0.352503   0.284246 
      173.5000  -0.064288   0.355004   0.290715 
      174.0000  -0.075174   0.371300   0.296126 
      174.5000  -0.063198   0.353574   0.290377 
      175.0000  -0.089024   0.393452   0.304428 
      175.5000  -0.083680   0.380012   0.296332 
      176.0000  -0.058666   0.355992   0.297326 
      176.5000  -0.076570   0.373571   0.297001 
      177.0000  -0.053393   0.354969   0.301575 
      177.5000  -0.074833   0.368170   0.293337 
      178.0000  -0.107159   0.401630   0.294471 
      178.5000  -0.093124   0.386049   0.292925 
      179.0000  -0.088700   0.362705   0.274005 
      179.5000  -0.105884   0.378810   0.272926 
      180.0000  -0.061609   0.322800   0.261191 
      180.5000  -0.094123   0.344310   0.250187 
      181.0000  -0.109686   0.354378   0.244692 
      181.5000  -0.091997   0.342892   0.250896 
      182.0000  -0.086080   0.321892   0.235813 
      182.5000  -0.134133   0.357082   0.222949 
      183.0000  -0.142549   0.368922   0.226373 
      183.5000  -0.144536   0.374307   0.229771 
      184.0000  -0.136152   0.362318   0.226166 
      184.5000  -0.120274   0.360095   0.239822 
      185.0000  -0.128283   0.365865   0.237582 
      185.5000  -0.135866   0.369035   0.233169 
      186.0000  -0.129618   0.359615   0.229998 
      186.5000  -0.143473   0.374829   0.231356 
      187.0000  -0.117972   0.347785   0.229813 
      187.5000  -0.145977   0.372425   0.226448 
      188.0000  -0.149383   0.382008   0.232625 
      188.5000  -0.160229   0.370061   0.209832 
      189.0000  -0.192794   0.390752   0.197959 
      189.5000  -0.179597   0.379974   0.200376 
      190.0000  -0.162125   0.374622   0.212497 
      190.5000  -0.173265   0.390701   0.217436 
      191.0000  -0.179024   0.401398   0.222374 
      191.5000  -0.178464   0.411169   0.232705 
      192.0000  -0.187844   0.412153   0.224309 
      192.5000  -0.170054   0.396024   0.225969 
      193.0000  -0.162547   0.390971   0.228424 
      193.5000  -0.155669   0.372376   0.216707 
      194.0000  -0.182081   0.392501   0.210419 
      194.5000  -0.187320   0.396120   0.208800 
      195.0000  -0.187095   0.391144   0.204049 
      195.5000  -0.154973   0.363081   0.208108 
      196.0000  -0.160169   0.359234   0.199064 
      196.5000  -0.145765   0.339880   0.194115 
      197.0000  -0.193248   0.387100   0.193853 
      197.5000  -0.170292   0.361523   0.191231 
      198.0000  -0.184226   0.385675   0.201449 
      198.5000  -0.150740   0.353172   0.202432 
      199.0000  -0.170131   0.375084   0.204953 
      199.5000  -0.133522   0.337932   0.204409 
      200.0000  -0.144109   0.342568   0.198459 
      200.5000  -0.177905   0.373012   0.195106 
      201.0000  -0.145195   0.332896   0.187701 
      201.5000  -0.160621   0.352580   0.191959 
      202.0000  -0.165086   0.347657   0.182571 
      202.5000  -0.168160   0.340659   0.172500 
      203.0000  -0.170422   0.345426   0.175005 
      203.5000  -0.153466   0.330332   0.176867 
      204.0000  -0.184455   0.363429   0.178974 
      204.5000  -0.190789   0.366280   0.175491 
      205.0000  -0.177955   0.364073   0.186118 
      205.5000  -0.183188   0.365426   0.182238 
      206.0000  -0.177161   0.349662   0.172500 
      206.5000  -0.170406   0.351569   0.181163 
      207.0000  -0.175954   0.363535   0.187582 
      207.5000  -0.180738   0.348069   0.167331 
      208.0000  -0.183764   0.344428   0.160664 
      208.5000  -0.161787   0.328052   0.166265 
      209.0000  -0.179475   0.353794   0.174319 
      209.5000  -0.181240   0.366073   0.184833 
      210.0000  -0.163956   0.349551   0.185595 
      210.5000  -0.158102   0.347143   0.189041 
      211.0000  -0.163452   0.352405   0.188953 
      211.5000  -0.189617   0.376218   0.186601 
      212.0000  -0.113639   0.309580   0.195941 
      212.5000  -0.167159   0.367051   0.199892 
      213.0000  -0.157232   0.355697   0.198464 
      213.5000  -0.164500   0.360401   0.195902 
      214.0000  -0.179242   0.372224   0.192982 
      214.5000  -0.179536   0.382114   0.202578 
      215.0000  -0.159554   0.352793   0.193238 
      215.5000  -0.169596   0.364807   0.195210 
      216.0000  -0.165403   0.359758   0.194354 
      216.5000  -0.135498   0.332997   0.197499 
      217.0000  -0.167926   0.351498   0.183571 
      217.5000  -0.168244   0.357637   0.189393 
      218.0000  -0.181351   0.375388   0.194037 
      218.5000  -0.187515   0.381803   0.194288 
      219.0000  -0.173047   0.376183   0.203136 
      219.5000  -0.177354   0.367137   0.189783 
      220.0000  -0.184955   0.371642   0.186687 
      220.5000  -0.235386   0.420630   0.185243 
      221.0000  -0.216376   0.392269   0.175893 
      221.5000  -0.216460   0.386120   0.169661 
      222.0000  -0.225698   0.392673   0.166975 
      222.5000  -0.206502   0.379268   0.172766 
      223.0000  -0.222724   0.398251   0.175527 
      223.5000  -0.249823   0.410958   0.161134 
      224.0000  -0.211544   0.371885   0.160341 
      224.5000  -0.244015   0.411983   0.167969 
      225.0000  -0.260152   0.417084   0.156932 
      225.5000  -0.221109   0.374062   0.152953 
      226.0000  -0.213014   0.362908   0.149893 
      226.5000  -0.230482   0.383762   0.153280 
      227.0000  -0.234140   0.372608   0.138469 
      227.5000  -0.222804   0.373141   0.150337 
      228.0000  -0.247818   0.394489   0.146671 
      228.5000  -0.246609   0.379442   0.132833 
      229.0000  -0.218681   0.355425   0.136744 
      229.5000  -0.210230   0.355752   0.145522 
      230.0000  -0.264860   0.414142   0.149282 
      230.5000  -0.241551   0.399295   0.157743 
      231.0000  -0.239015   0.389888   0.150873 
      231.5000  -0.221349   0.363795   0.142446 
      232.0000  -0.244416   0.383061   0.138646 
      232.5000  -0.241912   0.379252   0.137340 
      233.0000  -0.244596   0.372949   0.128353 
      233.5000  -0.238847   0.354472   0.115625 
      234.0000  -0.244092   0.369698   0.125606 
      234.5000  -0.231759   0.361771   0.130012 
      235.0000  -0.249214   0.383110   0.133896 
      235.5000  -0.234149   0.362907   0.128759 
      236.0000  -0.248643   0.376187   0.127544 
      236.5000  -0.225306   0.356102   0.130796 
      237.0000  -0.204201   0.327350   0.123150 
      237.5000  -0.209605   0.336100   0.126495 
      238.0000  -0.229124   0.354831   0.125707 
      238.5000  -0.200416   0.330466   0.130050 
      239.0000  -0.214232   0.345166   0.130935 
      239.5000  -0.224793   0.354832   0.130040 
      240.0000  -0.242841   0.362857   0.120016 
      240.5000  -0.212223   0.326085   0.113862 
      241.0000  -0.177727   0.283975   0.106248 
      241.5000  -0.231840   0.351287   0.119447 
      242.0000  -0.212415   0.326128   0.113713 
      242.5000  -0.198321   0.313403   0.115082 
      243.0000  -0.219932   0.332904   0.112972 
      243.5000  -0.202043   0.306137   0.104093 
      244.0000  -0.217780   0.324919   0.107139 
      244.5000  -0.257320   0.364788   0.107468 
      245.0000  -0.231175   0.332283   0.101109 
      245.5000  -0.224740   0.332613   0.107873 
      246.0000  -0.268834   0.375699   0.106865 
      246.5000  -0.255205   0.351042   0.095837 
      247.0000  -0.237224   0.333803   0.096579 
      247.5000  -0.272978   0.367533   0.094555 
      248.0000  -0.267309   0.349327   0.082018 
      248.5000  -0.239590   0.322312   0.082723 
      249.0000  -0.247983   0.332711   0.084728 
      249.5000  -0.249375   0.323355   0.073980 
      250.0000  -0.258678   0.331964   0.073286 
      250.5000  -0.233530   0.308598   0.075068 
      251.0000  -0.273531   0.340677   0.067146 
      251.5000  -0.262288   0.320956   0.058668 
      252.0000  -0.252870   0.310116   0.057246 
      252.5000  -0.270878   0.322881   0.052003 
      253.0000  -0.270517   0.324122   0.053605 
      253.5000  -0.261442   0.308252   0.046810 
      254.0000  -0.245396   0.291661   0.046265 
      254.5000  -0.277966   0.322777   0.044812 
      255.0000  -0.266421   0.316005   0.049584 
      255.5000  -0.270524   0.322929   0.052406 
      256.0000  -0.286606   0.342788   0.056182 
      256.5000  -0.266008   0.330921   0.064913 
      257.0000  -0.277054   0.334435   0.057381 
      257.5000  -0.269300   0.319805   0.050504 
      258.0000  -0.273410   0.323841   0.050431 
      258.5000  -0.259858   0.302119   0.042261 
      259.0000  -0.298130   0.340883   0.042752 
      259.5000  -0.288436   0.328205   0.039769 
      260.0000  -0.271605   0.307622   0.036017 
      260.5000  -0.283781   0.303946   0.020165 
      261.0000  -0.273642   0.290619   0.016977 
      261.5000  -0.274197   0.286343   0.012146 
      262.0000  -0.228514   0.234719   0.006205 
      262.5000  -0.270614   0.276747   0.006133 
      263.0000  -0.270564   0.274768   0.004204 
      263.5000  -0.269140   0.269630   0.000490 
      264.0000  -0.277648   0.286630   0.008982 
      264.5000  -0.278725   0.292921   0.014196 
      265.0000  -0.261584   0.276964   0.015380 
      265.5000  -0.301570   0.313140   0.011570 
      266.0000  -0.276731   0.296893   0.020162 
      266.5000  -0.312066   0.342457   0.030391 
      267.0000  -0.275369   0.303694   0.028325 
      267.5000  -0.277130   0.306749   0.029619 
      268.0000  -0.259005   0.284189   0.025184 
      268.5000  -0.270854   0.289963   0.019109 
      269.0000  -0.267626   0.291534   0.023909 
      269.5000  -0.282965   0.314797   0.031832 
      270.0000  -0.270509   0.308437   0.037928 
      270.5000  -0.281996   0.322453   0.040457 
      271.0000  -0.256643   0.308928   0.052285 
      271.5000  -0.259237   0.313154   0.053917 
      272.0000  -0.272444   0.314635   0.042191 
      272.5000  -0.244115   0.286745   0.042629 
      273.0000  -0.280571   0.327741   0.047169 
      273.5000  -0.254642   0.302788   0.048145 
      274.0000  -0.258603   0.313587   0.054984 
      274.5000  -0.245241   0.293030   0.047789 
      275.0000  -0.247729   0.297881   0.050152 
      275.5000  -0.282497   0.319243   0.036746 
      276.0000  -0.260927   0.292828   0.031901 
      276.5000  -0.278379   0.302940   0.024561 
      277.0000  -0.281657   0.303038   0.021381 
      277.5000  -0.276686   0.299146   0.022460 
      278.0000  -0.269817   0.307876   0.038059 
      278.5000  -0.260418   0.303306   0.042888 
      279.0000  -0.258464   0.300301   0.041837 
      279.5000  -0.293593   0.333184   0.039591 
      280.0000  -0.291882   0.328489   0.036608 
      280.5000  -0.299042   0.343153   0.044111 
      281.0000  -0.316059   0.357264   0.041206 
      281.5000  -0.311107   0.358578   0.047471 
      282.0000  -0.277773   0.329660   0.051887 
      282.5000  -0.306457   0.354466   0.048010 
      283.0000  -0.261580   0.305291   0.043711 
      283.5000  -0.281553   0.324585   0.043032 
      284.0000  -0.295614   0.341093   0.045478 
      284.5000  -0.271232   0.321077   0.049845 
      285.0000  -0.276612   0.331773   0.055161 
      285.5000  -0.282861   0.337859   0.054998 
      286.0000  -0.262855   0.316735   0.053881 
      286.5000  -0.271808   0.325971   0.054164 
      287.0000  -0.254785   0.301113   0.046327 
      287.5000  -0.293374   0.329282   0.035908 
      288.0000  -0.268266   0.294401   0.026135 
      288.5000  -0.279522   0.300154   0.020632 
      289.0000  -0.297089   0.310208   0.013119 
      289.5000  -0.292852   0.302303   0.009452 
      290.0000  -0.280454   0.284371   0.003917 
      290.5000  -0.267136   0.285988   0.018851 
      291.0000  -0.295568   0.309977   0.014409 
      291.5000  -0.282769   0.293229   0.010461 
      292.0000  -0.254394   0.262866   0.008472 
      292.5000  -0.289326   0.285519  -0.003807 
      293.0000  -0.278967   0.281650   0.002683 
      293.5000  -0.325909   0.326801   0.000892 
      294.0000  -0.315734   0.318705   0.002971 
      294.5000  -0.294058   0.290257  -0.003801 
      295.0000  -0.308952   0.302198  -0.006754 
      295.5000  -0.317020   0.309136  -0.007884 
      296.0000  -0.285740   0.283387  -0.002353 
      296.5000  -0.311653   0.313832   0.002179 
      297.0000  -0.300102   0.298497  -0.001605 
      297.5000  -0.296656   0.291350  -0.005307 
      298.0000  -0.274183   0.265443  -0.008740 
      298.5000  -0.301390   0.285761  -0.015629 
      299.0000  -0.277276   0.251822  -0.025453 
      299.5000  -0.285848   0.261503  -0.024345 
      300.0000  -0.283059   0.252583  -0.030476 
      300.5000  -0.303229   0.268171  -0.035057 
      301.0000  -0.288205   0.250002  -0.038203 
      301.5000  -0.284964   0.258198  -0.026765 
      302.0000  -0.295977   0.278695  -0.017282 
      302.5000  -0.293662   0.273518  -0.020143 
      303.0000  -0.288736   0.274324  -0.014412 
      303.5000  -0.313372   0.290606  -0.022766 
      304.0000  -0.316488   0.297293  -0.019195 
      304.5000  -0.280823   0.262534  -0.018289 
      305.0000  -0.297121   0.284613  -0.012508 
      305.5000  -0.285041   0.269102  -0.015939 
      306.0000  -0.290700   0.272627  -0.018073 
      306.5000  -0.295035   0.276311  -0.018724 
      307.0000  -0.300688   0.293738  -0.006950 
      307.5000  -0.347148   0.341063  -0.006084 
      308.0000  -0.329554   0.327272  -0.002282 
      308.5000  -0.304983   0.305974   0.000991 
      309.0000  -0.317375   0.318557   0.001182 
      309.5000  -0.308540   0.305401  -0.003138 
      310.0000  -0.331211   0.322646  -0.008565 
      310.5000  -0.338237   0.316932  -0.021304 
      311.0000  -0.326800   0.298408  -0.028392 
      311.5000  -0.344858   0.323766  -0.021092 
      312.0000  -0.350329   0.345881  -0.004447 
      312.5000  -0.326003   0.325644  -0.000359 
      313.0000  -0.310131   0.310328   0.000198 
      313.5000  -0.343507   0.333745  -0.009761 
      314.0000  -0.347137   0.329421  -0.017717 
      314.5000  -0.344309   0.333533  -0.010776 
      315.0000  -0.343611   0.328239  -0.015371 
      315.5000  -0.325610   0.309480  -0.016130 
      316.0000  -0.352471   0.335091  -0.017380 
      316.5000  -0.339437   0.309745  -0.029692 
      317.0000  -0.320581   0.283468  -0.037113 
      317.5000  -0.330025   0.301449  -0.028576 
      318.0000  -0.332990   0.317328  -0.015662 
      318.5000  -0.344910   0.318140  -0.026771 
      319.0000  -0.327950   0.308068  -0.019882 
      319.5000  -0.343470   0.326224  -0.017246 
      320.0000  -0.323612   0.301845  -0.021767 
      320.5000  -0.334930   0.322391  -0.012538 
      321.0000  -0.318354   0.311070  -0.007284 
      321.5000  -0.327573   0.318378  -0.009195 
      322.0000  -0.339920   0.319529  -0.020391 
      322.5000  -0.352386   0.335809  -0.016577 
      323.0000  -0.322124   0.302919  -0.019205 
      323.5000  -0.324100   0.301066  -0.023034 
      324.0000  -0.320488   0.299738  -0.020750 
      324.5000  -0.325461   0.315170  -0.010291 
      325.0000  -0.328019   0.322750  -0.005269 
      325.5000  -0.313442   0.306219  -0.007223 
      326.0000  -0.326252   0.317474  -0.008778 
      326.5000  -0.329640   0.319374  -0.010266 
      327.0000  -0.322314   0.318682  -0.003633 
      327.5000  -0.345049   0.341966  -0.003083 
      328.0000  -0.315459   0.310434  -0.005026 
      328.5000  -0.326192   0.330288   0.004096 
      329.0000  -0.335025   0.342913   0.007887 
      329.5000  -0.310595   0.318214   0.007619 
      330.0000  -0.323312   0.336259   0.012947 
      330.5000  -0.321501   0.336872   0.015371 
      331.0000  -0.299719   0.314159   0.014440 
      331.5000  -0.285953   0.295436   0.009483 
      332.0000  -0.301571   0.307663   0.006092 
      332.5000  -0.316196   0.310582  -0.005615 
      333.0000  -0.319455   0.322207   0.002752 
      333.5000  -0.301942   0.303174   0.001232 
      334.0000  -0.340090   0.336854  -0.003236 
      334.5000  -0.346750   0.339206  -0.007544 
      335.0000  -0.317260   0.313717  -0.003543 
      335.5000  -0.305623   0.292814  -0.012809 
      336.0000  -0.338759   0.320856  -0.017903 
      336.5000  -0.330487   0.309427  -0.021059 
      337.0000  -0.326988   0.301917  -0.025070 
      337.5000  -0.320304   0.297871  -0.022433 
      338.0000  -0.316227   0.285303  -0.030924 
      338.5000  -0.314370   0.273767  -0.040602 
      339.0000  -0.317544   0.275868  -0.041675 
      339.5000  -0.342336   0.296189  -0.046147 
      340.0000  -0.311375   0.274507  -0.036868 
      340.5000  -0.342596   0.313644  -0.028952 
      341.0000  -0.326038   0.303586  -0.022451 
      341.5000  -0.326668   0.296982  -0.029686 
      342.0000  -0.335029   0.303123  -0.031906 
      342.5000  -0.347880   0.308216  -0.039664 
      343.0000  -0.311396   0.278521  -0.032875 
      343.5000  -0.323682   0.289620  -0.034061 
      344.0000  -0.342373   0.301655  -0.040718 
      344.5000  -0.345170   0.299043  -0.046127 
      345.0000  -0.346178   0.295477  -0.050701 
      345.5000  -0.341278   0.282302  -0.058977 
      346.0000  -0.341145   0.278615  -0.062530 
      346.5000  -0.339843   0.282040  -0.057803 
      347.0000  -0.332929   0.270909  -0.062020 
      347.5000  -0.349141   0.291235  -0.057906 
      348.0000  -0.344891   0.293360  -0.051531 
      348.5000  -0.323846   0.271847  -0.051998 
      349.0000  -0.356445   0.314797  -0.041648 
      349.5000  -0.361524   0.321832  -0.039692 
      350.0000  -0.342890   0.298803  -0.044087 
      350.5000  -0.338759   0.308193  -0.030566 
      351.0000  -0.375436   0.338645  -0.036791 
      351.5000  -0.359745   0.321946  -0.037799 
      352.0000  -0.345942   0.312166  -0.033775 
      352.5000  -0.374458   0.347291  -0.027167 
      353.0000  -0.329533   0.299909  -0.029624 
      353.5000  -0.348749   0.321592  -0.027157 
      354.0000  -0.370048   0.338210  -0.031838 
      354.5000  -0.356678   0.315294  -0.041384 
      355.0000  -0.370251   0.334845  -0.035406 
      355.5000  -0.378367   0.339016  -0.039351 
      356.0000  -0.340795   0.302439  -0.038356 
      356.5000  -0.363615   0.331969  -0.031645 
      357.0000  -0.358472   0.320667  -0.037804 
      357.5000  -0.374852   0.315954  -0.058897 
      358.0000  -0.382927   0.322677  -0.060250 
      358.5000  -0.395266   0.333660  -0.061605 
      359.0000  -0.394583   0.333965  -0.060618 
      359.5000  -0.373834   0.314646  -0.059187 
      360.0000  -0.356155   0.297437  -0.058718 
      360.5000  -0.372415   0.307227  -0.065188 
      361.0000  -0.367371   0.299923  -0.067448 
      361.5000  -0.373986   0.307576  -0.066410 
      362.0000  -0.373404   0.290506  -0.082897 
      362.5000  -0.364816   0.287678  -0.077138 
      363.0000  -0.363844   0.288526  -0.075318 
      363.5000  -0.391298   0.315623  -0.075675 
      364.0000  -0.374597   0.293559  -0.081038 
      364.5000  -0.366561   0.287928  -0.078633 
      365.0000  -0.382271   0.306964  -0.075308 
      365.5000  -0.373757   0.296583  -0.077173 
      366.0000  -0.363466   0.290117  -0.073349 
      366.5000  -0.397830   0.328960  -0.068870 
      367.0000  -0.383736   0.315319  -0.068417 
      367.5000  -0.387429   0.312355  -0.075074 
      368.0000  -0.388951   0.314944  -0.074006 
      368.5000  -0.396523   0.317820  -0.078703 
      369.0000  -0.380116   0.289359  -0.090757 
      369.5000  -0.374736   0.292188  -0.082548 
      370.0000  -0.388847   0.311345  -0.077501 
      370.5000  -0.391439   0.317136  -0.074303 
      371.0000  -0.388686   0.311571  -0.077114 
      371.5000  -0.405599   0.328040  -0.077559 
      372.0000  -0.368815   0.287915  -0.080900 
      372.5000  -0.411815   0.330300  -0.081515 
      373.0000  -0.379346   0.302465  -0.076881 
      373.5000  -0.386668   0.307687  -0.078980 
      374.0000  -0.404210   0.331774  -0.072436 
      374.5000  -0.367242   0.292628  -0.074614 
      375.0000  -0.383608   0.308060  -0.075548 
      375.5000  -0.400757   0.330729  -0.070027 
      376.0000  -0.380946   0.303862  -0.077084 
      376.5000  -0.410951   0.340783  -0.070168 
      377.0000  -0.372370   0.306530  -0.065840 
      377.5000  -0.372845   0.302083  -0.070762 
      378.0000  -0.391898   0.312804  -0.079094 
      378.5000  -0.371947   0.299744  -0.072203 
      379.0000  -0.390542   0.319272  -0.071270 
      379.5000  -0.414799   0.340300  -0.074499 
      380.0000  -0.394458   0.316343  -0.078115 
      380.5000  -0.384136   0.300365  -0.083771 
      381.0000  -0.406063   0.320581  -0.085482 
      381.5000  -0.386209   0.291387  -0.094822 
      382.0000  -0.408196   0.314649  -0.093548 
      382.5000  -0.415947   0.324205  -0.091742 
      383.0000  -0.406079   0.310613  -0.095466 
      383.5000  -0.427972   0.330230  -0.097742 
      384.0000  -0.390285   0.294210  -0.096075 
      384.5000  -0.408511   0.309247  -0.099264 
      385.0000  -0.416786   0.310577  -0.106209 
      385.5000  -0.409602   0.305529  -0.104073 
      386.0000  -0.411162   0.302559  -0.108603 
      386.5000  -0.409728   0.305139  -0.104589 
      387.0000  -0.431839   0.320435  -0.111404 
      387.5000  -0.421253   0.309753  -0.111499 
      388.0000  -0.441715   0.319241  -0.122473 
      388.5000  -0.422933   0.302182  -0.120751 
      389.0000  -0.433532   0.320643  -0.112889 
      389.5000  -0.437219   0.314518  -0.122701 
      390.0000  -0.420380   0.299255  -0.121125 
      390.5000  -0.450864   0.335010  -0.115853 
      391.0000  -0.415400   0.293350  -0.122051 
      391.5000  -0.453099   0.334141  -0.118958 
      392.0000  -0.420534   0.293150  -0.127384 
      392.5000  -0.428272   0.296694  -0.131579 
      393.0000  -0.424293   0.295482  -0.128811 
      393.5000  -0.416178   0.281491  -0.134686 
      394.0000  -0.447990   0.320533  -0.127456 
      394.5000  -0.393820   0.265137  -0.128684 
      395.0000  -0.414329   0.289597  -0.124731 
      395.5000  -0.401170   0.280106  -0.121064 
      396.0000  -0.414275   0.292650  -0.121625 
      396.5000  -0.397799   0.277477  -0.120323 
      397.0000  -0.414619   0.290075  -0.124544 
      397.5000  -0.420710   0.304506  -0.116204 
      398.0000  -0.422763   0.309426  -0.113337 
      398.5000  -0.373408   0.253848  -0.119559 
      399.0000  -0.407944   0.279464  -0.128480 
      399.5000  -0.416701   0.286689  -0.130012 
      400.0000  -0.407340   0.273176  -0.134165 
      400.5000  -0.417246   0.288874  -0.128373 
      401.0000  -0.423311   0.291401  -0.131910 
      401.5000  -0.405715   0.275322  -0.130393 
      402.0000  -0.426211   0.289950  -0.136260 
      402.5000  -0.415676   0.275980  -0.139696 
      403.0000  -0.431607   0.285740  -0.145867 
      403.5000  -0.452797   0.305936  -0.146861 
      404.0000  -0.433076   0.283817  -0.149259 
      404.5000  -0.433933   0.287514  -0.146419 
      405.0000  -0.457237   0.302630  -0.154607 
      405.5000  -0.407694   0.264209  -0.143485 
      406.0000  -0.456553   0.314281  -0.142272 
      406.5000  -0.453311   0.305233  -0.148078 
      407.0000  -0.432244   0.281697  -0.150547 
      407.5000  -0.437460   0.281423  -0.156037 
      408.0000  -0.445820   0.287735  -0.158084 
      408.5000  -0.443483   0.288855  -0.154629 
      409.0000  -0.457803   0.303680  -0.154123 
      409.5000  -0.425226   0.272361  -0.152865 
      410.0000  -0.439108   0.293140  -0.145968 
      410.5000  -0.434851   0.295939  -0.138912 
      411.0000  -0.395319   0.271717  -0.123602 
      411.5000  -0.432507   0.310356  -0.122151 
      412.0000  -0.428004   0.301130  -0.126874 
      412.5000  -0.453206   0.316534  -0.136671 
      413.0000  -0.439421   0.310738  -0.128683 
      413.5000  -0.415515   0.287767  -0.127748 
      414.0000  -0.455423   0.326367  -0.129056 
      414.5000  -0.425401   0.292805  -0.132596 
      415.0000  -0.441707   0.304940  -0.136767 
      415.5000  -0.488935   0.339269  -0.149666 
      416.0000  -0.463537   0.314104  -0.149433 
      416.5000  -0.473319   0.333182  -0.140137 
      417.0000  -0.443132   0.306258  -0.136874 
      417.5000  -0.443380   0.302121  -0.141259 
      418.0000  -0.453710   0.308079  -0.145631 
      418.5000  -0.459640   0.314706  -0.144934 
      419.0000  -0.454729   0.308000  -0.146728 
      419.5000  -0.464194   0.314958  -0.149236 
      420.0000  -0.459109   0.302025  -0.157084 
      420.5000  -0.459398   0.293879  -0.165519 
      421.0000  -0.466939   0.306206  -0.160733 
      421.5000  -0.469264   0.321987  -0.147278 
      422.0000  -0.492110   0.349003  -0.143107 
      422.5000  -0.439844   0.291816  -0.148029 
      423.0000  -0.468132   0.319697  -0.148436 
      423.5000  -0.463648   0.317134  -0.146513 
      424.0000  -0.464814   0.320772  -0.144042 
      424.5000  -0.457926   0.312890  -0.145036 
      425.0000  -0.480113   0.326404  -0.153709 
      425.5000  -0.443650   0.293220  -0.150431 
      426.0000  -0.460918   0.307763  -0.153155 
      426.5000  -0.454732   0.303807  -0.150925 
      427.0000  -0.446061   0.288325  -0.157736 
      427.5000  -0.451109   0.300743  -0.150366 
      428.0000  -0.456091   0.307151  -0.148940 
      428.5000  -0.464977   0.316620  -0.148357 
      429.0000  -0.453593   0.314363  -0.139230 
      429.5000  -0.470950   0.329331  -0.141619 
      430.0000  -0.459289   0.313579  -0.145710 
      430.5000  -0.428005   0.292688  -0.135317 
      431.0000  -0.448251   0.311546  -0.136705 
      431.5000  -0.449983   0.319700  -0.130282 
      432.0000  -0.456279   0.326195  -0.130084 
      432.5000  -0.444536   0.319893  -0.124644 
      433.0000  -0.462564   0.338011  -0.124553 
      433.5000  -0.429930   0.311668  -0.118261 
      434.0000  -0.457244   0.329484  -0.127761 
      434.5000  -0.458710   0.323133  -0.135577 
      435.0000  -0.444559   0.307627  -0.136932 
      435.5000  -0.471781   0.338145  -0.133636 
      436.0000  -0.451452   0.305044  -0.146408 
      436.5000  -0.466559   0.332554  -0.134005 
      437.0000  -0.462143   0.343094  -0.119049 
      437.5000  -0.468248   0.360615  -0.107633 
      438.0000  -0.484355   0.370642  -0.113713 
      438.5000  -0.461319   0.339629  -0.121691 
      439.0000  -0.452143   0.324030  -0.128112 
      439.5000  -0.452379   0.340536  -0.111843 
      440.0000  -0.462521   0.344606  -0.117915 
      440.5000  -0.482315   0.361914  -0.120401 
      441.0000  -0.468617   0.328001  -0.140617 
      441.5000  -0.478526   0.340449  -0.138076 
      442.0000  -0.457229   0.315650  -0.141579 
      442.5000  -0.521523   0.383621  -0.137902 
      443.0000  -0.461185   0.326765  -0.134419 
      443.5000  -0.492620   0.351646  -0.140974 
      444.0000  -0.485203   0.344968  -0.140234 
      444.5000  -0.500614   0.358812  -0.141802 
      445.0000  -0.473922   0.332439  -0.141483 
      445.5000  -0.489067   0.350311  -0.138757 
      446.0000  -0.478583   0.335407  -0.143176 
      446.5000  -0.499054   0.349988  -0.149066 
      447.0000  -0.460762   0.316896  -0.143865 
      447.5000  -0.491082   0.335380  -0.155702 
      448.0000  -0.482134   0.326722  -0.155412 
      448.5000  -0.494857   0.345843  -0.149015 
      449.0000  -0.467127   0.318929  -0.148198 
      449.5000  -0.468798   0.321602  -0.147196 
      450.0000  -0.487214   0.335117  -0.152097 
      450.5000  -0.462089   0.316468  -0.145621 
      451.0000  -0.461471   0.316793  -0.144678 
      451.5000  -0.490084   0.351083  -0.139001 
      452.0000  -0.469232   0.339664  -0.129568 
      452.5000  -0.459593   0.327584  -0.132009 
      453.0000  -0.486109   0.352116  -0.133993 
      453.5000  -0.463581   0.329704  -0.133878 
      454.0000  -0.446636   0.316069  -0.130567 
      454.5000  -0.444046   0.318586  -0.125461 
      455.0000  -0.457479   0.335987  -0.121491 
      455.5000  -0.431981   0.301405  -0.130576 
      456.0000  -0.464699   0.328774  -0.135924 
      456.5000  -0.456668   0.319453  -0.137215 
      457.0000  -0.433838   0.305668  -0.128170 
      457.5000  -0.420403   0.294469  -0.125934 
      458.0000  -0.463735   0.342213  -0.121522 
      458.5000  -0.430298   0.298611  -0.131687 
      459.0000  -0.452241   0.312840  -0.139401 
      459.5000  -0.457907   0.304266  -0.153640 
      460.0000  -0.454313   0.298365  -0.155948 
      460.5000  -0.465629   0.303729  -0.161900 
      461.0000  -0.449613   0.295448  -0.154165 
      461.5000  -0.435334   0.280020  -0.155314 
      462.0000  -0.417417   0.259624  -0.157793 
      462.5000  -0.472826   0.318987  -0.153838 
      463.0000  -0.435412   0.284824  -0.150588 
      463.5000  -0.436380   0.290257  -0.146122 
      464.0000  -0.428556   0.290793  -0.137763 
      464.5000  -0.443728   0.306303  -0.137425 
      465.0000  -0.485082   0.353728  -0.131355 
      465.5000  -0.454535   0.320642  -0.133893 
      466.0000  -0.445813   0.308967  -0.136846 
      466.5000  -0.456413   0.315937  -0.140475 
      467.0000  -0.435567   0.290543  -0.145024 
      467.5000  -0.418387   0.269994  -0.148393 
      468.0000  -0.451662   0.309207  -0.142455 
      468.5000  -0.454822   0.311482  -0.143340 
      469.0000  -0.462999   0.321409  -0.141590 
      469.5000  -0.452914   0.319891  -0.133023 
      470.0000  -0.471971   0.325404  -0.146567 
      470.5000  -0.451301   0.312586  -0.138715 
      471.0000  -0.465685   0.330908  -0.134777 
      471.5000  -0.473122   0.347673  -0.125449 
      472.0000  -0.409964   0.282836  -0.127128 
      472.5000  -0.447689   0.319195  -0.128494 
      473.0000  -0.435712   0.301413  -0.134300 
      473.5000  -0.457804   0.322101  -0.135704 
      474.0000  -0.432426   0.311406  -0.121020 
      474.5000  -0.430024   0.309255  -0.120769 
      475.0000  -0.457753   0.346250  -0.111503 
      475.5000  -0.430259   0.312775  -0.117484 
      476.0000  -0.399699   0.285777  -0.113923 
      476.5000  -0.420449   0.309996  -0.110453 
      477.0000  -0.441947   0.333265  -0.108682 
      477.5000  -0.441288   0.331129  -0.110159 
      478.0000  -0.383488   0.276836  -0.106652 
      478.5000  -0.412123   0.294035  -0.118088 
      479.0000  -0.426768   0.316707  -0.110061 
      479.5000  -0.433451   0.322079  -0.111372 
      480.0000  -0.409856   0.289629  -0.120228 
      480.5000  -0.439765   0.311581  -0.128185 
      481.0000  -0.439624   0.321208  -0.118416 
      481.5000  -0.449830   0.332843  -0.116987 
      482.0000  -0.448980   0.325465  -0.123515 
      482.5000  -0.427347   0.309085  -0.118261 
      483.0000  -0.445547   0.332823  -0.112724 
      483.5000  -0.449715   0.342557  -0.107158 
      484.0000  -0.445169   0.328192  -0.116977 
      484.5000  -0.423025   0.306586  -0.116439 
      485.0000  -0.432734   0.316695  -0.116039 
      485.5000  -0.428467   0.307250  -0.121217 
      486.0000  -0.403950   0.286031  -0.117919 
      486.5000  -0.431199   0.310783  -0.120416 
      487.0000  -0.433921   0.316757  -0.117164 
      487.5000  -0.437210   0.319405  -0.117805 
      488.0000  -0.426681   0.318696  -0.107985 
      488.5000  -0.435439   0.322878  -0.112561 
      489.0000  -0.406494   0.299102  -0.107392 
      489.5000  -0.409507   0.295671  -0.113837 
      490.0000  -0.420549   0.307412  -0.113138 
      490.5000  -0.438275   0.336401  -0.101874 
      491.0000  -0.418081   0.325058  -0.093023 
      491.5000  -0.404079   0.314605  -0.089475 
      492.0000  -0.450320   0.368710  -0.081610 
      492.5000  -0.400693   0.315011  -0.085682 
      493.0000  -0.405792   0.313597  -0.092196 
      493.5000  -0.417057   0.329598  -0.087459 
      494.0000  -0.389289   0.309497  -0.079792 
      494.5000  -0.412859   0.336283  -0.076576 
      495.0000  -0.413118   0.327763  -0.085355 
      495.5000  -0.409752   0.315897  -0.093855 
      496.0000  -0.397357   0.304804  -0.092553 
      496.5000  -0.380656   0.288547  -0.092110 
      497.0000  -0.400811   0.296523  -0.104288 
      497.5000  -0.390216   0.286968  -0.103248 
      498.0000  -0.382907   0.288585  -0.094322 
      498.5000  -0.409363   0.316318  -0.093044 
      499.0000  -0.387218   0.293100  -0.094118 
      499.5000  -0.392668   0.294024  -0.098644 
      500.0000  -0.419524   0.318489  -0.101035 
