t = 100000
b = 30 30 30
E = -0.277377499401863 -0.419523876642971 0.142146377241108
12.7917821284349 18.2066076258595 33.0718755375038 0.446505049574 0.712732758476284 0.540966800987354 0.891978509387837 -0.306734102981026 -0.332096976769237 -0.183145180645499 -0.0155657948535016 -0.172378084768186 -0.34616165036271 -0.0379230309201862 -0.304222472499871
11.507684903162 18.1094259645769 32.932742318297 -0.998655655280958 -0.0159755117354996 -0.0493112201355509 0.0464459412583473 -0.698146103843053 -0.714447089677774 0.213109337604725 0.126754071393523 -0.185424925110052 -0.306145654944949 0.158634490228311 0.301321070825298
11.7055607749817 18.2928263967615 33.9780672277675 0.315714164590894 0.0230801255887133 0.948573545541685 -0.695505936239967 -0.674403070290036 0.247894743737911 -0.621907179999635 0.0537954624672824 0.735471766460577 -0.173505788124517 0.15687493441604 0.0876290743429773
10.811659099234 18.5277058129576 34.21366215107 -0.69413064857555 0.718566674992179 -0.0429474369669282 -0.644932667011985 -0.594281310601684 0.4805116958694 -0.52270447211617 -0.227292818804177 0.380270588085561 0.0758488456206777 0.306125747981111 -0.0197442033993418
10.6819208148994 18.5095877944227 34.6793754989898 -0.758725433944271 -0.00874181420607908 -0.651351820719185 -0.541776748604374 -0.546710005868541 0.638424616886196 -0.0476377815690089 0.754623729004778 -0.272921238403975 0.316028748882295 -0.043960489025908 0.324055465630777
10.6026551567846 17.7293630544223 34.7061903888084 0.580273424564866 -0.812389273243538 -0.0574998088126415 -0.737631626238216 -0.494321474371194 -0.45994099512985 -0.0813746039076761 -0.4657728791472 -0.179159887856072 0.098855735729594 0.385007643364678 -0.466944878131048
10.3538433564077 17.3951281339169 34.409944418299 0.547607489937755 -0.627311165830839 0.553720696239617 -0.450891505909682 -0.7786942123095 -0.436270587685374 0.236703165227968 0.437666675784585 0.154608230856905 0.275103377219927 0.299015178712603 -0.114690673039302
9.82341892283268 18.0456828016354 33.266599191352 -0.542953000237214 0.711420182068019 -0.446187379771488 0.657759268507009 0.690598174431172 0.300710355010774 -0.231434473529943 -0.283004648500123 0.064516119774114 0.231425399547029 -0.181288992365896 -0.131301194473811
10.1135296094001 18.4871181248772 33.1317988363505 -0.837303187013244 0.480293671140558 0.26123034290587 0.54211517417469 0.791332402533942 0.282673062257596 -0.0151809032536622 -0.218917418295781 -0.300221935207967 -0.583059463778011 -0.280549906722523 -0.349522030122053
10.2271391109616 18.975063590401 32.9788140303598 -0.278069907929556 0.122056400050172 0.952774505445373 0.680575752962642 0.725005792101954 0.105750133297426 -0.263578682505146 0.577685754395978 -0.328835505381099 0.203932908736062 -0.338553601139595 -0.197925573853842
10.1666621528237 19.3640217398148 32.1103624856254 -0.539310611177349 -0.698439015487164 -0.470453858103194 0.648512603894401 -0.700849134188716 0.297055078639385 -0.0990045875421356 0.399072208431561 -0.388999052382112 0.166767257062019 0.0195600841178676 -0.177184475326089
10.0138391188629 20.3566730480317 31.7399491561124 0.0711105078137582 0.33727497510469 -0.938716551358983 -0.904275259596585 -0.375397143739736 -0.203379327814182 0.5074617245813 -0.399189077455565 -0.374403528099173 0.228070708661979 -0.161632190731793 0.689555864633925
10.6338143049725 20.5377658348912 31.6401592810735 -0.271694092182274 0.391473387848661 -0.879164821032187 -0.64316225335481 0.605705665698828 0.46846855873832 -0.492434294689186 -0.298598937981273 0.272070759952343 0.0733242925125071 0.260188660521445 0.0676749037972681
10.34437366021 21.0218849068439 31.8190934999705 -0.444257723527221 -0.367984676740612 -0.816836743347393 -0.864278476841347 0.41612876138804 0.28259423790562 0.310674492101183 0.11637095699693 -0.194836148200704 -0.213728757724172 0.0369762232239964 -0.258621198507381
10.2032293842311 21.6632759453004 31.1578284092411 0.0447327856983678 0.182689112914489 -0.98215251412981 -0.75174983372063 -0.641326855190208 -0.153531460878165 0.105291658404939 -0.557643387589222 -0.452405642174917 -0.174765440339004 -0.38620349657999 0.0290574117326177
9.76073048561532 21.6529223776725 30.9491134703828 0.611674554966089 -0.43725499830904 -0.659289136898212 -0.753534983250803 -0.575805407310124 -0.317227058274366 -0.139755022596173 0.245866355475364 0.72576181261965 0.122723367622549 0.217108442807953 0.724944465679344
8.51693790473892 21.9661692857598 31.2969884101113 -0.672375961632734 0.154094431830969 0.723992662402639 0.69122925784855 0.480593629646772 0.539658934479728 -0.318769873780713 0.0970320646095048 0.18414266863762 -0.0382908636730179 0.111143979614782 -0.704308037854227
8.54660823480603 22.3508699125917 31.5100413112406 -0.115263156048719 -0.48207337152261 0.868515708563908 0.589020164182551 0.670871277086642 0.450540558200469 -0.292117656296826 -0.365408728552411 0.00677301798076386 0.265378233437488 -1.03791658600041 0.267979251929203
8.97291115969948 22.2610482455516 32.0982159078252 -0.0680886604364498 -0.358464675966888 0.931056880591264 0.803551826838295 -0.572827909709015 -0.16177939119451 -0.338267124168612 -0.583918974119193 0.247492371642974 0.00917439439563963 0.658860375543353 -0.161969673552935
9.44073625816858 22.2922504430153 32.3380417056417 -0.383018880807321 -0.817179331195648 0.430713720944974 0.898090896771179 -0.438540618637063 -0.0333878278684783 0.263629066756454 0.372622515227702 -0.717884870852478 0.363278898373754 -0.424451539341809 0.207630962983608
9.7871222079408 22.1678217910151 32.6216800990806 -0.352112293409143 -0.724588192130065 -0.592442998346215 0.935399836223794 -0.250580216420087 -0.249472598512746 -0.297853406853469 -0.0625558874020058 0.235176998778668 0.526215204567578 -0.117639149679145 0.163116919193695
10.1476004195375 21.7914670872155 32.725920335117 -0.246391836718792 0.0266444306695058 -0.968803914157946 0.952311487794499 -0.178981985516925 -0.247119810618101 0.524504867986861 -0.802466281393088 -0.283779435122249 0.130820883485553 -0.194286472801097 -0.19937697628846
10.2565593820779 21.1156468438019 33.3987910760784 0.96902548812333 -0.0347819813984901 0.24449882027499 0.0535735500599169 -0.936849980810691 -0.345603472760536 -0.303214280261354 -0.123256888232556 0.454888051658359 0.192567868255381 0.714374402767272 -0.0953555789051154
10.4243026110091 20.2495202517556 33.0569441550828 -0.140505000699809 -0.611327136052738 -0.778805092322575 -0.100705762581941 0.791352869956304 -0.603008181699781 -0.142722872638102 -0.0860936423504908 -0.0348341734233314 0.475137486355701 0.298178909450597 -0.271609773018915
10.2930826491641 20.0102110204213 34.2014633167431 -0.67934898228955 0.166765050261469 0.714614773889955 -0.483049886385433 -0.834712274452158 -0.264420225988026 0.379585827275268 -0.13881665392933 -0.207522837552685 -0.00943277659187846 -0.201021179480405 -0.16034781614209
10.2128762082469 19.5231142309799 34.3657807638058 -0.842354393249063 0.479778848862357 -0.245461174995663 -0.3604653078887 -0.840172129722882 -0.405185580530488 -0.0248392619305744 0.45917765626413 -0.146452680372781 0.312262323465759 0.411980589001921 -0.465597295440727
9.84058844290356 19.2184822666393 34.321369699334 -0.255758607414196 0.311087484265788 -0.915320704372056 -0.29461694528341 -0.92685389442065 -0.232685494654405 0.244377312340996 -0.0441667004200755 0.06758354354205 0.0543991485833991 -0.202431055550678 0.0725821513449082
16.7662106132913 16.4058827994333 29.1375620198699 0.309021674580681 -0.939742652532812 -0.146250465321728 0.950722286726703 0.309306233153001 0.0213708963974309 -0.21322759561706 0.0700008844768275 0.530214688370378 0.228982462700098 -0.43117907316687 0.191841313812167
17.520553861416 16.9992039932962 28.4642143352666 0.95467376693454 0.0640431839982659 -0.290682548896457 0.228947847567223 -0.782065824150691 0.579616885341176 0.485832494927283 0.248633959956147 0.671190325164193 -0.309666234336912 0.257298803652613 0.303907091175661
17.635680570312 16.5750453869709 28.5259823971696 0.756671282673551 0.515912920673454 0.401599631422706 0.10969529080658 -0.705732694326334 0.699934377544661 0.432941331351469 0.0301661074438303 0.0745834891650676 -0.166919028169441 -0.352883262018571 -0.284408956337095
17.9294769258424 16.2432808235965 28.7907817506421 0.173005463093723 0.851484547982624 0.495018214089211 0.0599990644924502 -0.51077475316426 0.857618309881108 -0.172628512782913 -0.088705093093824 0.228949675540546 0.787458966769488 0.205501466558784 0.465031219520041
16.9280709659322 15.5821922332886 28.0045750688347 -0.925048632249999 -0.340801854989969 -0.167746830698435 0.343577906570476 -0.939032681164861 0.013102069210199 -0.152253174150838 -0.573002511727086 0.22171324613107 -0.1219314807547 0.409741660660279 -0.132315886169876
16.9379836872244 15.0436220182857 28.1872881799593 -0.631581546481543 0.0576910892336623 -0.773160010650011 0.316594567666583 -0.891105751158856 -0.325112706872064 -0.884889535871628 -0.0198593020317388 0.66589972052304 -0.433482159384275 0.000207406015025475 0.585503460187726
16.8739877881361 14.5154177378612 28.0347416377619 -0.253602310731907 0.437505235955767 -0.862713679559636 0.278270903311237 -0.821171982895289 -0.498238571985056 0.047017941212476 0.375144181263728 -0.240784822884557 -0.130038369972586 -0.0203359189541884 0.427754335325951
16.8402312382909 14.1697775386795 27.6858833032218 0.530485641589205 0.774703623696453 -0.344120734092618 0.649742361273269 -0.632324283965058 -0.421901276358891 -0.209928997921428 -0.553899975699064 -0.660615805882798 0.361095601565042 0.234967262213131 0.421263795170816
15.8715297371698 14.3851334008921 28.4507410904207 -0.857952401981055 0.205106352684913 0.471008459289387 -0.334807404087131 0.472149388756046 -0.815462359668639 -0.311337293270935 -0.0265311891603122 -0.277236878599201 0.108259884670383 0.290907943650528 0.128591685715658
15.6110791990844 14.5962212787231 28.0154466095638 -0.594363825618795 0.00451215469446678 0.804183557811615 -0.684716462771719 0.521621195370215 -0.508993682139818 0.173937775630958 -0.11899438766629 0.276921593085672 0.314544360751108 -0.327506468184641 -0.192943128627596
15.5335959782384 15.2993049672533 27.1093663699188 -0.876962763769435 0.173994592478086 -0.447953254005475 -0.106974026259656 0.838082076030082 0.534953125025743 -0.0177941799549343 -0.531040194103729 0.311529765338207 -0.0755593592123156 -0.0578492617114429 -0.303287071231357
16.1017164536655 15.3762293012891 27.8709300891147 -0.0341738489725143 -0.978186012761453 0.204900055921097 0.768332649716576 -0.156826614510903 -0.620540269579923 -0.077566729949268 0.00189867822203837 -0.285086509672294 -0.0778704496432252 0.241535696139886 0.135687832950685
16.0861415945966 16.4466214721947 27.4898152886294 0.536710245259169 -0.195985280028537 -0.820689809099869 0.614409765682166 0.757423072255766 0.22093150522544 0.483643669624959 -0.0774235896295672 -0.20805693369103 0.157075269997741 -0.310516426550466 -0.480450558411832
15.2010454370375 16.2246409032424 28.1828261004798 -0.47182881521137 -0.587738214028508 -0.657222375678868 -0.119719535830963 -0.695800995847037 0.708186478213353 -0.339481399914084 0.0448410343109441 -0.238699464605159 -0.137193843683252 -0.614058701801703 -0.318705871048934
14.9394161150789 15.8738653758546 28.5379073016775 -0.100403480944812 -0.439487511570465 -0.892619612368202 -0.353703182875628 -0.822781334363241 0.444887374898131 -0.028271187183095 -0.393089173311382 0.0974517658799176 0.0785183413842908 0.0716222196954903 0.106124062669146
14.5070253908347 15.686135376725 28.6139325480821 0.657463936484202 -0.621652591728723 -0.425780596967373 -0.405063624791057 -0.768084650763222 0.495952917007193 -0.210161877597551 0.365097556335572 0.590167749386643 -0.22279790760442 0.336815004056731 0.745531569240255
13.9308271577166 16.0902590699759 29.2682715749634 -0.703808319017615 -0.0360467478528234 -0.709474706556308 0.491727589959658 -0.745501845446232 -0.449923087552238 -0.388561414332938 0.361303934648393 -0.128857123386039 0.255262032642293 0.406244394183529 0.480872635819955
14.5927804150478 16.4416571922099 30.0577478952495 -0.331222744729263 -0.683182167075308 0.650809838755791 -0.260237854432519 -0.596846406063662 -0.758979887844818 0.207253949337002 0.517718516491095 0.087395169981868 0.114950649026351 -0.0090094940174776 0.0525779898987343
15.6538722207862 16.4540504154312 30.4745116569597 0.471375822197246 -0.481197258613612 0.739089935876736 -0.639650142560377 0.390410195794825 0.662138564918867 0.114435319492308 0.41753073560221 -0.0999933372976059 0.14254576328392 0.189855119106557 0.264872715913123
15.1993329239629 17.0387470168857 30.4052406842369 0.163153937186881 0.317225905161911 -0.934210057967294 -0.553048042249494 -0.754732980571589 -0.352868017185103 0.0723793407308738 -0.438941577564473 0.269242753448494 0.21337719818551 -0.328273983082033 -0.138102747856828
15.4723726781152 17.3464613488176 30.8156687774704 0.466404480892601 -0.650905955046634 0.598989296312842 -0.100345986984402 0.633847976716456 0.766920660283833 0.515494369929948 0.42610053488298 -0.207221792057302 -0.00938618151020139 -0.403878950372233 -0.115190214490787
15.3982769166438 17.448533227003 31.2340044768816 0.825468124383927 -0.46811558585962 0.315388683892393 -0.0371495656213049 0.512487187908079 0.857890808689779 -0.65607940977259 -0.025091005418645 0.110655644076675 -0.239821332090665 -0.0439575692421601 -0.226952250511873
15.2690925940752 17.3389075720259 31.7193950283549 0.90375540445331 0.406336899240944 -0.134596939494362 -0.129218456930356 0.55875788333208 0.819202093299103 -0.220083860044115 -0.216768252317532 -0.325117522440185 -0.485708832403181 -0.445992739660203 0.174718886637814
15.2111223453223 17.0220206039232 32.3705473761595 0.515634456659724 0.852087674265729 0.0898195887210489 -0.493639539670228 0.381122869352429 -0.781706640425755 -0.091755702526404 -0.665487741157867 0.0275707070654193 0.0869362315598076 -0.0547447305674947 0.074185604739587
14.4532564635896 16.1208106497218 32.3888207072117 0.274222054630246 -0.919427116415605 -0.281879170763232 0.762400882013451 0.386503743938203 -0.518998684516396 0.0939105187476659 0.514541238715676 0.192367242270962 0.13737177024236 -0.424186431472478 0.0156498344547835
13.9151163805441 16.6278992603263 32.2797680041274 0.73687049975809 0.457646289365332 -0.497575767150455 -0.113689677284652 0.809428322731464 0.57610789303202 -0.135984013382031 -0.0171905716039984 0.0303766359243258 0.122413481125039 -0.22492106159818 0.130819955494477
12.6005821731837 16.6517635327006 32.923834505921 -0.876921101625834 0.440748311051753 -0.191703307081115 0.245049723250041 0.0668716098884088 -0.967201478917134 0.592591731402486 0.334892977608921 -0.0719677128810168 0.190011696408874 -0.400928078937984 -0.00133794099254377
