#id1 id2 FENE BEXC STCK NEXC HB CRSTCK CXSTCK total, t = 100000
0 1 0.00306288 0 0 0 0 0 0 0.00306288
1 2 0.00122151 0 0 0 0 0 0 0.00122151
2 3 0.0383834 0 0 0 0 0 0 0.0383834
3 4 0.00328419 0 -1.20774 0 0 0 0 -1.20445
4 5 0.0301289 0 0 0 0 0 0 0.0301289
5 6 0.0199187 0 -0.935651 0 0 0 0 -0.915733
6 7 0.00050356 0 0 0 0 0 0 0.00050356
7 8 0.0241816 0 -1.27386 0 0 0 0 -1.24968
8 9 0.0057646 0 -1.09145 0 0 0 0 -1.08569
9 10 0.0107057 0 0 0 0 0 0 0.0107057
10 11 0.012166 0 0 0 0 0 0 0.012166
11 12 0.0155057 0 -0 0 0 0 0 0.0155057
12 13 0.108088 0 -1.03356 0 0 0 0 -0.925474
13 14 0.0417844 0 0 0 0 0 0 0.0417844
14 15 0.0186427 0 -1.16159 0 0 0 0 -1.14295
15 16 0.00156661 0 0 0 0 0 0 0.00156661
16 17 0.0744627 0 -1.15681 0 0 0 0 -1.08235
17 18 0.0308831 0 -0 0 0 0 0 0.0308831
18 19 0.00467861 0 -1.05836 0 0 0 0 -1.05369
19 20 0.0180903 0 -1.1825 0 0 0 0 -1.16441
20 21 0.0228994 0 -1.32054 0 0 0 0 -1.29764
21 22 0.00858956 0 0 0 0 0 0 0.00858956
22 23 0.319381 0 0 0 0 0 0 0.319381
23 24 0.0128597 0 0 0 0 0 0 0.0128597
24 25 0.0806401 0 -1.27503 0 0 0 0 -1.19439
25 26 0.0669313 0 -0.954702 0 0 0 0 -0.887771
27 28 0.0614301 0 0 0 0 0 0 0.0614301
28 29 0.112965 0 -1.32277 0 0 0 0 -1.20981
29 30 0.00270185 0 -1.20162 0 0 0 0 -1.19892
30 31 0.0207939 0 0 0 0 0 0 0.0207939
31 32 0.0857215 0 -1.11384 0 0 0 0 -1.02812
32 33 0.0141691 0 -1.22455 0 0 0 0 -1.21038
33 34 0.0604448 0 -0.903904 0 0 0 0 -0.843459
34 35 0.000295166 0 0 0 0 0 0 0.000295166
35 36 0.00425359 0 -0.839077 0 0 0 0 -0.834824
36 37 5.56418e-05 0 0 0 0 0 0 5.56418e-05
32 38 0 0 0 0 0 -3.00207e-05 0 -3.00207e-05
37 38 0.0049527 0 0 0 0 0 0 0.0049527
38 39 0.0312484 0 0 0 0 0 0 0.0312484
39 40 0.0277309 0 0 0 0 0 0 0.0277309
40 41 0.00570134 0 -1.05244 0 0 0 0 -1.04674
41 42 3.11375e-07 0 -1.30081 0 0 0 0 -1.30081
42 43 0.0192544 0 0 0 0 0 0 0.0192544
43 44 0.112604 0 0 0 0 0 0 0.112604
44 45 0.116431 0 0 0 0 0 0 0.116431
45 46 0.00492762 0 0 0 0 0 0 0.00492762
46 47 0.00262575 0 0 0 0 0 0 0.00262575
47 48 0.496307 0 -1.15961 0 0 0 0 -0.663298
48 49 0.086208 0 -1.33366 0 0 0 0 -1.24745
49 50 8.98109e-05 0 -0 0 0 0 0 8.98109e-05
50 51 0.0311426 0 0 0 0 0 0 0.0311426
51 52 0.0122819 0 0 0 0 0 0 0.0122819
52 53 0.161147 0 0 0 0 0 0 0.161147
#Total energy per particle is  -0.419524 and should be -0.41952410

