t = 0
b =  30.0 30.0 30.0
E = 0. 0. 0.
0.2794883207099512 28.281358678995943 23.604399402967097 0.9353984135784912 -0.2937771183843266 0.19678621036201585 0.15117710871862883 0.8353665659441003 0.5284961516437344 0.0 0.0 0.0 0.0 0.0 0.0
0.33256369516646067 28.41001140601701 24.123356609849036 0.945144825358506 0.03445976628518987 -0.32482885279114215 0.15117710871862883 0.8353665659441003 0.5284961516437344 0.0 0.0 0.0 0.0 0.0 0.0
0.6010848623024659 28.54651923784706 24.56826906951648 0.5958149160060279 0.34960480960639434 -0.7230360039201413 0.15117710871862883 0.8353665659441003 0.5284961516437344 0.0 0.0 0.0 0.0 0.0 0.0
1.0054220582893882 28.762719497027224 24.848365449339962 0.020124958568688067 0.5319291406774178 -0.8465496886425465 0.15117710871862883 0.8353665659441003 0.5284961516437344 0.0 0.0 0.0 0.0 0.0 0.0
1.4143467392152758 29.100173020561975 24.935490801000658 -0.5632108071002604 0.5121646978241219 -0.6484449930936311 0.15117710871862883 0.8353665659441003 0.5284961516437344 0.0 0.0 0.0 0.0 0.0 0.0
1.6948874989412055 29.55437450308102 24.874803096082307 -0.9325733707692794 0.2978203233303363 -0.2039852032463091 0.15117710871862883 0.8353665659441003 0.5284961516437344 0.0 0.0 0.0 0.0 0.0 0.0
1.762848129456815 30.076464137674147 24.767616957665556 -0.9476357190877649 -0.029670971286915905 0.31797197576501235 0.15117710871862883 0.8353665659441003 0.5284961516437344 0.0 0.0 0.0 0.0 0.0 0.0
1.6147951679889683 30.591790273428824 24.732912541129444 -0.6026754141004897 -0.3458897678400833 0.7191262849752721 0.15117710871862883 0.8353665659441003 0.5284961516437344 0.0 0.0 0.0 0.0 0.0 0.0
1.329362326913706 31.028270825720917 24.862132983880784 -0.028748643100855453 -0.5306992586222773 0.8470724953731084 0.15117710871862883 0.8353665659441003 0.5284961516437344 0.0 0.0 0.0 0.0 0.0 0.0
1.0373762317390265 31.343778465311583 25.1844436286056 0.5561002180644744 -0.5138872282354313 0.6532017024818212 0.15117710871862883 0.8353665659441003 0.5284961516437344 0.0 0.0 0.0 0.0 0.0 0.0
0.872153198769862 31.5421454950565 25.655651621964168 0.929677308887279 -0.3018408481056666 0.21116866186761396 0.15117710871862883 0.8353665659441003 0.5284961516437344 0.0 0.0 0.0 0.0 0.0 0.0
0.9188501376138911 31.671707893978294 26.17499551843989 0.9500544466880944 0.024879916729302246 -0.3110908839418499 0.15117710871862883 0.8353665659441003 0.5284961516437344 0.0 0.0 0.0 0.0 0.0 0.0
1.182112017473977 31.806941670701384 26.623426238132577 0.609490016128815 0.3421483852287841 -0.7151618017795917 0.15117710871862883 0.8353665659441003 0.5284961516437344 0.0 0.0 0.0 0.0 0.0 0.0
1.584307165688257 32.020168182603086 26.90883580260701 0.0373701383125456 0.5294289617639065 -0.8475307942535732 0.15117710871862883 0.8353665659441003 0.5284961516437344 0.0 0.0 0.0 0.0 0.0 0.0
1.995020838106735 32.35407804299738 27.001050695863743 -0.5489472798440534 0.5155706241447148 -0.6579086680313941 0.15117710871862883 0.8353665659441003 0.5284961516437344 0.0 0.0 0.0 0.0 0.0 0.0
2.2806019608121098 32.805512243387916 26.9432952875416 -0.9267104484788146 0.30583838653178874 -0.21833603917774513 0.15117710871862883 0.8353665659441003 0.5284961516437344 0.0 0.0 0.0 0.0 0.0 0.0
2.3549394076277537 33.32666231361159 26.83577017221893 -0.9524008239640231 -0.020086967469703593 0.3041861013434376 0.15117710871862883 0.8353665659441003 0.5284961516437344 0.0 0.0 0.0 0.0 0.0 0.0
2.2121770566534633 33.84323355896851 26.79758428826873 -0.6162582031326755 -0.33838094669326885 0.7111428562438438 0.15117710871862883 0.8353665659441003 0.5284961516437344 0.0 0.0 0.0 0.0 0.0 0.0
1.9289386288844876 34.28267085687953 26.921503440775453 -0.04598878764351905 -0.5281183468403303 0.8479245503827065 0.15117710871862883 0.8353665659441003 0.5284961516437344 0.0 0.0 0.0 0.0 0.0 0.0
1.6352170555251326 34.60172356101102 27.238707021221902 0.5417525371629365 -0.5172147573548572 0.6625655312886993 0.15117710871862883 0.8353665659441003 0.5284961516437344 0.0 0.0 0.0 0.0 0.0 0.0
1.464987990058337 34.80287714492929 27.70694243537326 0.9236730154817931 -0.30981263418067545 0.22548678935317024 0.15117710871862883 0.8353665659441003 0.5284961516437344 0.0 0.0 0.0 0.0 0.0 0.0
1.5053102175340287 34.933408929137805 28.22657757025263 0.9546746722298373 0.015292488509761847 -0.29725815379570397 0.15117710871862883 0.8353665659441003 0.5284961516437344 0.0 0.0 0.0 0.0 0.0 0.0
1.7632505665833933 35.0674266365833 28.678452699621026 0.6229794596884268 0.3345877391385674 -0.7070697544262918 0.15117710871862883 0.8353665659441003 0.5284961516437344 0.0 0.0 0.0 0.0 0.0 0.0
2.1631991030708115 35.27771362969325 28.969151256219966 0.054603934750260485 0.5267675136599484 -0.8482537337744551 0.15117710871862883 0.8353665659441003 0.5284961516437344 0.0 0.0 0.0 0.0 0.0 0.0
2.575594608202667 35.60807729411675 29.06649034751468 -0.5345165379286343 0.5188195026587483 -0.6671719376155705 0.15117710871862883 0.8353665659441003 0.5284961516437344 0.0 0.0 0.0 0.0 0.0 0.0
1.714168586788212 10.950873741000034 0.12798922770448323 -0.24765235512461886 0.8484725149880812 0.4677207524913024 0.8957617549842494 0.016575804620904064 0.4442253043318304 0.0 0.0 0.0 0.0 0.0 0.0
2.164956236272239 11.240146523104743 0.08559990446824622 -0.4170740056993307 0.37711893303877364 0.8269404961142075 0.8957617549842494 0.016575804620904064 0.4442253043318304 0.0 0.0 0.0 0.0 0.0 0.0
2.520671853033852 11.615383577861706 0.23171169334096264 -0.42804226840335136 -0.23750843666428811 0.8719917195555237 0.8957617549842494 0.016575804620904064 0.4442253043318304 0.0 0.0 0.0 0.0 0.0 0.0
2.778815221244552 11.936480577007831 0.5765940221236192 -0.27639011685585024 -0.7619023803492864 0.5857587098136063 0.8957617549842494 0.016575804620904064 0.4442253043318304 0.0 0.0 0.0 0.0 0.0 0.0
2.973955453621333 12.083901904580042 1.0550000672392115 -0.019732738918485086 -0.9968368714110973 0.07698617285012954 0.8957617549842494 0.016575804620904064 0.4442253043318304 0.0 0.0 0.0 0.0 0.0 0.0
3.164597607540754 12.004094235948578 1.550955112878364 0.24442143644781367 -0.8530563688001142 -0.46103469831928123 0.8957617549842494 0.016575804620904064 0.4442253043318304 0.0 0.0 0.0 0.0 0.0 0.0
3.4109556355891857 11.72983234120767 1.9418172845291588 0.41571582159909476 -0.3851854893400595 -0.8239007795080959 0.8957617549842494 0.016575804620904064 0.4442253043318304 0.0 0.0 0.0 0.0 0.0 0.0
3.7520760982516483 11.367767402051818 2.1448712475670084 0.42907281572699146 0.2290237974782372 -0.8737531796753351 0.8957617549842494 0.016575804620904064 0.4442253043318304 0.0 0.0 0.0 0.0 0.0 0.0
4.1910037227598735 11.057908444737373 2.1487531458051823 0.27941787344528296 0.7562231145608536 -0.5916521385097815 0.8957617549842494 0.016575804620904064 0.4442253043318304 0.0 0.0 0.0 0.0 0.0 0.0
4.693624660311848 10.920430570181669 2.0177679204536907 0.023607409423994148 0.9961206270455687 -0.08477255802811834 0.8957617549842494 0.016575804620904064 0.4442253043318304 0.0 0.0 0.0 0.0 0.0 0.0
5.201626907584829 11.010018423903983 1.8674587878323166 -0.24117190413230744 0.8575752590669212 0.45431353457001467 0.8957617549842494 0.016575804620904064 0.4442253043318304 0.0 0.0 0.0 0.0 0.0 0.0
5.654654011722366 11.295090584914245 1.8207104397111733 -0.4143259791295353 0.3932227122750259 0.8207983196677634 0.8957617549842494 0.016575804620904064 0.4442253043318304 0.0 0.0 0.0 0.0 0.0 0.0
6.01323549588054 11.66979787556037 1.9610630943847527 -0.4300706874944914 -0.22052171724330674 0.8754481001076412 0.8957617549842494 0.016575804620904064 0.4442253043318304 0.0 0.0 0.0 0.0 0.0 0.0
6.273782353292151 11.994237233822158 2.3009741710238827 -0.2824243512818429 -0.7504862594544103 0.5975005106049347 0.8957617549842494 0.016575804620904064 0.4442253043318304 0.0 0.0 0.0 0.0 0.0 0.0
6.469950570942571 12.147603225627229 2.777085507855788 -0.02748028213387612 -0.9953285242376528 0.09255248744760292 0.8957617549842494 0.016575804620904064 0.4442253043318304 0.0 0.0 0.0 0.0 0.0 0.0
6.659854657415906 12.074084049014271 3.2742941871135427 0.2379040056425663 -0.8620288416575127 -0.44755777308614436 0.8957617549842494 0.016575804620904064 0.4442253043318304 0.0 0.0 0.0 0.0 0.0 0.0
6.903988969461125 11.804065370821705 3.669482057913885 0.4129045841325368 -0.40122998977802893 -0.8176333528575384 0.8957617549842494 0.016575804620904064 0.4442253043318304 0.0 0.0 0.0 0.0 0.0 0.0
7.2422448944514155 11.442586303834519 3.878290380203482 0.43103580771405214 0.2120028434258237 -0.877076351777689 0.8957617549842494 0.016575804620904064 0.4442253043318304 0.0 0.0 0.0 0.0 0.0 0.0
7.678755445372686 11.129433291676929 3.887169120508107 0.2854093214106022 0.7446922519136838 -0.603303380722888 0.8957617549842494 0.016575804620904064 0.4442253043318304 0.0 0.0 0.0 0.0 0.0 0.0
8.18032506008992 10.986032901774836 3.7585248361939825 0.031351062113879155 0.9944606233090452 -0.10032536863683672 0.8957617549842494 0.016575804620904064 0.4442253043318304 0.0 0.0 0.0 0.0 0.0 0.0
8.689041150402474 11.06931984224679 3.6070113809423483 -0.23461798984171284 0.8664167774143317 0.4407679283450633 0.8957617549842494 0.016575804620904064 0.4442253043318304 0.0 0.0 0.0 0.0 0.0 0.0
9.144276062548345 11.350106514392184 3.555970988825754 -0.41145174485283154 0.40920671206388526 0.814406120101897 0.8957617549842494 0.016575804620904064 0.4442253043318304 0.0 0.0 0.0 0.0 0.0 0.0
9.505720536508665 11.724171869428247 3.690574497411712 -0.4319681028880326 -0.20346782477101144 0.8786378106878099 0.8957617549842494 0.016575804620904064 0.4442253043318304 0.0 0.0 0.0 0.0 0.0 0.0
9.768697867823763 12.051856727405633 4.025463522590335 -0.28837255651452914 -0.7388415331747811 0.6090603069526155 0.8957617549842494 0.016575804620904064 0.4442253043318304 0.0 0.0 0.0 0.0 0.0 0.0
9.965940665807718 12.211122634648149 4.499187863902916 -0.03521945458912175 -0.993516990353762 0.10809060966082334 0.8957617549842494 0.016575804620904064 0.4442253043318304 0.0 0.0 0.0 0.0 0.0 0.0
10.155155188009902 12.143916312678465 4.997551463088758 0.23131410697257232 -0.8707387321790815 -0.43394451741973644 0.8957617549842494 0.016575804620904064 0.4442253043318304 0.0 0.0 0.0 0.0 0.0 0.0
10.397097768174792 11.878225069310727 5.3969973958746875 0.4099675719297553 -0.4171522716743097 -0.8111168671671085 0.8957617549842494 0.016575804620904064 0.4442253043318304 0.0 0.0 0.0 0.0 0.0 0.0
