t = 100000
b = 30 30 30
E = -0.359721548620149 -0.505164022412303 0.145442473792154
-6.01617846792382 27.0308782710034 6.6315585437669 0.517651176421905 0.852170264836879 -0.0764392904195671 0.814872752861016 -0.518277130979927 -0.259559433640237 -0.857019277030931 0.441193973345623 -0.444631577789424 0.692407421847922 0.257388576073263 -0.0361248210729027
-5.64548016796056 27.0522962996405 6.24033560265853 0.600441414415856 0.411454051241365 0.685693506146798 0.796726150846339 -0.23431663642403 -0.557066479314283 0.23338482798047 0.426985919439802 0.165218154692561 -0.519289099444019 -0.403328604859045 -0.886668173143199
-5.21796868201838 27.2612983317212 5.99290269797246 0.393781390457252 -0.29580538429666 0.870307588979273 0.892546703623721 -0.103317540010455 -0.438959920685201 0.156898461165922 0.513177965886455 0.157044100253089 -0.0698081873471757 -0.0708880003673967 0.147326169112495
-4.82434954691347 27.8119367569019 5.03741506606276 0.360915013698435 0.932235891725063 -0.0260071125920751 0.899826173058772 -0.340768896501777 0.272377095086547 0.114745042087932 -0.351669586598499 0.20281524270212 -0.218548880403246 0.179758927056926 -0.166695529207272
-4.39737421078 27.6624803415348 4.81068376740251 0.102998596345426 0.688264180144458 0.718111137158554 0.929739500113665 -0.323204201892805 0.176418409526403 -0.0455634208453137 -0.593541056194355 -0.259857907543456 0.169657904352876 0.26954869977036 0.135076909541397
-3.93993637612308 27.7353993793862 4.90426716652703 -0.323055186185821 0.0674736014472608 0.943971723058236 0.792777489182589 -0.525454683086982 0.308870714386487 0.388578783761362 0.0590602137686181 0.0249781595653564 -0.681592882196583 -0.0803312404556441 0.105379986755262
-3.56455530740049 27.7926282227123 5.21638402155584 -0.564390516203609 -0.602655558146533 0.564153806787857 0.825386266132969 -0.423697693476294 0.373118838005157 -0.218059095042617 0.361309823899218 -0.0214576464082804 0.551087035543576 0.443212136862766 -0.0459309272502122
-3.17800264890566 27.716722736236 5.61660436652213 -0.779540596018134 -0.574969518570138 0.248448045764294 0.621624701928884 -0.661551296249112 0.419443102458835 0.286978645009386 0.148958060727289 -0.226827085563055 0.079787117284649 -0.264310984330107 8.96837663281564e-05
-2.10890890550687 28.7765913340945 5.97653787486803 0.484401953083878 0.854685577005869 0.186727350916326 -0.802920530113943 0.519084424202896 -0.293035542374442 0.464895279576985 -0.581058872283948 0.182602076462358 -0.122293797791594 0.0741646449409493 0.0451694621323058
-2.42369761986716 29.1508612284072 6.14254696778807 0.565763773648158 0.540171222787686 -0.622997849959876 -0.794593216808225 0.559018050535117 -0.236897384087356 0.532299459834008 -0.0191144396797938 0.0153691215490746 0.066823796332292 0.187582908427019 0.48223519702743
-2.28806207782198 28.960619457447 6.89360861106025 0.421430807497998 -0.59956124834132 -0.680383932368303 0.582666681924387 -0.395890701014352 0.709767576494328 -0.12141193982744 0.717359539111753 0.0169021689122377 0.0102106428299195 0.166532646925967 -0.272667956687992
-2.22794194080802 28.5373968078857 7.09334121024361 0.893635631222902 0.407567302234715 -0.187893952270034 0.324305690319004 -0.297036508811002 0.898106380227506 0.260166607606999 0.362762764362446 -0.278898521743852 -0.127238422658295 0.188403411585641 -0.326752358721825
-1.91259901364161 28.1998611551814 7.21106011021932 0.308523760372431 0.839633074627424 0.447022668742039 0.311814207352859 -0.533253391694668 0.786392152364318 -0.416079825401522 0.22255254787054 0.0625182310916523 -0.278266775299375 -0.357694944037239 0.0495455285389222
-2.10837346206311 27.4658496239771 8.04567789917075 0.427747511308899 -0.0591957958943681 0.901957761973116 0.885331011498837 -0.173774109953985 -0.431267241611491 0.140371581158833 0.299697578019342 0.0762989886498636 0.0525821903134311 0.325012475821519 -0.0135383952510057
-1.60335525230757 26.7932858024442 7.87069678946249 0.849676242731738 -0.260264277116336 -0.458598663833593 -0.0939169534785362 -0.930492177634377 0.354067500996446 -0.202816180116341 0.0105646817158261 0.38651628469481 0.0475327928224885 0.123002578854343 0.120194062942006
-1.69339536048856 26.3001481988242 7.73694260271145 0.995849422632851 0.00481184951681607 0.0908882225092023 -0.00405271177692768 -0.995266609779748 0.0970968995220677 0.221949887763274 -0.154908996178572 -0.419707789483551 -0.0116344220023144 0.0264224422207038 0.113806181781125
-1.93989970813605 25.7432382580137 7.55638105959305 -0.393053082104338 -0.274233985306657 0.877670173248284 -0.918911109163519 0.0825381750670469 -0.385732707783429 -0.198652516741519 -0.145274118910133 0.404717141546456 0.3068551514163 -0.0734716116904273 -0.133057698083218
-2.27381393485587 25.4254596884304 7.37063035301729 -0.379030674449854 0.619481784655511 0.687443060080497 -0.912461272641399 -0.126475997620953 -0.389124904829881 0.379142506970259 0.0745975275839526 0.480983415225255 -0.0107364955951734 -0.324736372674957 -0.245199604704086
-3.04764719726692 25.569675113773 7.23027949229799 -0.554142316785202 0.400802866076005 0.729577422679229 -0.664996004743778 -0.740339430952907 -0.0983750642653463 -0.067501871779759 0.198615444998216 0.691725287016163 0.362393642822592 -0.0622313131350906 0.737361920874185
-2.43677818888305 25.9070793511998 6.37615476738979 0.998788712066485 -0.0231019915227604 -0.0434438578888395 0.000678320776283799 0.88930745068496 -0.457309176142246 -0.11634343914925 -0.641044951805013 0.250518138455146 -0.0466564814700252 0.317652694962173 -0.610424137915558
-2.96822815004667 26.2852791326698 5.86697256162978 0.0829278695479776 0.67936023521607 0.729103937211152 -0.808187710792728 0.473899793536849 -0.349644826209833 -0.613431860352346 0.587779863471975 0.127692002704821 -0.801406409972451 -0.284840384299507 0.00903864238016324
-3.46308643669631 26.5769165190825 5.93699363871029 0.246811328368432 0.956531681240225 0.155342077777129 -0.820597734360542 0.291563184229997 -0.491538573445396 0.0664245063068655 -0.247342426848104 -0.0465252420724375 -0.1430824775185 -0.219528312155257 0.106537687648389
-3.92093035676993 26.6670761152431 5.65531381502004 0.48204540091418 0.837577486590378 0.257091556363919 -0.740857379350181 0.546314310922292 -0.390731280710513 0.0178870222936278 0.326436666715842 0.17924199828652 -0.167670032781375 -0.288699054421861 0.657975242829305
-4.29466526932929 27.0180595723947 5.77840454755177 0.703353722369839 0.61408272039911 -0.35804439243972 -0.710235699533045 0.627862784304422 -0.318360497379842 0.547861367384226 -0.0753980535328482 -0.158777731378687 0.0493025522811259 0.199729531396602 0.0274799592714401
-4.48162949535361 27.3895184422272 5.7184658171486 0.289931398806849 -0.238898372585577 -0.926750919757546 -0.771042453539196 0.515335888334535 -0.374062014083526 -0.353406071528062 -0.155073398052272 -0.530473633273105 0.165325577405917 -0.242667177924791 0.243915916107512
-9.1013418135401 28.0987271945689 8.6151917584319 -0.20313801397941 -0.777660146425887 0.59496178857539 0.976304939047451 -0.114579759214043 0.183575714498139 0.278377728306456 0.578886674324754 0.0020037920963371 -0.117869230832392 0.270141509622737 0.0621834198232372
-9.98190870941781 28.0441348669013 8.56133069774848 -0.752632830910909 0.530205866940014 0.390416977484824 -0.333587953738254 0.204164544925781 -0.920345481087801 -0.190907977403736 0.0161952051188884 -0.11729617286921 0.264156473764703 0.00103938104693889 -0.163894250662472
-9.38890801328521 27.6294255657683 8.03998446509285 0.708282978261058 0.435401508853892 0.555662317134727 0.587892371654366 -0.799555339873285 -0.12285612480184 -0.313033994756288 0.450563976366837 0.386649366415638 0.0877921869767259 0.210294095316833 0.403745511134966
-8.91699098654356 27.4933114524026 7.89327389454414 0.196239280224752 0.177772199061585 0.964306549208941 0.756558093155233 -0.65306425096132 -0.033567895478346 0.386699448303138 0.158144882286441 -0.116769056526448 0.696240856295401 0.0429474834616656 -0.079036046749216
-8.84443507756764 27.9628580748196 6.96985158891504 -0.00196109137119183 0.849672327939409 0.527307193887732 0.990771251101946 -0.0698153157092655 0.116181119981107 0.223265985160277 -0.196071319976571 0.515085624753379 -0.126930509389802 -0.0472374064443487 0.404023815967172
-8.29843821603521 27.1878999009539 7.1973476315046 0.0800870524395726 0.256209479162223 0.963297830820856 0.265168325779899 -0.937055489493497 0.22718412294156 -0.51559603500705 -0.442589599637383 0.123694528441771 0.565019627385836 0.0873129856755106 -0.219472465476106
-7.8960848802624 28.0701325504987 6.684982008643 0.235453345363922 0.886034424391201 -0.399380175503147 0.0196237675969879 0.406515312114888 0.913433131159728 0.337206750525775 0.207775568314556 -0.587073363447915 -0.210455114264553 -0.597619144983724 0.282633013554685
-7.94913616897902 28.2940053352092 5.88934867903464 -0.558700553588021 0.580993169388478 -0.591861870167113 -0.168575886892892 -0.778283595862847 -0.604860834337327 -0.0667717444791728 0.505962035522884 -0.271914208511535 0.276983542576967 0.392023094123069 0.471206481683553
-8.25318652217234 27.9212075862562 5.73687752250533 0.0483948794751872 0.488855539009571 -0.871021301226483 -0.163820932200991 -0.856349183782861 -0.489723017957632 0.587235153120943 -0.259405976238929 0.0717901623206744 -0.0309613785319411 -0.156111957910462 0.416786206138744
-8.91627110410633 28.5208977678505 6.38136899700053 -0.909906003879536 0.193906773256663 0.366703040393912 0.17729976818464 0.980997072209919 -0.0787991263680586 0.0343420602932906 0.499571393472616 0.114589806171969 -0.350281968059718 0.405862741888526 0.0739025916958095
-9.01473862411373 28.978676495289 6.17813580475671 -0.350469211269938 0.00222368146247098 0.936571584223008 0.134288379540054 0.989783788790167 0.0479012834576959 0.108290524976099 -0.134763461207663 -0.345322987875227 -0.0250584383043252 0.00734574607191925 0.169326719317631
-9.63016320160251 28.8125073964127 5.36095903158985 -0.724584682930789 -0.307979197197497 0.616543372406226 0.162573847131136 0.792968874070239 0.587171126512083 -0.160785364334117 -0.0022914819058409 0.516250490513998 -0.290515778258252 0.192897485230894 -0.0169238115586443
-9.74905376751371 29.2401209255668 5.50730532662924 0.081730060654295 -0.626166042904224 0.775394172562649 0.229977067932141 0.76884993137733 0.596640718216057 -0.347951044357811 0.182342719318398 0.380110978799098 -0.528176618425317 -0.0498256688265355 0.237160896115664
-10.313687662716 30.1985452450706 4.75846338093073 -0.914506031757901 -0.0225074127201783 -0.403945584742828 -0.266515117492672 -0.717674478879451 0.64336063874833 0.196727577858274 0.10364437308648 -0.0643365244304256 -0.219855562967264 -0.458999194841545 -0.156960028529465
-9.65604444527234 29.8456869014165 4.18530891943098 0.712793928624345 0.422272951505815 -0.560009136809215 -0.362669004246921 -0.461511903570827 -0.809615833830343 -0.657433916846839 0.463048261913162 -0.045585644457128 -0.0409193639771081 0.268917317302103 -0.380628149675779
-9.98447274576631 29.7855902694183 3.78762992400714 0.890386110738657 -0.435263917701031 -0.133258340631596 -0.436984703918818 -0.735303062149956 -0.518047934138149 0.370663520962958 0.60867113519916 -0.554770828850504 -0.404378171155598 0.172948142533042 0.182149578874734
-10.0127261630964 29.5302269708699 3.31043058551397 0.504316502642407 -0.687235748777479 0.522849624200591 -0.354460858645242 -0.716877288841674 -0.600370125845942 -0.386174598411456 -0.365784961553049 -0.0130956690170526 -0.269927663204674 -0.317324637185546 0.409767959868667
-9.3992385855514 30.2556209827546 3.21737280453533 0.401063208960898 0.787109666114127 0.468621902288013 -0.659749012424827 -0.106710836631482 0.743870902953611 -0.0249920146518582 0.617918388004223 -0.393339541964854 0.644268392222647 0.211004021343245 0.0297034895519257
-8.78176139904074 29.9909704514129 3.55626653251072 0.0389477734326163 0.024464256884989 0.998941692014542 0.979882013650015 -0.196765131246773 -0.0333858434063931 -0.394198710792529 0.701012868820235 -0.032052471960184 -0.143979395591135 -0.209801810757925 0.328221124952345
-8.35103798037739 30.1569638126786 3.69142484412989 -0.131809082447352 -0.529756881196377 0.837844760463288 0.981978742357011 -0.185264908571425 0.0373438406444949 -0.0424250810758336 -0.142395922931442 0.068287376778397 -0.148386026703158 0.0304860373963891 -0.0372001689115834
-7.94453011633757 30.1448673906297 2.99332525727386 -0.402451551324033 -0.756108550467454 0.516074117383446 0.913832035659134 -0.298409083860977 0.275432255035154 0.378543257529331 -0.248837621085704 0.0634816809191572 0.0176839708697671 -0.403438077023793 0.833885766635586
-7.69787091279173 30.0506873098863 3.39457171934308 -0.212228935352715 -0.935521132078887 -0.282416157236512 0.861039501126631 -0.315688464504097 0.398687405025556 -0.303961700091231 0.0873865624258821 0.181581893307797 -0.100759549416911 0.114737944089718 -0.169820573001092
-7.53355800657236 29.6318907126315 3.78016415656692 0.348286345492943 -0.218997217881153 -0.911447595098474 0.78008279192878 -0.47143571788552 0.411362441718095 0.644035268901986 0.302411017499955 0.185640153292256 0.322310982950413 0.324280995273519 0.0455740653316671
-7.10087129391288 29.1430150787579 4.79844401166502 0.804654106672493 -0.500197259138742 0.319897408429861 0.262953851528094 0.783276231277712 0.563323603583715 0.543036672795193 -0.446061890422614 -0.250552364302564 -0.160526510068998 0.759871384934301 -0.339146936269195
-8.13286577358006 28.5612364358653 4.28753948470313 -0.485165129220647 -0.846188261616576 -0.220408761040335 0.874012434012597 -0.476998005403002 -0.0926015066062146 0.115475642990733 0.332637633798553 0.29182380488204 0.0923253353129842 0.430220967572714 0.684702952538369
-7.85625723363167 28.1060746678376 4.35750251996627 -0.158964249053616 -0.301050309205001 -0.940265399881505 0.938701196956995 -0.341164101165193 -0.0494672787131562 0.446117489844421 -0.394853300735904 -0.0381796207708098 -0.464223274315915 -0.153629094680998 0.491653957446847
-7.87416539199647 27.3344914096134 5.21617839927981 -0.814767255275057 -0.566188916839855 0.124837021840453 0.0154139718293988 -0.236391741026634 -0.97153550929727 0.241486018562499 -0.342426899574436 -0.512409290665398 0.127330283267755 -0.0147308648796896 -0.235094352008343
