#id1 id2 FENE BEXC STCK NEXC HB CRSTCK CXSTCK total, t = 100000
0 1 0.0344123 0 -0.939342 0 0 0 0 -0.90493
1 2 0.0105574 0 -1.32335 0 0 0 0 -1.31279
2 3 0.0123418 0 0 0 0 0 0 0.0123418
3 4 0.000404657 0 -1.20174 0 0 0 0 -1.20134
4 5 0.0363386 0 -1.13728 0 0 0 0 -1.10094
5 6 0.00362547 0 -1.34838 0 0 0 0 -1.34475
6 7 0.0254957 0 -0.705542 0 0 0 0 -0.680046
7 8 0.126976 0 0 0 0 0 0 0.126976
8 9 0.0135324 0 -1.38088 0 0 0 0 -1.36734
9 10 0.133473 0 -0 0 0 0 0 0.133473
10 11 0.118445 0 -1.06675 0 0 0 0 -0.9483
11 12 0.00148843 0 -1.27253 0 0 0 0 -1.27104
12 13 0.0238209 0 0 0 0 0 0 0.0238209
13 14 0.00785515 0 0 0 0 0 0 0.00785515
14 15 0.0274332 0 -1.22741 0 0 0 0 -1.19997
15 16 0.00535356 0 0 0 0 0 0 0.00535356
16 17 0.00201995 0 -1.18755 0 0 0 0 -1.18553
17 18 0.000390033 0 -0 0 0 0 0 0.000390033
18 19 0.00106374 0 0 0 0 0 0 0.00106374
19 20 0.131752 0 0 0 0 0 0 0.131752
7 21 0 0 0 0 0 -0.0974815 0 -0.0974815
20 21 0.145016 0 -0.481806 0 0 0 0 -0.33679
7 22 0 0 0 0 0 -0.0138925 0 -0.0138925
6 22 0 0 0 0 0 -0.117712 0 -0.117712
21 22 0.169211 0 -0.911689 0 0 0 0 -0.742478
7 23 0 0 0 0 -0.00643467 -0.00562131 0 -0.012056
6 23 0 0 0 0 -0.623551 0 -0 -0.623551
5 23 0 0 0 0 0 -0.158201 0 -0.158201
22 23 0.00361294 0 -1.34059 0 0 0 0 -1.33698
6 24 0 0 0 0 0 -0.0599198 0 -0.0599198
5 24 0 0 0 0 0 -0.00246824 -0 -0.00246824
23 24 0.00648539 0 -0.895489 0 0 0 0 -0.889004
25 26 0.289616 0 0 0 0 0 0 0.289616
26 27 0.0487818 0 0 0 0 0 0 0.0487818
27 28 0.000861808 0 -1.17994 0 0 0 0 -1.17908
28 29 0.0225285 0 0 0 0 0 0 0.0225285
29 30 0.000879475 0 0 0 0 0 0 0.000879475
30 31 0.0203678 0 0 0 0 0 0 0.0203678
31 32 0.131635 0 -0 0 0 0 0 0.131635
32 33 0.212459 0 -1.15605 0 0 0 0 -0.943593
33 34 0.0166516 0 0 0 0 0 0 0.0166516
34 35 0.000585505 0 -1.39439 0 0 0 0 -1.39381
35 36 0.109085 0 0 0 0 0 0 0.109085
36 37 0.0241697 0 -1.32484 0 0 0 0 -1.30067
37 38 0.0185571 0 0 0 0 0 0 0.0185571
38 39 0.00404377 0 0 0 0 0 0 0.00404377
39 40 9.11368e-05 0 -0.701901 0 0 0 0 -0.70181
40 41 0.00295666 0 -1.29149 0 0 0 0 -1.28854
41 42 0.108056 0 0 0 0 0 0 0.108056
42 43 0.00731787 0 -0 0 0 0 0 0.00731787
43 44 0.138161 0 -1.26709 0 0 0 0 -1.12893
44 45 0.00584463 0 -0 0 0 0 0 0.00584463
44 46 0 0 0 0.109079 0 0 0 0.109079
45 46 0.00215791 0 -1.31653 0 0 0 0 -1.31437
46 47 0.569457 0 -1.33052 0 0 0 0 -0.761067
47 48 0.0577322 0 0 0 0 0 0 0.0577322
48 49 0.00194098 0 0 0 0 0 0 0.00194098
49 50 0.00911889 0 -0.856004 0 0 0 0 -0.846885
50 51 0.102593 0 0 0 0 0 0 0.102593
#Total energy per particle is  -0.505164 and should be -0.50516410

