        0.0000  -1.016306   0.285325  -0.730981 
        0.5000  -0.894507   0.914352   0.019845 
        1.0000  -0.839098   2.195758   1.356660 
        1.5000  -0.739105   2.492452   1.753347 
        2.0000  -0.690185   1.579489   0.889304 
        2.5000  -0.699294   0.903061   0.203767 
        3.0000  -0.701167   1.546881   0.845715 
        3.5000  -0.701567   2.364050   1.662483 
        4.0000  -0.704747   2.191186   1.486438 
        4.5000  -0.681880   1.213069   0.531189 
        5.0000  -0.682972   0.908031   0.225059 
        5.5000  -0.662925   1.653041   0.990116 
        6.0000  -0.662191   2.186004   1.523814 
        6.5000  -0.630891   1.722994   1.092103 
        7.0000  -0.603663   0.846109   0.242446 
        7.5000  -0.626660   0.924900   0.298241 
        8.0000  -0.611781   1.696629   1.084848 
        8.5000  -0.628015   1.911511   1.283496 
        9.0000  -0.571122   1.381716   0.810594 
        9.5000  -0.574860   0.936112   0.361251 
       10.0000  -0.577510   1.196256   0.618745 
       10.5000  -0.569676   1.696649   1.126973 
       11.0000  -0.587920   1.690036   1.102117 
       11.5000  -0.554866   1.056668   0.501802 
       12.0000  -0.606694   0.788900   0.182206 
       12.5000  -0.625397   1.242031   0.616635 
       13.0000  -0.595145   1.653752   1.058606 
       13.5000  -0.579116   1.436256   0.857139 
       14.0000  -0.577515   0.702404   0.124889 
       14.5000  -0.591806   0.585143  -0.006663 
       15.0000  -0.590046   1.206206   0.616160 
       15.5000  -0.593945   1.677745   1.083799 
       16.0000  -0.576371   1.219625   0.643254 
       16.5000  -0.568029   0.539973  -0.028056 
       17.0000  -0.585741   0.762997   0.177256 
       17.5000  -0.596174   1.466693   0.870520 
       18.0000  -0.581165   1.508853   0.927688 
       18.5000  -0.562092   0.998965   0.436874 
       19.0000  -0.578071   0.712569   0.134498 
       19.5000  -0.584788   1.090127   0.505339 
       20.0000  -0.591142   1.461185   0.870042 
       20.5000  -0.598525   1.304676   0.706152 
       21.0000  -0.564505   0.611440   0.046935 
       21.5000  -0.565220   0.547836  -0.017384 
       22.0000  -0.554949   1.144089   0.589140 
       22.5000  -0.588423   1.439298   0.850875 
       23.0000  -0.568339   1.005747   0.437408 
       23.5000  -0.597920   0.459816  -0.138104 
       24.0000  -0.580999   0.633834   0.052835 
       24.5000  -0.544443   1.202588   0.658145 
       25.0000  -0.558348   1.278924   0.720575 
       25.5000  -0.574654   0.806139   0.231485 
       26.0000  -0.578287   0.403101  -0.175186 
       26.5000  -0.544525   0.709051   0.164526 
       27.0000  -0.549760   1.202598   0.652837 
       27.5000  -0.535846   1.108976   0.573130 
       28.0000  -0.546622   0.646396   0.099773 
       28.5000  -0.549254   0.444873  -0.104381 
       29.0000  -0.583181   0.864129   0.280948 
       29.5000  -0.579019   1.169974   0.590955 
       30.0000  -0.555034   1.006262   0.451228 
       30.5000  -0.583115   0.576651  -0.006464 
       31.0000  -0.558016   0.463672  -0.094344 
       31.5000  -0.547925   0.853945   0.306020 
       32.0000  -0.559402   1.089118   0.529715 
       32.5000  -0.571905   0.892064   0.320159 
       33.0000  -0.568019   0.458064  -0.109955 
       33.5000  -0.537477   0.452257  -0.085220 
       34.0000  -0.557029   0.844295   0.287266 
       34.5000  -0.553808   0.851700   0.297892 
       35.0000  -0.549403   0.641673   0.092271 
       35.5000  -0.527709   0.379543  -0.148166 
       36.0000  -0.535222   0.507115  -0.028107 
       36.5000  -0.581071   0.788985   0.207914 
       37.0000  -0.538314   0.769674   0.231361 
       37.5000  -0.548657   0.580885   0.032228 
       38.0000  -0.561025   0.413046  -0.147978 
       38.5000  -0.552164   0.527985  -0.024180 
       39.0000  -0.547038   0.736358   0.189320 
       39.5000  -0.552522   0.742941   0.190419 
       40.0000  -0.551915   0.564647   0.012732 
       40.5000  -0.544838   0.454109  -0.090729 
       41.0000  -0.556219   0.601593   0.045374 
       41.5000  -0.549290   0.730365   0.181075 
       42.0000  -0.556125   0.699446   0.143322 
       42.5000  -0.559130   0.507841  -0.051289 
       43.0000  -0.556771   0.448777  -0.107995 
       43.5000  -0.564841   0.614559   0.049718 
       44.0000  -0.577873   0.720834   0.142961 
       44.5000  -0.571004   0.679445   0.108441 
       45.0000  -0.570087   0.515517  -0.054570 
       45.5000  -0.569642   0.482184  -0.087458 
       46.0000  -0.572652   0.612550   0.039897 
       46.5000  -0.568906   0.703079   0.134173 
       47.0000  -0.570967   0.660433   0.089467 
       47.5000  -0.580960   0.533698  -0.047263 
       48.0000  -0.586138   0.481294  -0.104844 
       48.5000  -0.585582   0.605362   0.019780 
       49.0000  -0.593950   0.704507   0.110557 
       49.5000  -0.572868   0.651266   0.078398 
       50.0000  -0.591521   0.474206  -0.117315 
       50.5000  -0.599223   0.428261  -0.170962 
       51.0000  -0.608235   0.615797   0.007563 
       51.5000  -0.576548   0.676757   0.100209 
       52.0000  -0.578922   0.629530   0.050608 
       52.5000  -0.567292   0.439820  -0.127473 
       53.0000  -0.591184   0.410699  -0.180485 
       53.5000  -0.612453   0.583208  -0.029245 
       54.0000  -0.568700   0.620461   0.051761 
       54.5000  -0.561714   0.547692  -0.014022 
       55.0000  -0.610456   0.475031  -0.135425 
       55.5000  -0.591821   0.469536  -0.122285 
       56.0000  -0.580935   0.584175   0.003240 
       56.5000  -0.588237   0.620383   0.032146 
       57.0000  -0.622196   0.620181  -0.002015 
       57.5000  -0.609773   0.535279  -0.074494 
       58.0000  -0.585890   0.506780  -0.079110 
       58.5000  -0.587496   0.578574  -0.008922 
       59.0000  -0.602726   0.617124   0.014398 
       59.5000  -0.580396   0.581352   0.000955 
       60.0000  -0.604368   0.577025  -0.027343 
       60.5000  -0.606416   0.570793  -0.035623 
       61.0000  -0.565439   0.544494  -0.020945 
       61.5000  -0.617839   0.617232  -0.000608 
       62.0000  -0.603656   0.602993  -0.000664 
       62.5000  -0.598755   0.569865  -0.028890 
       63.0000  -0.614338   0.556015  -0.058323 
       63.5000  -0.603764   0.552855  -0.050909 
       64.0000  -0.631887   0.616366  -0.015521 
       64.5000  -0.619747   0.625766   0.006019 
       65.0000  -0.634227   0.617474  -0.016753 
       65.5000  -0.590149   0.527144  -0.063005 
       66.0000  -0.616440   0.549092  -0.067348 
       66.5000  -0.588852   0.576293  -0.012559 
       67.0000  -0.597706   0.596827  -0.000880 
       67.5000  -0.593856   0.569415  -0.024441 
       68.0000  -0.595398   0.543651  -0.051746 
       68.5000  -0.557435   0.508984  -0.048450 
       69.0000  -0.566983   0.535891  -0.031092 
       69.5000  -0.580879   0.562054  -0.018825 
       70.0000  -0.570612   0.544653  -0.025959 
       70.5000  -0.565590   0.509047  -0.056542 
       71.0000  -0.593010   0.503775  -0.089235 
       71.5000  -0.555373   0.497796  -0.057577 
       72.0000  -0.583056   0.535467  -0.047589 
       72.5000  -0.582262   0.519124  -0.063138 
       73.0000  -0.569082   0.499866  -0.069216 
       73.5000  -0.577209   0.482501  -0.094707 
       74.0000  -0.569948   0.474949  -0.094999 
       74.5000  -0.569193   0.485807  -0.083386 
       75.0000  -0.578394   0.510827  -0.067567 
       75.5000  -0.572540   0.507360  -0.065180 
       76.0000  -0.589410   0.492143  -0.097266 
       76.5000  -0.591114   0.481281  -0.109833 
       77.0000  -0.580776   0.480001  -0.100775 
       77.5000  -0.574204   0.500456  -0.073748 
       78.0000  -0.558704   0.491422  -0.067282 
       78.5000  -0.574561   0.495220  -0.079340 
       79.0000  -0.529546   0.434100  -0.095446 
       79.5000  -0.586806   0.481192  -0.105614 
       80.0000  -0.586020   0.482647  -0.103373 
       80.5000  -0.596471   0.503207  -0.093264 
       81.0000  -0.600550   0.501049  -0.099501 
       81.5000  -0.582950   0.476373  -0.106577 
       82.0000  -0.588738   0.464137  -0.124601 
       82.5000  -0.597274   0.454692  -0.142582 
       83.0000  -0.611328   0.482021  -0.129307 
       83.5000  -0.606712   0.491345  -0.115367 
       84.0000  -0.607027   0.473925  -0.133102 
       84.5000  -0.612984   0.455864  -0.157120 
       85.0000  -0.609611   0.463713  -0.145898 
       85.5000  -0.631051   0.508848  -0.122203 
       86.0000  -0.604230   0.488949  -0.115281 
       86.5000  -0.598418   0.472110  -0.126308 
       87.0000  -0.604906   0.461681  -0.143225 
       87.5000  -0.601087   0.443170  -0.157918 
       88.0000  -0.619863   0.470656  -0.149207 
       88.5000  -0.598395   0.461436  -0.136959 
       89.0000  -0.604079   0.464286  -0.139794 
       89.5000  -0.643206   0.467907  -0.175299 
       90.0000  -0.599979   0.400119  -0.199860 
       90.5000  -0.636208   0.465432  -0.170775 
       91.0000  -0.607043   0.464633  -0.142410 
       91.5000  -0.658848   0.503471  -0.155376 
       92.0000  -0.667038   0.467726  -0.199312 
       92.5000  -0.670469   0.444730  -0.225740 
       93.0000  -0.650568   0.449482  -0.201085 
       93.5000  -0.642127   0.467611  -0.174516 
       94.0000  -0.657048   0.493951  -0.163098 
       94.5000  -0.646295   0.471863  -0.174432 
       95.0000  -0.645576   0.432023  -0.213553 
       95.5000  -0.682072   0.460394  -0.221679 
       96.0000  -0.650766   0.438921  -0.211846 
       96.5000  -0.642931   0.446442  -0.196490 
       97.0000  -0.656348   0.447527  -0.208820 
       97.5000  -0.627789   0.411499  -0.216290 
       98.0000  -0.639348   0.395941  -0.243407 
       98.5000  -0.639169   0.398497  -0.240672 
       99.0000  -0.669675   0.453607  -0.216068 
       99.5000  -0.679325   0.468483  -0.210842 
      100.0000  -0.648882   0.442157  -0.206725 
      100.5000  -0.684400   0.480527  -0.203873 
      101.0000  -0.640518   0.439755  -0.200763 
      101.5000  -0.661871   0.438515  -0.223356 
      102.0000  -0.624868   0.390050  -0.234818 
      102.5000  -0.631233   0.418227  -0.213006 
      103.0000  -0.688058   0.485023  -0.203035 
      103.5000  -0.646808   0.431570  -0.215238 
      104.0000  -0.640599   0.415668  -0.224931 
      104.5000  -0.644309   0.402542  -0.241767 
      105.0000  -0.650507   0.407447  -0.243060 
      105.5000  -0.651925   0.414154  -0.237771 
      106.0000  -0.638516   0.398135  -0.240381 
      106.5000  -0.672810   0.427067  -0.245743 
      107.0000  -0.661828   0.410981  -0.250846 
      107.5000  -0.684140   0.416096  -0.268043 
      108.0000  -0.640938   0.369574  -0.271364 
      108.5000  -0.620389   0.370363  -0.250027 
      109.0000  -0.678487   0.436205  -0.242282 
      109.5000  -0.632163   0.378305  -0.253858 
      110.0000  -0.611878   0.352170  -0.259708 
      110.5000  -0.666817   0.413749  -0.253068 
      111.0000  -0.566112   0.307705  -0.258407 
      111.5000  -0.601231   0.343000  -0.258231 
      112.0000  -0.659280   0.386045  -0.273235 
      112.5000  -0.649527   0.375750  -0.273777 
      113.0000  -0.625233   0.344450  -0.280783 
      113.5000  -0.690327   0.402149  -0.288178 
      114.0000  -0.651108   0.364304  -0.286805 
      114.5000  -0.668419   0.381037  -0.287381 
      115.0000  -0.677105   0.377883  -0.299222 
      115.5000  -0.678779   0.381152  -0.297627 
      116.0000  -0.682351   0.379448  -0.302903 
      116.5000  -0.651858   0.351764  -0.300094 
      117.0000  -0.675081   0.368935  -0.306146 
      117.5000  -0.673164   0.351531  -0.321633 
      118.0000  -0.658950   0.332297  -0.326653 
      118.5000  -0.663550   0.345775  -0.317775 
      119.0000  -0.667143   0.359434  -0.307709 
      119.5000  -0.670534   0.370735  -0.299799 
      120.0000  -0.626373   0.335215  -0.291158 
      120.5000  -0.631666   0.337313  -0.294352 
      121.0000  -0.666603   0.365011  -0.301592 
      121.5000  -0.657765   0.349790  -0.307975 
      122.0000  -0.657514   0.363459  -0.294055 
      122.5000  -0.635528   0.347371  -0.288157 
      123.0000  -0.634441   0.342002  -0.292439 
      123.5000  -0.646316   0.351599  -0.294717 
      124.0000  -0.667690   0.367183  -0.300507 
      124.5000  -0.646162   0.333700  -0.312461 
      125.0000  -0.629504   0.309378  -0.320126 
      125.5000  -0.677661   0.350837  -0.326825 
      126.0000  -0.656469   0.335620  -0.320850 
      126.5000  -0.632394   0.309885  -0.322509 
      127.0000  -0.693446   0.363575  -0.329871 
      127.5000  -0.667503   0.348980  -0.318523 
      128.0000  -0.669044   0.349598  -0.319446 
      128.5000  -0.644759   0.336454  -0.308306 
      129.0000  -0.681297   0.365890  -0.315407 
      129.5000  -0.684713   0.372963  -0.311750 
      130.0000  -0.699654   0.395243  -0.304411 
      130.5000  -0.647558   0.336033  -0.311525 
      131.0000  -0.674977   0.365623  -0.309354 
      131.5000  -0.683716   0.377380  -0.306336 
      132.0000  -0.665139   0.357686  -0.307453 
      132.5000  -0.671430   0.373305  -0.298125 
      133.0000  -0.643446   0.343535  -0.299911 
      133.5000  -0.684151   0.383239  -0.300912 
      134.0000  -0.644213   0.344396  -0.299817 
      134.5000  -0.643825   0.342573  -0.301252 
      135.0000  -0.655881   0.356820  -0.299061 
      135.5000  -0.678298   0.369389  -0.308908 
      136.0000  -0.695342   0.374757  -0.320585 
      136.5000  -0.665350   0.341629  -0.323721 
      137.0000  -0.671070   0.347831  -0.323239 
      137.5000  -0.703728   0.377956  -0.325772 
      138.0000  -0.724614   0.400948  -0.323666 
      138.5000  -0.702672   0.380523  -0.322149 
      139.0000  -0.683947   0.357070  -0.326877 
      139.5000  -0.673393   0.347074  -0.326320 
      140.0000  -0.699227   0.376652  -0.322575 
      140.5000  -0.691012   0.371598  -0.319413 
      141.0000  -0.677321   0.363233  -0.314089 
      141.5000  -0.698739   0.382694  -0.316045 
      142.0000  -0.664475   0.343751  -0.320724 
      142.5000  -0.669890   0.349560  -0.320330 
      143.0000  -0.684295   0.375305  -0.308990 
      143.5000  -0.678328   0.370845  -0.307483 
      144.0000  -0.696044   0.389069  -0.306974 
      144.5000  -0.647220   0.332533  -0.314687 
      145.0000  -0.690521   0.379878  -0.310643 
      145.5000  -0.672209   0.350036  -0.322174 
      146.0000  -0.679174   0.352383  -0.326791 
      146.5000  -0.681232   0.355659  -0.325573 
      147.0000  -0.676553   0.345572  -0.330982 
      147.5000  -0.673803   0.344941  -0.328863 
      148.0000  -0.729089   0.394480  -0.334608 
      148.5000  -0.725950   0.390989  -0.334961 
      149.0000  -0.702680   0.373676  -0.329004 
      149.5000  -0.668748   0.334996  -0.333751 
      150.0000  -0.708006   0.364775  -0.343231 
      150.5000  -0.666327   0.324911  -0.341417 
      151.0000  -0.681993   0.335628  -0.346365 
      151.5000  -0.702110   0.358474  -0.343636 
      152.0000  -0.708769   0.360568  -0.348202 
      152.5000  -0.695036   0.352824  -0.342212 
      153.0000  -0.701237   0.359957  -0.341280 
      153.5000  -0.705316   0.366815  -0.338501 
      154.0000  -0.701402   0.354054  -0.347348 
      154.5000  -0.702689   0.339722  -0.362968 
      155.0000  -0.693538   0.330152  -0.363387 
      155.5000  -0.699096   0.345226  -0.353871 
      156.0000  -0.709777   0.352949  -0.356828 
      156.5000  -0.686588   0.335451  -0.351137 
      157.0000  -0.733623   0.393991  -0.339632 
      157.5000  -0.704407   0.372562  -0.331845 
      158.0000  -0.682020   0.343937  -0.338083 
      158.5000  -0.702818   0.366736  -0.336083 
      159.0000  -0.696110   0.355335  -0.340776 
      159.5000  -0.703101   0.361566  -0.341535 
      160.0000  -0.700473   0.359176  -0.341296 
      160.5000  -0.709441   0.369668  -0.339774 
      161.0000  -0.661939   0.314766  -0.347173 
      161.5000  -0.674434   0.316553  -0.357881 
      162.0000  -0.667760   0.308617  -0.359143 
      162.5000  -0.685560   0.317856  -0.367704 
      163.0000  -0.665457   0.312819  -0.352637 
      163.5000  -0.669688   0.306754  -0.362934 
      164.0000  -0.723985   0.361798  -0.362187 
      164.5000  -0.694519   0.330421  -0.364098 
      165.0000  -0.710832   0.349228  -0.361604 
      165.5000  -0.675750   0.312721  -0.363029 
      166.0000  -0.692978   0.328337  -0.364641 
      166.5000  -0.712336   0.339931  -0.372405 
      167.0000  -0.719803   0.350052  -0.369752 
      167.5000  -0.741364   0.369835  -0.371529 
      168.0000  -0.712538   0.345255  -0.367283 
      168.5000  -0.719027   0.348628  -0.370399 
      169.0000  -0.697512   0.339707  -0.357805 
      169.5000  -0.733562   0.365591  -0.367971 
      170.0000  -0.704152   0.332820  -0.371332 
      170.5000  -0.713915   0.337963  -0.375952 
      171.0000  -0.722787   0.343350  -0.379437 
      171.5000  -0.706861   0.332961  -0.373899 
      172.0000  -0.705842   0.332455  -0.373387 
      172.5000  -0.702140   0.329151  -0.372988 
      173.0000  -0.701899   0.325277  -0.376622 
      173.5000  -0.697822   0.314696  -0.383126 
      174.0000  -0.715480   0.328942  -0.386538 
      174.5000  -0.700828   0.318396  -0.382433 
      175.0000  -0.703371   0.326331  -0.377040 
      175.5000  -0.692106   0.313116  -0.378990 
      176.0000  -0.693924   0.323940  -0.369984 
      176.5000  -0.679529   0.303380  -0.376149 
      177.0000  -0.672368   0.301756  -0.370612 
      177.5000  -0.678951   0.298273  -0.380678 
      178.0000  -0.681168   0.303279  -0.377889 
      178.5000  -0.722117   0.341354  -0.380763 
      179.0000  -0.708951   0.318080  -0.390871 
      179.5000  -0.701586   0.307578  -0.394009 
      180.0000  -0.698079   0.305813  -0.392266 
      180.5000  -0.702085   0.311162  -0.390923 
      181.0000  -0.676209   0.279510  -0.396699 
      181.5000  -0.712012   0.320124  -0.391888 
      182.0000  -0.683738   0.301784  -0.381955 
      182.5000  -0.698038   0.328008  -0.370031 
      183.0000  -0.695158   0.322800  -0.372359 
      183.5000  -0.672864   0.300365  -0.372499 
      184.0000  -0.663342   0.301851  -0.361491 
      184.5000  -0.672840   0.312292  -0.360548 
      185.0000  -0.646663   0.292414  -0.354249 
      185.5000  -0.656422   0.306355  -0.350067 
      186.0000  -0.688982   0.335991  -0.352991 
      186.5000  -0.632311   0.278943  -0.353368 
      187.0000  -0.650499   0.309731  -0.340768 
      187.5000  -0.657906   0.313059  -0.344847 
      188.0000  -0.621936   0.276822  -0.345114 
      188.5000  -0.658122   0.310615  -0.347507 
      189.0000  -0.657401   0.319511  -0.337890 
      189.5000  -0.644571   0.302151  -0.342420 
      190.0000  -0.663912   0.318855  -0.345058 
      190.5000  -0.652518   0.307300  -0.345218 
      191.0000  -0.654971   0.305036  -0.349935 
      191.5000  -0.668649   0.323820  -0.344829 
      192.0000  -0.625550   0.285503  -0.340046 
      192.5000  -0.656801   0.319272  -0.337529 
      193.0000  -0.698692   0.362061  -0.336632 
      193.5000  -0.672913   0.335243  -0.337670 
      194.0000  -0.694244   0.355923  -0.338321 
      194.5000  -0.662498   0.319965  -0.342533 
      195.0000  -0.679262   0.327837  -0.351426 
      195.5000  -0.673804   0.316190  -0.357614 
      196.0000  -0.675335   0.314511  -0.360823 
      196.5000  -0.696827   0.337043  -0.359784 
      197.0000  -0.667641   0.313988  -0.353653 
      197.5000  -0.721195   0.358254  -0.362941 
      198.0000  -0.690139   0.314432  -0.375707 
      198.5000  -0.691064   0.314053  -0.377012 
      199.0000  -0.705043   0.322696  -0.382347 
      199.5000  -0.692323   0.309269  -0.383054 
      200.0000  -0.686437   0.304576  -0.381862 
      200.5000  -0.719340   0.328406  -0.390934 
      201.0000  -0.688717   0.297938  -0.390780 
      201.5000  -0.693045   0.313035  -0.380010 
      202.0000  -0.700027   0.314085  -0.385942 
      202.5000  -0.683840   0.301518  -0.382322 
      203.0000  -0.688327   0.302886  -0.385441 
      203.5000  -0.716214   0.327624  -0.388590 
      204.0000  -0.700659   0.320560  -0.380100 
      204.5000  -0.685943   0.310414  -0.375529 
      205.0000  -0.694619   0.315380  -0.379239 
      205.5000  -0.674886   0.301017  -0.373869 
      206.0000  -0.707456   0.335805  -0.371651 
      206.5000  -0.701003   0.335535  -0.365467 
      207.0000  -0.694186   0.338128  -0.356059 
      207.5000  -0.710452   0.355106  -0.355346 
      208.0000  -0.670229   0.310490  -0.359740 
      208.5000  -0.691083   0.331854  -0.359229 
      209.0000  -0.720637   0.354671  -0.365966 
      209.5000  -0.627824   0.256036  -0.371789 
      210.0000  -0.684009   0.316032  -0.367978 
      210.5000  -0.681965   0.320204  -0.361761 
      211.0000  -0.682523   0.329874  -0.352649 
      211.5000  -0.645560   0.293284  -0.352276 
      212.0000  -0.661610   0.303753  -0.357857 
      212.5000  -0.667878   0.304853  -0.363025 
      213.0000  -0.662536   0.304714  -0.357822 
      213.5000  -0.670838   0.316578  -0.354260 
      214.0000  -0.641063   0.294282  -0.346781 
      214.5000  -0.676237   0.319147  -0.357090 
      215.0000  -0.659384   0.303283  -0.356101 
      215.5000  -0.649898   0.297284  -0.352614 
      216.0000  -0.668284   0.314595  -0.353688 
      216.5000  -0.670461   0.329612  -0.340849 
      217.0000  -0.654151   0.306426  -0.347725 
      217.5000  -0.617493   0.268683  -0.348810 
      218.0000  -0.653357   0.302996  -0.350361 
      218.5000  -0.641175   0.286747  -0.354428 
      219.0000  -0.662985   0.294707  -0.368277 
      219.5000  -0.635247   0.270276  -0.364971 
      220.0000  -0.673161   0.304896  -0.368265 
      220.5000  -0.654674   0.286789  -0.367885 
      221.0000  -0.662601   0.307821  -0.354781 
      221.5000  -0.641706   0.278181  -0.363524 
      222.0000  -0.642642   0.275978  -0.366663 
      222.5000  -0.691911   0.329549  -0.362363 
      223.0000  -0.640465   0.277166  -0.363299 
      223.5000  -0.677669   0.299215  -0.378454 
      224.0000  -0.669573   0.285517  -0.384056 
      224.5000  -0.678851   0.288633  -0.390219 
      225.0000  -0.682477   0.289134  -0.393344 
      225.5000  -0.702999   0.302085  -0.400915 
      226.0000  -0.700996   0.302517  -0.398479 
      226.5000  -0.679707   0.290637  -0.389070 
      227.0000  -0.687945   0.306706  -0.381239 
      227.5000  -0.693017   0.313050  -0.379967 
      228.0000  -0.691257   0.300228  -0.391029 
      228.5000  -0.653902   0.264029  -0.389873 
      229.0000  -0.690986   0.306345  -0.384641 
      229.5000  -0.698716   0.314665  -0.384051 
      230.0000  -0.712874   0.328449  -0.384424 
      230.5000  -0.685411   0.300166  -0.385245 
      231.0000  -0.703121   0.317226  -0.385895 
      231.5000  -0.680313   0.297638  -0.382675 
      232.0000  -0.698143   0.304806  -0.393337 
      232.5000  -0.644995   0.248181  -0.396814 
      233.0000  -0.692576   0.299397  -0.393179 
      233.5000  -0.655840   0.253472  -0.402368 
      234.0000  -0.676576   0.277296  -0.399280 
      234.5000  -0.712269   0.308560  -0.403709 
      235.0000  -0.699264   0.294779  -0.404485 
      235.5000  -0.723962   0.315818  -0.408144 
      236.0000  -0.721253   0.310603  -0.410650 
      236.5000  -0.675561   0.266808  -0.408753 
      237.0000  -0.696946   0.287995  -0.408952 
      237.5000  -0.716803   0.305908  -0.410895 
      238.0000  -0.687541   0.277481  -0.410060 
      238.5000  -0.716081   0.301339  -0.414743 
      239.0000  -0.716083   0.303556  -0.412527 
      239.5000  -0.714424   0.308296  -0.406128 
      240.0000  -0.706544   0.301758  -0.404786 
      240.5000  -0.702444   0.293968  -0.408476 
      241.0000  -0.714725   0.312171  -0.402553 
      241.5000  -0.729033   0.320559  -0.408474 
      242.0000  -0.687769   0.278355  -0.409414 
      242.5000  -0.700462   0.292269  -0.408193 
      243.0000  -0.701480   0.291524  -0.409956 
      243.5000  -0.718663   0.313326  -0.405336 
      244.0000  -0.693987   0.288052  -0.405935 
      244.5000  -0.715604   0.318161  -0.397443 
      245.0000  -0.698267   0.296089  -0.402179 
      245.5000  -0.707956   0.298380  -0.409576 
      246.0000  -0.685963   0.282330  -0.403633 
      246.5000  -0.710562   0.305536  -0.405026 
      247.0000  -0.675177   0.261675  -0.413502 
      247.5000  -0.716499   0.303348  -0.413151 
      248.0000  -0.684154   0.272603  -0.411551 
      248.5000  -0.709982   0.292858  -0.417124 
      249.0000  -0.702263   0.287018  -0.415245 
      249.5000  -0.680324   0.271824  -0.408500 
      250.0000  -0.684002   0.279824  -0.404178 
      250.5000  -0.679191   0.279569  -0.399623 
      251.0000  -0.724228   0.321045  -0.403183 
      251.5000  -0.725261   0.322670  -0.402591 
      252.0000  -0.686915   0.283062  -0.403854 
      252.5000  -0.678142   0.267142  -0.411000 
      253.0000  -0.690476   0.283825  -0.406651 
      253.5000  -0.690596   0.289388  -0.401208 
      254.0000  -0.702244   0.298482  -0.403762 
      254.5000  -0.687122   0.289952  -0.397170 
      255.0000  -0.698666   0.294920  -0.403746 
      255.5000  -0.703868   0.300956  -0.402913 
      256.0000  -0.733729   0.320376  -0.413352 
      256.5000  -0.720281   0.311755  -0.408526 
      257.0000  -0.733142   0.329467  -0.403675 
      257.5000  -0.698612   0.296141  -0.402471 
      258.0000  -0.706086   0.296720  -0.409367 
      258.5000  -0.702695   0.291234  -0.411461 
      259.0000  -0.715687   0.307521  -0.408167 
      259.5000  -0.710854   0.306478  -0.404376 
      260.0000  -0.686476   0.289029  -0.397446 
      260.5000  -0.702281   0.306772  -0.395509 
      261.0000  -0.736934   0.336261  -0.400673 
      261.5000  -0.698172   0.297328  -0.400844 
      262.0000  -0.699865   0.292313  -0.407552 
      262.5000  -0.694109   0.286823  -0.407286 
      263.0000  -0.717044   0.309025  -0.408019 
      263.5000  -0.725193   0.321499  -0.403694 
      264.0000  -0.719048   0.313185  -0.405863 
      264.5000  -0.703584   0.293256  -0.410328 
      265.0000  -0.679759   0.270522  -0.409237 
      265.5000  -0.690510   0.279602  -0.410908 
      266.0000  -0.692728   0.269951  -0.422777 
      266.5000  -0.713648   0.282515  -0.431132 
      267.0000  -0.716800   0.288349  -0.428451 
      267.5000  -0.696547   0.263656  -0.432891 
      268.0000  -0.692994   0.257964  -0.435030 
      268.5000  -0.719707   0.287424  -0.432283 
      269.0000  -0.718459   0.283064  -0.435394 
      269.5000  -0.748106   0.311956  -0.436150 
      270.0000  -0.700680   0.267960  -0.432720 
      270.5000  -0.708153   0.281037  -0.427117 
      271.0000  -0.684207   0.254816  -0.429391 
      271.5000  -0.711114   0.272720  -0.438394 
      272.0000  -0.714415   0.278436  -0.435978 
      272.5000  -0.709690   0.283955  -0.425736 
      273.0000  -0.724588   0.298396  -0.426192 
      273.5000  -0.712876   0.282924  -0.429952 
      274.0000  -0.713394   0.282518  -0.430875 
      274.5000  -0.727784   0.299844  -0.427940 
      275.0000  -0.719240   0.287176  -0.432064 
      275.5000  -0.740712   0.307234  -0.433478 
      276.0000  -0.733866   0.296525  -0.437341 
      276.5000  -0.737574   0.301028  -0.436546 
      277.0000  -0.733863   0.298021  -0.435842 
      277.5000  -0.716647   0.278573  -0.438074 
      278.0000  -0.734935   0.292784  -0.442151 
      278.5000  -0.749818   0.310208  -0.439610 
      279.0000  -0.717525   0.283905  -0.433621 
      279.5000  -0.726625   0.292511  -0.434114 
      280.0000  -0.721940   0.288312  -0.433628 
      280.5000  -0.710705   0.275104  -0.435601 
      281.0000  -0.740583   0.307301  -0.433282 
      281.5000  -0.682934   0.248391  -0.434543 
      282.0000  -0.745898   0.315333  -0.430565 
      282.5000  -0.716682   0.277426  -0.439255 
      283.0000  -0.725984   0.290399  -0.435585 
      283.5000  -0.753163   0.328347  -0.424816 
      284.0000  -0.736284   0.318580  -0.417704 
      284.5000  -0.692385   0.272026  -0.420359 
      285.0000  -0.763918   0.338608  -0.425310 
      285.5000  -0.718363   0.301171  -0.417191 
      286.0000  -0.711850   0.290405  -0.421445 
      286.5000  -0.734065   0.308665  -0.425400 
      287.0000  -0.744193   0.306993  -0.437201 
      287.5000  -0.717844   0.287450  -0.430394 
      288.0000  -0.724037   0.298174  -0.425863 
      288.5000  -0.718367   0.297573  -0.420794 
      289.0000  -0.729765   0.307535  -0.422229 
      289.5000  -0.710308   0.287737  -0.422571 
      290.0000  -0.715963   0.290915  -0.425048 
      290.5000  -0.729289   0.301534  -0.427755 
      291.0000  -0.724338   0.288547  -0.435791 
      291.5000  -0.722556   0.292006  -0.430550 
      292.0000  -0.727613   0.296177  -0.431436 
      292.5000  -0.709444   0.285780  -0.423664 
      293.0000  -0.698166   0.277926  -0.420240 
      293.5000  -0.717556   0.278817  -0.438738 
      294.0000  -0.729412   0.294574  -0.434839 
      294.5000  -0.725743   0.283952  -0.441791 
      295.0000  -0.734048   0.289781  -0.444267 
      295.5000  -0.733020   0.287021  -0.445999 
      296.0000  -0.715644   0.275236  -0.440408 
      296.5000  -0.725777   0.276064  -0.449713 
      297.0000  -0.719566   0.267450  -0.452116 
      297.5000  -0.734252   0.286043  -0.448209 
      298.0000  -0.735681   0.295270  -0.440411 
      298.5000  -0.734871   0.289532  -0.445338 
      299.0000  -0.726161   0.284560  -0.441601 
      299.5000  -0.710093   0.257192  -0.452901 
      300.0000  -0.738283   0.288445  -0.449838 
      300.5000  -0.727650   0.278442  -0.449208 
      301.0000  -0.725996   0.271067  -0.454930 
      301.5000  -0.708535   0.266934  -0.441601 
      302.0000  -0.723503   0.280806  -0.442696 
      302.5000  -0.723886   0.279715  -0.444172 
      303.0000  -0.724989   0.281759  -0.443230 
      303.5000  -0.735682   0.301021  -0.434661 
      304.0000  -0.720814   0.280849  -0.439966 
      304.5000  -0.705900   0.265705  -0.440195 
      305.0000  -0.696742   0.256504  -0.440238 
      305.5000  -0.727763   0.294868  -0.432895 
      306.0000  -0.713581   0.278973  -0.434608 
      306.5000  -0.725930   0.287964  -0.437966 
      307.0000  -0.712323   0.268605  -0.443718 
      307.5000  -0.720288   0.282598  -0.437690 
      308.0000  -0.717567   0.284304  -0.433263 
      308.5000  -0.714201   0.290437  -0.423765 
      309.0000  -0.763783   0.339173  -0.424610 
      309.5000  -0.687567   0.270148  -0.417419 
      310.0000  -0.712751   0.292666  -0.420085 
      310.5000  -0.713805   0.288980  -0.424826 
      311.0000  -0.684131   0.262943  -0.421189 
      311.5000  -0.736886   0.314558  -0.422328 
      312.0000  -0.719060   0.296882  -0.422178 
      312.5000  -0.714546   0.299643  -0.414903 
      313.0000  -0.725623   0.303494  -0.422129 
      313.5000  -0.715326   0.285110  -0.430216 
      314.0000  -0.721013   0.295636  -0.425377 
      314.5000  -0.714820   0.277856  -0.436963 
      315.0000  -0.730360   0.292672  -0.437688 
      315.5000  -0.716895   0.282039  -0.434855 
      316.0000  -0.703899   0.267046  -0.436853 
      316.5000  -0.725269   0.285304  -0.439965 
      317.0000  -0.723288   0.294903  -0.428384 
      317.5000  -0.710122   0.282173  -0.427949 
      318.0000  -0.721933   0.286497  -0.435435 
      318.5000  -0.718841   0.279075  -0.439766 
      319.0000  -0.723830   0.284657  -0.439173 
      319.5000  -0.724975   0.281266  -0.443709 
      320.0000  -0.683435   0.239479  -0.443956 
      320.5000  -0.698466   0.252731  -0.445736 
      321.0000  -0.703518   0.259535  -0.443983 
      321.5000  -0.710597   0.270770  -0.439827 
      322.0000  -0.709129   0.270991  -0.438139 
      322.5000  -0.737080   0.300715  -0.436364 
      323.0000  -0.714256   0.275716  -0.438541 
      323.5000  -0.722508   0.285501  -0.437006 
      324.0000  -0.733694   0.301345  -0.432350 
      324.5000  -0.734125   0.299861  -0.434264 
      325.0000  -0.719810   0.276397  -0.443414 
      325.5000  -0.758759   0.314532  -0.444228 
      326.0000  -0.736848   0.293286  -0.443561 
      326.5000  -0.719260   0.276763  -0.442498 
      327.0000  -0.695025   0.262361  -0.432664 
      327.5000  -0.732737   0.308310  -0.424427 
      328.0000  -0.712635   0.288678  -0.423957 
      328.5000  -0.722916   0.288409  -0.434508 
      329.0000  -0.711763   0.283821  -0.427941 
      329.5000  -0.705716   0.289003  -0.416713 
      330.0000  -0.717196   0.294085  -0.423111 
      330.5000  -0.713586   0.291099  -0.422487 
      331.0000  -0.688355   0.260584  -0.427771 
      331.5000  -0.712347   0.277951  -0.434396 
      332.0000  -0.710952   0.270656  -0.440296 
      332.5000  -0.695528   0.265448  -0.430079 
      333.0000  -0.699366   0.277192  -0.422175 
      333.5000  -0.685735   0.274267  -0.411469 
      334.0000  -0.734294   0.320209  -0.414085 
      334.5000  -0.704780   0.288223  -0.416557 
      335.0000  -0.697798   0.281137  -0.416661 
      335.5000  -0.679121   0.251820  -0.427300 
      336.0000  -0.710306   0.278036  -0.432270 
      336.5000  -0.719726   0.291676  -0.428050 
      337.0000  -0.693507   0.265482  -0.428024 
      337.5000  -0.738506   0.317959  -0.420548 
      338.0000  -0.705545   0.277906  -0.427640 
      338.5000  -0.719926   0.292286  -0.427640 
      339.0000  -0.707889   0.287864  -0.420026 
      339.5000  -0.711239   0.283466  -0.427773 
      340.0000  -0.716027   0.288650  -0.427377 
      340.5000  -0.703355   0.277855  -0.425500 
      341.0000  -0.735237   0.305195  -0.430042 
      341.5000  -0.723987   0.293979  -0.430008 
      342.0000  -0.731507   0.308361  -0.423146 
      342.5000  -0.737751   0.305354  -0.432397 
      343.0000  -0.755600   0.319288  -0.436312 
      343.5000  -0.721449   0.270429  -0.451019 
      344.0000  -0.739754   0.286234  -0.453520 
      344.5000  -0.740082   0.278961  -0.461121 
      345.0000  -0.736241   0.284064  -0.452177 
      345.5000  -0.742861   0.290251  -0.452610 
      346.0000  -0.741131   0.296953  -0.444178 
      346.5000  -0.719896   0.288718  -0.431178 
      347.0000  -0.713031   0.283909  -0.429123 
      347.5000  -0.745747   0.315739  -0.430008 
      348.0000  -0.735105   0.312240  -0.422865 
      348.5000  -0.734551   0.301668  -0.432882 
      349.0000  -0.703501   0.270738  -0.432762 
      349.5000  -0.706263   0.262930  -0.443333 
      350.0000  -0.723688   0.287815  -0.435874 
      350.5000  -0.713349   0.276016  -0.437333 
      351.0000  -0.717116   0.280941  -0.436176 
      351.5000  -0.719077   0.284769  -0.434308 
      352.0000  -0.733255   0.287478  -0.445776 
      352.5000  -0.692391   0.257451  -0.434940 
      353.0000  -0.738795   0.300891  -0.437903 
      353.5000  -0.733410   0.293558  -0.439851 
      354.0000  -0.731602   0.290723  -0.440879 
      354.5000  -0.729429   0.286274  -0.443155 
      355.0000  -0.750985   0.295078  -0.455907 
      355.5000  -0.755352   0.302433  -0.452919 
      356.0000  -0.764729   0.302387  -0.462342 
      356.5000  -0.769086   0.295586  -0.473500 
      357.0000  -0.757624   0.291682  -0.465943 
      357.5000  -0.780580   0.310973  -0.469607 
      358.0000  -0.749071   0.277395  -0.471676 
      358.5000  -0.757554   0.284543  -0.473011 
      359.0000  -0.766973   0.291342  -0.475631 
      359.5000  -0.788139   0.299890  -0.488248 
      360.0000  -0.755742   0.258705  -0.497036 
      360.5000  -0.774557   0.281014  -0.493543 
      361.0000  -0.769557   0.267003  -0.502554 
      361.5000  -0.782548   0.272958  -0.509590 
      362.0000  -0.776130   0.252746  -0.523384 
      362.5000  -0.785872   0.273716  -0.512157 
      363.0000  -0.781012   0.272439  -0.508573 
      363.5000  -0.765925   0.266636  -0.499289 
      364.0000  -0.779257   0.281068  -0.498189 
      364.5000  -0.769071   0.268730  -0.500340 
      365.0000  -0.770009   0.271680  -0.498329 
      365.5000  -0.774070   0.269138  -0.504932 
      366.0000  -0.764490   0.260609  -0.503882 
      366.5000  -0.762691   0.254402  -0.508289 
      367.0000  -0.770630   0.269237  -0.501393 
      367.5000  -0.765306   0.265698  -0.499608 
      368.0000  -0.761331   0.260855  -0.500475 
      368.5000  -0.773176   0.278378  -0.494799 
      369.0000  -0.776247   0.292790  -0.483457 
      369.5000  -0.742308   0.261788  -0.480519 
      370.0000  -0.764678   0.290563  -0.474115 
      370.5000  -0.758125   0.284367  -0.473758 
      371.0000  -0.748398   0.278948  -0.469449 
      371.5000  -0.758419   0.288592  -0.469827 
      372.0000  -0.746457   0.273421  -0.473036 
      372.5000  -0.747258   0.275299  -0.471959 
      373.0000  -0.750773   0.267542  -0.483231 
      373.5000  -0.761355   0.273468  -0.487887 
      374.0000  -0.757135   0.269368  -0.487767 
      374.5000  -0.753483   0.270298  -0.483186 
      375.0000  -0.757659   0.277282  -0.480377 
      375.5000  -0.766520   0.283759  -0.482761 
      376.0000  -0.777140   0.301076  -0.476064 
      376.5000  -0.767435   0.298134  -0.469301 
      377.0000  -0.776154   0.308402  -0.467752 
      377.5000  -0.738446   0.275439  -0.463007 
      378.0000  -0.738958   0.270807  -0.468150 
      378.5000  -0.736065   0.275178  -0.460887 
      379.0000  -0.739617   0.280265  -0.459352 
      379.5000  -0.746675   0.298919  -0.447756 
      380.0000  -0.710509   0.263301  -0.447209 
      380.5000  -0.738170   0.295223  -0.442947 
      381.0000  -0.713906   0.276370  -0.437536 
      381.5000  -0.727140   0.290408  -0.436732 
      382.0000  -0.770651   0.321637  -0.449015 
      382.5000  -0.753488   0.298979  -0.454509 
      383.0000  -0.757682   0.305663  -0.452019 
      383.5000  -0.766560   0.312170  -0.454390 
      384.0000  -0.757352   0.309688  -0.447664 
      384.5000  -0.725007   0.278242  -0.446765 
      385.0000  -0.751459   0.318572  -0.432886 
      385.5000  -0.749216   0.308863  -0.440353 
      386.0000  -0.699048   0.258798  -0.440250 
      386.5000  -0.755312   0.324068  -0.431243 
      387.0000  -0.745439   0.320726  -0.424713 
      387.5000  -0.730116   0.301395  -0.428722 
      388.0000  -0.763312   0.331228  -0.432084 
      388.5000  -0.744957   0.316700  -0.428257 
      389.0000  -0.729632   0.303979  -0.425654 
      389.5000  -0.746168   0.307172  -0.438995 
      390.0000  -0.754717   0.314034  -0.440683 
      390.5000  -0.728402   0.290829  -0.437573 
      391.0000  -0.762759   0.310398  -0.452362 
      391.5000  -0.735105   0.281389  -0.453716 
      392.0000  -0.745789   0.287073  -0.458716 
      392.5000  -0.756731   0.302038  -0.454694 
      393.0000  -0.735836   0.276497  -0.459340 
      393.5000  -0.730843   0.271662  -0.459181 
      394.0000  -0.769844   0.317386  -0.452458 
      394.5000  -0.743446   0.291904  -0.451542 
      395.0000  -0.742138   0.289172  -0.452966 
      395.5000  -0.749593   0.301512  -0.448081 
      396.0000  -0.723753   0.274111  -0.449642 
      396.5000  -0.782970   0.340231  -0.442739 
      397.0000  -0.731675   0.289303  -0.442373 
      397.5000  -0.737682   0.296189  -0.441493 
      398.0000  -0.740222   0.305175  -0.435047 
      398.5000  -0.730674   0.289470  -0.441205 
      399.0000  -0.681275   0.251056  -0.430219 
      399.5000  -0.734692   0.317471  -0.417221 
      400.0000  -0.735641   0.316375  -0.419267 
      400.5000  -0.735968   0.318935  -0.417033 
      401.0000  -0.740539   0.321260  -0.419279 
      401.5000  -0.751181   0.329340  -0.421841 
      402.0000  -0.749285   0.319434  -0.429851 
      402.5000  -0.730629   0.301371  -0.429257 
      403.0000  -0.721872   0.290226  -0.431646 
      403.5000  -0.726866   0.291880  -0.434986 
      404.0000  -0.726323   0.302333  -0.423990 
      404.5000  -0.730306   0.308654  -0.421652 
      405.0000  -0.733624   0.321313  -0.412311 
      405.5000  -0.730964   0.318613  -0.412350 
      406.0000  -0.741930   0.328954  -0.412976 
      406.5000  -0.749249   0.328988  -0.420261 
      407.0000  -0.728904   0.313450  -0.415455 
      407.5000  -0.738796   0.335686  -0.403110 
      408.0000  -0.718993   0.316430  -0.402564 
      408.5000  -0.732946   0.338004  -0.394942 
      409.0000  -0.730319   0.332039  -0.398280 
      409.5000  -0.711457   0.308452  -0.403006 
      410.0000  -0.729978   0.323178  -0.406800 
      410.5000  -0.727239   0.325113  -0.402125 
      411.0000  -0.747570   0.353379  -0.394191 
      411.5000  -0.722888   0.318426  -0.404462 
      412.0000  -0.712402   0.305922  -0.406480 
      412.5000  -0.718681   0.319772  -0.398910 
      413.0000  -0.735496   0.333941  -0.401556 
      413.5000  -0.758719   0.356880  -0.401839 
      414.0000  -0.704328   0.303948  -0.400381 
      414.5000  -0.721964   0.320418  -0.401546 
      415.0000  -0.739424   0.336035  -0.403389 
      415.5000  -0.737300   0.330605  -0.406695 
      416.0000  -0.764627   0.352262  -0.412365 
      416.5000  -0.738402   0.313918  -0.424484 
      417.0000  -0.748568   0.312789  -0.435779 
      417.5000  -0.768856   0.333904  -0.434952 
      418.0000  -0.754295   0.324816  -0.429479 
      418.5000  -0.765479   0.342191  -0.423288 
      419.0000  -0.740264   0.310188  -0.430076 
      419.5000  -0.719103   0.303441  -0.415662 
      420.0000  -0.718938   0.314713  -0.404225 
      420.5000  -0.732094   0.320865  -0.411229 
      421.0000  -0.749921   0.334137  -0.415784 
      421.5000  -0.734853   0.310630  -0.424223 
      422.0000  -0.739813   0.320646  -0.419166 
      422.5000  -0.752665   0.342367  -0.410298 
      423.0000  -0.734838   0.327063  -0.407775 
      423.5000  -0.760917   0.357844  -0.403073 
      424.0000  -0.756073   0.354532  -0.401540 
      424.5000  -0.715024   0.309806  -0.405218 
      425.0000  -0.734607   0.328227  -0.406380 
      425.5000  -0.727673   0.324399  -0.403274 
      426.0000  -0.760679   0.356186  -0.404493 
      426.5000  -0.759073   0.343656  -0.415416 
      427.0000  -0.751617   0.321666  -0.429952 
      427.5000  -0.743449   0.314822  -0.428627 
      428.0000  -0.774157   0.350156  -0.424001 
      428.5000  -0.744355   0.316691  -0.427664 
      429.0000  -0.755039   0.333229  -0.421811 
      429.5000  -0.749362   0.328402  -0.420960 
      430.0000  -0.748382   0.321584  -0.426798 
      430.5000  -0.755275   0.317432  -0.437843 
      431.0000  -0.769842   0.330228  -0.439615 
      431.5000  -0.747977   0.312027  -0.435949 
      432.0000  -0.751528   0.323423  -0.428105 
      432.5000  -0.771911   0.337004  -0.434907 
      433.0000  -0.784398   0.343557  -0.440841 
      433.5000  -0.785150   0.342288  -0.442862 
      434.0000  -0.799925   0.348835  -0.451090 
      434.5000  -0.793718   0.339704  -0.454014 
      435.0000  -0.791740   0.346958  -0.444782 
      435.5000  -0.783509   0.339327  -0.444182 
      436.0000  -0.783555   0.338265  -0.445290 
      436.5000  -0.802992   0.354734  -0.448258 
      437.0000  -0.808345   0.368742  -0.439603 
      437.5000  -0.765630   0.322745  -0.442885 
      438.0000  -0.768116   0.324872  -0.443244 
      438.5000  -0.761153   0.318765  -0.442388 
      439.0000  -0.764688   0.319598  -0.445090 
      439.5000  -0.777910   0.322893  -0.455017 
      440.0000  -0.783503   0.326283  -0.457220 
      440.5000  -0.772416   0.313275  -0.459140 
      441.0000  -0.756112   0.301500  -0.454612 
      441.5000  -0.747071   0.290042  -0.457030 
      442.0000  -0.729086   0.263840  -0.465245 
      442.5000  -0.776453   0.303209  -0.473244 
      443.0000  -0.744928   0.272335  -0.472593 
      443.5000  -0.748022   0.264622  -0.483400 
      444.0000  -0.786457   0.304232  -0.482225 
      444.5000  -0.795051   0.302848  -0.492203 
      445.0000  -0.790626   0.291536  -0.499090 
      445.5000  -0.769299   0.279383  -0.489916 
      446.0000  -0.758776   0.257782  -0.500993 
      446.5000  -0.777582   0.278700  -0.498882 
      447.0000  -0.776283   0.283041  -0.493242 
      447.5000  -0.769235   0.278724  -0.490511 
      448.0000  -0.791676   0.306280  -0.485396 
      448.5000  -0.762468   0.271515  -0.490953 
      449.0000  -0.770742   0.282795  -0.487946 
      449.5000  -0.796848   0.310472  -0.486377 
      450.0000  -0.772234   0.278752  -0.493482 
      450.5000  -0.810309   0.321415  -0.488894 
      451.0000  -0.780819   0.289964  -0.490855 
      451.5000  -0.780435   0.293623  -0.486812 
      452.0000  -0.800593   0.312968  -0.487625 
      452.5000  -0.767383   0.282794  -0.484589 
      453.0000  -0.778094   0.299606  -0.478488 
      453.5000  -0.766809   0.290019  -0.476790 
      454.0000  -0.797420   0.326930  -0.470490 
      454.5000  -0.795098   0.319899  -0.475198 
      455.0000  -0.791708   0.321363  -0.470345 
      455.5000  -0.800564   0.323613  -0.476951 
      456.0000  -0.779482   0.299037  -0.480445 
      456.5000  -0.755366   0.273501  -0.481866 
      457.0000  -0.766850   0.286935  -0.479915 
      457.5000  -0.792037   0.315840  -0.476197 
      458.0000  -0.790868   0.311815  -0.479053 
      458.5000  -0.788410   0.311088  -0.477322 
      459.0000  -0.792560   0.318151  -0.474409 
      459.5000  -0.769145   0.284396  -0.484749 
      460.0000  -0.773938   0.282214  -0.491724 
      460.5000  -0.769974   0.281832  -0.488142 
      461.0000  -0.779331   0.290206  -0.489125 
      461.5000  -0.780535   0.297082  -0.483453 
      462.0000  -0.776518   0.298966  -0.477552 
      462.5000  -0.787271   0.303617  -0.483654 
      463.0000  -0.792018   0.299609  -0.492409 
      463.5000  -0.776379   0.289442  -0.486937 
      464.0000  -0.786399   0.294140  -0.492259 
      464.5000  -0.786717   0.294710  -0.492007 
      465.0000  -0.782184   0.294706  -0.487478 
      465.5000  -0.809306   0.326288  -0.483018 
      466.0000  -0.770476   0.290006  -0.480470 
      466.5000  -0.765137   0.279954  -0.485183 
      467.0000  -0.769369   0.284440  -0.484929 
      467.5000  -0.779991   0.297591  -0.482400 
      468.0000  -0.775844   0.293070  -0.482774 
      468.5000  -0.800660   0.325370  -0.475290 
      469.0000  -0.798191   0.318329  -0.479862 
      469.5000  -0.786018   0.303448  -0.482570 
      470.0000  -0.788257   0.310416  -0.477841 
      470.5000  -0.782840   0.314906  -0.467934 
      471.0000  -0.799998   0.331779  -0.468219 
      471.5000  -0.790545   0.316561  -0.473984 
      472.0000  -0.788713   0.322063  -0.466650 
      472.5000  -0.801195   0.333693  -0.467503 
      473.0000  -0.792512   0.325981  -0.466531 
      473.5000  -0.814093   0.352313  -0.461779 
      474.0000  -0.772370   0.321283  -0.451087 
      474.5000  -0.777523   0.329890  -0.447633 
      475.0000  -0.757581   0.316587  -0.440993 
      475.5000  -0.790756   0.345065  -0.445691 
      476.0000  -0.785304   0.340463  -0.444842 
      476.5000  -0.787298   0.334067  -0.453230 
      477.0000  -0.753746   0.301446  -0.452300 
      477.5000  -0.782434   0.329452  -0.452982 
      478.0000  -0.778638   0.326082  -0.452557 
      478.5000  -0.771215   0.320806  -0.450409 
      479.0000  -0.787762   0.344034  -0.443729 
      479.5000  -0.761252   0.316714  -0.444538 
      480.0000  -0.780469   0.338271  -0.442199 
      480.5000  -0.781946   0.335096  -0.446851 
      481.0000  -0.793270   0.341845  -0.451425 
      481.5000  -0.750768   0.301920  -0.448848 
      482.0000  -0.774395   0.317662  -0.456733 
      482.5000  -0.747798   0.297002  -0.450796 
      483.0000  -0.768723   0.316836  -0.451887 
      483.5000  -0.764194   0.322516  -0.441678 
      484.0000  -0.757007   0.314652  -0.442355 
      484.5000  -0.749510   0.315634  -0.433876 
      485.0000  -0.760309   0.330629  -0.429680 
      485.5000  -0.723157   0.290621  -0.432536 
      486.0000  -0.734031   0.304950  -0.429081 
      486.5000  -0.762626   0.336140  -0.426487 
      487.0000  -0.749507   0.322134  -0.427373 
      487.5000  -0.730485   0.296257  -0.434228 
      488.0000  -0.776385   0.341505  -0.434879 
      488.5000  -0.746872   0.307856  -0.439015 
      489.0000  -0.773776   0.331055  -0.442721 
      489.5000  -0.745480   0.308331  -0.437150 
      490.0000  -0.781168   0.332811  -0.448357 
      490.5000  -0.805539   0.355470  -0.450069 
      491.0000  -0.759510   0.311949  -0.447561 
      491.5000  -0.776863   0.319600  -0.457263 
      492.0000  -0.761444   0.310531  -0.450913 
      492.5000  -0.794794   0.345461  -0.449333 
      493.0000  -0.757991   0.317789  -0.440202 
      493.5000  -0.761062   0.324972  -0.436091 
      494.0000  -0.773978   0.343916  -0.430062 
      494.5000  -0.755054   0.314746  -0.440308 
      495.0000  -0.780429   0.329764  -0.450665 
      495.5000  -0.742107   0.292093  -0.450014 
      496.0000  -0.784114   0.333828  -0.450287 
      496.5000  -0.770058   0.320039  -0.450019 
      497.0000  -0.765584   0.326276  -0.439308 
      497.5000  -0.759194   0.308830  -0.450364 
      498.0000  -0.783658   0.330177  -0.453481 
      498.5000  -0.800713   0.338447  -0.462266 
      499.0000  -0.757910   0.299324  -0.458586 
      499.5000  -0.760043   0.297696  -0.462347 
      500.0000  -0.756926   0.291599  -0.465326 
