t = 100000
b = 30 30 30
E = -0.627070261755788 -0.756925606604106 0.129855344848318
24.0835063388156 14.3375915595256 28.9451914089669 0.732325300864141 -0.532665749128227 -0.424224898290208 -0.180715867373097 0.448620240913294 -0.875260837459042 -0.411716127231608 0.213038625711264 0.148632855250722 0.124591892193553 -0.127499652930319 0.14989778569893
23.4168959439912 15.1582528435207 29.8261145118996 -0.453512629702841 0.890289886815615 0.0413520714626393 -0.715931885342316 -0.336275719440405 -0.611849687622994 0.0736650853914243 0.0949899079559096 -0.000276118947462082 -0.0397626587766612 -0.110026148094431 -0.182986122298528
22.9223833763829 15.0672576320167 29.6736994164878 0.0836083889670666 0.921336066637638 -0.379670047147725 -0.87821846472772 -0.111916559078649 -0.464980579697241 -0.449894869494381 -0.378149179171738 0.345289255768512 -0.155958155990268 -0.253411141942999 -0.56508419596898
22.3670700676538 15.102579538735 29.606983149968 0.267325202127815 0.709547397390863 -0.651981262568669 -0.962142101577415 0.159259419897587 -0.221176165321698 -0.360939315195092 -0.0522154483658052 -0.244450122912267 0.0594760027460916 -0.240793660851101 0.0254778245898118
21.9750934527089 15.3734800116341 29.4374275630476 0.514532859596793 -0.0066990001504877 -0.857444427612123 -0.839597427751551 0.199167742211903 -0.505379322113461 -0.151039089667302 -0.127222416129062 -0.0126011830777596 -0.0692465234134083 -0.0684910614395025 -0.211585612417465
21.1929893018591 15.4196963634456 30.3084009805086 0.423379234027721 -0.682129088964327 0.59619611474039 -0.770073164730733 0.0756857725068981 0.633450007022987 0.212533846411987 0.232424154801603 -0.199573755424514 -0.384556839001305 -0.196864365947493 0.0230803121977493
20.716765200067 16.4414741152033 29.9100341020126 -0.838748964630106 -0.158830340597761 -0.52083871336412 -0.443107964144656 0.755014552842443 0.483330291543045 0.240294939146094 -0.109942424658006 -0.242802893079393 -0.158689760405634 0.78751275144904 -0.29875790228616
20.3940181818938 16.9008955573751 29.9507236649532 -0.716530810333838 -0.67545624092989 0.174190578270425 -0.566588246764788 0.709224822800337 0.419497073967229 0.0124787729290985 -0.101890564347248 0.162790403752204 -0.0470666397918955 -0.00306121791482573 0.206131066200246
20.3107397151409 17.6046488251083 29.405127912945 0.736212273385928 0.272416314006808 -0.619500381865838 -0.36065084314035 -0.616655732269812 -0.699761767014116 0.381854560325058 0.111382326009442 0.0838492449947047 0.602123503348294 -0.185792112527876 -0.363669839889935
19.2581856716791 16.9478861094422 29.3838837278404 -0.908604570209973 -0.0928681587851282 0.40720158894695 -0.334523787792529 0.745557432103332 -0.576400709698242 0.221783395771567 -0.253739841012881 -0.0157431813736671 0.161240072507712 0.211889996726234 -0.27629979940723
18.9428342239766 17.0122957412092 28.9710111051212 -0.429348928922449 0.41494034406966 0.802174481112548 -0.461505009821152 0.662684563280593 -0.589798419341233 -0.323070357922672 -0.423090020862271 0.286008065169991 0.024397306245087 0.571602460332316 -0.220396269670714
18.4969221519702 17.1437617945091 28.814923774702 0.155409699264748 0.684461397750945 0.712292254554301 -0.511514605254612 0.672616887656763 -0.534732791548729 0.304350545304044 0.526872126489196 0.16787895095187 0.0159450236466782 -0.75226721983587 0.0256902478188009
18.1002715226164 17.4248043683314 28.7270609416079 0.819955482544114 0.564638590171788 0.094107256615753 -0.339221179641495 0.611719164004068 -0.714652744822414 -0.333280311296529 -0.144920140475745 -0.514658426771896 0.32322953301413 -0.293776385808146 -0.185986209717417
18.0677415754772 17.8739412743553 28.5443913440565 0.983725110736437 0.0208071618838061 -0.178470877258517 -0.142213848638051 0.697239646136768 -0.702589453584209 0.566545917387603 0.179414138987016 0.131762921108745 0.394165145948145 -0.130688682841283 0.130485561684611
18.1160530662334 18.3521959893909 28.3505743628385 0.611356455671101 -0.601904154070853 -0.513765047522888 -0.00581868930899542 0.645785078102283 -0.763496964967473 -0.143225505729115 0.429156722498279 -0.163638335556947 0.0197670468409127 0.783986203510721 0.591261644969309
18.3744332211252 18.646685375418 27.966456719595 -0.0583731808091225 -0.909552617644115 -0.411468655511713 0.0579037335445291 0.408392725868758 -0.910967846012387 0.041412653167582 -0.210408617292366 0.355303900298303 0.236335414793548 -0.156559790484428 0.174156760250338
18.8338259923908 18.9818519689562 29.1226464066898 0.60610153168139 0.269378986910014 0.74838210224511 0.168689060204115 0.875963493480984 -0.45192007263839 0.170151866820673 -0.106572335635205 -0.305669782617848 0.100189991552488 0.338909292853672 0.047233540745537
18.7349459964651 19.3967260657523 29.2818209738264 0.98934606860146 0.046473119435552 -0.137965723640535 -0.100194730334124 0.904890396734209 -0.41368375034357 -0.074867805676732 -0.0942980073316061 -0.336220259028677 0.477769793153196 0.525625277558502 0.20951899689519
18.8864264277218 19.8079252186501 29.334268296718 0.224438301315343 -0.201439095172104 -0.953440944194729 -0.0961301358817568 0.969052792153847 -0.2273663890902 -0.28777413431948 0.442121968634427 -0.0823671089661522 -0.114310963425452 -0.287342062988988 0.145146160289611
18.5037650430049 19.5855233134752 30.277169025021 0.528375590487823 0.678422236635782 0.510453076245857 0.0339066752544249 -0.617614806187239 0.785749407823528 0.409652685693518 0.628097605097807 -0.609968271506461 -0.230238462250167 0.136962135714304 -0.079881511967745
18.8070276996796 19.3208612431792 30.5527727936167 -0.246671893972257 0.755227584303879 0.607275995537753 -0.130804922014296 -0.646852184925609 0.751313642540971 0.00570218600748068 -0.220474291068008 0.188683466281211 -0.207012909653114 -0.350618573539312 -0.224928982695682
19.0838047417138 19.1308818262744 30.9551740245385 -0.794205925352136 0.482000262902309 0.370016941377671 -0.0287938581138868 -0.638100452461548 0.769414433956339 0.0774842091183991 -0.0439542447835461 -0.109928768242885 -0.416381217244083 -0.196632362065561 -0.525406063336695
19.0946048036064 18.9621684925604 31.4734140206761 -0.972241757867579 0.152108572104945 -0.177788864682276 -0.233890611034575 -0.652629215654706 0.720673417749762 -0.167597569714641 -0.364506003332888 0.561204385226401 -0.151991207496846 -0.235452181185609 0.108918525519623
18.8083928516508 18.8986477268448 31.9289496022847 -0.548553086767691 -0.506462033683276 -0.665271061884559 -0.280028742346488 -0.638432372817565 0.716929467251797 -0.542559787584209 -0.778499633545194 0.0367188282577049 -0.155031015656436 -0.147452611016402 -0.398572220155257
18.4432271619338 18.6938303519544 32.1502609258687 0.317557343850436 -0.68219986624825 -0.658604973847619 -0.26990654067945 -0.730854854876308 0.626898292062385 -0.294177560604321 -0.0979468038010869 0.119805034406238 0.167447125822541 0.25239125112301 0.2816283688892
24.8480764306427 10.2778023415083 28.7271573577806 -0.462591118965798 -0.485868468021331 0.741580186516135 -0.872626380753813 0.101751040406794 -0.47767128690818 0.549027327369885 0.652394116658452 0.120811043517377 0.360123675771088 -0.239570574000406 0.224962835365718
24.4871405716887 10.0860049022442 28.4900263690795 -0.267757003331876 0.527939988725148 0.805968646615029 -0.863127661968283 0.24029591325943 -0.444149147760364 0.28419427615021 0.334032650766655 0.234540442853393 -0.33542080663617 -0.216307937572988 -0.285978821216374
24.654333446637 10.5813674130926 27.9368107900618 0.709925503156009 0.1014334909133 -0.696933969635154 -0.664256652239451 -0.232393177570787 -0.710462130814308 -0.406790814215484 -0.265751589590298 -0.0853503323072687 -0.297668365452662 0.0929433842877 0.111694444451829
24.374164025296 10.7193152447648 27.5533590352834 0.752856176140378 -0.524619653097489 -0.397469077624663 -0.538542075908822 -0.143823680098381 -0.830233155306923 -0.183293225530723 -0.231506638957572 1.06159472190276 -0.289698532018281 0.187846232033456 0.0256271803849679
24.3708091345211 10.8975263684782 27.0982647448759 0.309554239665993 -0.950484878852092 -0.0274675624324128 -0.641866865222835 -0.187556663820483 -0.743524926037034 -0.291177514280607 0.316836652508591 0.815632093810142 -0.34400133236356 -0.456646012037898 -0.243940905084645
24.3242585512944 10.6918427807254 26.6941473078122 -0.470538583365137 -0.747348393015925 0.469109464011468 -0.580733161536445 -0.137976850137758 -0.802316201661814 0.178153488250414 -0.514587782005751 -0.429559968106686 0.405120489928821 -0.239018149728936 -0.386701281091538
24.1416335775496 10.4166344087586 26.3300515836968 -0.741642485582434 -0.21302937760034 0.636069845445631 -0.617248322505452 -0.154515023419067 -0.771446398911226 0.288455844741933 0.0650625617239252 0.0161493398577453 -0.0357655462983358 -0.0789945531776629 0.165693371348045
23.8105658044306 10.0757189599318 26.0385560253412 -0.6087453047036 0.494827685827948 0.620140815426418 -0.735748920137843 -0.0596644660664722 -0.674621086097016 -0.381486847872662 0.457136547518481 0.193849649588203 0.104571938860977 -0.0283006585327553 -0.238106980928317
23.9920283437659 9.06064775305713 26.3866302083224 -0.745224727128194 -0.312145514509452 0.589241186000402 -0.578883360915761 -0.135740837897036 -0.804032579462276 -0.207616551252513 -0.554637082588337 -0.113409494732367 0.151907559859474 0.456690517254564 -0.431224554731048
24.5017336214583 9.69732052595908 26.7527033954205 -0.0896379161079877 0.975305620416443 -0.201850896801528 0.483088909525536 0.219806104056438 0.847531870019109 -0.652750558160591 0.152502471459225 -0.618428765882302 0.469497040893335 0.309078158942103 -0.49673182998516
25.0001978797702 9.84306818557792 26.7850155224149 -0.519365928882676 0.818067379364258 0.24703169793748 0.647224349038921 0.187806784911857 0.738802518497346 -0.0762541880057145 -0.411039189101187 0.794977660594065 0.249736282794289 0.552451781511129 0.0711967972593055
25.3639024615671 10.1311287711595 26.9869287727426 -0.815690776510363 0.336373237809901 0.470639509155586 0.574540669652729 0.376181910496324 0.726904472855786 0.0561847814754167 -0.0613610333414761 0.169397838694279 -0.218504829354232 -0.214827856522341 -0.282009503536698
25.5152897592863 10.5095522507056 27.1538687808622 -0.446911868701198 -0.575485749988446 0.684898418506445 0.720236750526119 0.222629253181663 0.657035134421785 0.204297076059808 0.342620811141835 0.0533820188964804 0.241417813778682 -0.225030890561632 -0.200701906032327
25.5981188662114 10.9273281257615 27.4987955419129 -0.11860712395681 -0.954804548664723 0.272544389229328 0.71054410983078 0.110114861786698 0.694983229196172 -0.0160291858750055 0.0294247759894215 -0.134247731806868 0.027290279638698 0.32022528150994 -0.219489916846089
25.7623762243866 10.8753394695574 28.0114125727765 0.019144252039741 -0.95572736122152 -0.293629879581763 0.802883517562078 -0.160321662905744 0.574173243370984 -0.377407893959372 -0.041466789458589 -0.422056452837167 -0.11029078616496 0.00445100063440739 -0.0332418030233545
25.8768833384184 10.5966589800609 28.5159999699164 0.250812321310612 -0.607028737994139 -0.754061772798151 0.735032986883029 -0.387476762627301 0.556406484495673 -0.248327587831353 0.255451514008359 0.296864589274253 -0.0923178006056703 0.129165752436544 -0.463424350135104
25.4377000743657 11.1619645582373 29.5810773977981 -0.00267855132559189 -0.573555637431912 0.819162141177699 0.865498658476656 0.408994807207319 0.289197441008399 -0.408021539539885 -0.156156862655645 -0.755236370893038 -0.162644256688978 0.390797828373722 -0.0401373875441867
24.6347236934428 11.4644561335863 28.4121784402898 -0.765954678551104 -0.158596294464461 -0.623025341974142 -0.15151525094541 0.986328295063455 -0.0648034760676755 -0.317815511211413 -0.260501846938369 0.00732055097717677 0.0363193192456532 -0.0848776521745255 0.23774934482863
24.6020370504905 11.8725458474861 28.1489124190296 -0.949400694159622 -0.302560245335391 0.0842347832800853 -0.310418478309481 0.944754479256307 -0.105257597743526 0.0371304723010077 0.142306099012331 -0.0947244854637386 -0.247066111798364 -0.377825061215849 0.251870783322289
24.2772018703678 12.1159487834268 27.8792356352865 -0.613168214704257 -0.0269451731653253 0.789492616883639 -0.252487354711249 0.953678078975206 -0.163548327074068 -0.160970880411119 0.641961108497826 0.406024188469266 -0.0988417774065298 -0.0783418453482807 0.41837453681167
23.87348096579 12.5722015454278 27.7809216789342 -0.0644563277919978 -0.0657281737215744 0.995753518984109 -0.379593407159436 0.924435049121806 0.0364490153027404 0.14229969489544 0.643963535418121 0.0905249490504797 -0.197398612431704 0.464763288026481 -0.0551321960116839
24.1177334035642 13.1848661962691 26.9662642178489 -0.552698598177431 0.825574934561253 -0.113798395349598 0.829062121012001 0.558567977522281 0.0256444121037627 0.0941510746980719 -0.482457878180488 -0.122264238798539 0.499030973453677 -0.449445928506862 -0.489761501309241
24.4679100667054 13.427790128811 26.796305594727 -0.51983743948948 0.602678480836086 0.60543174188447 0.801760460857056 0.588832788532028 0.102254683286419 0.189595669822088 -0.33801510029165 -0.189445566677179 0.10860465546754 -0.102241887634975 0.309239395156607
25.4708061894211 13.3191259039298 27.0725631361621 0.510899156556707 -0.368619651613448 0.776596101201032 -0.0544341986210777 0.88771078212503 0.457172091628779 0.125658894885197 0.258147283285891 0.237579693379461 0.0830732291311764 0.130758464423179 0.0382405424975245
25.3508840836044 13.6815060851556 27.4435086004943 0.810053713177426 -0.350898124248562 0.469769485101678 0.00849160660035115 0.808104566601115 0.58897769653513 -0.116928485763817 -0.022459461635338 -0.442944663108597 -0.635086492607678 -0.365878478111391 -0.019921444102728
25.1098230283404 13.9144157596389 27.7007426410954 0.605106915295333 0.655955153882006 -0.451185481934407 -0.790300181838708 0.42635782387066 -0.440050611482738 -0.227342428218764 0.0530443466248823 -0.604695776488148 -0.352111741996965 0.124569306919928 0.72716355016369
24.8075443772336 14.3340041332776 27.8153002466807 0.307225758929168 0.064763624416234 -0.949430305877622 -0.723525889149036 0.663966675403425 -0.188834195134403 -0.0465060380812273 -0.0558281644729093 -0.208232333158473 -0.30606668884378 -0.0542135913035014 0.119885309745227
