#id1 id2 FENE BEXC STCK NEXC HB CRSTCK CXSTCK total, t = 100000
0 1 0.00026527 0 0 0 0 0 0 0.00026527
1 2 0.0456663 0 0 0 0 0 0 0.0456663
2 3 0.0350218 0 0 0 0 0 0 0.0350218
3 4 0.0965675 0 -1.20566 0 0 0 0 -1.10909
4 5 0.016136 0 -1.17748 0 0 0 0 -1.16134
5 6 0.00313977 0 -0.921746 0 0 0 0 -0.918607
6 7 0.00993773 0 -1.0425 0 0 0 0 -1.03256
7 8 0.000491907 0 -1.14602 0 0 0 0 -1.14552
8 9 0.0611078 0 -0.978808 0 0 0 0 -0.9177
9 10 0.0934375 0 0 0 0 0 0 0.0934375
10 11 0.0564326 0 -1.17168 0 0 0 0 -1.11525
11 12 0.133931 0 -1.11015 0 0 0 0 -0.976216
12 13 0.0290734 0 0 0 0 0 0 0.0290734
13 14 0.0374474 0 0 0 0 0 0 0.0374474
14 15 0.101584 0 -1.29492 0 0 0 0 -1.19333
15 16 0.0274353 0 -1.33391 0 0 0 0 -1.30648
16 17 0.143813 0 -1.32322 0 0 0 0 -1.1794
17 18 3.05749e-05 0 -1.158 0 0 0 0 -1.15797
18 19 0.0227607 0 -1.03015 0 0 0 0 -1.00739
19 20 0.0166076 0 0 0 0 0 0 0.0166076
20 21 0.0976043 0 -0.566276 0 0 0 0 -0.468672
21 22 0.0467139 0 -0.789752 0 0 0 0 -0.743038
22 23 0.0388816 0 -0.905058 0 0 0 0 -0.866176
23 24 2.10762e-09 0 -0.765002 0 0 0 0 -0.765002
25 26 0.0240284 0 -0.788987 0 0 0 0 -0.764958
26 27 0.00246021 0 -1.27208 0 0 0 0 -1.26962
27 28 0.0946909 0 -0.758496 0 0 0 0 -0.663805
28 29 0.0271933 0 -1.33811 0 0 0 0 -1.31092
29 30 0.0187804 0 -0.785557 0 0 0 0 -0.766777
30 31 0.00146209 0 -1.31032 0 0 0 0 -1.30886
31 32 0.0124982 0 0 0 0 0 0 0.0124982
32 33 0.000379315 0 0 0 0 0 0 0.000379315
33 34 0.125172 0 -1.31008 0 0 0 0 -1.18491
31 35 0 0 0 0 -0 -0.177774 0 -0.177774
34 35 0.0296968 0 -1.04322 0 0 0 0 -1.01352
31 36 0 0 0 0 -0.790586 0 -0 -0.790586
30 36 0 0 0 0 0 -0.165823 0 -0.165823
35 36 0.0546322 0 -1.35603 0 0 0 0 -1.3014
31 37 0 0 0 0 0 -0.114631 0 -0.114631
30 37 0 0 0 0 -0.669716 0 -0 -0.669716
29 37 0 0 0 0 0 -0.168945 0 -0.168945
36 37 0.0303342 0 -1.02723 0 0 0 0 -0.996898
30 38 0 0 0 0 0 -0.1365 0 -0.1365
29 38 0 0 0 0 -0.701523 0 -0 -0.701523
28 38 0 0 0 0 -1.52015e-30 -0.172239 0 -0.172239
37 38 0.127801 0 -1.31927 0 0 0 0 -1.19147
29 39 0 0 0 0 -0 -0.198097 0 -0.198097
28 39 0 0 0 0 -0.724133 0 -0 -0.724133
27 39 0 0 0 0 0 -0.141969 0 -0.141969
38 39 0.0427594 0 -1.16284 0 0 0 0 -1.12008
39 40 0.000379211 0 0 0 0 0 0 0.000379211
40 41 0.0335935 0 -1.06508 0 0 0 0 -1.03149
41 42 0.147531 0 -1.32204 0 0 0 0 -1.17451
42 43 0.000382796 0 -1.22624 0 0 0 0 -1.22585
43 44 0.043505 0 0 0 0 0 0 0.043505
44 45 0.306964 0 -1.31336 0 0 0 0 -1.0064
45 46 0.0346545 0 -1.09648 0 0 0 0 -1.06183
46 47 0.0323762 0 -1.00425 0 0 0 0 -0.971872
47 48 0.0146099 0 -1.30857 0 0 0 0 -1.29396
48 49 0.594019 0 -1.0053 0 0 0 0 -0.411276
49 50 0.0760003 0 -0.933822 0 0 0 0 -0.857822
50 51 0.0202774 0 0 0 0 0 0 0.0202774
#Total energy per particle is  -0.823449 and should be -0.82344910

