t = 0
b =  30.0 30.0 30.0
E = 0. 0. 0.
0.16711788975503744 7.880436558090952 23.08453016844767 0.5838417057607828 -0.6938320698826944 0.4215755227911548 0.4259277044545127 0.7038352624839008 0.5685081475777878 0.0 0.0 0.0 0.0 0.0 0.0
0.156502652206158 8.022082741429323 23.602708494505233 0.8782184319543995 -0.47269430636811427 -0.07274942269683699 0.4259277044545127 0.7038352624839008 0.5685081475777878 0.0 0.0 0.0 0.0 0.0 0.0
0.3460773338544665 8.055978242757734 24.104303587369984 0.83894529281937 -0.0719720728369356 -0.5394356461968157 0.4259277044545127 0.7038352624839008 0.5685081475777878 0.0 0.0 0.0 0.0 0.0 0.0
0.7268896213984014 8.073467707818361 24.482934307710803 0.4809428105249629 0.35609355447388286 -0.8011812488235763 0.4259277044545127 0.7038352624839008 0.5685081475777878 0.0 0.0 0.0 0.0 0.0 0.0
1.2173328377343888 8.17212870982581 24.678935737173088 -0.05977788642286486 0.6488732868733326 -0.7585446999861067 0.4259277044545127 0.7038352624839008 0.5685081475777878 0.0 0.0 0.0 0.0 0.0 0.0
1.6941496829793703 8.418700397992863 24.702026878405892 -0.5777879648856827 0.6951352090067768 -0.4277243374328439 0.4259277044545127 0.7038352624839008 0.5685081475777878 0.0 0.0 0.0 0.0 0.0 0.0
2.039259743448536 8.82372817892547 24.627618243462518 -0.876286735388808 0.47730364319762886 0.06559565208072249 0.4259277044545127 0.7038352624839008 0.5685081475777878 0.0 0.0 0.0 0.0 0.0 0.0
2.184620215013422 9.337557340343357 24.568162139474914 -0.8418695243847996 0.07813644324634761 0.533994756668004 0.4259277044545127 0.7038352624839008 0.5685081475777878 0.0 0.0 0.0 0.0 0.0 0.0
2.13807650200533 9.869197706457816 24.63043015707195 -0.48761200575916236 -0.3507160978658863 0.7995203252808847 0.4259277044545127 0.7038352624839008 0.5685081475777878 0.0 0.0 0.0 0.0 0.0 0.0
1.9803816169417037 10.32089232702845 24.874948857973706 0.05189746629236586 -0.6463257297384094 0.7612947550525645 0.4259277044545127 0.7038352624839008 0.5685081475777878 0.0 0.0 0.0 0.0 0.0 0.0
1.834516760952378 10.625256977168544 25.293004722243868 0.5716902232200591 -0.6963854108933684 0.43384057921023494 0.4259277044545127 0.7038352624839008 0.5685081475777878 0.0 0.0 0.0 0.0 0.0 0.0
1.8189687093343236 10.770880550983696 25.809954560195816 0.874288306195634 -0.48187663150675836 -0.05843688610173847 0.4259277044545127 0.7038352624839008 0.5685081475777878 0.0 0.0 0.0 0.0 0.0 0.0
2.0027147046230844 10.806660331484613 26.313583708122156 0.8447296443265165 -0.0842948632630895 -0.5285132013710276 0.4259277044545127 0.7038352624839008 0.5685081475777878 0.0 0.0 0.0 0.0 0.0 0.0
2.3790168489155312 10.823225095252369 26.696738255166274 0.4942440674512564 0.34531193286918416 -0.7977985151699547 0.4259277044545127 0.7038352624839008 0.5685081475777878 0.0 0.0 0.0 0.0 0.0 0.0
2.8679819439349035 10.918503724982909 26.89803460557464 -0.04401309396887976 0.6437289523968144 -0.7639868345759531 0.4259277044545127 0.7038352624839008 0.5685081475777878 0.0 0.0 0.0 0.0 0.0 0.0
3.3469142527991953 11.160520389667264 26.925180133002534 -0.565548945130549 0.6975825803347543 -0.43992378234783747 0.4259277044545127 0.7038352624839008 0.5685081475777878 0.0 0.0 0.0 0.0 0.0 0.0
3.6969296618259557 11.561551025488393 26.852045020402016 -0.872223296562999 0.48641292304473693 0.05127366992762983 0.4259277044545127 0.7038352624839008 0.5685081475777878 0.0 0.0 0.0 0.0 0.0 0.0
3.8481217429566357 12.073459502422574 26.790597742474834 -0.8475254348353145 0.09044686389963251 0.5229913977475446 0.4259277044545127 0.7038352624839008 0.5685081475777878 0.0 0.0 0.0 0.0 0.0 0.0
3.80612037454918 12.605985344828591 26.84836637012015 -0.5008384905440706 -0.339881471031865 0.7960159496132915 0.4259277044545127 0.7038352624839008 0.5685081475777878 0.0 0.0 0.0 0.0 0.0 0.0
3.6499528564632975 13.06103519521851 27.087586858526493 0.03612536987788395 -0.641083152603197 0.766620733543993 0.4259277044545127 0.7038352624839008 0.5685081475777878 0.0 0.0 0.0 0.0 0.0 0.0
3.502020117577765 13.36995012080082 27.501558567265945 0.559364598299255 -0.6987266261618477 0.4459734835861795 0.4259277044545127 0.7038352624839008 0.5685081475777878 0.0 0.0 0.0 0.0 0.0 0.0
3.4815945564749806 13.51959028996407 28.017189945621443 0.8700918637493804 -0.49091217235540213 -0.044106549065042744 0.4259277044545127 0.7038352624839008 0.5685081475777878 0.0 0.0 0.0 0.0 0.0 0.0
3.6595064630913465 13.557327013992333 28.52276723472975 0.8502566830009213 -0.09659197665731106 -0.5174297663042798 0.4259277044545127 0.7038352624839008 0.5685081475777878 0.0 0.0 0.0 0.0 0.0 0.0
4.031234407351137 13.573045593902293 28.910396392328046 0.5073947728467544 0.3344251259046214 -0.7941727643601648 0.4259277044545127 0.7038352624839008 0.5685081475777878 0.0 0.0 0.0 0.0 0.0 0.0
4.518623006046544 13.664996391784912 29.11699384330176 -0.02823489470010737 0.6383885318454537 -0.7691962513750812 0.4259277044545127 0.7038352624839008 0.5685081475777878 0.0 0.0 0.0 0.0 0.0 0.0
20.585653399375925 11.843472430089523 5.143612459732542 -0.571943885236585 0.26598478086503724 0.7759718348552725 0.7959977961912476 0.4084843709208646 0.4466856021544266 0.0 0.0 0.0 0.0 0.0 0.0
20.760998852420183 12.340195039326419 5.249469550604868 -0.3471023507754572 -0.2965328433860812 0.8897124428035821 0.7959977961912476 0.4084843709208646 0.4466856021544266 0.0 0.0 0.0 0.0 0.0 0.0
20.85722231368359 12.76932297758304 5.558136620809112 0.009609169987097987 -0.7463926826700723 0.6654364185320277 0.7959977961912476 0.4084843709208646 0.4466856021544266 0.0 0.0 0.0 0.0 0.0 0.0
20.955636185547903 13.028310680339738 6.018489943555719 0.36267000641479996 -0.9126854627875264 0.18834997335653597 0.7959977961912476 0.4084843709208646 0.4466856021544266 0.0 0.0 0.0 0.0 0.0 0.0
21.1367206967859 13.07925170313633 6.521777648655388 0.5779464438863658 -0.7322337763048046 -0.360293775740727 0.7959977961912476 0.4084843709208646 0.4466856021544266 0.0 0.0 0.0 0.0 0.0 0.0
21.449548118092906 12.963280013584473 6.9429363762383 0.573651364576252 -0.2735942359080015 -0.7720558956433924 0.7959977961912476 0.4084843709208646 0.4466856021544266 0.0 0.0 0.0 0.0 0.0 0.0
21.893139386005036 12.784942509348733 7.188104938116526 0.3514165409242673 0.2889883289619412 -0.8905010727049167 0.7959977961912476 0.4084843709208646 0.4466856021544266 0.0 0.0 0.0 0.0 0.0 0.0
22.416836065478186 12.6724799037929 7.23028375245201 -0.0043273019960906045 0.7417793960320418 -0.6706300038618713 0.7959977961912476 0.4084843709208646 0.4466856021544266 0.0 0.0 0.0 0.0 0.0 0.0
22.93954633632517 12.72910593490269 7.119592436305777 -0.3584271305395024 0.9127560686594327 -0.1959753842159649 0.7959977961912476 0.4084843709208646 0.4466856021544266 0.0 0.0 0.0 0.0 0.0 0.0
23.380553131487748 12.99379474058331 6.9642285251611415 -0.5763544996089055 0.7369614503354431 0.3531335604272806 0.7959977961912476 0.4084843709208646 0.4466856021544266 0.0 0.0 0.0 0.0 0.0 0.0
23.690179900329458 13.426473932056417 6.889361420227268 -0.575315158143525 0.28118285569063817 0.7680811613859229 0.7959977961912476 0.4084843709208646 0.4466856021544266 0.0 0.0 0.0 0.0 0.0 0.0
23.86866356077003 13.923248764331639 6.989578440199024 -0.35570396934292153 -0.28142180695768704 0.8912218875018496 0.7959977961912476 0.4084843709208646 0.4466856021544266 0.0 0.0 0.0 0.0 0.0 0.0
23.966064490206644 14.355873486855906 7.292949517469163 -0.0009548955357177591 -0.737109620021088 0.675772518120471 0.7959977961912476 0.4084843709208646 0.4466856021544266 0.0 0.0 0.0 0.0 0.0 0.0
24.063247751175847 14.620474048303176 7.750362961508075 0.35415695905050715 -0.912757164622832 0.20358587079113588 0.7959977961912476 0.4084843709208646 0.4466856021544266 0.0 0.0 0.0 0.0 0.0 0.0
24.241161102104176 14.677011585354728 8.254183811199667 0.5747186637048526 -0.7416330018983764 -0.3459464526259958 0.7959977961912476 0.4084843709208646 0.4466856021544266 0.0 0.0 0.0 0.0 0.0 0.0
24.550081590507578 14.564493856288031 8.67914615612994 0.5769351392340819 -0.2887500623101702 -0.7640479347742669 0.7959977961912476 0.4084843709208646 0.4466856021544266 0.0 0.0 0.0 0.0 0.0 0.0
24.990514462052673 14.386155541432196 8.929943750287618 0.3599643095271463 0.2738338535932643 -0.8918748323015436 0.7959977961912476 0.4084843709208646 0.4466856021544266 0.0 0.0 0.0 0.0 0.0 0.0
25.51300120928078 14.27023766211914 8.977438448359278 0.006237020348533795 0.7323837102587336 -0.6808635696854564 0.7959977961912476 0.4084843709208646 0.4466856021544266 0.0 0.0 0.0 0.0 0.0 0.0
26.03690968549358 14.321266672604049 8.869730274297734 -0.34985981713790604 0.912688750594262 -0.21118085351403165 0.7959977961912476 0.4084843709208646 0.4466856021544266 0.0 0.0 0.0 0.0 0.0 0.0
26.48106760538144 14.58034311250471 8.713883418032852 -0.573039060749445 0.7462480752368664 0.3387329996629572 0.7959977961912476 0.4084843709208646 0.4466856021544266 0.0 0.0 0.0 0.0 0.0 0.0
26.794601253340765 15.009526824636348 8.63525075969939 -0.5785111844800912 0.29629527949451606 0.759956522954246 0.7959977961912476 0.4084843709208646 0.4466856021544266 0.0 0.0 0.0 0.0 0.0 0.0
26.976263258594972 15.506251055051703 8.729850214685415 -0.3641972370355422 -0.2662250467206995 0.892459857379724 0.7959977961912476 0.4084843709208646 0.4466856021544266 0.0 0.0 0.0 0.0 0.0 0.0
27.074906492207443 15.942289277690291 9.027885922242438 -0.011518670188102875 -0.7276020266413044 0.6859027708535396 0.7959977961912476 0.4084843709208646 0.4466856021544266 0.0 0.0 0.0 0.0 0.0 0.0
27.170924044588105 16.212470595461962 9.482273187997485 0.3455360320456923 -0.9125508317837163 0.21875975399731218 0.7959977961912476 0.4084843709208646 0.4466856021544266 0.0 0.0 0.0 0.0 0.0 0.0
27.345706546345887 16.274635922415086 9.986526746559507 0.5713158186509503 -0.7508063188952101 -0.33149375087053634 0.7959977961912476 0.4084843709208646 0.4466856021544266 0.0 0.0 0.0 0.0 0.0 0.0
27.65072050694163 16.16565492535189 10.415216294180123 0.580043173859605 -0.30381793264617474 -0.7558072375027108 0.7959977961912476 0.4084843709208646 0.4466856021544266 0.0 0.0 0.0 0.0 0.0 0.0
28.087955327269757 15.987418620982353 10.671619558230487 0.36840242951429075 0.2585959657800947 -0.8929769181844661 0.7959977961912476 0.4084843709208646 0.4466856021544266 0.0 0.0 0.0 0.0 0.0 0.0
