#id1 id2 FENE BEXC STCK NEXC HB CRSTCK CXSTCK total, t = 100000
0 1 0.0209284 0 -0 0 0 0 0 0.0209284
1 2 0.087753 0 0 0 0 0 0 0.087753
2 3 0.0648432 0 0 0 0 0 0 0.0648432
3 4 0.062752 0 0 0 0 0 0 0.062752
4 5 0.00030605 0 -1.32561 0 0 0 0 -1.3253
5 6 0.00694575 0 -1.36739 0 0 0 0 -1.36045
6 7 0.00342555 0 0 0 0 0 0 0.00342555
7 8 0.000142551 0 -0 0 0 0 0 0.000142551
8 9 0.013755 0 0 0 0 0 0 0.013755
9 10 0.0800993 0 -1.21528 0 0 0 0 -1.13518
10 11 0.0331247 0 -1.34801 0 0 0 0 -1.31488
11 12 0.00178451 0 0 0 0 0 0 0.00178451
12 13 0.310925 0 -1.29657 0 0 0 0 -0.985645
13 14 0.000549647 0 0 0 0 0 0 0.000549647
14 15 0.0388702 0 -1.39898 0 0 0 0 -1.36011
15 16 0.0661023 0 -0 0 0 0 0 0.0661023
16 17 0.402473 0 0 0 0 0 0 0.402473
17 18 0.000920375 0 -1.28622 0 0 0 0 -1.2853
18 19 0.0133774 0 -0.960636 0 0 0 0 -0.947259
19 20 0.151611 0 -1.25315 0 0 0 0 -1.10154
20 21 0.0209051 0 0 0 0 0 0 0.0209051
21 22 0.0261972 0 -0.828458 0 0 0 0 -0.802261
22 23 0.114273 0 -1.24438 0 0 0 0 -1.13011
23 24 0.0231286 0 -0.95023 0 0 0 0 -0.927102
25 26 0.000328858 0 -1.34824 0 0 0 0 -1.34791
26 27 0.00712447 0 0 0 0 0 0 0.00712447
27 28 0.0130265 0 -1.03844 0 0 0 0 -1.02541
28 29 0.084386 0 -1.22451 0 0 0 0 -1.14013
29 30 0.0319888 0 -1.07446 0 0 0 0 -1.04247
30 31 0.000744849 0 -0.666425 0 0 0 0 -0.66568
31 32 0.00282349 0 -1.21771 0 0 0 0 -1.21488
32 33 0.0611373 0 -1.07366 0 0 0 0 -1.01252
33 34 0.0185086 0 0 0 0 0 0 0.0185086
34 35 0.0079557 0 0 0 0 0 0 0.0079557
35 36 0.00247958 0 0 0 0 0 0 0.00247958
36 37 0.0487903 0 -0.972695 0 0 0 0 -0.923905
37 38 0.00110826 0 -1.33457 0 0 0 0 -1.33346
38 39 0.00514551 0 0 0 0 0 0 0.00514551
39 40 0.0361219 0 0 0 0 0 0 0.0361219
40 41 0.302818 0 0 0 0 0 0 0.302818
41 42 1.63566e-05 0 -1.25125 0 0 0 0 -1.25124
42 43 0.0585614 0 -0 0 0 0 0 0.0585614
43 44 0.0060852 0 0 0 0 0 0 0.0060852
44 45 0.00480377 0 0 0 0 0 0 0.00480377
45 46 0.00681234 0 0 0 0 0 0 0.00681234
46 47 0.0562361 0 -1.3486 0 0 0 0 -1.29236
47 48 0.0185254 0 -1.00612 0 0 0 0 -0.987598
48 49 0.0375684 0 0 0 0 0 0 0.0375684
49 50 0.400108 0 0 0 0 0 0 0.400108
50 51 0.233667 0 0 0 0 0 0 0.233667
#Total energy per particle is  -0.48153 and should be -0.4815310

