t = 100000
b = 30 30 30
E = -0.314877615602072 -0.481529453113783 0.16665183751171
10.4131195958585 13.7482718426035 22.1219784242183 -0.784065072539866 -0.607484034275893 -0.127298962547865 -0.600457171953441 0.794321081431923 -0.0922231225113715 -0.181807090988842 0.304163401447814 0.27899945915274 -0.16079721312758 0.311145958684305 -0.375678554337219
10.516657189881 13.1764617628581 21.5674756958245 -0.360813547903683 -0.925036614700939 -0.118830547778898 -0.91867200068225 0.330546520046831 0.21628832349712 -0.126109839576817 -0.0577928557298534 0.345516688687645 0.0435087757905501 0.457662546643491 0.140792885823977
11.1340225217878 14.2395641019092 21.0132143048306 0.892599474268365 0.44383190142236 0.0792420473386083 -0.0858765953544515 -0.00517050987800146 0.996292327953644 -0.502704021637356 0.134645996559157 -0.363836373267819 -0.208909589613291 0.012804952971666 0.162369517566578
11.1980520386839 14.2019730844472 19.9305797643662 0.340656088471108 -0.376544334458552 -0.861491543308545 -0.47318020479677 0.723128339288652 -0.503175687681578 0.346577986693274 -0.284679066481218 -0.0952141963330569 0.268836910245769 -0.167299411174436 0.312736947031968
10.6633484652464 15.1065578466598 19.5315136507427 -0.203432552254376 0.246838924434513 -0.947462730099134 0.929310043548683 -0.255951523089198 -0.266217044774157 -0.179186889345521 0.225944498639079 0.500133717564807 -0.281513484379325 0.467798842001851 0.078629658031982
10.9324600575367 14.8128729116033 19.2797738615012 0.23136803536628 0.906638779589408 -0.35280992711399 0.93071349503811 -0.311867871372014 -0.191077873412516 -0.032411808422156 0.306178342756321 -0.0283218980816911 0.606201140552069 0.0593254979543546 -0.694555947317042
11.2989997807334 14.7042421122695 18.8968892138578 0.333424090609046 0.838202766607142 0.431560390981576 0.942316673147379 -0.281994369926001 -0.180328447505437 -0.0918789250533675 0.539250634893228 -0.342568234943655 0.27851034358573 -0.472284960282677 0.190826317225812
11.8438704485194 13.9367349823035 19.218459726251 0.232297321296784 -0.972644574500118 0.000558113679653394 0.120211730361172 0.0281408214011955 -0.992349313983608 0.0498706309116216 -0.283853379364604 -0.0209199117590844 -0.316753443015116 0.458107172459554 0.0843079800727679
12.3995365360209 14.2856039324687 19.1957975868647 -0.00188909023285803 -0.912412177235477 0.409267997575783 -0.359524819050841 0.382522765958143 0.851127560556081 -0.17966520297792 0.517154674993233 -0.550388471066306 0.430305319386927 0.11783327320487 0.149174514303433
12.8557373071062 15.1402498763573 19.5647477097588 -0.471365662745496 0.830765714225302 0.296044806675737 -0.873094602992421 -0.486980179151334 -0.0235786488079407 0.0907884102561236 0.431689454600129 0.247119954730382 -0.205662291844217 0.227442398305763 -0.604587059737451
12.5567430687603 14.9113583323712 19.8222107656724 -0.521896343335239 0.630610234689431 -0.574416968552969 -0.805153406814005 -0.586562500508467 0.0875919113102462 -0.119979540989732 0.154817789360325 -0.0580746498136522 0.102252195759985 -0.0483763395161317 0.161392705710945
12.0491938162279 14.8361301229555 19.9481422860056 0.0393530406107255 0.136506477389608 -0.989857201152971 -0.81999360984614 -0.561691317337687 -0.110060073148646 -0.524248263226834 0.337923733151469 -0.135880800051664 0.194270592003784 0.0631865115428521 0.31002611108232
11.531115608395 15.5038713568403 20.9771851440869 -0.651564393739167 0.73294414396099 0.195592890214028 0.415886574395371 0.129497010519859 0.900149321978352 0.0466897226090954 0.300222177360821 -0.315343713915408 -0.403977398167283 0.292072576854663 -0.495507931140015
11.7916492401057 15.8936545973173 21.1969218306247 -0.76588843100426 -0.351912178138803 0.538119546925967 0.465163352008862 0.274523882098304 0.841581600114783 0.0870162907901992 -0.294213598801097 -0.0248885982169632 0.147322667811142 -0.120609702534353 -0.00748288553378234
12.4591973767187 15.2762755952091 21.7248416520279 0.497684806263594 -0.779998178106704 0.379357975622591 0.269820511774022 0.554898526547756 0.786946226064621 0.31064852574185 0.787349204115846 0.268178904959941 -0.407549521596939 0.0153670940608413 0.0605637579238703
12.4261071766373 15.3642174714134 22.226563228204 0.886932697110781 -0.458243478394351 -0.0579933841805911 0.32566497590308 0.531352946937961 0.782052613943367 -0.0689222872904628 0.0924283570075756 0.057472544857539 -0.338068634513889 -0.206256587537629 0.885914472119415
13.0317635986027 15.8430265737085 22.4464373046788 0.975349390562582 0.0710798540714488 -0.208904550853301 -0.124709136476211 -0.603461638739998 -0.787579583890787 0.199779235175972 -0.0907872857719534 0.00381382842560049 -0.501787754701351 0.176419237665755 -0.306870811010088
13.2450740432832 16.0377777535407 23.6259106161018 0.609402746622399 -0.127271482246839 0.782579181891477 -0.627846708676132 -0.680227012438579 0.378285060441429 0.263107752177598 -0.00637318567466365 -0.150404139315968 -0.082261370757495 0.039965395097308 0.271381397370553
13.0926121376425 15.5549028523292 23.7129046270905 0.119685534354161 0.518336021880227 0.846760305089107 -0.68832521451239 -0.571305428605376 0.447010520075834 -0.178698742650116 -0.209023733300466 -0.0838089837104945 0.242398735286249 -0.41662471906961 -0.376262979009413
12.8921268916936 15.2170035401176 24.0602975976366 -0.498104867516831 0.851898273914419 0.161742551321168 -0.83764086324154 -0.520948641890288 0.164225841917972 -0.0237275842722925 -0.565269206068484 0.335984168546495 0.604822815485614 -0.0110589057788986 -0.359050193041256
12.5532068538553 15.1365129037205 24.3859637496476 -0.638399573231292 0.576844635577452 -0.509603935235931 -0.751879980923636 -0.609020019466947 0.252529261578597 -0.348227483486931 0.319513465390322 -0.132709013570744 0.426726982104367 0.0840326272980867 -0.136167679349009
12.8906759260042 14.9417991797816 25.2444980058556 -0.98076498506203 0.184002433092046 0.065138589296624 -0.111240669805342 -0.801117392483238 0.588078502733066 0.140129283913442 0.436743487826084 -0.316386284612962 0.275562455694243 0.368925620261782 0.356057577262815
12.8407478024808 14.6592905318523 25.7378153934516 -0.828928990607917 -0.331756863645533 -0.45034875815417 -0.0219228678372298 -0.785235528307431 0.618808868725563 -0.0546009534411048 0.264327596847041 0.233397677048484 -0.170586721341589 -0.210154872968109 0.567533545489362
12.663119468198 14.5032563872934 26.1153302516301 -0.0638790281727472 -0.742501435832789 -0.666791530569114 0.0697289405261818 -0.669843955453486 0.739220409150656 0.0404583384755857 -0.45441874053339 -0.138553068432792 -0.358831633280398 0.184007955454031 0.0741782975152163
12.4017932116945 14.1922866370868 26.2121894490763 0.892255279274944 -0.45140993145737 -0.0104607474499265 -0.195554705233576 -0.407207049941864 0.892155054960062 -0.154536527324949 0.102200443015607 -0.115294944957599 0.365200090110709 0.211713167093482 0.0884066642219643
12.1414410843561 12.7196227169329 24.9216859648524 -0.576842894032585 0.816436665443944 0.0261394090742518 0.131063788762929 0.124092077114177 -0.983576810431152 -0.268254118275013 -0.156327117634581 0.240615584330899 -0.0103927863690085 0.217881505652002 0.404151695527822
11.9020825009559 12.6404773650473 24.509461625168 0.315438980598175 0.945896890629818 0.0760074078391035 0.200540945817193 0.0118400518337012 -0.979613712233961 -0.0475284133691339 -0.162634676535235 -0.256144058550149 -0.555672849655552 -0.102608077268694 0.0848753916989286
11.1107874281761 11.4244523137959 24.3222634188049 -0.706729639387117 -0.536939488459633 -0.46068330196198 -0.560103763055999 0.8224453826785 -0.0993339809582617 0.753712273780574 -0.447004615685253 -0.500062610374107 -0.623395273894943 -0.285747331309128 -0.111897351830848
10.9718115608396 11.8391681116345 24.0216450699028 -0.8367305618861 -0.448514441865947 0.314192036636498 -0.531991624357325 0.801827974400742 -0.272133461866709 0.122496796349491 -0.333414438974952 0.265501773583672 -0.23889502321996 0.0791585561955674 -0.0199784356088087
10.6297049292922 12.1191282731154 23.7098633074413 -0.610002217530245 -0.240524006133481 0.755013524934865 -0.565103676626934 0.799979586704803 -0.201718512135548 0.096737022456228 0.257620583631533 -0.383046521761624 0.316593660038539 -0.0320667878698616 0.134366286753535
10.1737460735622 12.4020157642588 23.5488191541301 -0.193369737086401 -0.101324999805885 0.97587975305756 -0.786940572389728 0.610041994762216 -0.0925913077292486 -0.230881598474735 -0.323946503533125 -0.183069907152164 0.022849088657604 0.609924140887139 -0.418948053891252
9.7590758267979 12.4840329389787 23.5243057403154 0.50964784319711 0.663877674230964 0.547289099814611 -0.805360196624528 0.591924100791117 0.0319480963033346 -0.0935587278319782 -0.208359888430621 -0.0950907413860034 0.113757126328793 -0.309213989548622 0.379882759162949
9.45330924660071 12.6114333162881 23.8780466106787 0.285177456780609 0.870259231544375 -0.401649789744673 -0.930525588118409 0.35183845767695 0.101645188873629 0.254056462193609 0.405326868370445 -0.424727884722967 0.090993245548017 -0.143283930601439 -0.365488860493201
9.2856952881704 12.8597689591968 24.1465257354104 -0.322105315928007 0.245146693481384 -0.914412990381581 -0.93435393834199 0.0731853000936094 0.348749955151193 -0.227598825434551 0.271008874218281 0.192928642968924 0.490042946984488 -0.225147909020941 0.483751265871937
9.73476573803872 13.2785355375033 24.7411772120389 -0.75743018076575 0.399105561095222 0.516734140057411 -0.00130637386867249 0.790497007022665 -0.612464419113233 -0.438443987372665 0.221852272912235 0.159319032468701 -0.399001307184767 -0.301887305629064 0.233423454633675
10.7330739356687 13.2958036415684 24.1738317441692 -0.119101701393793 -0.0999460277630706 -0.987838792871435 -0.333875319372147 0.94101389631382 -0.0549537969071477 -0.274482858356943 -0.494483138921606 0.213367037705761 0.297593554807273 0.221865754400552 -0.0259168974426766
11.6967747955064 13.8819169762356 24.6950172056211 0.453733018885696 0.831817695943727 0.31969593812411 0.608645012254753 -0.551308344527877 0.570622662201468 -0.0817773757126082 -0.395134750416505 -0.448322337353495 -1.01034085706515 0.48897869903422 0.420592406723278
12.1533278285507 13.8909954972486 24.7057382097062 0.0150182039681286 0.388327043411087 0.921399192147942 0.667978573661807 -0.689598797882365 0.27974633178144 0.136829989012826 -0.445433964222062 0.138443813820057 -0.143381509114897 0.340791506467634 0.282740057682486
12.6219932423422 13.8358489320216 24.9029193110109 -0.525849764466142 -0.182929170511163 0.830673707727411 0.625852331726599 -0.744567943511011 0.232222438133195 -0.230974626044008 0.331308859502453 0.0759398023251518 0.385454199944496 -0.0690573286252481 -0.0575806236554631
13.5986994486483 14.5632590674937 24.4835183006677 0.383141413085158 0.833375240675599 0.398356921200737 -0.654981135173313 -0.0589745264411161 0.753340325732793 0.854030882994775 0.15284225818409 -0.458083548083567 -0.470403577854383 0.554181032115072 0.525411488877716
14.0018529821207 14.1600301978536 23.5675245476862 0.4622695588922 -0.73230360937605 -0.50003811733664 0.704270594534761 0.645846332990599 -0.294763110942962 0.397173576993754 -0.0117324615306292 -0.25247313838728 -0.286597769290158 0.240581034206486 0.337822926859916
13.5157716832248 14.2583368082833 23.0438749703823 0.183070015893421 0.905735460994354 -0.382267513214836 -0.918546328499605 0.0190096369128634 -0.394855898746145 -0.171568017614108 -0.124234135563252 -0.320427086970343 -0.213255542026406 0.108232072226891 -0.0936968868384407
13.0938783362314 14.4256208324266 23.06740916847 0.432832826214131 0.0991798176077951 -0.89600169039875 -0.893315444441701 -0.0862306080812099 -0.441080176548285 0.0416329109803846 -0.234487988482543 -0.0088414162544394 -0.254017625702191 -0.183507575192003 0.0303078110892226
12.77333913163 14.7362030426248 22.6863660130225 0.468916679623455 -0.560254249596497 -0.682811950374756 0.720891312489778 0.68944007439075 -0.0706253388681017 0.310756306838718 0.439346605154207 -0.18108216494883 -0.270806471767948 -0.174229722484724 -0.316196670905621
11.6663963388835 15.2940931706526 22.9023542789515 -0.373511394789523 0.887047481223754 -0.271359292353273 0.387186724330597 -0.116748047668314 -0.914579839743647 0.0548036360715576 -0.111882927262318 0.045142511647045 -0.352575780318357 -0.165386264825505 -0.0254589169764125
11.3899245732311 14.181514871466 23.2474040984584 0.499896954449704 -0.839368983910019 0.213453892276315 -0.86024769983666 -0.452645887394818 0.234702923709455 0.168184288200085 -0.63258009352783 -0.300907431566924 0.00187135229414595 -0.580358294517301 0.12054962053082
10.3718577010268 14.9929592745187 23.5239319399338 -0.286700085809028 0.947709433364704 0.140177359744232 0.955143385235093 0.271431644715609 0.118430888759795 0.00584900884841811 0.21315368549747 -0.0634634889044871 1.02810867353931 -0.0342487581360816 -0.222272839749261
10.7081913414242 15.3405811257801 23.3394762625478 -0.257512164379163 0.399225493011421 0.879946816178645 0.904883914951077 0.419054574560111 0.074687846434887 -0.409721236998322 0.146758590557748 -0.592110133932167 0.875869307383371 0.227893892568758 -0.21002044151216
10.9678506445176 15.7187987749639 23.3248501879526 0.234107175356055 -0.612828047735574 0.754741965954876 0.900410775269483 0.429465755296154 0.0694224987354598 -0.358448070869326 -0.460922626352118 -0.0823955361215971 0.342174375888164 -0.256175832042826 0.029883350368138
10.8125455513389 16.6204171538333 22.5508132114592 0.221351691812551 0.901019165421939 0.373051951449161 -0.953726842456284 0.120189637516137 0.275607423571654 0.156634542015176 -0.0251533231673813 0.0860659917670465 0.00722975497287197 0.186413310748889 0.305588765993735
10.2384039741727 16.5825004780691 21.4975699283749 -0.0635774838428348 0.944891116379985 -0.321151812246607 -0.358983360491673 -0.321915569423931 -0.876071461767872 0.258445114619795 -0.0234056834535816 0.0348524973494276 -0.182215577583293 0.542452271548139 -0.184271792931309
10.1183672487198 15.1425153831005 21.5145171326989 -0.154241327185066 -0.721221279269283 0.675314233090118 -0.231629070472924 0.690840632811546 0.684899286471892 -0.383150128725302 -0.035667785117292 -0.36123463866883 0.1230448670699 -0.0410182076492537 -0.31069969357285
