        0.0000  -1.016306   0.325379  -0.690928 
        0.5000  -0.640873   6.011263   5.370390 
        1.0000  -0.433091  14.947251  14.514160 
        1.5000  -0.309024  13.065072  12.756048 
        2.0000  -0.314356   3.592072   3.277716 
        2.5000  -0.149756   2.142004   1.992249 
        3.0000  -0.101744   9.633956   9.532212 
        3.5000  -0.101333  13.897811  13.796478 
        4.0000  -0.106428   9.194728   9.088300 
        4.5000  -0.064174   2.406998   2.342824 
        5.0000  -0.037702   4.403000   4.365299 
        5.5000   0.007805  11.150040  11.157844 
        6.0000   0.054277  11.644768  11.699045 
        6.5000   0.126978   5.087065   5.214043 
        7.0000   0.154171   1.703102   1.857273 
        7.5000   0.173328   6.636436   6.809765 
        8.0000   0.140903  11.271514  11.412418 
        8.5000   0.156481   8.423963   8.580443 
        9.0000   0.164986   2.311263   2.476249 
        9.5000   0.192055   2.678354   2.870409 
       10.0000   0.167833   8.482866   8.650700 
       10.5000   0.219190  10.012617  10.231806 
       11.0000   0.259274   5.124934   5.384208 
       11.5000   0.262481   1.216662   1.479143 
       12.0000   0.245143   4.492181   4.737324 
       12.5000   0.257194   9.077410   9.334604 
       13.0000   0.239312   7.901164   8.140476 
       13.5000   0.285030   2.592916   2.877946 
       14.0000   0.233009   1.568863   1.801871 
       14.5000   0.281465   6.086381   6.367846 
       15.0000   0.279642   8.595952   8.875594 
       15.5000   0.271662   5.443505   5.715167 
       16.0000   0.317291   1.212256   1.529546 
       16.5000   0.309618   2.736904   3.046522 
       17.0000   0.294142   7.123234   7.417376 
       17.5000   0.272062   7.303861   7.575922 
       18.0000   0.257991   3.164975   3.422966 
       18.5000   0.308179   0.927181   1.235360 
       19.0000   0.276666   4.139926   4.416592 
       19.5000   0.269400   7.163630   7.433031 
       20.0000   0.274932   5.502697   5.777629 
       20.5000   0.278060   1.550896   1.828956 
       21.0000   0.249401   1.556043   1.805444 
       21.5000   0.253679   5.255751   5.509430 
       22.0000   0.204873   6.615877   6.820750 
       22.5000   0.252699   3.668986   3.921685 
       23.0000   0.267929   0.794367   1.062295 
       23.5000   0.258237   2.549834   2.808072 
       24.0000   0.233616   5.784033   6.017649 
       24.5000   0.224973   5.447331   5.672305 
       25.0000   0.247635   2.083299   2.330934 
       25.5000   0.249548   0.858853   1.108401 
       26.0000   0.257157   3.527162   3.784319 
       26.5000   0.197231   5.555502   5.752733 
       27.0000   0.235689   4.045932   4.281621 
       27.5000   0.207359   1.128064   1.335422 
       28.0000   0.236440   1.383215   1.619656 
       28.5000   0.206438   4.267273   4.473712 
       29.0000   0.219850   4.968093   5.187943 
       29.5000   0.239242   2.677602   2.916844 
       30.0000   0.204440   0.687745   0.892185 
       30.5000   0.223754   2.112111   2.335865 
       31.0000   0.236260   4.417608   4.653867 
       31.5000   0.235667   4.121496   4.357163 
       32.0000   0.244097   1.604548   1.848645 
       32.5000   0.262434   0.684465   0.946900 
       33.0000   0.231165   2.780241   3.011406 
       33.5000   0.271860   4.208141   4.480001 
       34.0000   0.236628   3.159419   3.396047 
       34.5000   0.243446   0.922796   1.166242 
       35.0000   0.227005   1.080568   1.307572 
       35.5000   0.200817   3.332910   3.533727 
       36.0000   0.200710   3.936800   4.137510 
       36.5000   0.233790   2.233846   2.467636 
       37.0000   0.217846   0.605144   0.822990 
       37.5000   0.212609   1.660123   1.872732 
       38.0000   0.190842   3.577628   3.768469 
       38.5000   0.197882   3.404049   3.601931 
       39.0000   0.211334   1.421200   1.632534 
       39.5000   0.255695   0.577326   0.833021 
       40.0000   0.212244   2.189110   2.401354 
       40.5000   0.181051   3.440874   3.621925 
       41.0000   0.170113   2.703797   2.873910 
       41.5000   0.168102   0.929883   1.097984 
       42.0000   0.164210   0.896580   1.060790 
       42.5000   0.141995   2.624457   2.766452 
       43.0000   0.173295   3.216836   3.390131 
       43.5000   0.186312   2.007962   2.194274 
       44.0000   0.154979   0.618356   0.773335 
       44.5000   0.146486   1.228260   1.374746 
       45.0000   0.131788   2.715858   2.847647 
       45.5000   0.110214   2.789514   2.899729 
       46.0000   0.108906   1.439180   1.548085 
       46.5000   0.109876   0.559300   0.669176 
       47.0000   0.085510   1.542494   1.628004 
       47.5000   0.097932   2.651587   2.749519 
       48.0000   0.091758   2.371110   2.462868 
       48.5000   0.219213   1.044427   1.263640 
       49.0000   0.201335   0.714079   0.915414 
       49.5000   0.198687   1.745189   1.943875 
       50.0000   0.184525   2.449156   2.633681 
       50.5000   0.197583   1.871720   2.069303 
       51.0000   0.148914   0.826439   0.975352 
       51.5000   0.179452   0.825349   1.004802 
       52.0000   0.191412   1.868394   2.059806 
       52.5000   0.156927   2.251451   2.408379 
       53.0000   0.180571   1.534484   1.715055 
       53.5000   0.193644   0.614983   0.808627 
       54.0000   0.190805   0.966383   1.157188 
       54.5000   0.171954   1.904984   2.076937 
       55.0000   0.177758   1.982275   2.160033 
       55.5000   0.163388   1.235002   1.398390 
       56.0000   0.150229   0.599318   0.749547 
       56.5000   0.165633   1.115183   1.280816 
       57.0000   0.127471   1.917538   2.045009 
       57.5000   0.162110   1.776950   1.939060 
       58.0000   0.176991   0.970970   1.147961 
       58.5000   0.173512   0.572147   0.745659 
       59.0000   0.131772   1.216996   1.348768 
       59.5000   0.181444   1.714948   1.896392 
       60.0000   0.138944   1.548666   1.687609 
       60.5000   0.137552   0.793474   0.931026 
       61.0000   0.154743   0.584285   0.739028 
       61.5000   0.109658   1.289007   1.398666 
       62.0000   0.126129   1.659643   1.785772 
       62.5000   0.128926   1.355661   1.484587 
       63.0000   0.121405   0.682512   0.803918 
       63.5000   0.133111   0.652801   0.785912 
       64.0000   0.092074   1.327524   1.419597 
       64.5000   0.092087   1.578572   1.670659 
       65.0000   0.102208   1.213475   1.315683 
       65.5000   0.076125   0.645843   0.721968 
       66.0000   0.057581   0.761873   0.819454 
       66.5000   0.075494   1.321451   1.396944 
       67.0000   0.114747   1.444752   1.559499 
       67.5000   0.126887   1.061145   1.188032 
       68.0000   0.097107   0.599697   0.696804 
       68.5000   0.103703   0.774267   0.877969 
       69.0000   0.101086   1.278021   1.379107 
       69.5000   0.086715   1.354831   1.441546 
       70.0000   0.030863   1.000234   1.031097 
       70.5000   0.079037   0.615217   0.694255 
       71.0000   0.081053   0.844916   0.925968 
       71.5000   0.092177   1.195684   1.287860 
       72.0000   0.090157   1.207047   1.297204 
       72.5000   0.134041   0.809187   0.943228 
       73.0000   0.106825   0.580516   0.687341 
       73.5000   0.141431   0.771846   0.913278 
       74.0000   0.116528   1.099826   1.216353 
       74.5000   0.108793   1.079689   1.188483 
       75.0000   0.078252   0.791684   0.869936 
       75.5000   0.085429   0.558017   0.643446 
       76.0000   0.049144   0.802464   0.851608 
       76.5000   0.087347   1.045653   1.132999 
       77.0000   0.080390   1.029438   1.109828 
       77.5000   0.161132   0.698450   0.859582 
       78.0000   0.117057   0.577951   0.695008 
       78.5000   0.119556   0.747407   0.866963 
       79.0000   0.164132   0.891392   1.055524 
       79.5000   0.120362   0.897192   1.017554 
       80.0000   0.072795   0.712203   0.784998 
       80.5000   0.115555   0.550889   0.666444 
       81.0000   0.138559   0.686165   0.824724 
       81.5000   0.157510   0.825900   0.983410 
       82.0000   0.126834   0.835373   0.962207 
       82.5000   0.120114   0.628292   0.748406 
       83.0000   0.142560   0.490277   0.632837 
       83.5000   0.122467   0.661314   0.783781 
       84.0000   0.120795   0.800738   0.921533 
       84.5000   0.143646   0.763838   0.907484 
       85.0000   0.129163   0.616725   0.745888 
       85.5000   0.132765   0.482034   0.614799 
       86.0000   0.146126   0.591000   0.737126 
       86.5000   0.123590   0.765709   0.889299 
       87.0000   0.124423   0.720316   0.844739 
       87.5000   0.109641   0.585023   0.694663 
       88.0000   0.076985   0.546599   0.623583 
       88.5000   0.081560   0.655246   0.736806 
       89.0000   0.088980   0.733074   0.822054 
       89.5000   0.087366   0.694549   0.781915 
       90.0000   0.084402   0.642468   0.726870 
       90.5000   0.065586   0.641488   0.707074 
       91.0000   0.068574   0.672528   0.741103 
       91.5000   0.080231   0.660103   0.740333 
       92.0000   0.071557   0.666768   0.738325 
       92.5000   0.129190   0.559783   0.688974 
       93.0000   0.111423   0.573161   0.684584 
       93.5000   0.130462   0.581416   0.711878 
       94.0000   0.143502   0.577151   0.720653 
       94.5000   0.134209   0.574623   0.708832 
       95.0000   0.116885   0.559373   0.676259 
       95.5000   0.157652   0.498802   0.656454 
       96.0000   0.136389   0.534835   0.671224 
       96.5000   0.144212   0.561893   0.706105 
       97.0000   0.160188   0.551016   0.711205 
       97.5000   0.157207   0.515948   0.673155 
       98.0000   0.132956   0.509415   0.642371 
       98.5000   0.133608   0.486375   0.619983 
       99.0000   0.130410   0.498533   0.628943 
       99.5000   0.104690   0.529933   0.634624 
      100.0000   0.115887   0.525178   0.641064 
      100.5000   0.146037   0.481448   0.627484 
      101.0000   0.123095   0.459885   0.582980 
      101.5000   0.110193   0.477713   0.587905 
      102.0000   0.133162   0.476844   0.610006 
      102.5000   0.122068   0.487729   0.609797 
      103.0000   0.115765   0.496765   0.612529 
      103.5000   0.115089   0.465639   0.580728 
      104.0000   0.102559   0.461457   0.564016 
      104.5000   0.084253   0.488001   0.572254 
      105.0000   0.109820   0.500348   0.610169 
      105.5000   0.114256   0.503384   0.617640 
      106.0000   0.117868   0.492588   0.610456 
      106.5000   0.076692   0.472951   0.549644 
      107.0000   0.069797   0.474152   0.543949 
      107.5000   0.066378   0.481969   0.548346 
      108.0000   0.071307   0.490772   0.562079 
      108.5000   0.066350   0.481326   0.547676 
      109.0000   0.023287   0.501356   0.524643 
      109.5000   0.033195   0.472688   0.505883 
      110.0000   0.017924   0.485892   0.503816 
      110.5000   0.015557   0.502354   0.517911 
      111.0000   0.009309   0.510464   0.519773 
      111.5000   0.041906   0.472246   0.514152 
      112.0000   0.007303   0.487277   0.494579 
      112.5000   0.019373   0.446414   0.465787 
      113.0000   0.015145   0.453689   0.468834 
      113.5000   0.015251   0.471469   0.486720 
      114.0000   0.042304   0.442734   0.485038 
      114.5000   0.026894   0.450174   0.477069 
      115.0000   0.011522   0.441026   0.452548 
      115.5000   0.010683   0.427819   0.438501 
      116.0000  -0.006670   0.454191   0.447521 
      116.5000  -0.017137   0.483694   0.466557 
      117.0000  -0.021586   0.472506   0.450920 
      117.5000   0.010278   0.423006   0.433284 
      118.0000  -0.015336   0.446826   0.431490 
      118.5000  -0.020703   0.450411   0.429707 
      119.0000  -0.038086   0.468080   0.429994 
      119.5000  -0.014947   0.451967   0.437020 
      120.0000  -0.036370   0.460511   0.424141 
      120.5000  -0.007455   0.425233   0.417778 
      121.0000  -0.021118   0.436452   0.415334 
      121.5000  -0.001480   0.418631   0.417151 
      122.0000   0.005636   0.399706   0.405342 
      122.5000  -0.011223   0.411107   0.399884 
      123.0000  -0.009650   0.402943   0.393292 
      123.5000  -0.026431   0.417277   0.390845 
      124.0000  -0.024061   0.395868   0.371807 
      124.5000  -0.020784   0.392771   0.371987 
      125.0000  -0.015631   0.397268   0.381637 
      125.5000  -0.040182   0.423215   0.383033 
      126.0000  -0.003630   0.391261   0.387631 
      126.5000  -0.002629   0.385432   0.382803 
      127.0000   0.014009   0.376256   0.390266 
      127.5000  -0.003753   0.393822   0.390069 
      128.0000   0.007489   0.374881   0.382370 
      128.5000  -0.008619   0.385380   0.376762 
      129.0000  -0.013738   0.384774   0.371036 
      129.5000  -0.017546   0.391132   0.373586 
      130.0000  -0.043007   0.407795   0.364787 
      130.5000  -0.013723   0.359901   0.346178 
      131.0000  -0.043916   0.385833   0.341917 
      131.5000  -0.069438   0.425017   0.355579 
      132.0000  -0.083427   0.445584   0.362157 
      132.5000  -0.032188   0.389491   0.357303 
      133.0000  -0.083179   0.424560   0.341381 
      133.5000  -0.099634   0.434657   0.335023 
      134.0000  -0.088537   0.414411   0.325873 
      134.5000  -0.047299   0.380835   0.333536 
      135.0000  -0.032192   0.354052   0.321860 
      135.5000  -0.090765   0.406979   0.316214 
      136.0000  -0.073861   0.387857   0.313996 
      136.5000  -0.075989   0.384307   0.308318 
      137.0000  -0.072570   0.372237   0.299667 
      137.5000  -0.103664   0.409008   0.305344 
      138.0000  -0.080620   0.383807   0.303187 
      138.5000  -0.101660   0.400838   0.299177 
      139.0000  -0.100279   0.394211   0.293932 
      139.5000  -0.088896   0.384889   0.295993 
      140.0000  -0.085697   0.394358   0.308661 
      140.5000  -0.148027   0.444202   0.296175 
      141.0000  -0.129710   0.421887   0.292178 
      141.5000  -0.137098   0.428643   0.291546 
      142.0000  -0.098853   0.384888   0.286035 
      142.5000  -0.092931   0.385700   0.292770 
      143.0000  -0.092112   0.385371   0.293259 
      143.5000  -0.083126   0.364249   0.281123 
      144.0000  -0.104268   0.376699   0.272431 
      144.5000  -0.072011   0.342047   0.270036 
      145.0000  -0.132080   0.402521   0.270440 
      145.5000  -0.135824   0.404693   0.268869 
      146.0000  -0.150115   0.421194   0.271079 
      146.5000  -0.154579   0.423711   0.269132 
      147.0000  -0.133971   0.416172   0.282201 
      147.5000  -0.118873   0.389882   0.271009 
      148.0000  -0.089486   0.343271   0.253785 
      148.5000  -0.115299   0.373842   0.258544 
      149.0000  -0.117801   0.384544   0.266743 
      149.5000  -0.143371   0.406561   0.263190 
      150.0000  -0.188724   0.445390   0.256666 
      150.5000  -0.149843   0.390808   0.240966 
      151.0000  -0.137521   0.401852   0.264330 
      151.5000  -0.132048   0.401133   0.269085 
      152.0000  -0.133733   0.388793   0.255060 
      152.5000  -0.108997   0.357537   0.248540 
      153.0000  -0.134502   0.381642   0.247139 
      153.5000  -0.147135   0.386779   0.239645 
      154.0000  -0.171504   0.420724   0.249220 
      154.5000  -0.109414   0.356364   0.246950 
      155.0000  -0.166520   0.417402   0.250882 
      155.5000  -0.169431   0.410815   0.241384 
      156.0000  -0.149604   0.391355   0.241752 
      156.5000  -0.172056   0.413895   0.241839 
      157.0000  -0.182220   0.419842   0.237621 
      157.5000  -0.169149   0.400630   0.231481 
      158.0000  -0.167114   0.392873   0.225759 
      158.5000  -0.178796   0.401996   0.223200 
      159.0000  -0.161565   0.384004   0.222439 
      159.5000  -0.148025   0.377293   0.229268 
      160.0000  -0.142505   0.375404   0.232898 
      160.5000  -0.169173   0.394397   0.225225 
      161.0000  -0.131179   0.361879   0.230699 
      161.5000  -0.149686   0.388338   0.238652 
      162.0000  -0.134350   0.376321   0.241972 
      162.5000  -0.139357   0.371643   0.232286 
      163.0000  -0.156723   0.382712   0.225989 
      163.5000  -0.137512   0.365532   0.228020 
      164.0000  -0.144933   0.370437   0.225504 
      164.5000  -0.183959   0.407311   0.223352 
      165.0000  -0.169627   0.375666   0.206040 
      165.5000  -0.170470   0.374771   0.204301 
      166.0000  -0.166119   0.365956   0.199837 
      166.5000  -0.149048   0.359004   0.209956 
      167.0000  -0.199694   0.406832   0.207139 
      167.5000  -0.168246   0.377430   0.209185 
      168.0000  -0.166699   0.366416   0.199717 
      168.5000  -0.172909   0.368062   0.195154 
      169.0000  -0.196355   0.384774   0.188418 
      169.5000  -0.179534   0.369339   0.189805 
      170.0000  -0.158290   0.350399   0.192109 
      170.5000  -0.201361   0.387119   0.185758 
      171.0000  -0.156120   0.347948   0.191828 
      171.5000  -0.188865   0.381164   0.192300 
      172.0000  -0.174346   0.369040   0.194694 
      172.5000  -0.153832   0.354985   0.201153 
      173.0000  -0.155452   0.346032   0.190581 
      173.5000  -0.190035   0.378541   0.188506 
      174.0000  -0.199683   0.389747   0.190063 
      174.5000  -0.182412   0.371299   0.188887 
      175.0000  -0.202590   0.374461   0.171871 
      175.5000  -0.211581   0.373838   0.162257 
      176.0000  -0.190061   0.353628   0.163567 
      176.5000  -0.219892   0.383908   0.164015 
      177.0000  -0.153685   0.313092   0.159407 
      177.5000  -0.201069   0.365140   0.164071 
      178.0000  -0.222074   0.376841   0.154768 
      178.5000  -0.185613   0.334118   0.148505 
      179.0000  -0.209856   0.350119   0.140263 
      179.5000  -0.205216   0.353084   0.147868 
      180.0000  -0.229845   0.377586   0.147741 
      180.5000  -0.192099   0.332779   0.140679 
      181.0000  -0.223080   0.366646   0.143566 
      181.5000  -0.204159   0.350419   0.146260 
      182.0000  -0.208236   0.353101   0.144866 
      182.5000  -0.206829   0.348837   0.142007 
      183.0000  -0.173464   0.310097   0.136633 
      183.5000  -0.181486   0.321549   0.140063 
      184.0000  -0.208241   0.347368   0.139127 
      184.5000  -0.203873   0.338016   0.134143 
      185.0000  -0.212249   0.337935   0.125686 
      185.5000  -0.204755   0.331272   0.126517 
      186.0000  -0.202974   0.333023   0.130050 
      186.5000  -0.193521   0.334344   0.140823 
      187.0000  -0.186867   0.330715   0.143848 
      187.5000  -0.195838   0.333235   0.137397 
      188.0000  -0.190104   0.320160   0.130056 
      188.5000  -0.209377   0.335772   0.126395 
      189.0000  -0.217756   0.344600   0.126844 
      189.5000  -0.235320   0.344742   0.109422 
      190.0000  -0.197437   0.301875   0.104438 
      190.5000  -0.218386   0.323929   0.105543 
      191.0000  -0.206350   0.303547   0.097197 
      191.5000  -0.224530   0.316611   0.092081 
      192.0000  -0.201277   0.298601   0.097324 
      192.5000  -0.234959   0.326795   0.091835 
      193.0000  -0.215154   0.307647   0.092493 
      193.5000  -0.223765   0.310707   0.086943 
      194.0000  -0.206803   0.293363   0.086560 
      194.5000  -0.235008   0.320091   0.085084 
      195.0000  -0.226574   0.305275   0.078701 
      195.5000  -0.213837   0.304621   0.090784 
      196.0000  -0.223553   0.309711   0.086157 
      196.5000  -0.211425   0.292642   0.081217 
      197.0000  -0.218925   0.302619   0.083694 
      197.5000  -0.230427   0.308418   0.077991 
      198.0000  -0.236820   0.314557   0.077737 
      198.5000  -0.241858   0.318946   0.077087 
      199.0000  -0.190070   0.264423   0.074353 
      199.5000  -0.202178   0.288932   0.086754 
      200.0000  -0.218817   0.311327   0.092510 
      200.5000  -0.213787   0.307609   0.093822 
      201.0000  -0.214164   0.307356   0.093192 
      201.5000  -0.224015   0.314297   0.090282 
      202.0000  -0.239152   0.325822   0.086670 
      202.5000  -0.210654   0.297338   0.086685 
      203.0000  -0.223808   0.311748   0.087941 
      203.5000  -0.221874   0.309783   0.087909 
      204.0000  -0.212072   0.301150   0.089078 
      204.5000  -0.227649   0.311873   0.084224 
      205.0000  -0.206019   0.296039   0.090020 
      205.5000  -0.230225   0.318654   0.088429 
      206.0000  -0.204216   0.294251   0.090035 
      206.5000  -0.219157   0.313556   0.094399 
      207.0000  -0.181092   0.280500   0.099408 
      207.5000  -0.203071   0.303838   0.100766 
      208.0000  -0.216739   0.313970   0.097230 
      208.5000  -0.189929   0.293031   0.103101 
      209.0000  -0.192816   0.291890   0.099073 
      209.5000  -0.163773   0.262015   0.098241 
      210.0000  -0.206019   0.305340   0.099321 
      210.5000  -0.184896   0.280682   0.095786 
      211.0000  -0.223713   0.325041   0.101328 
      211.5000  -0.178445   0.281796   0.103351 
      212.0000  -0.211791   0.309919   0.098128 
      212.5000  -0.221668   0.317140   0.095472 
      213.0000  -0.203873   0.298542   0.094670 
      213.5000  -0.196795   0.295016   0.098221 
      214.0000  -0.202927   0.302455   0.099528 
      214.5000  -0.238896   0.343006   0.104110 
      215.0000  -0.207220   0.310629   0.103409 
      215.5000  -0.220854   0.322566   0.101712 
      216.0000  -0.189260   0.276553   0.087293 
      216.5000  -0.231990   0.309091   0.077101 
      217.0000  -0.232390   0.311204   0.078814 
      217.5000  -0.242353   0.319640   0.077287 
      218.0000  -0.219217   0.297716   0.078499 
      218.5000  -0.227256   0.311617   0.084362 
      219.0000  -0.246597   0.331248   0.084651 
      219.5000  -0.229003   0.312775   0.083771 
      220.0000  -0.246223   0.317604   0.071381 
      220.5000  -0.259060   0.317632   0.058571 
      221.0000  -0.238174   0.302427   0.064253 
      221.5000  -0.244002   0.307066   0.063064 
      222.0000  -0.245826   0.309701   0.063875 
      222.5000  -0.225425   0.296775   0.071350 
      223.0000  -0.231917   0.308394   0.076477 
      223.5000  -0.203101   0.267793   0.064692 
      224.0000  -0.244568   0.314321   0.069754 
      224.5000  -0.213689   0.283484   0.069795 
      225.0000  -0.225008   0.302483   0.077475 
      225.5000  -0.226101   0.303250   0.077149 
      226.0000  -0.218922   0.289887   0.070965 
      226.5000  -0.234286   0.304371   0.070084 
      227.0000  -0.220078   0.293807   0.073729 
      227.5000  -0.232098   0.302587   0.070488 
      228.0000  -0.233021   0.299053   0.066032 
      228.5000  -0.228506   0.297840   0.069334 
      229.0000  -0.222793   0.296234   0.073441 
      229.5000  -0.237545   0.305252   0.067707 
      230.0000  -0.228610   0.303376   0.074766 
      230.5000  -0.206584   0.284430   0.077846 
      231.0000  -0.232179   0.305090   0.072911 
      231.5000  -0.223680   0.291631   0.067951 
      232.0000  -0.247861   0.314031   0.066169 
      232.5000  -0.214340   0.284861   0.070521 
      233.0000  -0.253524   0.330393   0.076869 
      233.5000  -0.224720   0.306835   0.082116 
      234.0000  -0.232539   0.311770   0.079231 
      234.5000  -0.225130   0.312154   0.087023 
      235.0000  -0.243581   0.337994   0.094413 
      235.5000  -0.226822   0.321517   0.094695 
      236.0000  -0.221544   0.318922   0.097378 
      236.5000  -0.225547   0.325156   0.099609 
      237.0000  -0.254546   0.354149   0.099603 
      237.5000  -0.237613   0.334679   0.097066 
      238.0000  -0.238787   0.332211   0.093423 
      238.5000  -0.250605   0.339927   0.089323 
      239.0000  -0.228395   0.311323   0.082928 
      239.5000  -0.227309   0.330333   0.103024 
      240.0000  -0.241174   0.336862   0.095688 
      240.5000  -0.265681   0.361530   0.095849 
      241.0000  -0.219566   0.319140   0.099575 
      241.5000  -0.229848   0.328105   0.098257 
      242.0000  -0.258154   0.350336   0.092183 
      242.5000  -0.247908   0.340418   0.092510 
      243.0000  -0.225541   0.315576   0.090035 
      243.5000  -0.249960   0.339356   0.089396 
      244.0000  -0.237045   0.330969   0.093924 
      244.5000  -0.237547   0.327868   0.090322 
      245.0000  -0.222639   0.303024   0.080386 
      245.5000  -0.242836   0.311849   0.069013 
      246.0000  -0.225671   0.292995   0.067325 
      246.5000  -0.228913   0.295075   0.066162 
      247.0000  -0.248579   0.314643   0.066063 
      247.5000  -0.254907   0.322376   0.067469 
      248.0000  -0.256844   0.314506   0.057663 
      248.5000  -0.259183   0.311875   0.052692 
      249.0000  -0.262439   0.307686   0.045247 
      249.5000  -0.243127   0.281241   0.038114 
      250.0000  -0.267264   0.305412   0.038148 
      250.5000  -0.296116   0.332874   0.036757 
      251.0000  -0.291089   0.324932   0.033843 
      251.5000  -0.262131   0.296159   0.034027 
      252.0000  -0.288224   0.322435   0.034211 
      252.5000  -0.311071   0.345011   0.033940 
      253.0000  -0.268698   0.301559   0.032861 
      253.5000  -0.310951   0.340575   0.029624 
      254.0000  -0.269714   0.297531   0.027816 
      254.5000  -0.282143   0.311077   0.028935 
      255.0000  -0.271201   0.304645   0.033444 
      255.5000  -0.279675   0.308681   0.029006 
      256.0000  -0.286936   0.316480   0.029543 
      256.5000  -0.266393   0.299262   0.032869 
      257.0000  -0.262258   0.282709   0.020451 
      257.5000  -0.297797   0.325774   0.027976 
      258.0000  -0.256993   0.280427   0.023434 
      258.5000  -0.265246   0.285817   0.020571 
      259.0000  -0.283129   0.297313   0.014184 
      259.5000  -0.312291   0.318184   0.005893 
      260.0000  -0.309355   0.318360   0.009005 
      260.5000  -0.338987   0.347470   0.008483 
      261.0000  -0.323077   0.339179   0.016102 
      261.5000  -0.309370   0.317241   0.007870 
      262.0000  -0.348034   0.342750  -0.005285 
      262.5000  -0.309137   0.296073  -0.013064 
      263.0000  -0.336786   0.336819   0.000033 
      263.5000  -0.348905   0.338416  -0.010489 
      264.0000  -0.305769   0.302244  -0.003524 
      264.5000  -0.319572   0.327759   0.008187 
      265.0000  -0.305488   0.309421   0.003933 
      265.5000  -0.320603   0.332121   0.011517 
      266.0000  -0.318487   0.327109   0.008622 
      266.5000  -0.291179   0.309176   0.017996 
      267.0000  -0.310773   0.334411   0.023638 
      267.5000  -0.300747   0.322362   0.021615 
      268.0000  -0.323362   0.339530   0.016167 
      268.5000  -0.327462   0.340417   0.012954 
      269.0000  -0.305260   0.316790   0.011530 
      269.5000  -0.344237   0.349636   0.005399 
      270.0000  -0.326154   0.324887  -0.001266 
      270.5000  -0.367238   0.359033  -0.008205 
      271.0000  -0.333048   0.336190   0.003142 
      271.5000  -0.381650   0.377830  -0.003820 
      272.0000  -0.324179   0.320540  -0.003640 
      272.5000  -0.333937   0.334853   0.000916 
      273.0000  -0.314261   0.315681   0.001420 
      273.5000  -0.323226   0.311265  -0.011960 
      274.0000  -0.317075   0.310710  -0.006365 
      274.5000  -0.341695   0.329766  -0.011928 
      275.0000  -0.357136   0.327984  -0.029152 
      275.5000  -0.320063   0.292512  -0.027550 
      276.0000  -0.349117   0.318948  -0.030168 
      276.5000  -0.318955   0.279051  -0.039904 
      277.0000  -0.332840   0.296116  -0.036724 
      277.5000  -0.322632   0.278831  -0.043801 
      278.0000  -0.351975   0.310243  -0.041732 
      278.5000  -0.351465   0.312261  -0.039204 
      279.0000  -0.334986   0.300060  -0.034926 
      279.5000  -0.358345   0.319479  -0.038866 
      280.0000  -0.335671   0.296745  -0.038926 
      280.5000  -0.339548   0.304002  -0.035547 
      281.0000  -0.365149   0.327362  -0.037788 
      281.5000  -0.356168   0.317815  -0.038353 
      282.0000  -0.369690   0.327855  -0.041835 
      282.5000  -0.349858   0.300553  -0.049305 
      283.0000  -0.364882   0.317668  -0.047215 
      283.5000  -0.346141   0.302873  -0.043267 
      284.0000  -0.362611   0.313495  -0.049116 
      284.5000  -0.323702   0.277101  -0.046601 
      285.0000  -0.391175   0.344184  -0.046991 
      285.5000  -0.379415   0.319238  -0.060177 
      286.0000  -0.367576   0.311906  -0.055670 
      286.5000  -0.368652   0.305840  -0.062812 
      287.0000  -0.378604   0.319481  -0.059124 
      287.5000  -0.373898   0.313051  -0.060847 
      288.0000  -0.408023   0.345061  -0.062961 
      288.5000  -0.364213   0.298221  -0.065991 
      289.0000  -0.368365   0.308167  -0.060199 
      289.5000  -0.378951   0.316365  -0.062586 
      290.0000  -0.360907   0.296265  -0.064642 
      290.5000  -0.390404   0.321446  -0.068958 
      291.0000  -0.348369   0.286038  -0.062331 
      291.5000  -0.379476   0.307115  -0.072361 
      292.0000  -0.390089   0.312908  -0.077181 
      292.5000  -0.342374   0.266176  -0.076199 
      293.0000  -0.387422   0.308439  -0.078982 
      293.5000  -0.378798   0.304679  -0.074119 
      294.0000  -0.358962   0.277898  -0.081064 
      294.5000  -0.370808   0.291136  -0.079672 
      295.0000  -0.377979   0.296491  -0.081488 
      295.5000  -0.412015   0.331861  -0.080153 
      296.0000  -0.385121   0.304494  -0.080627 
      296.5000  -0.401875   0.318731  -0.083145 
      297.0000  -0.426460   0.339196  -0.087264 
      297.5000  -0.412437   0.327149  -0.085288 
      298.0000  -0.417585   0.328072  -0.089513 
      298.5000  -0.406207   0.316324  -0.089884 
      299.0000  -0.387032   0.289643  -0.097388 
      299.5000  -0.424133   0.325802  -0.098331 
      300.0000  -0.422373   0.310456  -0.111917 
      300.5000  -0.422737   0.307573  -0.115164 
      301.0000  -0.433362   0.322181  -0.111181 
      301.5000  -0.417396   0.316389  -0.101007 
      302.0000  -0.426880   0.341235  -0.085645 
      302.5000  -0.451371   0.355689  -0.095683 
      303.0000  -0.415085   0.322189  -0.092896 
      303.5000  -0.449734   0.354098  -0.095636 
      304.0000  -0.455906   0.346054  -0.109852 
      304.5000  -0.464835   0.355255  -0.109580 
      305.0000  -0.433037   0.328397  -0.104640 
      305.5000  -0.447794   0.338221  -0.109573 
      306.0000  -0.415800   0.300144  -0.115655 
      306.5000  -0.449593   0.326322  -0.123271 
      307.0000  -0.442550   0.319995  -0.122555 
      307.5000  -0.438426   0.307638  -0.130789 
      308.0000  -0.440621   0.314807  -0.125814 
      308.5000  -0.424991   0.309975  -0.115016 
      309.0000  -0.459148   0.348943  -0.110204 
      309.5000  -0.435756   0.321370  -0.114386 
      310.0000  -0.454366   0.347584  -0.106782 
      310.5000  -0.423491   0.323412  -0.100079 
      311.0000  -0.472472   0.371426  -0.101046 
      311.5000  -0.432152   0.341324  -0.090828 
      312.0000  -0.413837   0.328192  -0.085645 
      312.5000  -0.458695   0.372749  -0.085946 
      313.0000  -0.433703   0.328916  -0.104787 
      313.5000  -0.453850   0.344055  -0.109795 
      314.0000  -0.439273   0.329308  -0.109965 
      314.5000  -0.462335   0.348754  -0.113581 
      315.0000  -0.451066   0.341192  -0.109875 
      315.5000  -0.467867   0.362801  -0.105066 
      316.0000  -0.435341   0.330249  -0.105092 
      316.5000  -0.438498   0.319204  -0.119295 
      317.0000  -0.439967   0.319351  -0.120616 
      317.5000  -0.460687   0.335634  -0.125054 
      318.0000  -0.458740   0.338301  -0.120440 
      318.5000  -0.457596   0.335153  -0.122443 
      319.0000  -0.453846   0.325993  -0.127853 
      319.5000  -0.436222   0.308047  -0.128175 
      320.0000  -0.463972   0.322081  -0.141891 
      320.5000  -0.456940   0.322952  -0.133988 
      321.0000  -0.444250   0.298599  -0.145651 
      321.5000  -0.451751   0.300327  -0.151424 
      322.0000  -0.441785   0.294268  -0.147517 
      322.5000  -0.456083   0.302212  -0.153871 
      323.0000  -0.466099   0.314953  -0.151146 
      323.5000  -0.439193   0.291616  -0.147577 
      324.0000  -0.453220   0.300205  -0.153015 
      324.5000  -0.453988   0.301537  -0.152451 
      325.0000  -0.440436   0.292850  -0.147586 
      325.5000  -0.442423   0.291148  -0.151276 
      326.0000  -0.473777   0.318955  -0.154823 
      326.5000  -0.460295   0.306670  -0.153624 
      327.0000  -0.468869   0.316691  -0.152178 
      327.5000  -0.453828   0.293197  -0.160631 
      328.0000  -0.446397   0.280422  -0.165975 
      328.5000  -0.450101   0.288008  -0.162094 
      329.0000  -0.460590   0.297183  -0.163407 
      329.5000  -0.461108   0.303862  -0.157245 
      330.0000  -0.460291   0.309972  -0.150319 
      330.5000  -0.456501   0.306628  -0.149874 
      331.0000  -0.458202   0.310552  -0.147649 
      331.5000  -0.466818   0.317987  -0.148831 
      332.0000  -0.455034   0.308643  -0.146391 
      332.5000  -0.475231   0.324603  -0.150628 
      333.0000  -0.455210   0.315209  -0.140001 
      333.5000  -0.470650   0.334968  -0.135683 
      334.0000  -0.450204   0.320602  -0.129602 
      334.5000  -0.466288   0.330821  -0.135466 
      335.0000  -0.455523   0.322688  -0.132836 
      335.5000  -0.473850   0.330869  -0.142981 
      336.0000  -0.437913   0.303335  -0.134578 
      336.5000  -0.443040   0.306558  -0.136482 
      337.0000  -0.431036   0.301030  -0.130006 
      337.5000  -0.464781   0.321684  -0.143097 
      338.0000  -0.475985   0.324137  -0.151848 
      338.5000  -0.436954   0.280610  -0.156344 
      339.0000  -0.435801   0.274127  -0.161674 
      339.5000  -0.431950   0.272993  -0.158957 
      340.0000  -0.451716   0.295315  -0.156401 
      340.5000  -0.466019   0.307788  -0.158231 
      341.0000  -0.444920   0.291666  -0.153254 
      341.5000  -0.430224   0.270219  -0.160005 
      342.0000  -0.457222   0.296414  -0.160809 
      342.5000  -0.428467   0.276215  -0.152252 
      343.0000  -0.433690   0.293038  -0.140653 
      343.5000  -0.434171   0.282559  -0.151612 
      344.0000  -0.466416   0.310780  -0.155637 
      344.5000  -0.462091   0.311995  -0.150097 
      345.0000  -0.445809   0.286195  -0.159614 
      345.5000  -0.444204   0.280225  -0.163978 
      346.0000  -0.460965   0.288764  -0.172202 
      346.5000  -0.450991   0.274836  -0.176155 
      347.0000  -0.472850   0.293822  -0.179028 
      347.5000  -0.475022   0.295545  -0.179477 
      348.0000  -0.440660   0.260031  -0.180630 
      348.5000  -0.444688   0.251202  -0.193487 
      349.0000  -0.452591   0.261203  -0.191388 
      349.5000  -0.435372   0.265419  -0.169953 
      350.0000  -0.446177   0.275860  -0.170317 
      350.5000  -0.432940   0.264297  -0.168643 
      351.0000  -0.446614   0.288526  -0.158088 
      351.5000  -0.452171   0.298697  -0.153474 
      352.0000  -0.453894   0.294028  -0.159866 
      352.5000  -0.446011   0.288558  -0.157453 
      353.0000  -0.454742   0.293439  -0.161303 
      353.5000  -0.433864   0.274623  -0.159241 
      354.0000  -0.460954   0.299709  -0.161245 
      354.5000  -0.435661   0.283735  -0.151926 
      355.0000  -0.451287   0.303302  -0.147984 
      355.5000  -0.424480   0.284262  -0.140218 
      356.0000  -0.430914   0.285171  -0.145742 
      356.5000  -0.448124   0.305061  -0.143063 
      357.0000  -0.430479   0.298362  -0.132118 
      357.5000  -0.404388   0.275262  -0.129126 
      358.0000  -0.430263   0.307057  -0.123206 
      358.5000  -0.425932   0.305644  -0.120287 
      359.0000  -0.452142   0.333232  -0.118909 
      359.5000  -0.409788   0.286355  -0.123433 
      360.0000  -0.401243   0.270171  -0.131072 
      360.5000  -0.410562   0.279215  -0.131347 
      361.0000  -0.440440   0.312618  -0.127823 
      361.5000  -0.427291   0.314819  -0.112472 
      362.0000  -0.423118   0.313378  -0.109740 
      362.5000  -0.400964   0.287976  -0.112987 
      363.0000  -0.431029   0.309159  -0.121870 
      363.5000  -0.447899   0.329029  -0.118870 
      364.0000  -0.462998   0.325504  -0.137493 
      364.5000  -0.446413   0.300116  -0.146297 
      365.0000  -0.457210   0.318263  -0.138946 
      365.5000  -0.435373   0.293642  -0.141731 
      366.0000  -0.470098   0.318661  -0.151437 
      366.5000  -0.479007   0.327045  -0.151962 
      367.0000  -0.469855   0.316556  -0.153299 
      367.5000  -0.448596   0.290372  -0.158224 
      368.0000  -0.479063   0.323924  -0.155139 
      368.5000  -0.469428   0.319898  -0.149530 
      369.0000  -0.468854   0.314985  -0.153869 
      369.5000  -0.443845   0.280191  -0.163654 
      370.0000  -0.490137   0.313447  -0.176691 
      370.5000  -0.476564   0.296945  -0.179619 
      371.0000  -0.456552   0.275774  -0.180778 
      371.5000  -0.453640   0.280059  -0.173580 
      372.0000  -0.462033   0.288479  -0.173554 
      372.5000  -0.469503   0.280057  -0.189445 
      373.0000  -0.469657   0.277774  -0.191882 
      373.5000  -0.460382   0.269923  -0.190460 
      374.0000  -0.454387   0.270479  -0.183907 
      374.5000  -0.436014   0.265901  -0.170113 
      375.0000  -0.439931   0.271931  -0.168000 
      375.5000  -0.450099   0.285578  -0.164521 
      376.0000  -0.444710   0.279930  -0.164780 
      376.5000  -0.473237   0.309539  -0.163698 
      377.0000  -0.475075   0.316459  -0.158617 
      377.5000  -0.441335   0.278517  -0.162818 
      378.0000  -0.466059   0.301063  -0.164996 
      378.5000  -0.464027   0.298170  -0.165857 
      379.0000  -0.458252   0.306587  -0.151665 
      379.5000  -0.443531   0.294302  -0.149229 
      380.0000  -0.455935   0.304382  -0.151553 
      380.5000  -0.466345   0.310607  -0.155739 
      381.0000  -0.466410   0.313373  -0.153037 
      381.5000  -0.448359   0.287865  -0.160494 
      382.0000  -0.450800   0.285561  -0.165239 
      382.5000  -0.437131   0.277350  -0.159781 
      383.0000  -0.456593   0.293205  -0.163387 
      383.5000  -0.435525   0.273742  -0.161784 
      384.0000  -0.433805   0.262820  -0.170986 
      384.5000  -0.442250   0.267877  -0.174373 
      385.0000  -0.449413   0.283283  -0.166130 
      385.5000  -0.458348   0.297293  -0.161055 
      386.0000  -0.472313   0.307683  -0.164630 
      386.5000  -0.463941   0.296662  -0.167279 
      387.0000  -0.449182   0.283797  -0.165385 
      387.5000  -0.452462   0.292583  -0.159879 
      388.0000  -0.454111   0.299914  -0.154197 
      388.5000  -0.446197   0.286407  -0.159790 
      389.0000  -0.451191   0.283239  -0.167951 
      389.5000  -0.465340   0.298810  -0.166529 
      390.0000  -0.446767   0.289755  -0.157013 
      390.5000  -0.432997   0.282621  -0.150376 
      391.0000  -0.469216   0.323626  -0.145590 
      391.5000  -0.433194   0.293163  -0.140030 
      392.0000  -0.445337   0.313603  -0.131734 
      392.5000  -0.449164   0.315250  -0.133914 
      393.0000  -0.457027   0.320140  -0.136887 
      393.5000  -0.445025   0.306920  -0.138104 
      394.0000  -0.478900   0.347693  -0.131207 
      394.5000  -0.450295   0.314198  -0.136098 
      395.0000  -0.463914   0.327720  -0.136194 
      395.5000  -0.451450   0.307166  -0.144284 
      396.0000  -0.463140   0.325133  -0.138007 
      396.5000  -0.458200   0.328711  -0.129489 
      397.0000  -0.449900   0.324259  -0.125640 
      397.5000  -0.454670   0.325895  -0.128775 
      398.0000  -0.470752   0.335026  -0.135727 
      398.5000  -0.477106   0.341892  -0.135214 
      399.0000  -0.438829   0.303160  -0.135670 
      399.5000  -0.460813   0.328264  -0.132548 
      400.0000  -0.437862   0.312086  -0.125775 
      400.5000  -0.456084   0.334720  -0.121364 
      401.0000  -0.429767   0.301964  -0.127803 
      401.5000  -0.412080   0.292679  -0.119401 
      402.0000  -0.457713   0.344733  -0.112980 
      402.5000  -0.467374   0.368601  -0.098774 
      403.0000  -0.420568   0.312088  -0.108480 
      403.5000  -0.437011   0.330274  -0.106737 
      404.0000  -0.449856   0.350378  -0.099478 
      404.5000  -0.451216   0.358458  -0.092759 
      405.0000  -0.395602   0.301503  -0.094099 
      405.5000  -0.432919   0.342277  -0.090642 
      406.0000  -0.416320   0.317362  -0.098958 
      406.5000  -0.456623   0.352357  -0.104266 
      407.0000  -0.422085   0.322578  -0.099507 
      407.5000  -0.449056   0.345464  -0.103592 
      408.0000  -0.453307   0.346432  -0.106875 
      408.5000  -0.454415   0.343880  -0.110535 
      409.0000  -0.423552   0.312150  -0.111402 
      409.5000  -0.453179   0.340253  -0.112926 
      410.0000  -0.403385   0.295886  -0.107498 
      410.5000  -0.449606   0.342893  -0.106713 
      411.0000  -0.404351   0.287050  -0.117301 
      411.5000  -0.409205   0.297573  -0.111632 
      412.0000  -0.405117   0.301134  -0.103983 
      412.5000  -0.435292   0.326681  -0.108611 
      413.0000  -0.427031   0.312304  -0.114727 
      413.5000  -0.420574   0.306664  -0.113911 
      414.0000  -0.437379   0.319709  -0.117670 
      414.5000  -0.435709   0.312802  -0.122907 
      415.0000  -0.432066   0.308390  -0.123677 
      415.5000  -0.442552   0.318793  -0.123759 
      416.0000  -0.460291   0.345626  -0.114665 
      416.5000  -0.423656   0.307799  -0.115857 
      417.0000  -0.430051   0.304354  -0.125697 
      417.5000  -0.426286   0.294922  -0.131363 
      418.0000  -0.428595   0.292747  -0.135848 
      418.5000  -0.428555   0.295233  -0.133321 
      419.0000  -0.426018   0.286294  -0.139724 
      419.5000  -0.423918   0.277176  -0.146742 
      420.0000  -0.447109   0.300153  -0.146956 
      420.5000  -0.431230   0.291565  -0.139664 
      421.0000  -0.468026   0.320772  -0.147254 
      421.5000  -0.474928   0.321118  -0.153810 
      422.0000  -0.464118   0.311725  -0.152393 
      422.5000  -0.479940   0.337781  -0.142158 
      423.0000  -0.462866   0.317469  -0.145397 
      423.5000  -0.458058   0.313451  -0.144607 
      424.0000  -0.461698   0.310351  -0.151347 
      424.5000  -0.453742   0.305260  -0.148482 
      425.0000  -0.471234   0.316535  -0.154699 
      425.5000  -0.459790   0.297370  -0.162421 
      426.0000  -0.467984   0.301754  -0.166230 
      426.5000  -0.461353   0.296563  -0.164790 
      427.0000  -0.484600   0.322281  -0.162318 
      427.5000  -0.448495   0.289634  -0.158861 
      428.0000  -0.493318   0.332809  -0.160509 
      428.5000  -0.476707   0.303889  -0.172818 
      429.0000  -0.452858   0.287359  -0.165500 
      429.5000  -0.448656   0.289610  -0.159046 
      430.0000  -0.435717   0.270522  -0.165196 
      430.5000  -0.460064   0.296355  -0.163709 
      431.0000  -0.457391   0.288982  -0.168409 
      431.5000  -0.440924   0.271683  -0.169241 
      432.0000  -0.457941   0.288389  -0.169552 
      432.5000  -0.468555   0.299306  -0.169248 
      433.0000  -0.461488   0.291798  -0.169691 
      433.5000  -0.448602   0.278632  -0.169970 
      434.0000  -0.453369   0.296288  -0.157081 
      434.5000  -0.415614   0.266586  -0.149028 
      435.0000  -0.433646   0.288003  -0.145643 
      435.5000  -0.463029   0.308546  -0.154483 
      436.0000  -0.463106   0.298771  -0.164336 
      436.5000  -0.463535   0.307593  -0.155942 
      437.0000  -0.435822   0.278499  -0.157323 
      437.5000  -0.444220   0.291776  -0.152444 
      438.0000  -0.436885   0.269689  -0.167196 
      438.5000  -0.441152   0.268002  -0.173151 
      439.0000  -0.422937   0.246453  -0.176484 
      439.5000  -0.462742   0.273444  -0.189298 
      440.0000  -0.468669   0.275344  -0.193325 
      440.5000  -0.471562   0.278911  -0.192651 
      441.0000  -0.467524   0.271482  -0.196043 
      441.5000  -0.459033   0.270525  -0.188508 
      442.0000  -0.455635   0.270737  -0.184898 
      442.5000  -0.466863   0.278916  -0.187946 
      443.0000  -0.479535   0.292198  -0.187337 
      443.5000  -0.461443   0.271189  -0.190254 
      444.0000  -0.476268   0.290927  -0.185341 
      444.5000  -0.467310   0.278429  -0.188881 
      445.0000  -0.481812   0.297084  -0.184728 
      445.5000  -0.474209   0.292555  -0.181653 
      446.0000  -0.474340   0.291984  -0.182356 
      446.5000  -0.480784   0.298880  -0.181904 
      447.0000  -0.508041   0.323188  -0.184854 
      447.5000  -0.495944   0.308940  -0.187003 
      448.0000  -0.462805   0.277688  -0.185117 
      448.5000  -0.461955   0.279270  -0.182685 
      449.0000  -0.485546   0.298940  -0.186606 
      449.5000  -0.483541   0.304774  -0.178766 
      450.0000  -0.449152   0.268240  -0.180913 
      450.5000  -0.467520   0.288469  -0.179051 
      451.0000  -0.462313   0.290040  -0.172273 
      451.5000  -0.447386   0.275336  -0.172050 
      452.0000  -0.446894   0.276408  -0.170486 
      452.5000  -0.447711   0.274883  -0.172829 
      453.0000  -0.433069   0.261096  -0.171973 
      453.5000  -0.446499   0.279238  -0.167260 
      454.0000  -0.466667   0.297318  -0.169349 
      454.5000  -0.415968   0.257525  -0.158442 
      455.0000  -0.472827   0.322861  -0.149966 
      455.5000  -0.416791   0.263745  -0.153047 
      456.0000  -0.452559   0.301744  -0.150816 
      456.5000  -0.488005   0.329289  -0.158716 
      457.0000  -0.437769   0.277183  -0.160585 
      457.5000  -0.463111   0.305149  -0.157961 
      458.0000  -0.443601   0.287751  -0.155850 
      458.5000  -0.438459   0.274589  -0.163871 
      459.0000  -0.458547   0.288019  -0.170528 
      459.5000  -0.451972   0.272607  -0.179365 
      460.0000  -0.429560   0.255845  -0.173716 
      460.5000  -0.466319   0.293894  -0.172425 
      461.0000  -0.479179   0.315976  -0.163203 
      461.5000  -0.446704   0.286439  -0.160265 
      462.0000  -0.448070   0.280220  -0.167851 
      462.5000  -0.463737   0.301916  -0.161822 
      463.0000  -0.461242   0.302114  -0.159128 
      463.5000  -0.451280   0.289431  -0.161849 
      464.0000  -0.469208   0.305909  -0.163299 
      464.5000  -0.472156   0.305094  -0.167062 
      465.0000  -0.443145   0.273214  -0.169931 
      465.5000  -0.454716   0.285226  -0.169490 
      466.0000  -0.467205   0.299656  -0.167549 
      466.5000  -0.469048   0.302740  -0.166309 
      467.0000  -0.469526   0.307916  -0.161610 
      467.5000  -0.466651   0.295645  -0.171006 
      468.0000  -0.485743   0.319181  -0.166562 
      468.5000  -0.465018   0.299844  -0.165174 
      469.0000  -0.465402   0.297174  -0.168228 
      469.5000  -0.490878   0.316012  -0.174866 
      470.0000  -0.473563   0.298937  -0.174626 
      470.5000  -0.492897   0.313979  -0.178918 
      471.0000  -0.459869   0.280970  -0.178900 
      471.5000  -0.491575   0.315006  -0.176568 
      472.0000  -0.487027   0.308876  -0.178152 
      472.5000  -0.477999   0.292416  -0.185583 
      473.0000  -0.482090   0.298430  -0.183660 
      473.5000  -0.472404   0.296205  -0.176199 
      474.0000  -0.477656   0.296566  -0.181090 
      474.5000  -0.463465   0.286152  -0.177313 
      475.0000  -0.463501   0.281971  -0.181530 
      475.5000  -0.497436   0.313427  -0.184008 
      476.0000  -0.482075   0.296359  -0.185716 
      476.5000  -0.495814   0.308209  -0.187605 
      477.0000  -0.492224   0.315161  -0.177064 
      477.5000  -0.459677   0.282713  -0.176964 
      478.0000  -0.486921   0.312972  -0.173949 
      478.5000  -0.475139   0.303457  -0.171681 
      479.0000  -0.506892   0.336345  -0.170547 
      479.5000  -0.468463   0.297178  -0.171285 
      480.0000  -0.515984   0.335893  -0.180091 
      480.5000  -0.484761   0.298896  -0.185865 
      481.0000  -0.459515   0.273951  -0.185564 
      481.5000  -0.462686   0.289588  -0.173098 
      482.0000  -0.473013   0.303600  -0.169413 
      482.5000  -0.486383   0.315662  -0.170721 
      483.0000  -0.489021   0.318158  -0.170863 
      483.5000  -0.497383   0.334302  -0.163081 
      484.0000  -0.485657   0.306848  -0.178809 
      484.5000  -0.474715   0.298772  -0.175943 
      485.0000  -0.467162   0.297658  -0.169504 
      485.5000  -0.497916   0.325575  -0.172341 
      486.0000  -0.497424   0.327085  -0.170338 
      486.5000  -0.488051   0.324879  -0.163172 
      487.0000  -0.489544   0.321136  -0.168408 
      487.5000  -0.482052   0.310686  -0.171366 
      488.0000  -0.497614   0.324274  -0.173340 
      488.5000  -0.458855   0.279189  -0.179666 
      489.0000  -0.472858   0.284998  -0.187861 
      489.5000  -0.506885   0.317609  -0.189276 
      490.0000  -0.485473   0.297677  -0.187796 
      490.5000  -0.456598   0.261823  -0.194776 
      491.0000  -0.503318   0.300719  -0.202599 
      491.5000  -0.477831   0.273434  -0.204397 
      492.0000  -0.511165   0.305458  -0.205706 
      492.5000  -0.475860   0.272582  -0.203278 
      493.0000  -0.481663   0.280282  -0.201381 
      493.5000  -0.512155   0.325722  -0.186433 
      494.0000  -0.513429   0.318053  -0.195376 
      494.5000  -0.456331   0.261941  -0.194390 
      495.0000  -0.481025   0.283418  -0.197607 
      495.5000  -0.472998   0.279193  -0.193805 
      496.0000  -0.477525   0.284883  -0.192642 
      496.5000  -0.489388   0.290814  -0.198574 
      497.0000  -0.473473   0.280424  -0.193049 
      497.5000  -0.488239   0.293132  -0.195106 
      498.0000  -0.483829   0.286136  -0.197693 
      498.5000  -0.496371   0.305298  -0.191073 
      499.0000  -0.466068   0.269895  -0.196173 
      499.5000  -0.483968   0.294646  -0.189322 
      500.0000  -0.481529   0.295198  -0.186331 
