t = 0
b =  30.0 30.0 30.0
E = 0. 0. 0.
29.163626576837892 24.246493582515686 7.853619273187791 0.33766208149249777 -0.05134206456873765 0.939866113405507 0.13514021962749637 0.9908108067413547 0.005573713625404181 0.0 0.0 0.0 0.0 0.0 0.0
28.927055233178354 24.670847374127398 8.083059812374414 0.8197353839999753 -0.11496296903912062 0.5610859256549957 0.13514021962749637 0.9908108067413547 0.005573713625404181 0.0 0.0 0.0 0.0 0.0 0.0
28.87734259609462 25.06899535332932 8.440399905968686 0.990377508881111 -0.13490751949319937 -0.030860186108265686 0.13514021962749637 0.9908108067413547 0.005573713625404181 0.0 0.0 0.0 0.0 0.0 0.0
29.05338654332261 25.4363911592179 8.790705419168562 0.7847586599093769 -0.10359844775836824 -0.6110819972141998 0.13514021962749637 0.9908108067413547 0.005573713625404181 0.0 0.0 0.0 0.0 0.0 0.0
29.40831625176941 25.78017169568023 9.001714771875738 0.2809968755729614 -0.03293059364645403 -0.9591435408323017 0.13514021962749637 0.9908108067413547 0.005573713625404181 0.0 0.0 0.0 0.0 0.0 0.0
29.827299206844646 26.11644570228469 8.994087324270698 -0.32952031981084706 0.050248143561913164 -0.9428104172633742 0.13514021962749637 0.9908108067413547 0.005573713625404181 0.0 0.0 0.0 0.0 0.0 0.0
30.171167994650624 26.464173774795146 8.771546212384898 -0.814847236412565 0.11433677092695002 -0.5682878532265164 0.13514021962749637 0.9908108067413547 0.005573713625404181 0.0 0.0 0.0 0.0 0.0 0.0
30.329292329277155 26.83796491783601 8.419463866474912 -0.9906000643818679 0.1349869474079704 0.022136767517319855 0.13514021962749637 0.9908108067413547 0.005573713625404181 0.0 0.0 0.0 0.0 0.0 0.0
30.261609348058567 27.242526339785897 8.072427597417033 -0.7900073659426338 0.10435332570729547 0.6041512601743102 0.13514021962749637 0.9908108067413547 0.005573713625404181 0.0 0.0 0.0 0.0 0.0 0.0
30.013844162915735 27.67087510561424 7.863107627125534 -0.289277660962999 0.03407413087585376 0.9566385882206663 0.13514021962749637 0.9908108067413547 0.005573713625404181 0.0 0.0 0.0 0.0 0.0 0.0
29.700138125854252 28.10699107064788 7.871853453119613 0.3213534638810527 -0.04915039596441279 0.9456829224577276 0.13514021962749637 0.9908108067413547 0.005573713625404181 0.0 0.0 0.0 0.0 0.0 0.0
29.45968462099586 28.53190320137491 8.096167731043886 0.8098970350532924 -0.11370186562700049 0.575446503477798 0.13514021962749637 0.9908108067413547 0.005573713625404181 0.0 0.0 0.0 0.0 0.0 0.0
29.40384717076131 28.93089698825463 8.451655057542373 0.9907471818524579 -0.13505609554407308 -0.013411663125821593 0.13514021962749637 0.9908108067413547 0.005573713625404181 0.0 0.0 0.0 0.0 0.0 0.0
29.57385057180393 29.299104733905537 8.804085195009332 0.7951959098563364 -0.10510025674644974 -0.5971745146768919 0.13514021962749637 0.9908108067413547 0.005573713625404181 0.0 0.0 0.0 0.0 0.0 0.0
29.92511890551918 29.643354872724103 9.020389383065568 0.29753641673917014 -0.035215073228263886 -0.9540607838767614 0.13514021962749637 0.9908108067413547 0.005573713625404181 0.0 0.0 0.0 0.0 0.0 0.0
30.34421067479212 29.979577734492242 9.019215385417532 -0.3131621356408136 0.048048905373966305 -0.9484834102361759 0.13514021962749637 0.9908108067413547 0.005573713625404181 0.0 0.0 0.0 0.0 0.0 0.0
30.691917125392077 30.32675334575224 8.801834564562087 -0.8048851568991571 0.11305830148976886 -0.5825613312499082 0.13514021962749637 0.9908108067413547 0.005573713625404181 0.0 0.0 0.0 0.0 0.0 0.0
30.856149979151123 30.699700600394213 8.451658869917907 -0.9908188500893167 0.13511495863560918 0.004685537384251037 0.13514021962749637 0.9908108067413547 0.005573713625404181 0.0 0.0 0.0 0.0 0.0 0.0
30.794525644856147 31.103447314108575 8.102551243667898 -0.8003238965227775 0.10583918399414062 0.5901522920281257 0.13514021962749637 0.9908108067413547 0.005573713625404181 0.0 0.0 0.0 0.0 0.0 0.0
30.55046745316658 31.53132007314463 7.887968850954868 -0.3057725139652478 0.03635333381650702 0.9514103241103677 0.13514021962749637 0.9908108067413547 0.005573713625404181 0.0 0.0 0.0 0.0 0.0 0.0
30.23670840729749 31.967479575768024 7.890260471558965 0.3049469588914887 -0.04694375567334665 0.9512116673307318 0.13514021962749637 0.9908108067413547 0.005573713625404181 0.0 0.0 0.0 0.0 0.0 0.0
29.992462030302878 32.39293824780858 8.10938082166102 0.7998119836240842 -0.11240612752515576 0.5896317947211658 0.13514021962749637 0.9908108067413547 0.005573713625404181 0.0 0.0 0.0 0.0 0.0 0.0
29.9305328201415 32.79277393954292 8.462907757922556 0.9908150636346298 -0.13516353219992638 0.0040409451791321715 0.13514021962749637 0.9908108067413547 0.005573713625404181 0.0 0.0 0.0 0.0 0.0 0.0
30.09445993491168 33.16179909985936 8.817355827764823 0.8053909354259183 -0.10657005117819732 -0.5830851269974542 0.13514021962749637 0.9908108067413547 0.005573713625404181 0.0 0.0 0.0 0.0 0.0 0.0
30.441975938753856 33.50653161365649 9.038889624561222 0.31398532543054036 -0.03748882595763242 -0.9486874107642582 0.13514021962749637 0.9908108067413547 0.005573713625404181 0.0 0.0 0.0 0.0 0.0 0.0
3.1296155750281196 22.734854619176087 23.168963909560883 0.9471011176244765 -0.24976488064118274 0.2015365410856392 0.1560836840323094 0.9071657029064817 0.3907534658183998 0.0 0.0 0.0 0.0 0.0 0.0
3.1997374981869564 22.940830433703823 23.66022960329545 0.9316239495725656 -0.0037587474521994842 -0.3634043043228913 0.1560836840323094 0.9071657029064817 0.3907534658183998 0.0 0.0 0.0 0.0 0.0 0.0
3.482223129964449 23.145949441631565 24.068657274425075 0.5622072671562286 0.24367539673678038 -0.7902817787231955 0.1560836840323094 0.9071657029064817 0.3907534658183998 0.0 0.0 0.0 0.0 0.0 0.0
3.8928639259800804 23.40661426391271 24.2969401892285 -0.02080135565700697 0.39853318367008284 -0.9169179925798264 0.1560836840323094 0.9071657029064817 0.3907534658183998 0.0 0.0 0.0 0.0 0.0 0.0
4.298763052319182 23.758124737951317 24.31621161877249 -0.5959071956760252 0.4019815510076188 -0.6952017310040621 0.1560836840323094 0.9071657029064817 0.3907534658183998 0.0 0.0 0.0 0.0 0.0 0.0
4.568825114653687 24.201266919190477 24.177011791859545 -0.9446179290207157 0.2527104063442309 -0.20936670866674867 0.1560836840323094 0.9071657029064817 0.3907534658183998 0.0 0.0 0.0 0.0 0.0 0.0
4.623561490345474 24.702014445507352 23.990086817118286 -0.9344525179608769 0.007430353217990212 0.3560102267177617 0.1560836840323094 0.9071657029064817 0.3907534658183998 0.0 0.0 0.0 0.0 0.0 0.0
4.465289385165489 25.20445572107406 23.884314384759215 -0.5692729721147511 -0.24067261532464598 0.7861329247986194 0.1560836840323094 0.9071657029064817 0.3907534658183998 0.0 0.0 0.0 0.0 0.0 0.0
4.177251488079747 25.652035666404743 23.9577409773437 0.012182893574303022 -0.3973400334739028 0.9175905813068888 0.1560836840323094 0.9071657029064817 0.3907534658183998 0.0 0.0 0.0 0.0 0.0 0.0
3.891990681967603 26.009041938602728 24.240332371809117 0.5890102743073611 -0.40305132973532953 0.700440234680268 0.1560836840323094 0.9071657029064817 0.3907534658183998 0.0 0.0 0.0 0.0 0.0 0.0
3.7409947864170565 26.274172647505512 24.682589139809288 0.942062804104423 -0.25563668717142884 0.21718093216239637 0.1560836840323094 0.9071657029064817 0.3907534658183998 0.0 0.0 0.0 0.0 0.0 0.0
3.804742136704162 26.481030965523953 25.17435230812948 0.9372099241720655 -0.011101393133616562 -0.3485890375555185 0.1560836840323094 0.9071657029064817 0.3907534658183998 0.0 0.0 0.0 0.0 0.0 0.0
4.082126518695642 26.68535872062828 25.586654594370525 0.5762953247324171 0.23765150576105176 -0.7819242038081832 0.1560836840323094 0.9071657029064817 0.3907534658183998 0.0 0.0 0.0 0.0 0.0 0.0
4.490877438093034 26.943859143948554 25.820717233750216 -0.0035635037170857475 0.3961166242958083 -0.9181932919585887 0.1560836840323094 0.9071657029064817 0.3907534658183998 0.0 0.0 0.0 0.0 0.0 0.0
4.898816056705991 27.292654364240885 25.84547768333695 -0.5820684975258626 0.40409041454380334 -0.7056253971207387 0.1560836840323094 0.9071657029064817 0.3907534658183998 0.0 0.0 0.0 0.0 0.0 0.0
5.174072142993116 27.7335620072432 25.70939080144748 -0.9394359374582533 0.25854350027516004 -0.22497861648921025 0.1560836840323094 0.9071657029064817 0.3907534658183998 0.0 0.0 0.0 0.0 0.0 0.0
5.235183777777238 28.23340464926832 25.52202003685033 -0.9398959582189728 0.01477158763517409 0.3411413019884476 0.1560836840323094 0.9071657029064817 0.3907534658183998 0.0 0.0 0.0 0.0 0.0 0.0
5.082046099311477 28.736614475159666 25.412412442775473 -0.5832737902298868 -0.23461229811518952 0.7776559362622837 0.1560836840323094 0.9071657029064817 0.3907534658183998 0.0 0.0 0.0 0.0 0.0 0.0
4.795951142010078 29.186344420313567 25.480071543840584 -0.005056157514736592 -0.39486304930314664 0.9187260786361756 0.1560836840323094 0.9071657029064817 0.3907534658183998 0.0 0.0 0.0 0.0 0.0 0.0
4.508703633444102 29.546065320954433 25.757154283438567 0.5750823939747076 -0.4050987263027108 0.7107568234552785 0.1560836840323094 0.9071657029064817 0.3907534658183998 0.0 0.0 0.0 0.0 0.0 0.0
4.352546174679654 29.81344395418815 26.19625406330718 0.9367375291282718 -0.2614306242903542 0.23275916782333794 0.1560836840323094 0.9071657029064817 0.3907534658183998 0.0 0.0 0.0 0.0 0.0 0.0
4.409918065154485 30.02122946838895 26.688411302804894 0.9425104155497063 -0.018440657223143447 -0.3336675871904484 0.1560836840323094 0.9071657029064817 0.3907534658183998 0.0 0.0 0.0 0.0 0.0 0.0
4.682135234510002 30.224811434195498 27.104509005303687 0.590207837169994 0.23155522383448662 -0.7733284472060209 0.1560836840323094 0.9071657029064817 0.3907534658183998 0.0 0.0 0.0 0.0 0.0 0.0
5.0888902989193365 30.481176420561017 27.344326463929047 0.013675433700588158 0.3935794039605054 -0.9191889007658822 0.1560836840323094 0.9071657029064817 0.3907534658183998 0.0 0.0 0.0 0.0 0.0 0.0
5.498762678871018 30.827257844443324 27.37461478370251 -0.5680524956727296 0.40607618822520614 -0.7158341229059055 0.1560836840323094 0.9071657029064817 0.3907534658183998 0.0 0.0 0.0 0.0 0.0 0.0
5.779147474560304 31.26590434820877 27.241728692635814 -0.9339677846087209 0.2642978393513381 -0.2405219936456724 0.1560836840323094 0.9071657029064817 0.3907534658183998 0.0 0.0 0.0 0.0 0.0 0.0
5.846634284360693 31.764797552770503 27.05401560554955 -0.9450530970632185 0.022108322483668532 0.3261684623138379 0.1560836840323094 0.9071657029064817 0.3907534658183998 0.0 0.0 0.0 0.0 0.0 0.0
