#id1 id2 FENE BEXC STCK NEXC HB CRSTCK CXSTCK total, t = 100000
0 1 0.135288 0 0 0 0 0 0 0.135288
1 2 0.147673 0 -1.19406 0 0 0 0 -1.04639
2 3 0.170549 0 0 0 0 0 0 0.170549
3 4 0.00293324 0 0 0 0 0 0 0.00293324
4 5 0.00264912 0 0 0 0 0 0 0.00264912
5 6 0.0280673 0 -1.11382 0 0 0 0 -1.08576
6 7 0.00187677 0 -0.452728 0 0 0 0 -0.450851
7 8 0.00887539 0 -1.31695 0 0 0 0 -1.30808
8 9 0.00797348 0 -1.17786 0 0 0 0 -1.16988
9 10 0.142735 0 -1.21809 0 0 0 0 -1.07535
10 11 0.00621257 0 0 0 0 0 0 0.00621257
11 12 0.0309359 0 -1.23537 0 0 0 0 -1.20443
12 13 0.15689 0 0 0 0 0 0 0.15689
13 14 0.000296643 0 -0.953351 0 0 0 0 -0.953055
14 15 0.0331208 0 -1.14573 0 0 0 0 -1.11261
15 16 0.0029576 0 -1.22299 0 0 0 0 -1.22003
16 17 0.0404236 0 -1.20637 0 0 0 0 -1.16595
17 18 0.00470707 0 0 0 0 0 0 0.00470707
18 19 0.000178792 0 -1.19804 0 0 0 0 -1.19786
19 20 0.0271375 0 -0.877707 0 0 0 0 -0.850569
20 21 0.0007446 0 -1.04205 0 0 0 0 -1.0413
21 22 0.0229512 0 -1.01132 0 0 0 0 -0.988364
22 23 0.025927 0 -1.33559 0 0 0 0 -1.30967
23 24 0.00867343 0 -1.36248 0 0 0 0 -1.35381
25 26 0.0180719 0 0 0 0 0 0 0.0180719
26 27 0.0785154 0 -0 0 0 0 0 0.0785154
27 28 0.0129291 0 0 0 0 0 0 0.0129291
28 29 0.0966682 0 -0.906766 0 0 0 0 -0.810098
29 30 0.00303344 0 -1.10213 0 0 0 0 -1.09909
30 31 0.0382017 0 0 0 0 0 0 0.0382017
31 32 0.0846376 0 -1.08771 0 0 0 0 -1.00308
32 33 4.32088e-06 0 -1.33624 0 0 0 0 -1.33624
33 34 0.00665244 0 0 0 0 0 0 0.00665244
34 35 0.00635776 0 0 0 0 0 0 0.00635776
35 36 0.674506 0 -0.558344 0 0 0 0 0.116161
33 37 0 0 0 0 0 -0.130867 -0 -0.130867
36 37 0.0671758 0 -1.00159 0 0 0 0 -0.934412
33 38 0 0 0 0 -0.29139 0 -0 -0.29139
32 38 0 0 0 0 -1.73647e-28 -0.148239 -0 -0.148239
37 38 0.000203526 0 -1.28604 0 0 0 0 -1.28584
33 39 0 0 0 0 -0 -0.184863 0 -0.184863
32 39 0 0 0 0 -0.827139 0 -0 -0.827139
31 39 0 0 0 0 -1.04883e-28 -0.0863438 0 -0.0863438
38 39 0.000725334 0 -0.998438 0 0 0 0 -0.997713
32 40 0 0 0 0 -0 -0.19222 0 -0.19222
31 40 0 0 0 0 -0.549906 0 -0 -0.549906
39 40 0.014921 0 -1.40292 0 0 0 0 -1.388
31 41 0 0 0 0 0 -0.123962 0 -0.123962
40 41 0.0120313 0 -1.11281 0 0 0 0 -1.10078
41 42 0.0037067 0 -1.31944 0 0 0 0 -1.31573
42 43 0.0412606 0 0 0 0 0 0 0.0412606
43 44 0.0141161 0 -1.31529 0 0 0 0 -1.30117
44 45 0.0085425 0 -1.09994 0 0 0 0 -1.09139
45 46 0.0194725 0 -1.28757 0 0 0 0 -1.26809
46 47 0.0675279 0 -1.22793 0 0 0 0 -1.1604
47 48 0.00865646 0 -1.04395 0 0 0 0 -1.03529
48 49 0.0216615 0 -0 0 0 0 0 0.0216615
46 50 0 0 0 0 0 -0.00806882 0 -0.00806882
49 50 0.0463936 0 0 0 0 0 0 0.0463936
47 51 0 0 0 0 -0 -0.00882141 0 -0.00882141
46 51 0 0 0 0 -0.512436 -9.91609e-09 -0 -0.512436
45 51 0 0 0 0 -0 -0.0537782 0 -0.0537782
50 51 0.0624498 0 -0.838502 0 0 0 0 -0.776052
#Total energy per particle is  -0.744037 and should be -0.74403710

