t = 0
b =  30.0 30.0 30.0
E = 0. 0. 0.
7.2242272870083735 29.294507531966886 27.070082342345824 -0.19096878515103857 -0.10598432992204006 0.9758576970588041 0.2921988575753287 0.9429477172093242 0.15959144789554763 0.0 0.0 0.0 0.0 0.0 0.0
6.9866572187681655 29.76099699065649 27.191049898848316 0.3947950969066003 -0.27092343690785115 0.877916466864898 0.2921988575753287 0.9429477172093242 0.15959144789554763 0.0 0.0 0.0 0.0 0.0 0.0
6.839080705290063 30.165729443378332 27.51213854159634 0.8305697210273976 -0.33293420061405765 0.4464400929284344 0.2921988575753287 0.9429477172093242 0.15959144789554763 0.0 0.0 0.0 0.0 0.0 0.0
6.880832585854069 30.494569534594408 27.93499321757466 0.9507970217446801 -0.26845769514399087 -0.1546463363918527 0.2921988575753287 0.9429477172093242 0.15959144789554763 0.0 0.0 0.0 0.0 0.0 0.0
7.139318677441646 30.762214685755378 28.322596256306504 0.709800637422678 -0.10198962291541397 -0.6969800369680119 0.2921988575753287 0.9429477172093242 0.15959144789554763 0.0 0.0 0.0 0.0 0.0 0.0
7.559603846663632 31.00661129916367 28.551322673680982 0.19913912370999537 0.10322601223429069 -0.9745193686152269 0.2921988575753287 0.9429477172093242 0.15959144789554763 0.0 0.0 0.0 0.0 0.0 0.0
8.025282785401231 31.274538285308783 28.55790737031632 -0.38717867252871196 0.2692243594892992 -0.8818224990305477 0.2921988575753287 0.9429477172093242 0.15959144789554763 0.0 0.0 0.0 0.0 0.0 0.0
8.402704333553318 31.603834972670636 28.36348060055106 -0.8264008177915623 0.3329398713830705 -0.45410651877820546 0.2921988575753287 0.9429477172093242 0.15959144789554763 0.0 0.0 0.0 0.0 0.0 0.0
8.591747789287078 32.009025314190225 28.06554023554183 -0.9516594756905369 0.2701659596806103 0.14613212021409328 0.2921988575753287 0.9429477172093242 0.15959144789554763 0.0 0.0 0.0 0.0 0.0 0.0
8.563860437593172 32.4757999947198 27.800910691933456 -0.7153667878767349 0.10475148296151818 0.6908527235382981 0.2921988575753287 0.9429477172093242 0.15959144789554763 0.0 0.0 0.0 0.0 0.0 0.0
8.372905204093717 32.96645277908646 27.693761048393345 -0.20729429705368335 -0.10045983348605422 0.9731068267487245 0.2921988575753287 0.9429477172093242 0.15959144789554763 0.0 0.0 0.0 0.0 0.0 0.0
8.13469722905835 33.434205741249 27.80843113662946 0.3795327629958872 -0.2675047795934279 0.8856613769987816 0.2921988575753287 0.9429477172093242 0.15959144789554763 0.0 0.0 0.0 0.0 0.0 0.0
7.983003759289911 33.84098098048617 28.12498776361982 0.8221689809339112 -0.3329201874918486 0.4617383626584266 0.2921988575753287 0.9429477172093242 0.15959144789554763 0.0 0.0 0.0 0.0 0.0 0.0
8.018723734594941 34.17186705250922 28.546797664906787 0.9524494570828204 -0.2718536500334101 -0.13760677550960593 0.2921988575753287 0.9429477172093242 0.15959144789554763 0.0 0.0 0.0 0.0 0.0 0.0
8.271554593610865 34.440784076453276 28.937240097386535 0.72087846038024 -0.10750536577663311 -0.6846727989989417 0.2921988575753287 0.9429477172093242 0.15959144789554763 0.0 0.0 0.0 0.0 0.0 0.0
8.688709720352938 34.685195248885876 29.171611343791216 0.21543368413407832 0.09768600433255166 -0.9716201790298289 0.2921988575753287 0.9429477172093242 0.15959144789554763 0.0 0.0 0.0 0.0 0.0 0.0
9.154972962172005 34.95187394907978 29.184501739813975 -0.3718579505737394 0.2657648281729037 -0.8894328084241795 0.2921988575753287 0.9429477172093242 0.15959144789554763 0.0 0.0 0.0 0.0 0.0 0.0
9.53647117245726 35.279133750218 28.994645899170397 -0.8178745327252054 0.3328751504393963 -0.46933504337463855 0.2921988575753287 0.9429477172093242 0.15959144789554763 0.0 0.0 0.0 0.0 0.0 0.0
9.731534857273346 35.682272452372814 28.697805120621922 -0.953166905761389 0.27352063767823576 0.12907095151639736 0.2921988575753287 0.9429477172093242 0.15959144789554763 0.0 0.0 0.0 0.0 0.0 0.0
9.709324115929684 36.147760192492726 28.430386069532833 -0.7263352351979926 0.11025106164192035 0.6784407339751232 0.2921988575753287 0.9429477172093242 0.15959144789554763 0.0 0.0 0.0 0.0 0.0 0.0
9.521545234868467 36.63837966558296 28.317617605100544 -0.2235566651053409 -0.0949047360116123 0.9700595386725199 0.2921988575753287 0.9429477172093242 0.15959144789554763 0.0 0.0 0.0 0.0 0.0 0.0
9.28280660496227 37.107365601113166 28.42597424303162 0.36415481972894903 -0.2640046377317635 0.893136506097637 0.2921988575753287 0.9429477172093242 0.15959144789554763 0.0 0.0 0.0 0.0 0.0 0.0
9.127077077671434 37.5161716711655 28.737921375630233 0.8135178002043029 -0.3328047636554593 0.47689598241019315 0.2921988575753287 0.9429477172093242 0.15959144789554763 0.0 0.0 0.0 0.0 0.0 0.0
9.156788958534541 37.84911488487086 29.158576962424803 0.9538117670897486 -0.2751667956675238 -0.12052529827051234 0.2921988575753287 0.9429477172093242 0.15959144789554763 0.0 0.0 0.0 0.0 0.0 0.0
9.403922261717488 38.11933381884566 29.55175880368628 0.7317366967754639 -0.11298836146200886 -0.6721570030627225 0.2921988575753287 0.9429477172093242 0.15959144789554763 0.0 0.0 0.0 0.0 0.0 0.0
3.2849320200448275 12.297435134674808 8.611696440040562 0.5467304228617994 -0.7279968392754482 0.41365015015386514 0.35266613823218895 0.648280040939382 0.6748033665180013 0.0 0.0 0.0 0.0 0.0 0.0
3.217521511023328 12.38866114617979 9.136880922119683 0.8881748728062302 -0.45891439231620373 -0.02330184200199903 0.35266613823218895 0.648280040939382 0.6748033665180013 0.0 0.0 0.0 0.0 0.0 0.0
3.3525704922044715 12.375277607516534 9.656753748581254 0.8921868390795903 -0.015482695076558525 -0.4514010747952814 0.35266613823218895 0.648280040939382 0.6748033665180013 0.0 0.0 0.0 0.0 0.0 0.0
3.6909934914265063 12.358364788023412 10.073729685839886 0.5572421086181312 0.4338311368795284 -0.7080054922503316 0.35266613823218895 0.648280040939382 0.6748033665180013 0.0 0.0 0.0 0.0 0.0 0.0
4.1564398468416925 12.440343789832493 10.329315748862632 0.01059178450142051 0.718325266665274 -0.6956267859789026 0.35266613823218895 0.648280040939382 0.6748033665180013 0.0 0.0 0.0 0.0 0.0 0.0
4.624300599867248 12.686065058780063 10.426333664133558 -0.5400825356325731 0.7299156178868761 -0.41896783345444244 0.35266613823218895 0.648280040939382 0.6748033665180013 0.0 0.0 0.0 0.0 0.0 0.0
4.969049521901638 13.098170615791773 10.427847848585703 -0.8855704707812898 0.4641988223349097 0.01686400376798708 0.35266613823218895 0.648280040939382 0.6748033665180013 0.0 0.0 0.0 0.0 0.0 0.0
5.111932627256919 13.616090308960763 10.433206183227387 -0.8946153781314907 0.02212513318747749 0.44628892400785086 0.35266613823218895 0.648280040939382 0.6748033665180013 0.0 0.0 0.0 0.0 0.0 0.0
5.050888129018013 14.139053426936005 10.540296092139162 -0.563780946158048 -0.42835426397037796 0.70616122046423 0.35266613823218895 0.648280040939382 0.6748033665180013 0.0 0.0 0.0 0.0 0.0 0.0
4.861329746362987 14.564373176961015 10.808355473475153 -0.018756706824405833 -0.7160947145445106 0.6977510628802495 0.35266613823218895 0.648280040939382 0.6748033665180013 0.0 0.0 0.0 0.0 0.0 0.0
4.6674957717971575 14.82645911427365 11.235467231549464 0.5333935190272427 -0.731778810598021 0.42425361073239987 0.35266613823218895 0.648280040939382 0.6748033665180013 0.0 0.0 0.0 0.0 0.0 0.0
4.5952488666768385 14.921736048685014 11.759287613539385 0.8828986291363727 -0.4694479018160783 -0.010424881274798958 0.35266613823218895 0.648280040939382 0.6748033665180013 0.0 0.0 0.0 0.0 0.0 0.0
4.724258731848602 14.910002319106205 12.280731643514699 0.8969757887587008 -0.028765886383845495 -0.4411427865909816 0.35266613823218895 0.648280040939382 0.6748033665180013 0.0 0.0 0.0 0.0 0.0 0.0
5.057734256291294 14.891711404821079 12.701617161406018 0.5702768495961467 0.42284477022558287 -0.7042631717671781 0.35266613823218895 0.648280040939382 0.6748033665180013 0.0 0.0 0.0 0.0 0.0 0.0
5.521204406543214 14.969807969213702 12.961965867133339 0.026920200751545442 0.7138096290387588 -0.6998222033367073 0.35266613823218895 0.648280040939382 0.6748033665180013 0.0 0.0 0.0 0.0 0.0 0.0
5.9908110174034945 15.210617461005764 13.062790079590119 -0.5266638824403227 0.7335862755195395 -0.42950707945533784 0.35266613823218895 0.648280040939382 0.6748033665180013 0.0 0.0 0.0 0.0 0.0 0.0
6.340364579690002 15.61864796738483 13.065708139770596 -0.8801595513425673 0.4746612310219798 0.003984964886537656 0.35266613823218895 0.648280040939382 0.6748033665180013 0.0 0.0 0.0 0.0 0.0 0.0
6.48928574455371 16.134877516310592 13.069534572822347 -0.8992678912068155 0.03540444894659126 0.43596305444295724 0.35266613823218895 0.648280040939382 0.6748033665180013 0.0 0.0 0.0 0.0 0.0 0.0
6.43321876532132 16.659177510487734 13.172738797851967 -0.5767293242442337 -0.4173030752144276 0.702311490702928 0.35266613823218895 0.648280040939382 0.6748033665180013 0.0 0.0 0.0 0.0 0.0 0.0
6.245686318480644 17.088353255539285 13.436034949285581 -0.03508164460117358 -0.7114701841661322 0.7018400496229068 0.35266613823218895 0.648280040939382 0.6748033665180013 0.0 0.0 0.0 0.0 0.0 0.0
6.0501570096492845 17.355349349723728 13.859315562114167 0.5198941383596913 -0.7353378750059852 0.4347278395512683 0.35266613823218895 0.648280040939382 0.6748033665180013 0.0 0.0 0.0 0.0 0.0 0.0
5.973137586015509 17.454725152163114 14.381692399647195 0.8773534459912494 -0.479838412937416 0.002455254972225318 0.35266613823218895 0.648280040939382 0.6748033665180013 0.0 0.0 0.0 0.0 0.0 0.0
6.096110908001405 17.444721773275283 14.904628912628397 0.9014915109233559 -0.04204031532347864 -0.4307501220204404 0.35266613823218895 0.648280040939382 0.6748033665180013 0.0 0.0 0.0 0.0 0.0 0.0
6.424579248267751 17.425135303186664 15.329375921741468 0.5831378787213793 0.41172960095843736 -0.7003063258995542 0.35266613823218895 0.648280040939382 0.6748033665180013 0.0 0.0 0.0 0.0 0.0 0.0
6.885973886337094 17.49940260859161 15.594488081830564 0.04324041684773955 0.7090765580844094 -0.7038044480720462 0.35266613823218895 0.648280040939382 0.6748033665180013 0.0 0.0 0.0 0.0 0.0 0.0
7.357225178787442 17.735303937723025 15.699167995836401 -0.5130848023275735 0.7370334756662699 -0.43991549343910286 0.35266613823218895 0.648280040939382 0.6748033665180013 0.0 0.0 0.0 0.0 0.0 0.0
7.711518774402983 18.139212070823355 15.703569159270833 -0.874480526778209 0.4849790532999342 -0.008895287853819545 0.35266613823218895 0.648280040939382 0.6748033665180013 0.0 0.0 0.0 0.0 0.0 0.0
