#id1 id2 FENE BEXC STCK NEXC HB CRSTCK CXSTCK total, t = 100000
0 1 0.0423618 0 -1.34368 0 0 0 0 -1.30132
1 2 0.0106718 0 -1.27264 0 0 0 0 -1.26196
2 3 0.00631894 0 -1.01175 0 0 0 0 -1.00543
3 4 0.146969 0 -0.769424 0 0 0 0 -0.622455
4 5 0.085083 0 -1.06034 0 0 0 0 -0.975258
5 6 0.187157 0 -0.828943 0 0 0 0 -0.641787
6 7 0.00590586 0 0 0 0 0 0 0.00590586
7 8 0.00356025 0 0 0 0 0 0 0.00356025
8 9 0.00011405 0 -1.3506 0 0 0 0 -1.35049
9 10 0.073266 0 -1.37827 0 0 0 0 -1.305
10 11 0.0567919 0 -1.32591 0 0 0 0 -1.26912
11 12 0.0527874 0 -1.33185 0 0 0 0 -1.27906
12 13 0.0738978 0 0 0 0 0 0 0.0738978
13 14 0.0247302 0 -1.07745 0 0 0 0 -1.05272
14 15 0.04742 0 0 0 0 0 0 0.04742
15 16 0.105991 0 0 0 0 0 0 0.105991
16 17 0.0943991 0 0 0 0 0 0 0.0943991
17 18 0.000171977 0 0 0 0 0 0 0.000171977
18 19 0.093988 0 -1.20058 0 0 0 0 -1.10659
19 20 0.023489 0 0 0 0 0 0 0.023489
20 21 0.0354348 0 -1.20473 0 0 0 0 -1.1693
14 22 0 0 0 0 0 -0.147771 0 -0.147771
21 22 0.0617005 0 -0.80992 0 0 0 0 -0.74822
14 23 0 0 0 0 -0.544814 -5.02639e-16 -0 -0.544814
13 23 0 0 0 0 -0 -0.11508 0 -0.11508
22 23 0.00772615 0 -1.2901 0 0 0 0 -1.28237
14 24 0 0 0 0 0 -0.152922 0 -0.152922
23 24 0.0309376 0 -1.18823 0 0 0 0 -1.15729
25 26 0.0373245 0 -1.43199 0 0 0 0 -1.39467
26 27 0.00152116 0 -1.17962 0 0 0 0 -1.1781
27 28 0.000547262 0 -1.31846 0 0 0 0 -1.31791
28 29 0.235108 0 -1.28334 0 0 0 0 -1.04823
29 30 0.129954 0 0 0 0 0 0 0.129954
0 31 0 0 0 0.000230126 0 0 0 0.000230126
30 31 0.0081929 0 0 0 0 0 0 0.0081929
31 32 0.00504233 0 0 0 0 0 0 0.00504233
32 33 0.00868192 0 0 0 0 0 0 0.00868192
33 34 0.0759273 0 0 0 0 0 0 0.0759273
34 35 0.010097 0 -1.13679 0 0 0 0 -1.12669
35 36 0.0394089 0 0 0 0 0 0 0.0394089
36 37 0.0052251 0 -0.964456 0 0 0 0 -0.959231
37 38 0.000430434 0 0 0 0 0 0 0.000430434
38 39 0.0723341 0 0 0 0 0 0 0.0723341
39 40 0.0751982 0 -1.07016 0 0 0 0 -0.99496
40 41 0.403443 0 0 0 0 0 0 0.403443
41 42 0.320593 0 -0.974783 0 0 0 0 -0.65419
42 43 0.350301 0 -1.25185 0 0 0 0 -0.901546
43 44 0.00457366 0 -1.22854 0 0 0 0 -1.22396
44 45 0.0169776 0 0 0 0 0 0 0.0169776
45 46 0.0237474 0 0 0 0 0 0 0.0237474
46 47 0.14314 0 -1.08149 0 0 0 0 -0.93835
47 48 0.089164 0 -0 0 0 0 0 0.089164
48 49 0.0283464 0 0 0 0 0 0 0.0283464
49 50 0.0837404 0 -1.04266 0 0 0 0 -0.958917
50 51 0.110375 0 -1.21587 0 0 0 0 -1.1055
#Total energy per particle is  -0.596817 and should be -0.59681710

