        0.0000  -1.016306   0.269221  -0.747085 
        0.5000  -0.828199   1.530839   0.702640 
        1.0000  -0.528873   3.528657   2.999784 
        1.5000   0.406209   3.621367   4.027577 
        2.0000  -0.018671   3.540037   3.521366 
        2.5000   0.112455   2.518763   2.631218 
        3.0000   0.207682   2.324691   2.532373 
        3.5000   0.220255   3.077991   3.298246 
        4.0000   0.268276   3.323941   3.592217 
        4.5000   0.318071   2.793314   3.111384 
        5.0000   0.354976   2.026620   2.381596 
        5.5000   0.430323   2.077271   2.507593 
        6.0000   0.440288   2.716332   3.156619 
        6.5000   0.455139   2.791681   3.246820 
        7.0000   0.663524   2.186034   2.849558 
        7.5000   0.711409   1.774945   2.486354 
        8.0000   0.788070   1.744995   2.533065 
        8.5000   0.808761   2.042211   2.850972 
        9.0000   0.840637   2.018838   2.859475 
        9.5000   0.866599   1.748816   2.615415 
       10.0000   0.862238   1.508918   2.371156 
       10.5000   0.889949   1.573282   2.463230 
       11.0000   0.858727   1.801662   2.660388 
       11.5000   0.841211   1.811989   2.653200 
       12.0000   0.887886   1.542613   2.430499 
       12.5000   0.900669   1.353792   2.254462 
       13.0000   0.879211   1.468055   2.347267 
       13.5000   0.866221   1.632151   2.498372 
       14.0000   0.912102   1.534825   2.446927 
       14.5000   0.881453   1.364782   2.246235 
       15.0000   0.893236   1.261236   2.154472 
       15.5000   0.909635   1.332294   2.241928 
       16.0000   0.978489   1.375150   2.353639 
       16.5000   0.960330   1.321746   2.282076 
       17.0000   0.954969   1.171628   2.126597 
       17.5000   0.982767   1.117297   2.100064 
       18.0000   1.009830   1.157406   2.167235 
       18.5000   0.924482   1.315718   2.240199 
       19.0000   0.917732   1.279112   2.196844 
       19.5000   0.930897   1.126727   2.057624 
       20.0000   0.939269   1.120086   2.059355 
       20.5000   0.921916   1.203019   2.124936 
       21.0000   0.947149   1.190611   2.137759 
       21.5000   0.937647   1.121513   2.059160 
       22.0000   0.900604   1.051454   1.952059 
       22.5000   0.913156   1.073553   1.986709 
       23.0000   0.935458   1.111462   2.046921 
       23.5000   0.953493   1.047038   2.000531 
       24.0000   0.969824   0.952956   1.922780 
       24.5000   0.950412   0.931465   1.881878 
       25.0000   0.947694   0.974407   1.922101 
       25.5000   0.981269   0.986614   1.967884 
       26.0000   0.946223   0.922991   1.869214 
       26.5000   0.980204   0.824145   1.804349 
       27.0000   0.964340   0.827256   1.791597 
       27.5000   0.916388   0.920589   1.836977 
       28.0000   0.908792   0.985879   1.894671 
       28.5000   0.956129   0.909884   1.866013 
       29.0000   0.942512   0.852699   1.795211 
       29.5000   0.913170   0.817284   1.730454 
       30.0000   0.878182   0.889086   1.767268 
       30.5000   0.872378   0.932254   1.804633 
       31.0000   0.886061   0.987155   1.873216 
       31.5000   0.894102   0.957148   1.851251 
       32.0000   0.903669   0.882848   1.786517 
       32.5000   0.879064   0.865063   1.744127 
       33.0000   0.903020   0.865586   1.768606 
       33.5000   0.913190   0.891375   1.804565 
       34.0000   0.910834   0.906176   1.817010 
       34.5000   0.895523   0.877301   1.772824 
       35.0000   0.908232   0.787890   1.696122 
       35.5000   0.879827   0.812693   1.692520 
       36.0000   0.888164   0.870634   1.758797 
       36.5000   0.883901   0.883871   1.767772 
       37.0000   0.874854   0.840985   1.715839 
       37.5000   0.901860   0.727100   1.628960 
       38.0000   0.887300   0.734999   1.622300 
       38.5000   0.908505   0.768077   1.676582 
       39.0000   0.895975   0.808975   1.704950 
       39.5000   0.881124   0.802418   1.683541 
       40.0000   0.878379   0.720549   1.598928 
       40.5000   0.891376   0.662142   1.553518 
       41.0000   0.886471   0.721191   1.607662 
       41.5000   0.828541   0.843764   1.672305 
       42.0000   0.849311   0.804769   1.654080 
       42.5000   0.877517   0.689961   1.567478 
       43.0000   0.856147   0.631868   1.488016 
       43.5000   0.848212   0.671807   1.520019 
       44.0000   0.849330   0.751806   1.601137 
       44.5000   0.830568   0.773380   1.603948 
       45.0000   0.805652   0.756862   1.562513 
       45.5000   0.792472   0.683903   1.476375 
       46.0000   0.759326   0.699994   1.459320 
       46.5000   0.777256   0.733203   1.510459 
       47.0000   0.777085   0.747463   1.524548 
       47.5000   0.747568   0.763778   1.511346 
       48.0000   0.733230   0.712886   1.446116 
       48.5000   0.720006   0.695506   1.415513 
       49.0000   0.708730   0.714215   1.422946 
       49.5000   0.693824   0.745488   1.439312 
       50.0000   0.633001   0.810326   1.443327 
       50.5000   0.620816   0.784439   1.405254 
       51.0000   0.684133   0.650471   1.334604 
       51.5000   0.686719   0.630899   1.317619 
       52.0000   0.672065   0.677356   1.349421 
       52.5000   0.664699   0.704796   1.369494 
       53.0000   0.603508   0.746118   1.349626 
       53.5000   0.655474   0.632913   1.288387 
       54.0000   0.639252   0.622863   1.262115 
       54.5000   0.613168   0.656105   1.269273 
       55.0000   0.593344   0.698912   1.292256 
       55.5000   0.565901   0.732827   1.298728 
       56.0000   0.575004   0.685637   1.260641 
       56.5000   0.540938   0.670484   1.211422 
       57.0000   0.570196   0.614313   1.184509 
       57.5000   0.560803   0.649080   1.209883 
       58.0000   0.533524   0.712014   1.245538 
       58.5000   0.542517   0.695953   1.238470 
       59.0000   0.565533   0.638549   1.204082 
       59.5000   0.506408   0.661854   1.168262 
       60.0000   0.513003   0.638302   1.151304 
       60.5000   0.523785   0.653972   1.177757 
       61.0000   0.541974   0.649998   1.191972 
       61.5000   0.491171   0.676424   1.167595 
       62.0000   0.515469   0.633172   1.148641 
       62.5000   0.472993   0.635557   1.108550 
       63.0000   0.479273   0.619562   1.098836 
       63.5000   0.471896   0.630168   1.102064 
       64.0000   0.470470   0.633024   1.103494 
       64.5000   0.477449   0.624514   1.101963 
       65.0000   0.445264   0.635682   1.080945 
       65.5000   0.463200   0.565514   1.028715 
       66.0000   0.407708   0.626833   1.034541 
       66.5000   0.386214   0.659223   1.045437 
       67.0000   0.384357   0.655499   1.039856 
       67.5000   0.382003   0.629720   1.011722 
       68.0000   0.371280   0.617083   0.988362 
       68.5000   0.416446   0.562854   0.979300 
       69.0000   0.388157   0.581047   0.969204 
       69.5000   0.391306   0.582677   0.973983 
       70.0000   0.375181   0.584672   0.959853 
       70.5000   0.358345   0.603907   0.962251 
       71.0000   0.343983   0.595523   0.939507 
       71.5000   0.364838   0.564922   0.929760 
       72.0000   0.375060   0.561114   0.936174 
       72.5000   0.320095   0.618649   0.938743 
       73.0000   0.356069   0.564809   0.920877 
       73.5000   0.378952   0.528907   0.907860 
       74.0000   0.371597   0.510546   0.882144 
       74.5000   0.365414   0.500892   0.866306 
       75.0000   0.362830   0.511606   0.874437 
       75.5000   0.336251   0.536172   0.872424 
       76.0000   0.348130   0.509742   0.857872 
       76.5000   0.358966   0.468118   0.827084 
       77.0000   0.337693   0.463006   0.800699 
       77.5000   0.335225   0.462618   0.797843 
       78.0000   0.325058   0.495946   0.821004 
       78.5000   0.323865   0.503853   0.827718 
       79.0000   0.349860   0.476324   0.826183 
       79.5000   0.315197   0.492044   0.807241 
       80.0000   0.325555   0.463753   0.789308 
       80.5000   0.305206   0.489152   0.794358 
       81.0000   0.305867   0.503937   0.809805 
       81.5000   0.300708   0.522289   0.822998 
       82.0000   0.274261   0.540757   0.815018 
       82.5000   0.282947   0.502943   0.785889 
       83.0000   0.276527   0.514985   0.791512 
       83.5000   0.237896   0.551567   0.789463 
       84.0000   0.298371   0.492807   0.791178 
       84.5000   0.258049   0.522876   0.780924 
       85.0000   0.266010   0.486865   0.752875 
       85.5000   0.267004   0.473053   0.740057 
       86.0000   0.284523   0.468473   0.752996 
       86.5000   0.248318   0.538673   0.786991 
       87.0000   0.266340   0.506822   0.773162 
       87.5000   0.270527   0.494256   0.764783 
       88.0000   0.261589   0.467441   0.729031 
       88.5000   0.256106   0.459617   0.715722 
       89.0000   0.220628   0.500595   0.721224 
       89.5000   0.246888   0.489606   0.736494 
       90.0000   0.222831   0.527661   0.750492 
       90.5000   0.234979   0.493474   0.728453 
       91.0000   0.233659   0.484366   0.718025 
       91.5000   0.208635   0.506154   0.714788 
       92.0000   0.173434   0.552007   0.725441 
       92.5000   0.237528   0.470621   0.708149 
       93.0000   0.190854   0.501182   0.692036 
       93.5000   0.194083   0.498622   0.692705 
       94.0000   0.195735   0.516355   0.712091 
       94.5000   0.253844   0.475303   0.729147 
       95.0000   0.202266   0.521831   0.724097 
       95.5000   0.208529   0.514672   0.723201 
       96.0000   0.236886   0.483214   0.720100 
       96.5000   0.263776   0.449441   0.713217 
       97.0000   0.254532   0.456455   0.710987 
       97.5000   0.268593   0.455021   0.723614 
       98.0000   0.251101   0.479314   0.730415 
       98.5000   0.263827   0.455961   0.719788 
       99.0000   0.242469   0.455601   0.698070 
       99.5000   0.245172   0.433965   0.679137 
      100.0000   0.227666   0.460771   0.688437 
      100.5000   0.262040   0.422003   0.684043 
      101.0000   0.246686   0.428229   0.674914 
      101.5000   0.245688   0.425467   0.671155 
      102.0000   0.224481   0.441166   0.665647 
      102.5000   0.208116   0.475690   0.683806 
      103.0000   0.199706   0.480382   0.680087 
      103.5000   0.211734   0.457619   0.669353 
      104.0000   0.186732   0.484063   0.670795 
      104.5000   0.193252   0.458969   0.652221 
      105.0000   0.204518   0.438224   0.642741 
      105.5000   0.196061   0.451298   0.647359 
      106.0000   0.173954   0.477285   0.651239 
      106.5000   0.157021   0.493513   0.650534 
      107.0000   0.152810   0.491631   0.644441 
      107.5000   0.178274   0.448411   0.626684 
      108.0000   0.139124   0.487270   0.626394 
      108.5000   0.180593   0.452723   0.633317 
      109.0000   0.166478   0.471946   0.638424 
      109.5000   0.151426   0.483564   0.634990 
      110.0000   0.176322   0.449095   0.625417 
      110.5000   0.179066   0.436797   0.615863 
      111.0000   0.144194   0.475786   0.619980 
      111.5000   0.125453   0.482413   0.607867 
      112.0000   0.097397   0.501954   0.599351 
      112.5000   0.091355   0.494455   0.585810 
      113.0000   0.104789   0.457405   0.562194 
      113.5000   0.102848   0.435222   0.538069 
      114.0000   0.098594   0.436042   0.534636 
      114.5000   0.121411   0.425394   0.546805 
      115.0000   0.073381   0.462385   0.535765 
      115.5000   0.109548   0.421052   0.530599 
      116.0000   0.111237   0.397495   0.508731 
      116.5000   0.110831   0.391424   0.502254 
      117.0000   0.074951   0.419283   0.494234 
      117.5000   0.066916   0.412267   0.479183 
      118.0000   0.047145   0.428396   0.475541 
      118.5000   0.075407   0.403931   0.479338 
      119.0000   0.074885   0.415607   0.490492 
      119.5000   0.048952   0.441031   0.489983 
      120.0000   0.034411   0.445092   0.479503 
      120.5000   0.059196   0.423374   0.482570 
      121.0000   0.024839   0.454252   0.479091 
      121.5000   0.046768   0.432665   0.479433 
      122.0000   0.022582   0.449706   0.472288 
      122.5000   0.053909   0.418673   0.472582 
      123.0000   0.037168   0.448027   0.485195 
      123.5000   0.004363   0.486238   0.490602 
      124.0000  -0.051874   0.530104   0.478230 
      124.5000  -0.024154   0.482422   0.458268 
      125.0000   0.028448   0.421647   0.450095 
      125.5000  -0.000194   0.466016   0.465823 
      126.0000  -0.000977   0.476938   0.475961 
      126.5000  -0.069647   0.534527   0.464880 
      127.0000  -0.054088   0.510657   0.456570 
      127.5000  -0.048473   0.505365   0.456892 
      128.0000  -0.117291   0.567084   0.449793 
      128.5000  -0.094979   0.537270   0.442290 
      129.0000  -0.075787   0.511426   0.435638 
      129.5000  -0.049501   0.480160   0.430659 
      130.0000  -0.100521   0.512995   0.412473 
      130.5000  -0.110237   0.527545   0.417308 
      131.0000  -0.089313   0.494548   0.405235 
      131.5000  -0.069439   0.467868   0.398429 
      132.0000  -0.059364   0.467838   0.408473 
      132.5000  -0.077398   0.469476   0.392079 
      133.0000  -0.060989   0.451810   0.390821 
      133.5000  -0.083330   0.470104   0.386774 
      134.0000  -0.098984   0.478132   0.379147 
      134.5000  -0.104314   0.467971   0.363657 
      135.0000  -0.123292   0.483676   0.360383 
      135.5000  -0.097074   0.464396   0.367322 
      136.0000  -0.120483   0.476978   0.356495 
      136.5000  -0.100539   0.455400   0.354861 
      137.0000  -0.129951   0.480083   0.350132 
      137.5000  -0.110441   0.444951   0.334510 
      138.0000  -0.122469   0.452742   0.330273 
      138.5000  -0.155035   0.482713   0.327677 
      139.0000  -0.131496   0.466068   0.334573 
      139.5000  -0.151221   0.483692   0.332471 
      140.0000  -0.126906   0.450241   0.323335 
      140.5000  -0.127496   0.451009   0.323513 
      141.0000  -0.111092   0.435791   0.324699 
      141.5000  -0.103018   0.426070   0.323052 
      142.0000  -0.100293   0.414719   0.314425 
      142.5000  -0.085646   0.402556   0.316910 
      143.0000  -0.063316   0.383037   0.319721 
      143.5000  -0.145962   0.451581   0.305620 
      144.0000  -0.130757   0.438378   0.307621 
      144.5000  -0.127872   0.425859   0.297987 
      145.0000  -0.169671   0.452144   0.282473 
      145.5000  -0.154600   0.425916   0.271316 
      146.0000  -0.178737   0.446425   0.267688 
      146.5000  -0.157485   0.422003   0.264518 
      147.0000  -0.146359   0.410476   0.264116 
      147.5000  -0.108278   0.377783   0.269505 
      148.0000  -0.107358   0.378457   0.271099 
      148.5000  -0.152627   0.423040   0.270413 
      149.0000  -0.165094   0.428045   0.262951 
      149.5000  -0.164034   0.427690   0.263655 
      150.0000  -0.183302   0.437804   0.254502 
      150.5000  -0.168992   0.427362   0.258370 
      151.0000  -0.212829   0.479246   0.266417 
      151.5000  -0.178125   0.433450   0.255324 
      152.0000  -0.157757   0.412478   0.254721 
      152.5000  -0.165865   0.422600   0.256735 
      153.0000  -0.203912   0.443954   0.240042 
      153.5000  -0.181083   0.410673   0.229590 
      154.0000  -0.190774   0.414112   0.223338 
      154.5000  -0.155264   0.382511   0.227247 
      155.0000  -0.154140   0.379028   0.224887 
      155.5000  -0.144443   0.359172   0.214729 
      156.0000  -0.098534   0.313493   0.214959 
      156.5000  -0.157052   0.374139   0.217087 
      157.0000  -0.132925   0.350019   0.217094 
      157.5000  -0.159815   0.387274   0.227459 
      158.0000  -0.152208   0.389445   0.237237 
      158.5000  -0.188297   0.436243   0.247946 
      159.0000  -0.160941   0.400525   0.239584 
      159.5000  -0.203020   0.439208   0.236188 
      160.0000  -0.132624   0.363011   0.230387 
      160.5000  -0.171598   0.392559   0.220961 
      161.0000  -0.192033   0.408001   0.215969 
      161.5000  -0.168295   0.385739   0.217444 
      162.0000  -0.187517   0.401629   0.214113 
      162.5000  -0.181736   0.401448   0.219712 
      163.0000  -0.144284   0.362143   0.217859 
      163.5000  -0.171922   0.409572   0.237650 
      164.0000  -0.182755   0.409544   0.226789 
      164.5000  -0.180713   0.409210   0.228497 
      165.0000  -0.166209   0.387880   0.221671 
      165.5000  -0.172443   0.393964   0.221521 
      166.0000  -0.156163   0.375422   0.219259 
      166.5000  -0.148171   0.377867   0.229696 
      167.0000  -0.154870   0.376425   0.221554 
      167.5000  -0.157636   0.372166   0.214531 
      168.0000  -0.174605   0.372439   0.197834 
      168.5000  -0.196613   0.380910   0.184297 
      169.0000  -0.183207   0.372076   0.188869 
      169.5000  -0.170826   0.361770   0.190944 
      170.0000  -0.145874   0.333317   0.187443 
      170.5000  -0.177831   0.374472   0.196640 
      171.0000  -0.180697   0.383459   0.202762 
      171.5000  -0.172640   0.380379   0.207739 
      172.0000  -0.182407   0.389730   0.207323 
      172.5000  -0.169173   0.370484   0.201311 
      173.0000  -0.144974   0.341932   0.196957 
      173.5000  -0.187354   0.381363   0.194009 
      174.0000  -0.190753   0.376325   0.185571 
      174.5000  -0.211766   0.391276   0.179510 
      175.0000  -0.223869   0.397423   0.173554 
      175.5000  -0.215804   0.384921   0.169116 
      176.0000  -0.222560   0.393165   0.170605 
      176.5000  -0.205386   0.381780   0.176394 
      177.0000  -0.179003   0.348226   0.169222 
      177.5000  -0.190446   0.365074   0.174628 
      178.0000  -0.183335   0.362208   0.178873 
      178.5000  -0.179307   0.357474   0.178168 
      179.0000  -0.193793   0.364852   0.171059 
      179.5000  -0.179826   0.352103   0.172277 
      180.0000  -0.186897   0.361275   0.174378 
      180.5000  -0.171489   0.351307   0.179818 
      181.0000  -0.202171   0.377528   0.175357 
      181.5000  -0.180881   0.346571   0.165690 
      182.0000  -0.186734   0.352851   0.166117 
      182.5000  -0.178415   0.340129   0.161714 
      183.0000  -0.172938   0.346451   0.173513 
      183.5000  -0.190887   0.362816   0.171929 
      184.0000  -0.158114   0.317464   0.159350 
      184.5000  -0.182450   0.354221   0.171770 
      185.0000  -0.212138   0.369205   0.157067 
      185.5000  -0.218829   0.362184   0.143355 
      186.0000  -0.207100   0.345600   0.138500 
      186.5000  -0.218384   0.359991   0.141607 
      187.0000  -0.215489   0.351095   0.135607 
      187.5000  -0.265522   0.394205   0.128683 
      188.0000  -0.224623   0.359953   0.135331 
      188.5000  -0.213850   0.345426   0.131577 
      189.0000  -0.214943   0.337523   0.122581 
      189.5000  -0.200081   0.327096   0.127014 
      190.0000  -0.255430   0.374051   0.118621 
      190.5000  -0.230066   0.346021   0.115955 
      191.0000  -0.238661   0.352407   0.113746 
      191.5000  -0.239334   0.343938   0.104603 
      192.0000  -0.240677   0.339693   0.099016 
      192.5000  -0.231365   0.327479   0.096114 
      193.0000  -0.263782   0.367313   0.103531 
      193.5000  -0.287049   0.389616   0.102567 
      194.0000  -0.225683   0.331016   0.105333 
      194.5000  -0.239766   0.338684   0.098918 
      195.0000  -0.256114   0.365010   0.108896 
      195.5000  -0.253130   0.367244   0.114114 
      196.0000  -0.240795   0.345600   0.104805 
      196.5000  -0.246377   0.344776   0.098399 
      197.0000  -0.231049   0.325857   0.094808 
      197.5000  -0.244054   0.334634   0.090581 
      198.0000  -0.266679   0.357381   0.090702 
      198.5000  -0.264024   0.351670   0.087646 
      199.0000  -0.232938   0.322645   0.089707 
      199.5000  -0.228196   0.322897   0.094701 
      200.0000  -0.247979   0.343559   0.095580 
      200.5000  -0.243501   0.333151   0.089650 
      201.0000  -0.234172   0.329871   0.095699 
      201.5000  -0.245637   0.350718   0.105081 
      202.0000  -0.247270   0.367272   0.120001 
      202.5000  -0.209352   0.320722   0.111370 
      203.0000  -0.253436   0.364781   0.111345 
      203.5000  -0.228485   0.347928   0.119443 
      204.0000  -0.226733   0.350523   0.123790 
      204.5000  -0.253782   0.380366   0.126584 
      205.0000  -0.229641   0.347737   0.118096 
      205.5000  -0.216313   0.322968   0.106654 
      206.0000  -0.271025   0.370464   0.099439 
      206.5000  -0.254935   0.357680   0.102744 
      207.0000  -0.277970   0.382480   0.104510 
      207.5000  -0.257072   0.363326   0.106255 
      208.0000  -0.262166   0.368238   0.106073 
      208.5000  -0.253209   0.355464   0.102255 
      209.0000  -0.287063   0.386327   0.099264 
      209.5000  -0.256251   0.349868   0.093618 
      210.0000  -0.237661   0.328104   0.090444 
      210.5000  -0.235146   0.323839   0.088693 
      211.0000  -0.258683   0.356067   0.097385 
      211.5000  -0.265925   0.365881   0.099956 
      212.0000  -0.271948   0.371387   0.099439 
      212.5000  -0.260415   0.364950   0.104535 
      213.0000  -0.248710   0.344477   0.095767 
      213.5000  -0.247415   0.350511   0.103096 
      214.0000  -0.256156   0.349703   0.093546 
      214.5000  -0.269347   0.361262   0.091914 
      215.0000  -0.248639   0.326481   0.077843 
      215.5000  -0.306663   0.376221   0.069558 
      216.0000  -0.281462   0.354050   0.072588 
      216.5000  -0.284556   0.357781   0.073224 
      217.0000  -0.276093   0.348428   0.072334 
      217.5000  -0.278101   0.359168   0.081067 
      218.0000  -0.293950   0.364319   0.070369 
      218.5000  -0.305891   0.373832   0.067941 
      219.0000  -0.276417   0.337796   0.061379 
      219.5000  -0.294139   0.351341   0.057202 
      220.0000  -0.293844   0.351401   0.057557 
      220.5000  -0.289130   0.345954   0.056824 
      221.0000  -0.287668   0.335829   0.048160 
      221.5000  -0.295728   0.340787   0.045060 
      222.0000  -0.272579   0.319537   0.046958 
      222.5000  -0.270490   0.313236   0.042746 
      223.0000  -0.260412   0.304152   0.043740 
      223.5000  -0.282478   0.333426   0.050948 
      224.0000  -0.277352   0.335037   0.057684 
      224.5000  -0.284737   0.339138   0.054401 
      225.0000  -0.292759   0.349701   0.056942 
      225.5000  -0.295729   0.351468   0.055739 
      226.0000  -0.297941   0.355438   0.057497 
      226.5000  -0.272147   0.338731   0.066584 
      227.0000  -0.290362   0.366421   0.076058 
      227.5000  -0.302593   0.375194   0.072601 
      228.0000  -0.260549   0.324287   0.063738 
      228.5000  -0.265055   0.334350   0.069295 
      229.0000  -0.290225   0.359858   0.069633 
      229.5000  -0.260620   0.327304   0.066684 
      230.0000  -0.297408   0.353682   0.056274 
      230.5000  -0.299107   0.340271   0.041164 
      231.0000  -0.295277   0.332406   0.037129 
      231.5000  -0.265554   0.297259   0.031705 
      232.0000  -0.293733   0.331806   0.038073 
      232.5000  -0.294228   0.328595   0.034367 
      233.0000  -0.294481   0.332867   0.038386 
      233.5000  -0.284413   0.322020   0.037607 
      234.0000  -0.287721   0.326851   0.039129 
      234.5000  -0.278088   0.308212   0.030123 
      235.0000  -0.287502   0.318916   0.031414 
      235.5000  -0.296965   0.317982   0.021017 
      236.0000  -0.311261   0.335298   0.024037 
      236.5000  -0.310611   0.336947   0.026337 
      237.0000  -0.279524   0.301014   0.021490 
      237.5000  -0.279006   0.303980   0.024974 
      238.0000  -0.257312   0.279858   0.022546 
      238.5000  -0.291211   0.301683   0.010472 
      239.0000  -0.311733   0.311008  -0.000725 
      239.5000  -0.298325   0.293641  -0.004684 
      240.0000  -0.282866   0.279354  -0.003513 
      240.5000  -0.280220   0.281832   0.001612 
      241.0000  -0.320147   0.328482   0.008335 
      241.5000  -0.290745   0.298495   0.007750 
      242.0000  -0.302978   0.297097  -0.005881 
      242.5000  -0.334379   0.325237  -0.009142 
      243.0000  -0.333505   0.331178  -0.002327 
      243.5000  -0.304150   0.295800  -0.008350 
      244.0000  -0.316886   0.297679  -0.019206 
      244.5000  -0.335900   0.308888  -0.027012 
      245.0000  -0.344224   0.326994  -0.017230 
      245.5000  -0.355405   0.331903  -0.023501 
      246.0000  -0.366948   0.338075  -0.028873 
      246.5000  -0.410274   0.377442  -0.032832 
      247.0000  -0.371471   0.339489  -0.031982 
      247.5000  -0.379262   0.343365  -0.035897 
      248.0000  -0.374403   0.340214  -0.034189 
      248.5000  -0.388074   0.353814  -0.034260 
      249.0000  -0.378142   0.347322  -0.030820 
      249.5000  -0.349980   0.314055  -0.035925 
      250.0000  -0.379939   0.334937  -0.045002 
      250.5000  -0.374126   0.326194  -0.047932 
      251.0000  -0.341499   0.295285  -0.046214 
      251.5000  -0.357061   0.308775  -0.048286 
      252.0000  -0.383518   0.321918  -0.061600 
      252.5000  -0.348705   0.287465  -0.061240 
      253.0000  -0.379046   0.315994  -0.063052 
      253.5000  -0.397095   0.339110  -0.057984 
      254.0000  -0.400076   0.338394  -0.061682 
      254.5000  -0.380121   0.303730  -0.076391 
      255.0000  -0.378361   0.309033  -0.069327 
      255.5000  -0.378434   0.314544  -0.063890 
      256.0000  -0.359149   0.299210  -0.059940 
      256.5000  -0.377334   0.310087  -0.067248 
      257.0000  -0.388121   0.325213  -0.062907 
      257.5000  -0.399906   0.327591  -0.072315 
      258.0000  -0.395784   0.320725  -0.075060 
      258.5000  -0.365361   0.294663  -0.070698 
      259.0000  -0.388335   0.312092  -0.076243 
      259.5000  -0.390630   0.303157  -0.087473 
      260.0000  -0.400710   0.300479  -0.100231 
      260.5000  -0.389362   0.288424  -0.100937 
      261.0000  -0.372500   0.277545  -0.094955 
      261.5000  -0.384474   0.292200  -0.092274 
      262.0000  -0.401261   0.308062  -0.093199 
      262.5000  -0.373960   0.275526  -0.098434 
      263.0000  -0.402873   0.307169  -0.095704 
      263.5000  -0.400589   0.299473  -0.101117 
      264.0000  -0.408557   0.308950  -0.099607 
      264.5000  -0.403244   0.304929  -0.098315 
      265.0000  -0.407944   0.307833  -0.100111 
      265.5000  -0.392578   0.301471  -0.091107 
      266.0000  -0.400596   0.306558  -0.094038 
      266.5000  -0.408600   0.325507  -0.083093 
      267.0000  -0.368310   0.293468  -0.074842 
      267.5000  -0.387862   0.307179  -0.080684 
      268.0000  -0.380155   0.304104  -0.076051 
      268.5000  -0.405235   0.319495  -0.085739 
      269.0000  -0.402239   0.311529  -0.090710 
      269.5000  -0.376936   0.286009  -0.090927 
      270.0000  -0.412006   0.325337  -0.086670 
      270.5000  -0.422608   0.333582  -0.089026 
      271.0000  -0.411100   0.317954  -0.093146 
      271.5000  -0.409974   0.322523  -0.087451 
      272.0000  -0.402287   0.324130  -0.078157 
      272.5000  -0.434488   0.348807  -0.085681 
      273.0000  -0.369336   0.286167  -0.083169 
      273.5000  -0.428611   0.337125  -0.091485 
      274.0000  -0.399247   0.305436  -0.093811 
      274.5000  -0.427971   0.324508  -0.103463 
      275.0000  -0.397717   0.302051  -0.095666 
      275.5000  -0.392272   0.287726  -0.104546 
      276.0000  -0.427703   0.323091  -0.104612 
      276.5000  -0.412758   0.305532  -0.107226 
      277.0000  -0.411052   0.301186  -0.109866 
      277.5000  -0.436515   0.331163  -0.105352 
      278.0000  -0.392636   0.288093  -0.104543 
      278.5000  -0.428493   0.321989  -0.106504 
      279.0000  -0.413448   0.304751  -0.108697 
      279.5000  -0.404621   0.301752  -0.102869 
      280.0000  -0.437491   0.339695  -0.097796 
      280.5000  -0.416483   0.323431  -0.093053 
      281.0000  -0.409240   0.307922  -0.101318 
      281.5000  -0.438001   0.335857  -0.102145 
      282.0000  -0.427424   0.338825  -0.088599 
      282.5000  -0.424056   0.340461  -0.083595 
      283.0000  -0.424965   0.350036  -0.074929 
      283.5000  -0.372463   0.308474  -0.063988 
      284.0000  -0.385976   0.318770  -0.067206 
      284.5000  -0.385117   0.325184  -0.059933 
      285.0000  -0.394680   0.333519  -0.061162 
      285.5000  -0.385320   0.336358  -0.048962 
      286.0000  -0.413387   0.365777  -0.047610 
      286.5000  -0.388656   0.327682  -0.060974 
      287.0000  -0.409278   0.342008  -0.067270 
      287.5000  -0.426220   0.356528  -0.069691 
      288.0000  -0.386311   0.336590  -0.049721 
      288.5000  -0.376377   0.330698  -0.045679 
      289.0000  -0.386293   0.333724  -0.052569 
      289.5000  -0.396193   0.331834  -0.064359 
      290.0000  -0.388791   0.323664  -0.065127 
      290.5000  -0.410907   0.348370  -0.062538 
      291.0000  -0.389330   0.331785  -0.057545 
      291.5000  -0.382950   0.333939  -0.049011 
      292.0000  -0.372507   0.321275  -0.051231 
      292.5000  -0.383271   0.330917  -0.052354 
      293.0000  -0.375036   0.321158  -0.053878 
      293.5000  -0.387815   0.325481  -0.062334 
      294.0000  -0.369418   0.313300  -0.056118 
      294.5000  -0.392443   0.330117  -0.062326 
      295.0000  -0.393162   0.322017  -0.071145 
      295.5000  -0.398667   0.318929  -0.079738 
      296.0000  -0.399080   0.316597  -0.082483 
      296.5000  -0.393218   0.317645  -0.075573 
      297.0000  -0.363250   0.289695  -0.073555 
      297.5000  -0.358524   0.284385  -0.074139 
      298.0000  -0.395047   0.324936  -0.070111 
      298.5000  -0.364338   0.282073  -0.082264 
      299.0000  -0.385364   0.302234  -0.083130 
      299.5000  -0.396798   0.317871  -0.078927 
      300.0000  -0.388395   0.312335  -0.076061 
      300.5000  -0.397760   0.323074  -0.074686 
      301.0000  -0.395837   0.327787  -0.068051 
      301.5000  -0.391228   0.319997  -0.071231 
      302.0000  -0.392071   0.318116  -0.073955 
      302.5000  -0.411940   0.340140  -0.071800 
      303.0000  -0.405778   0.346368  -0.059410 
      303.5000  -0.409978   0.347014  -0.062964 
      304.0000  -0.418234   0.348263  -0.069971 
      304.5000  -0.383428   0.320462  -0.062966 
      305.0000  -0.375504   0.320875  -0.054628 
      305.5000  -0.385457   0.323308  -0.062148 
      306.0000  -0.393206   0.323098  -0.070108 
      306.5000  -0.355019   0.285277  -0.069741 
      307.0000  -0.401286   0.336385  -0.064901 
      307.5000  -0.363610   0.304209  -0.059401 
      308.0000  -0.373921   0.318067  -0.055854 
      308.5000  -0.369244   0.310664  -0.058580 
      309.0000  -0.372887   0.316566  -0.056322 
      309.5000  -0.373424   0.301861  -0.071564 
      310.0000  -0.381077   0.302372  -0.078705 
      310.5000  -0.408518   0.325312  -0.083206 
      311.0000  -0.391566   0.312903  -0.078663 
      311.5000  -0.395760   0.325201  -0.070559 
      312.0000  -0.367335   0.288241  -0.079095 
      312.5000  -0.387759   0.309152  -0.078606 
      313.0000  -0.377682   0.299830  -0.077852 
      313.5000  -0.383342   0.317747  -0.065595 
      314.0000  -0.396676   0.326207  -0.070469 
      314.5000  -0.389783   0.317615  -0.072169 
      315.0000  -0.375845   0.296542  -0.079303 
      315.5000  -0.411026   0.331631  -0.079395 
      316.0000  -0.398816   0.321499  -0.077317 
      316.5000  -0.363976   0.293029  -0.070947 
      317.0000  -0.361202   0.288494  -0.072707 
      317.5000  -0.346782   0.283404  -0.063379 
      318.0000  -0.390551   0.326993  -0.063558 
      318.5000  -0.389243   0.318115  -0.071128 
      319.0000  -0.360268   0.290783  -0.069484 
      319.5000  -0.359232   0.288429  -0.070803 
      320.0000  -0.375851   0.305310  -0.070541 
      320.5000  -0.395900   0.315907  -0.079993 
      321.0000  -0.383341   0.310334  -0.073007 
      321.5000  -0.416036   0.346840  -0.069197 
      322.0000  -0.389277   0.308894  -0.080383 
      322.5000  -0.384025   0.292124  -0.091901 
      323.0000  -0.400530   0.313815  -0.086715 
      323.5000  -0.397386   0.308334  -0.089052 
      324.0000  -0.415889   0.327983  -0.087906 
      324.5000  -0.371193   0.286208  -0.084984 
      325.0000  -0.401762   0.317230  -0.084532 
      325.5000  -0.400920   0.319287  -0.081634 
      326.0000  -0.398222   0.318676  -0.079546 
      326.5000  -0.381112   0.304187  -0.076926 
      327.0000  -0.403899   0.318571  -0.085328 
      327.5000  -0.415820   0.329351  -0.086469 
      328.0000  -0.398643   0.305281  -0.093362 
      328.5000  -0.376354   0.296399  -0.079955 
      329.0000  -0.395342   0.311876  -0.083466 
      329.5000  -0.417835   0.339450  -0.078385 
      330.0000  -0.409073   0.333398  -0.075675 
      330.5000  -0.401429   0.324679  -0.076750 
      331.0000  -0.419588   0.348817  -0.070771 
      331.5000  -0.463009   0.387116  -0.075893 
      332.0000  -0.424246   0.351709  -0.072537 
      332.5000  -0.461791   0.389630  -0.072161 
      333.0000  -0.447707   0.367466  -0.080241 
      333.5000  -0.458098   0.385747  -0.072350 
      334.0000  -0.412178   0.334172  -0.078006 
      334.5000  -0.410261   0.330155  -0.080106 
      335.0000  -0.451643   0.369966  -0.081677 
      335.5000  -0.435700   0.333498  -0.102202 
      336.0000  -0.433656   0.333115  -0.100541 
      336.5000  -0.419879   0.322537  -0.097343 
      337.0000  -0.422074   0.332474  -0.089600 
      337.5000  -0.418081   0.333496  -0.084585 
      338.0000  -0.439646   0.348699  -0.090947 
      338.5000  -0.452114   0.359824  -0.092290 
      339.0000  -0.407701   0.312977  -0.094724 
      339.5000  -0.380574   0.279154  -0.101420 
      340.0000  -0.463834   0.350369  -0.113465 
      340.5000  -0.415415   0.314371  -0.101044 
      341.0000  -0.456346   0.353711  -0.102635 
      341.5000  -0.447764   0.344609  -0.103155 
      342.0000  -0.414488   0.312909  -0.101579 
      342.5000  -0.374018   0.270438  -0.103580 
      343.0000  -0.418998   0.317341  -0.101657 
      343.5000  -0.427207   0.334075  -0.093132 
      344.0000  -0.455908   0.358855  -0.097052 
      344.5000  -0.451885   0.354825  -0.097060 
      345.0000  -0.430769   0.326153  -0.104616 
      345.5000  -0.436368   0.324969  -0.111399 
      346.0000  -0.446061   0.332616  -0.113445 
      346.5000  -0.479089   0.363859  -0.115230 
      347.0000  -0.430032   0.318360  -0.111672 
      347.5000  -0.473783   0.371466  -0.102317 
      348.0000  -0.435373   0.331689  -0.103683 
      348.5000  -0.457511   0.349018  -0.108493 
      349.0000  -0.446953   0.341102  -0.105851 
      349.5000  -0.455390   0.344428  -0.110962 
      350.0000  -0.455843   0.347161  -0.108682 
      350.5000  -0.488745   0.372987  -0.115758 
      351.0000  -0.445871   0.322147  -0.123724 
      351.5000  -0.457921   0.328927  -0.128994 
      352.0000  -0.461734   0.332088  -0.129646 
      352.5000  -0.455195   0.330013  -0.125183 
      353.0000  -0.482490   0.352562  -0.129927 
      353.5000  -0.471688   0.334456  -0.137232 
      354.0000  -0.454376   0.308118  -0.146258 
      354.5000  -0.467907   0.319197  -0.148710 
      355.0000  -0.469931   0.320532  -0.149399 
      355.5000  -0.472696   0.330114  -0.142582 
      356.0000  -0.457281   0.314051  -0.143230 
      356.5000  -0.465251   0.318764  -0.146487 
      357.0000  -0.446727   0.298804  -0.147923 
      357.5000  -0.452396   0.305843  -0.146553 
      358.0000  -0.453854   0.311245  -0.142608 
      358.5000  -0.487989   0.340233  -0.147756 
      359.0000  -0.459518   0.303052  -0.156466 
      359.5000  -0.466362   0.300820  -0.165542 
      360.0000  -0.470073   0.297350  -0.172723 
      360.5000  -0.475970   0.301216  -0.174754 
      361.0000  -0.475234   0.296182  -0.179052 
      361.5000  -0.486129   0.306638  -0.179492 
      362.0000  -0.452822   0.279473  -0.173348 
      362.5000  -0.477463   0.302727  -0.174736 
      363.0000  -0.485846   0.319242  -0.166604 
      363.5000  -0.503485   0.338703  -0.164782 
      364.0000  -0.466806   0.296840  -0.169966 
      364.5000  -0.470299   0.294596  -0.175702 
      365.0000  -0.464583   0.287893  -0.176690 
      365.5000  -0.462434   0.276986  -0.185449 
      366.0000  -0.489384   0.308470  -0.180914 
      366.5000  -0.472695   0.285476  -0.187219 
      367.0000  -0.487599   0.290700  -0.196899 
      367.5000  -0.482408   0.281639  -0.200769 
      368.0000  -0.477937   0.278190  -0.199747 
      368.5000  -0.512452   0.318268  -0.194184 
      369.0000  -0.500891   0.298016  -0.202875 
      369.5000  -0.465768   0.260798  -0.204970 
      370.0000  -0.492072   0.292420  -0.199652 
      370.5000  -0.498509   0.292096  -0.206412 
      371.0000  -0.493782   0.287321  -0.206461 
      371.5000  -0.511767   0.295118  -0.216649 
      372.0000  -0.544844   0.331761  -0.213083 
      372.5000  -0.520309   0.308205  -0.212104 
      373.0000  -0.494039   0.281354  -0.212684 
      373.5000  -0.508549   0.295896  -0.212653 
      374.0000  -0.529539   0.312357  -0.217182 
      374.5000  -0.553985   0.337102  -0.216883 
      375.0000  -0.535062   0.311280  -0.223782 
      375.5000  -0.507532   0.280871  -0.226661 
      376.0000  -0.537993   0.311241  -0.226752 
      376.5000  -0.550348   0.313384  -0.236964 
      377.0000  -0.526836   0.280709  -0.246127 
      377.5000  -0.519058   0.264569  -0.254489 
      378.0000  -0.498834   0.250943  -0.247891 
      378.5000  -0.508902   0.262664  -0.246238 
      379.0000  -0.512219   0.271923  -0.240296 
      379.5000  -0.497438   0.256896  -0.240542 
      380.0000  -0.517118   0.278419  -0.238699 
      380.5000  -0.506476   0.270113  -0.236364 
      381.0000  -0.503025   0.279234  -0.223792 
      381.5000  -0.497714   0.279470  -0.218244 
      382.0000  -0.520794   0.304155  -0.216639 
      382.5000  -0.509318   0.293616  -0.215702 
      383.0000  -0.517171   0.291555  -0.225616 
      383.5000  -0.534140   0.306609  -0.227532 
      384.0000  -0.542397   0.320051  -0.222346 
      384.5000  -0.534121   0.320485  -0.213636 
      385.0000  -0.517331   0.317649  -0.199682 
      385.5000  -0.495944   0.286508  -0.209435 
      386.0000  -0.527057   0.315473  -0.211584 
      386.5000  -0.535885   0.319202  -0.216684 
      387.0000  -0.491053   0.282364  -0.208689 
      387.5000  -0.493506   0.284543  -0.208963 
      388.0000  -0.532220   0.318381  -0.213839 
      388.5000  -0.527397   0.303603  -0.223794 
      389.0000  -0.517623   0.300213  -0.217410 
      389.5000  -0.521528   0.289342  -0.232186 
      390.0000  -0.510776   0.266570  -0.244207 
      390.5000  -0.516153   0.274029  -0.242124 
      391.0000  -0.507910   0.270968  -0.236941 
      391.5000  -0.537656   0.303622  -0.234034 
      392.0000  -0.526912   0.294707  -0.232205 
      392.5000  -0.494682   0.262919  -0.231763 
      393.0000  -0.546621   0.322903  -0.223717 
      393.5000  -0.528864   0.301648  -0.227216 
      394.0000  -0.534482   0.302681  -0.231801 
      394.5000  -0.523872   0.293625  -0.230247 
      395.0000  -0.549977   0.307170  -0.242806 
      395.5000  -0.522459   0.291328  -0.231132 
      396.0000  -0.563889   0.334688  -0.229200 
      396.5000  -0.525899   0.303644  -0.222255 
      397.0000  -0.524746   0.300872  -0.223874 
      397.5000  -0.532998   0.316377  -0.216622 
      398.0000  -0.537096   0.316769  -0.220327 
      398.5000  -0.548215   0.335742  -0.212474 
      399.0000  -0.535968   0.314207  -0.221762 
      399.5000  -0.537333   0.312274  -0.225059 
      400.0000  -0.533315   0.302373  -0.230942 
      400.5000  -0.541174   0.304375  -0.236799 
      401.0000  -0.561182   0.322151  -0.239031 
      401.5000  -0.520767   0.283195  -0.237572 
      402.0000  -0.528845   0.297321  -0.231524 
      402.5000  -0.541377   0.298302  -0.243074 
      403.0000  -0.507686   0.258339  -0.249347 
      403.5000  -0.530440   0.288707  -0.241733 
      404.0000  -0.537284   0.301956  -0.235329 
      404.5000  -0.546559   0.313519  -0.233040 
      405.0000  -0.571809   0.320758  -0.251051 
      405.5000  -0.525755   0.281207  -0.244548 
      406.0000  -0.548486   0.310701  -0.237785 
      406.5000  -0.532404   0.284789  -0.247615 
      407.0000  -0.526276   0.286698  -0.239578 
      407.5000  -0.558183   0.317957  -0.240226 
      408.0000  -0.535627   0.305832  -0.229795 
      408.5000  -0.513227   0.286066  -0.227161 
      409.0000  -0.540632   0.310263  -0.230369 
      409.5000  -0.546102   0.308313  -0.237790 
      410.0000  -0.525750   0.286683  -0.239067 
      410.5000  -0.550153   0.308074  -0.242079 
      411.0000  -0.556307   0.314866  -0.241440 
      411.5000  -0.549878   0.304663  -0.245214 
      412.0000  -0.550823   0.308232  -0.242591 
      412.5000  -0.541902   0.289000  -0.252902 
      413.0000  -0.538043   0.289117  -0.248926 
      413.5000  -0.534496   0.294486  -0.240010 
      414.0000  -0.530066   0.293630  -0.236436 
      414.5000  -0.514674   0.278933  -0.235741 
      415.0000  -0.555468   0.319228  -0.236240 
      415.5000  -0.535916   0.294072  -0.241844 
      416.0000  -0.521239   0.271749  -0.249491 
      416.5000  -0.536076   0.279247  -0.256829 
      417.0000  -0.544728   0.286870  -0.257859 
      417.5000  -0.574680   0.314166  -0.260513 
      418.0000  -0.541359   0.287391  -0.253968 
      418.5000  -0.548683   0.300622  -0.248061 
      419.0000  -0.527425   0.281365  -0.246060 
      419.5000  -0.545721   0.299310  -0.246411 
      420.0000  -0.528154   0.283208  -0.244946 
      420.5000  -0.551663   0.304391  -0.247272 
      421.0000  -0.545028   0.299371  -0.245657 
      421.5000  -0.547311   0.302808  -0.244503 
      422.0000  -0.527558   0.280273  -0.247285 
      422.5000  -0.560057   0.314213  -0.245844 
      423.0000  -0.549423   0.313930  -0.235493 
      423.5000  -0.542338   0.305537  -0.236800 
      424.0000  -0.555935   0.307372  -0.248562 
      424.5000  -0.550857   0.307152  -0.243705 
      425.0000  -0.551031   0.307238  -0.243794 
      425.5000  -0.549909   0.311028  -0.238880 
      426.0000  -0.524886   0.280239  -0.244648 
      426.5000  -0.557242   0.303002  -0.254240 
      427.0000  -0.545736   0.300745  -0.244992 
      427.5000  -0.530944   0.290083  -0.240860 
      428.0000  -0.535031   0.294844  -0.240187 
      428.5000  -0.541168   0.309252  -0.231916 
      429.0000  -0.513916   0.287961  -0.225955 
      429.5000  -0.555962   0.329203  -0.226759 
      430.0000  -0.543216   0.305671  -0.237545 
      430.5000  -0.510781   0.270095  -0.240685 
      431.0000  -0.563875   0.319283  -0.244592 
      431.5000  -0.534959   0.284787  -0.250172 
      432.0000  -0.543572   0.294667  -0.248906 
      432.5000  -0.546004   0.292004  -0.254000 
      433.0000  -0.561486   0.310839  -0.250648 
      433.5000  -0.587268   0.332617  -0.254651 
      434.0000  -0.540752   0.282796  -0.257956 
      434.5000  -0.562872   0.292685  -0.270187 
      435.0000  -0.589568   0.313574  -0.275994 
      435.5000  -0.562721   0.289512  -0.273209 
      436.0000  -0.564042   0.296703  -0.267339 
      436.5000  -0.558212   0.292684  -0.265528 
      437.0000  -0.583360   0.320707  -0.262653 
      437.5000  -0.541137   0.285884  -0.255253 
      438.0000  -0.545553   0.289609  -0.255943 
      438.5000  -0.569060   0.314725  -0.254335 
      439.0000  -0.572212   0.311452  -0.260760 
      439.5000  -0.549788   0.289610  -0.260179 
      440.0000  -0.558130   0.306625  -0.251506 
      440.5000  -0.550782   0.300786  -0.249996 
      441.0000  -0.566956   0.324903  -0.242053 
      441.5000  -0.565046   0.309638  -0.255408 
      442.0000  -0.576249   0.326398  -0.249851 
      442.5000  -0.561097   0.316543  -0.244554 
      443.0000  -0.536830   0.297903  -0.238928 
      443.5000  -0.561937   0.325334  -0.236603 
      444.0000  -0.533811   0.294423  -0.239388 
      444.5000  -0.529114   0.286577  -0.242538 
      445.0000  -0.529287   0.297865  -0.231422 
      445.5000  -0.522409   0.294412  -0.227997 
      446.0000  -0.525798   0.300467  -0.225332 
      446.5000  -0.523303   0.296936  -0.226367 
      447.0000  -0.547816   0.323500  -0.224315 
      447.5000  -0.545699   0.319291  -0.226409 
      448.0000  -0.520826   0.273343  -0.247483 
      448.5000  -0.579108   0.332804  -0.246305 
      449.0000  -0.530702   0.284088  -0.246614 
      449.5000  -0.568556   0.331014  -0.237542 
      450.0000  -0.531209   0.294789  -0.236420 
      450.5000  -0.549056   0.316145  -0.232911 
      451.0000  -0.520026   0.280967  -0.239059 
      451.5000  -0.527459   0.293686  -0.233773 
      452.0000  -0.524529   0.290768  -0.233761 
      452.5000  -0.518449   0.290634  -0.227815 
      453.0000  -0.523330   0.297761  -0.225570 
      453.5000  -0.504113   0.274437  -0.229675 
      454.0000  -0.544792   0.311535  -0.233257 
      454.5000  -0.521721   0.290542  -0.231178 
      455.0000  -0.568795   0.332327  -0.236468 
      455.5000  -0.529253   0.290860  -0.238393 
      456.0000  -0.538668   0.295866  -0.242802 
      456.5000  -0.561887   0.316155  -0.245732 
      457.0000  -0.575850   0.321268  -0.254582 
      457.5000  -0.573245   0.316669  -0.256575 
      458.0000  -0.559706   0.304623  -0.255083 
      458.5000  -0.575857   0.314838  -0.261020 
      459.0000  -0.584956   0.313322  -0.271634 
      459.5000  -0.569216   0.294754  -0.274463 
      460.0000  -0.553967   0.272122  -0.281844 
      460.5000  -0.568719   0.292414  -0.276305 
      461.0000  -0.578664   0.301230  -0.277434 
      461.5000  -0.571154   0.291270  -0.279884 
      462.0000  -0.543761   0.268128  -0.275633 
      462.5000  -0.589584   0.325238  -0.264346 
      463.0000  -0.585961   0.317178  -0.268783 
      463.5000  -0.569489   0.295916  -0.273572 
      464.0000  -0.580639   0.304528  -0.276111 
      464.5000  -0.596938   0.317753  -0.279185 
      465.0000  -0.571250   0.298088  -0.273163 
      465.5000  -0.567516   0.295428  -0.272088 
      466.0000  -0.566522   0.295085  -0.271437 
      466.5000  -0.574821   0.301778  -0.273043 
      467.0000  -0.567258   0.294814  -0.272444 
      467.5000  -0.572483   0.304769  -0.267714 
      468.0000  -0.565787   0.296363  -0.269424 
      468.5000  -0.565937   0.296911  -0.269027 
      469.0000  -0.598244   0.327650  -0.270594 
      469.5000  -0.559059   0.286097  -0.272963 
      470.0000  -0.585869   0.305096  -0.280773 
      470.5000  -0.568766   0.290047  -0.278718 
      471.0000  -0.535067   0.255852  -0.279215 
      471.5000  -0.564946   0.284042  -0.280904 
      472.0000  -0.583608   0.306129  -0.277479 
      472.5000  -0.578936   0.311215  -0.267721 
      473.0000  -0.567247   0.301760  -0.265487 
      473.5000  -0.575637   0.304598  -0.271039 
      474.0000  -0.605122   0.329112  -0.276010 
      474.5000  -0.563407   0.298351  -0.265056 
      475.0000  -0.578141   0.308555  -0.269586 
      475.5000  -0.598076   0.326547  -0.271529 
      476.0000  -0.605055   0.332284  -0.272771 
      476.5000  -0.559551   0.285269  -0.274282 
      477.0000  -0.607578   0.335232  -0.272346 
      477.5000  -0.564942   0.309254  -0.255688 
      478.0000  -0.562502   0.303810  -0.258692 
      478.5000  -0.556822   0.296499  -0.260323 
      479.0000  -0.619857   0.356544  -0.263313 
      479.5000  -0.587997   0.315494  -0.272503 
      480.0000  -0.586955   0.319747  -0.267208 
      480.5000  -0.574159   0.300673  -0.273486 
      481.0000  -0.593345   0.322772  -0.270573 
      481.5000  -0.597357   0.318775  -0.278582 
      482.0000  -0.589052   0.312398  -0.276654 
      482.5000  -0.577371   0.303840  -0.273532 
      483.0000  -0.578749   0.304326  -0.274423 
      483.5000  -0.576385   0.300075  -0.276310 
      484.0000  -0.551067   0.271097  -0.279970 
      484.5000  -0.588602   0.306672  -0.281930 
      485.0000  -0.588592   0.317457  -0.271135 
      485.5000  -0.592056   0.319507  -0.272549 
      486.0000  -0.534610   0.271134  -0.263475 
      486.5000  -0.566652   0.304096  -0.262556 
      487.0000  -0.564851   0.307302  -0.257549 
      487.5000  -0.598052   0.339755  -0.258297 
      488.0000  -0.567784   0.298362  -0.269422 
      488.5000  -0.571315   0.304894  -0.266420 
      489.0000  -0.585656   0.316024  -0.269631 
      489.5000  -0.598329   0.340017  -0.258312 
      490.0000  -0.594669   0.335610  -0.259059 
      490.5000  -0.582007   0.316740  -0.265267 
      491.0000  -0.589130   0.322183  -0.266947 
      491.5000  -0.583077   0.314307  -0.268770 
      492.0000  -0.628623   0.355524  -0.273100 
      492.5000  -0.648742   0.379882  -0.268859 
      493.0000  -0.638737   0.375820  -0.262917 
      493.5000  -0.600115   0.341231  -0.258884 
      494.0000  -0.595140   0.324841  -0.270299 
      494.5000  -0.614125   0.330346  -0.283779 
      495.0000  -0.598052   0.312847  -0.285205 
      495.5000  -0.584477   0.303245  -0.281232 
      496.0000  -0.592206   0.310063  -0.282142 
      496.5000  -0.623019   0.341563  -0.281456 
      497.0000  -0.614390   0.333159  -0.281232 
      497.5000  -0.594198   0.327101  -0.267097 
      498.0000  -0.580585   0.318410  -0.262174 
      498.5000  -0.596539   0.330389  -0.266151 
      499.0000  -0.599760   0.333229  -0.266531 
      499.5000  -0.648132   0.374133  -0.273999 
      500.0000  -0.596817   0.328059  -0.268758 
