        0.0000  -1.014680   0.346460  -0.668220 
        0.5000  -0.904833   0.389717  -0.515116 
        1.0000  -0.801900   0.578501  -0.223398 
        1.5000  -0.722222   0.888954   0.166732 
        2.0000  -0.677483   0.977911   0.300427 
        2.5000  -0.633804   0.910351   0.276548 
        3.0000  -0.564496   0.684179   0.119683 
        3.5000  -0.468838   0.545162   0.076323 
        4.0000  -0.466945   0.692845   0.225900 
        4.5000  -0.432700   0.763398   0.330697 
        5.0000  -0.429535   0.752754   0.323219 
        5.5000  -0.364802   0.644075   0.279273 
        6.0000  -0.366133   0.585992   0.219859 
        6.5000  -0.356981   0.540597   0.183616 
        7.0000  -0.328282   0.537762   0.209480 
        7.5000  -0.299488   0.539655   0.240168 
        8.0000  -0.268733   0.512095   0.243361 
        8.5000  -0.270504   0.514673   0.244169 
        9.0000  -0.218720   0.450616   0.231896 
        9.5000  -0.278820   0.493867   0.215047 
       10.0000  -0.260371   0.485558   0.225187 
       10.5000  -0.299714   0.539828   0.240114 
       11.0000  -0.285963   0.525476   0.239513 
       11.5000  -0.244203   0.474909   0.230706 
       12.0000  -0.272028   0.515585   0.243557 
       12.5000  -0.281212   0.528477   0.247265 
       13.0000  -0.267448   0.501770   0.234322 
       13.5000  -0.257204   0.493049   0.235845 
       14.0000  -0.257689   0.485845   0.228156 
       14.5000  -0.219618   0.440175   0.220557 
       15.0000  -0.204797   0.434665   0.229868 
       15.5000  -0.257789   0.485246   0.227457 
       16.0000  -0.284074   0.510505   0.226431 
       16.5000  -0.287725   0.505783   0.218058 
       17.0000  -0.263828   0.468385   0.204557 
       17.5000  -0.286215   0.495632   0.209416 
       18.0000  -0.249784   0.448434   0.198650 
       18.5000  -0.246250   0.433224   0.186974 
       19.0000  -0.309472   0.483877   0.174405 
       19.5000  -0.244181   0.407799   0.163618 
       20.0000  -0.294155   0.459220   0.165064 
       20.5000  -0.333873   0.500609   0.166736 
       21.0000  -0.342602   0.510432   0.167829 
       21.5000  -0.310222   0.484036   0.173814 
       22.0000  -0.319798   0.472804   0.153006 
       22.5000  -0.338828   0.486047   0.147219 
       23.0000  -0.344922   0.493751   0.148829 
       23.5000  -0.287683   0.440465   0.152782 
       24.0000  -0.290675   0.439760   0.149085 
       24.5000  -0.343316   0.482402   0.139086 
       25.0000  -0.309813   0.441185   0.131372 
       25.5000  -0.315712   0.436723   0.121010 
       26.0000  -0.312597   0.415259   0.102663 
       26.5000  -0.350863   0.458084   0.107221 
       27.0000  -0.313269   0.414454   0.101185 
       27.5000  -0.357673   0.460412   0.102740 
       28.0000  -0.330639   0.423398   0.092759 
       28.5000  -0.367440   0.461594   0.094153 
       29.0000  -0.336606   0.422647   0.086040 
       29.5000  -0.336630   0.418751   0.082120 
       30.0000  -0.380969   0.455925   0.074956 
       30.5000  -0.361515   0.436256   0.074741 
       31.0000  -0.368059   0.440717   0.072658 
       31.5000  -0.422533   0.496159   0.073626 
       32.0000  -0.350198   0.420044   0.069846 
       32.5000  -0.390486   0.458235   0.067749 
       33.0000  -0.385759   0.456365   0.070606 
       33.5000  -0.375833   0.441431   0.065599 
       34.0000  -0.333183   0.400993   0.067810 
       34.5000  -0.398896   0.459790   0.060894 
       35.0000  -0.366696   0.416174   0.049478 
       35.5000  -0.396028   0.439913   0.043885 
       36.0000  -0.371197   0.423711   0.052514 
       36.5000  -0.417451   0.469585   0.052134 
       37.0000  -0.381380   0.433625   0.052246 
       37.5000  -0.427928   0.470281   0.042353 
       38.0000  -0.399775   0.429922   0.030147 
       38.5000  -0.408082   0.434845   0.026763 
       39.0000  -0.390463   0.415029   0.024566 
       39.5000  -0.380938   0.412212   0.031275 
       40.0000  -0.381137   0.416863   0.035727 
       40.5000  -0.396119   0.420974   0.024855 
       41.0000  -0.380826   0.415032   0.034206 
       41.5000  -0.390641   0.422502   0.031860 
       42.0000  -0.395069   0.423652   0.028583 
       42.5000  -0.374719   0.403321   0.028602 
       43.0000  -0.418660   0.437777   0.019116 
       43.5000  -0.384996   0.396418   0.011422 
       44.0000  -0.433340   0.446791   0.013451 
       44.5000  -0.422186   0.435023   0.012837 
       45.0000  -0.397708   0.413621   0.015912 
       45.5000  -0.389398   0.408560   0.019162 
       46.0000  -0.429378   0.423617  -0.005761 
       46.5000  -0.421092   0.406014  -0.015078 
       47.0000  -0.455924   0.435997  -0.019927 
       47.5000  -0.418260   0.412039  -0.006221 
       48.0000  -0.418103   0.421247   0.003144 
       48.5000  -0.417371   0.437842   0.020471 
       49.0000  -0.408279   0.421701   0.013422 
       49.5000  -0.412543   0.415657   0.003114 
       50.0000  -0.410450   0.406908  -0.003542 
       50.5000  -0.443619   0.421111  -0.022509 
       51.0000  -0.454268   0.427368  -0.026899 
       51.5000  -0.456351   0.425694  -0.030657 
       52.0000  -0.414186   0.383963  -0.030223 
       52.5000  -0.412480   0.384978  -0.027502 
       53.0000  -0.424326   0.395789  -0.028538 
       53.5000  -0.448956   0.420697  -0.028259 
       54.0000  -0.396056   0.375647  -0.020409 
       54.5000  -0.413829   0.380173  -0.033656 
       55.0000  -0.394611   0.347813  -0.046798 
       55.5000  -0.412661   0.354967  -0.057694 
       56.0000  -0.444273   0.381839  -0.062434 
       56.5000  -0.451055   0.401886  -0.049169 
       57.0000  -0.471986   0.428184  -0.043802 
       57.5000  -0.461261   0.419635  -0.041626 
       58.0000  -0.468618   0.423733  -0.044885 
       58.5000  -0.506418   0.462243  -0.044175 
       59.0000  -0.490049   0.430138  -0.059911 
       59.5000  -0.478940   0.417572  -0.061368 
       60.0000  -0.490931   0.423390  -0.067540 
       60.5000  -0.453993   0.382550  -0.071442 
       61.0000  -0.485059   0.420440  -0.064619 
       61.5000  -0.480797   0.406929  -0.073868 
       62.0000  -0.507321   0.421306  -0.086014 
       62.5000  -0.441758   0.347101  -0.094657 
       63.0000  -0.478858   0.394674  -0.084185 
       63.5000  -0.451945   0.367365  -0.084580 
       64.0000  -0.481188   0.385927  -0.095261 
       64.5000  -0.483319   0.386521  -0.096797 
       65.0000  -0.468493   0.374645  -0.093849 
       65.5000  -0.493505   0.390288  -0.103217 
       66.0000  -0.447759   0.341472  -0.106287 
       66.5000  -0.513267   0.409360  -0.103907 
       67.0000  -0.458192   0.363034  -0.095158 
       67.5000  -0.483789   0.393543  -0.090246 
       68.0000  -0.478582   0.385527  -0.093055 
       68.5000  -0.463916   0.373932  -0.089984 
       69.0000  -0.493410   0.397055  -0.096355 
       69.5000  -0.493648   0.412114  -0.081534 
       70.0000  -0.485257   0.410517  -0.074740 
       70.5000  -0.458783   0.381589  -0.077194 
       71.0000  -0.462566   0.380923  -0.081643 
       71.5000  -0.460597   0.378220  -0.082377 
       72.0000  -0.481454   0.408660  -0.072795 
       72.5000  -0.489399   0.414494  -0.074905 
       73.0000  -0.486519   0.412277  -0.074242 
       73.5000  -0.470960   0.396805  -0.074155 
       74.0000  -0.455189   0.381052  -0.074137 
       74.5000  -0.479668   0.399855  -0.079813 
       75.0000  -0.461596   0.385545  -0.076051 
       75.5000  -0.463908   0.378846  -0.085062 
       76.0000  -0.494455   0.397690  -0.096765 
       76.5000  -0.407444   0.313323  -0.094121 
       77.0000  -0.490366   0.395388  -0.094978 
       77.5000  -0.474758   0.366987  -0.107771 
       78.0000  -0.484971   0.381626  -0.103345 
       78.5000  -0.472611   0.366059  -0.106553 
       79.0000  -0.483039   0.372879  -0.110160 
       79.5000  -0.486702   0.372600  -0.114101 
       80.0000  -0.455373   0.341252  -0.114120 
       80.5000  -0.494099   0.378349  -0.115750 
       81.0000  -0.470603   0.349414  -0.121189 
       81.5000  -0.471373   0.346605  -0.124767 
       82.0000  -0.523416   0.398933  -0.124483 
       82.5000  -0.495608   0.353971  -0.141638 
       83.0000  -0.537428   0.393010  -0.144418 
       83.5000  -0.530555   0.392778  -0.137777 
       84.0000  -0.499462   0.358541  -0.140921 
       84.5000  -0.478153   0.340477  -0.137676 
       85.0000  -0.484267   0.346739  -0.137528 
       85.5000  -0.470207   0.331591  -0.138616 
       86.0000  -0.492709   0.323245  -0.169464 
       86.5000  -0.545547   0.377287  -0.168260 
       87.0000  -0.518472   0.343181  -0.175291 
       87.5000  -0.513098   0.348934  -0.164164 
       88.0000  -0.467726   0.302336  -0.165390 
       88.5000  -0.494672   0.325948  -0.168723 
       89.0000  -0.526118   0.364611  -0.161507 
       89.5000  -0.524428   0.363164  -0.161264 
       90.0000  -0.529533   0.371278  -0.158254 
       90.5000  -0.513805   0.348635  -0.165170 
       91.0000  -0.504629   0.346242  -0.158388 
       91.5000  -0.488596   0.326562  -0.162034 
       92.0000  -0.516823   0.361201  -0.155623 
       92.5000  -0.499729   0.351964  -0.147765 
       93.0000  -0.497229   0.357233  -0.139996 
       93.5000  -0.462872   0.314667  -0.148205 
       94.0000  -0.494393   0.339203  -0.155190 
       94.5000  -0.519031   0.370931  -0.148099 
       95.0000  -0.527160   0.387448  -0.139712 
       95.5000  -0.493382   0.354257  -0.139125 
       96.0000  -0.499540   0.364022  -0.135518 
       96.5000  -0.495203   0.348293  -0.146910 
       97.0000  -0.489598   0.350140  -0.139458 
       97.5000  -0.491309   0.369670  -0.121640 
       98.0000  -0.493663   0.371428  -0.122236 
       98.5000  -0.513617   0.397249  -0.116368 
       99.0000  -0.471164   0.344825  -0.126339 
       99.5000  -0.524970   0.379599  -0.145371 
      100.0000  -0.520749   0.375318  -0.145432 
      100.5000  -0.523449   0.379760  -0.143689 
      101.0000  -0.482433   0.346667  -0.135765 
      101.5000  -0.528274   0.388592  -0.139682 
      102.0000  -0.503526   0.363954  -0.139572 
      102.5000  -0.537431   0.397641  -0.139790 
      103.0000  -0.518028   0.381751  -0.136277 
      103.5000  -0.503488   0.360120  -0.143368 
      104.0000  -0.500559   0.347482  -0.153077 
      104.5000  -0.524200   0.356544  -0.167656 
      105.0000  -0.561902   0.400887  -0.161016 
      105.5000  -0.527233   0.373457  -0.153776 
      106.0000  -0.525633   0.355988  -0.169644 
      106.5000  -0.487138   0.333177  -0.153961 
      107.0000  -0.508262   0.346754  -0.161508 
      107.5000  -0.534787   0.375440  -0.159348 
      108.0000  -0.519811   0.359799  -0.160013 
      108.5000  -0.530392   0.366704  -0.163688 
      109.0000  -0.518990   0.355254  -0.163737 
      109.5000  -0.462243   0.300655  -0.161588 
      110.0000  -0.531334   0.365595  -0.165739 
      110.5000  -0.508900   0.344517  -0.164383 
      111.0000  -0.511311   0.350252  -0.161059 
      111.5000  -0.521052   0.344832  -0.176220 
      112.0000  -0.501583   0.314621  -0.186962 
      112.5000  -0.481608   0.302358  -0.179250 
      113.0000  -0.529041   0.355422  -0.173619 
      113.5000  -0.492160   0.317420  -0.174740 
      114.0000  -0.507194   0.331631  -0.175564 
      114.5000  -0.509389   0.322535  -0.186854 
      115.0000  -0.532110   0.347677  -0.184433 
      115.5000  -0.484881   0.297616  -0.187265 
      116.0000  -0.505916   0.312544  -0.193373 
      116.5000  -0.514683   0.323839  -0.190844 
      117.0000  -0.522819   0.328241  -0.194578 
      117.5000  -0.514779   0.317677  -0.197102 
      118.0000  -0.483990   0.285246  -0.198744 
      118.5000  -0.531457   0.320658  -0.210799 
      119.0000  -0.518422   0.304976  -0.213446 
      119.5000  -0.500595   0.292287  -0.208308 
      120.0000  -0.491553   0.286318  -0.205235 
      120.5000  -0.570970   0.359709  -0.211261 
      121.0000  -0.505145   0.302611  -0.202534 
      121.5000  -0.518626   0.317363  -0.201262 
      122.0000  -0.514029   0.309684  -0.204345 
      122.5000  -0.525721   0.323257  -0.202465 
      123.0000  -0.518777   0.324788  -0.193989 
      123.5000  -0.501850   0.302295  -0.199555 
      124.0000  -0.532383   0.336930  -0.195453 
      124.5000  -0.536627   0.343164  -0.193463 
      125.0000  -0.480166   0.289809  -0.190357 
      125.5000  -0.521863   0.333410  -0.188453 
      126.0000  -0.514282   0.338006  -0.176276 
      126.5000  -0.525790   0.335686  -0.190104 
      127.0000  -0.521110   0.334312  -0.186797 
      127.5000  -0.490631   0.305426  -0.185205 
      128.0000  -0.490011   0.314916  -0.175095 
      128.5000  -0.495944   0.319859  -0.176085 
      129.0000  -0.491974   0.305045  -0.186928 
      129.5000  -0.515076   0.324660  -0.190416 
      130.0000  -0.503083   0.313917  -0.189166 
      130.5000  -0.531206   0.339338  -0.191868 
      131.0000  -0.520906   0.325455  -0.195450 
      131.5000  -0.549162   0.353529  -0.195633 
      132.0000  -0.531998   0.333298  -0.198700 
      132.5000  -0.532820   0.336427  -0.196393 
      133.0000  -0.476774   0.277997  -0.198777 
      133.5000  -0.493317   0.301515  -0.191802 
      134.0000  -0.513147   0.332137  -0.181010 
      134.5000  -0.499261   0.320622  -0.178640 
      135.0000  -0.507713   0.328641  -0.179072 
      135.5000  -0.531077   0.343555  -0.187522 
      136.0000  -0.508118   0.325782  -0.182335 
      136.5000  -0.500638   0.322106  -0.178532 
      137.0000  -0.493372   0.308287  -0.185085 
      137.5000  -0.521023   0.350253  -0.170769 
      138.0000  -0.500119   0.340851  -0.159267 
      138.5000  -0.496443   0.338556  -0.157887 
      139.0000  -0.498410   0.345449  -0.152962 
      139.5000  -0.455276   0.307229  -0.148047 
      140.0000  -0.452507   0.311225  -0.141282 
      140.5000  -0.447116   0.308884  -0.138232 
      141.0000  -0.483545   0.332757  -0.150788 
      141.5000  -0.482329   0.325308  -0.157021 
      142.0000  -0.493885   0.329713  -0.164172 
      142.5000  -0.491618   0.327744  -0.163874 
      143.0000  -0.480206   0.310610  -0.169596 
      143.5000  -0.470104   0.300280  -0.169823 
      144.0000  -0.462244   0.293961  -0.168284 
      144.5000  -0.478198   0.313588  -0.164610 
      145.0000  -0.478882   0.317120  -0.161763 
      145.5000  -0.508123   0.331342  -0.176781 
      146.0000  -0.500624   0.323179  -0.177446 
      146.5000  -0.509935   0.328142  -0.181794 
      147.0000  -0.516216   0.333815  -0.182401 
      147.5000  -0.479917   0.294487  -0.185430 
      148.0000  -0.522016   0.326188  -0.195829 
      148.5000  -0.504544   0.307893  -0.196651 
      149.0000  -0.501411   0.319113  -0.182298 
      149.5000  -0.493569   0.317556  -0.176013 
      150.0000  -0.516404   0.339061  -0.177343 
      150.5000  -0.513114   0.331121  -0.181992 
      151.0000  -0.488618   0.302496  -0.186122 
      151.5000  -0.503071   0.327585  -0.175486 
      152.0000  -0.491732   0.321441  -0.170291 
      152.5000  -0.461146   0.286504  -0.174642 
      153.0000  -0.494441   0.322756  -0.171685 
      153.5000  -0.502204   0.328866  -0.173338 
      154.0000  -0.512405   0.344192  -0.168212 
      154.5000  -0.476748   0.293542  -0.183206 
      155.0000  -0.510487   0.338625  -0.171862 
      155.5000  -0.481131   0.313580  -0.167551 
      156.0000  -0.481564   0.313027  -0.168537 
      156.5000  -0.485455   0.318371  -0.167084 
      157.0000  -0.487701   0.314731  -0.172970 
      157.5000  -0.487441   0.317263  -0.170178 
      158.0000  -0.514184   0.333854  -0.180331 
      158.5000  -0.486971   0.303955  -0.183015 
      159.0000  -0.483644   0.303635  -0.180009 
      159.5000  -0.517750   0.334912  -0.182838 
      160.0000  -0.522100   0.338868  -0.183232 
      160.5000  -0.508555   0.322884  -0.185670 
      161.0000  -0.501243   0.320652  -0.180591 
      161.5000  -0.516072   0.335568  -0.180503 
      162.0000  -0.486637   0.309573  -0.177064 
      162.5000  -0.481282   0.310248  -0.171034 
      163.0000  -0.509745   0.336888  -0.172857 
      163.5000  -0.480639   0.314528  -0.166111 
      164.0000  -0.488152   0.325335  -0.162817 
      164.5000  -0.488089   0.318733  -0.169356 
      165.0000  -0.479225   0.311465  -0.167760 
      165.5000  -0.481873   0.319427  -0.162446 
      166.0000  -0.495765   0.328078  -0.167687 
      166.5000  -0.494997   0.311955  -0.183042 
      167.0000  -0.490807   0.309898  -0.180909 
      167.5000  -0.480357   0.307636  -0.172721 
      168.0000  -0.484549   0.311442  -0.173107 
      168.5000  -0.510384   0.332766  -0.177617 
      169.0000  -0.486998   0.311637  -0.175361 
      169.5000  -0.507067   0.330273  -0.176795 
      170.0000  -0.512868   0.326547  -0.186320 
      170.5000  -0.512506   0.319540  -0.192966 
      171.0000  -0.547350   0.354781  -0.192568 
      171.5000  -0.519723   0.337765  -0.181959 
      172.0000  -0.531908   0.347377  -0.184531 
      172.5000  -0.519344   0.335552  -0.183792 
      173.0000  -0.520133   0.333950  -0.186183 
      173.5000  -0.560834   0.374881  -0.185952 
      174.0000  -0.522108   0.334741  -0.187367 
      174.5000  -0.527258   0.337281  -0.189977 
      175.0000  -0.545716   0.358195  -0.187522 
      175.5000  -0.530927   0.334224  -0.196702 
      176.0000  -0.539611   0.339053  -0.200559 
      176.5000  -0.566998   0.365351  -0.201647 
      177.0000  -0.537435   0.329200  -0.208234 
      177.5000  -0.534069   0.329078  -0.204991 
      178.0000  -0.548396   0.349226  -0.199170 
      178.5000  -0.532647   0.328251  -0.204396 
      179.0000  -0.518403   0.316180  -0.202223 
      179.5000  -0.538223   0.337123  -0.201100 
      180.0000  -0.517397   0.302710  -0.214687 
      180.5000  -0.544134   0.330308  -0.213826 
      181.0000  -0.521897   0.305118  -0.216779 
      181.5000  -0.540244   0.320924  -0.219321 
      182.0000  -0.535192   0.308238  -0.226954 
      182.5000  -0.515888   0.277536  -0.238352 
      183.0000  -0.541262   0.305384  -0.235877 
      183.5000  -0.531431   0.301070  -0.230361 
      184.0000  -0.517487   0.292327  -0.225160 
      184.5000  -0.519253   0.293835  -0.225417 
      185.0000  -0.524527   0.293325  -0.231202 
      185.5000  -0.537793   0.314752  -0.223041 
      186.0000  -0.515938   0.290500  -0.225439 
      186.5000  -0.552710   0.335290  -0.217420 
      187.0000  -0.509990   0.294787  -0.215203 
      187.5000  -0.543862   0.308879  -0.234983 
      188.0000  -0.509305   0.278056  -0.231249 
      188.5000  -0.534357   0.306905  -0.227452 
      189.0000  -0.529205   0.305754  -0.223451 
      189.5000  -0.519587   0.294248  -0.225339 
      190.0000  -0.544468   0.313535  -0.230933 
      190.5000  -0.583402   0.339667  -0.243735 
      191.0000  -0.573842   0.337255  -0.236587 
      191.5000  -0.556789   0.308336  -0.248453 
      192.0000  -0.541119   0.284461  -0.256657 
      192.5000  -0.570232   0.307917  -0.262315 
      193.0000  -0.568613   0.305775  -0.262838 
      193.5000  -0.577527   0.328045  -0.249483 
      194.0000  -0.569740   0.320013  -0.249727 
      194.5000  -0.556805   0.309846  -0.246959 
      195.0000  -0.578658   0.319563  -0.259094 
      195.5000  -0.589646   0.323556  -0.266089 
      196.0000  -0.558944   0.296749  -0.262194 
      196.5000  -0.593836   0.334458  -0.259378 
      197.0000  -0.569109   0.310665  -0.258444 
      197.5000  -0.591298   0.325585  -0.265712 
      198.0000  -0.562433   0.293156  -0.269277 
      198.5000  -0.578655   0.310431  -0.268225 
      199.0000  -0.592527   0.323467  -0.269060 
      199.5000  -0.593272   0.324592  -0.268680 
      200.0000  -0.559896   0.286333  -0.273563 
      200.5000  -0.577455   0.298313  -0.279142 
      201.0000  -0.578325   0.305515  -0.272810 
      201.5000  -0.568353   0.293395  -0.274958 
      202.0000  -0.583257   0.304747  -0.278509 
      202.5000  -0.584353   0.305327  -0.279026 
      203.0000  -0.568549   0.278168  -0.290381 
      203.5000  -0.588201   0.304156  -0.284045 
      204.0000  -0.563131   0.272771  -0.290360 
      204.5000  -0.554147   0.260563  -0.293583 
      205.0000  -0.588550   0.295264  -0.293285 
      205.5000  -0.555231   0.262979  -0.292251 
      206.0000  -0.593508   0.293576  -0.299932 
      206.5000  -0.565787   0.259112  -0.306676 
      207.0000  -0.576322   0.273281  -0.303041 
      207.5000  -0.558947   0.255258  -0.303689 
      208.0000  -0.601654   0.304476  -0.297178 
      208.5000  -0.570817   0.273319  -0.297498 
      209.0000  -0.587015   0.291864  -0.295151 
      209.5000  -0.557350   0.260254  -0.297096 
      210.0000  -0.588149   0.286667  -0.301481 
      210.5000  -0.577722   0.274572  -0.303151 
      211.0000  -0.575120   0.277459  -0.297661 
      211.5000  -0.582495   0.278071  -0.304424 
      212.0000  -0.592411   0.286628  -0.305783 
      212.5000  -0.584450   0.288576  -0.295874 
      213.0000  -0.582250   0.281917  -0.300333 
      213.5000  -0.604855   0.300714  -0.304141 
      214.0000  -0.597849   0.289871  -0.307978 
      214.5000  -0.600430   0.295115  -0.305315 
      215.0000  -0.578102   0.263296  -0.314806 
      215.5000  -0.587687   0.276276  -0.311411 
      216.0000  -0.577692   0.265852  -0.311840 
      216.5000  -0.570160   0.253525  -0.316635 
      217.0000  -0.576483   0.259297  -0.317185 
      217.5000  -0.599337   0.277593  -0.321744 
      218.0000  -0.603639   0.277530  -0.326109 
      218.5000  -0.616116   0.298848  -0.317268 
      219.0000  -0.599429   0.284726  -0.314703 
      219.5000  -0.599547   0.286761  -0.312786 
      220.0000  -0.575255   0.250654  -0.324601 
      220.5000  -0.594969   0.276473  -0.318496 
      221.0000  -0.611674   0.294969  -0.316704 
      221.5000  -0.598634   0.284542  -0.314092 
      222.0000  -0.609445   0.300381  -0.309064 
      222.5000  -0.594492   0.273836  -0.320655 
      223.0000  -0.620816   0.297665  -0.323151 
      223.5000  -0.571552   0.243504  -0.328048 
      224.0000  -0.584692   0.258767  -0.325926 
      224.5000  -0.605707   0.274047  -0.331660 
      225.0000  -0.612301   0.276363  -0.335938 
      225.5000  -0.599100   0.271975  -0.327125 
      226.0000  -0.593412   0.256826  -0.336586 
      226.5000  -0.569022   0.245973  -0.323049 
      227.0000  -0.595935   0.269296  -0.326639 
      227.5000  -0.580929   0.248738  -0.332190 
      228.0000  -0.637260   0.304563  -0.332697 
      228.5000  -0.595620   0.262196  -0.333424 
      229.0000  -0.602598   0.267129  -0.335469 
      229.5000  -0.596019   0.263008  -0.333011 
      230.0000  -0.615938   0.286563  -0.329375 
      230.5000  -0.605750   0.271743  -0.334007 
      231.0000  -0.609426   0.267951  -0.341475 
      231.5000  -0.590953   0.254731  -0.336223 
      232.0000  -0.599973   0.265692  -0.334281 
      232.5000  -0.611308   0.283053  -0.328255 
      233.0000  -0.598064   0.271207  -0.326857 
      233.5000  -0.639642   0.310602  -0.329040 
      234.0000  -0.606872   0.277864  -0.329009 
      234.5000  -0.619218   0.286623  -0.332594 
      235.0000  -0.616852   0.277215  -0.339637 
      235.5000  -0.615618   0.271629  -0.343988 
      236.0000  -0.626150   0.279618  -0.346532 
      236.5000  -0.614652   0.267852  -0.346800 
      237.0000  -0.598168   0.241381  -0.356787 
      237.5000  -0.621093   0.267402  -0.353691 
      238.0000  -0.614962   0.272277  -0.342685 
      238.5000  -0.632283   0.299775  -0.332509 
      239.0000  -0.614475   0.273649  -0.340826 
      239.5000  -0.614855   0.273399  -0.341455 
      240.0000  -0.628505   0.287263  -0.341242 
      240.5000  -0.615809   0.278047  -0.337762 
      241.0000  -0.625046   0.283682  -0.341364 
      241.5000  -0.622041   0.274396  -0.347645 
      242.0000  -0.627671   0.274816  -0.352856 
      242.5000  -0.612368   0.255125  -0.357243 
      243.0000  -0.619865   0.255882  -0.363983 
      243.5000  -0.609301   0.244024  -0.365277 
      244.0000  -0.629395   0.265520  -0.363875 
      244.5000  -0.633551   0.269505  -0.364046 
      245.0000  -0.598167   0.237532  -0.360635 
      245.5000  -0.638631   0.272945  -0.365686 
      246.0000  -0.639944   0.273856  -0.366088 
      246.5000  -0.633478   0.261946  -0.371531 
      247.0000  -0.614240   0.245907  -0.368333 
      247.5000  -0.615978   0.246397  -0.369581 
      248.0000  -0.634330   0.260822  -0.373508 
      248.5000  -0.632557   0.253517  -0.379040 
      249.0000  -0.643829   0.258019  -0.385809 
      249.5000  -0.650251   0.274952  -0.375299 
      250.0000  -0.633698   0.254959  -0.378739 
      250.5000  -0.650184   0.276400  -0.373784 
      251.0000  -0.650337   0.278360  -0.371978 
      251.5000  -0.650879   0.265067  -0.385812 
      252.0000  -0.631842   0.245324  -0.386518 
      252.5000  -0.639237   0.267096  -0.372140 
      253.0000  -0.656661   0.279391  -0.377270 
      253.5000  -0.660728   0.279145  -0.381583 
      254.0000  -0.649965   0.278457  -0.371508 
      254.5000  -0.639569   0.274721  -0.364848 
      255.0000  -0.644512   0.287009  -0.357503 
      255.5000  -0.637022   0.278191  -0.358831 
      256.0000  -0.624933   0.261159  -0.363774 
      256.5000  -0.624490   0.261408  -0.363082 
      257.0000  -0.634081   0.274720  -0.359362 
      257.5000  -0.629052   0.273091  -0.355961 
      258.0000  -0.617386   0.264749  -0.352637 
      258.5000  -0.623954   0.264267  -0.359687 
      259.0000  -0.607387   0.247002  -0.360384 
      259.5000  -0.649055   0.288612  -0.360443 
      260.0000  -0.634871   0.266401  -0.368470 
      260.5000  -0.639536   0.264676  -0.374860 
      261.0000  -0.625165   0.262428  -0.362738 
      261.5000  -0.627132   0.272059  -0.355073 
      262.0000  -0.626781   0.272434  -0.354347 
      262.5000  -0.603992   0.251941  -0.352051 
      263.0000  -0.620951   0.269296  -0.351655 
      263.5000  -0.617707   0.275633  -0.342075 
      264.0000  -0.626810   0.284916  -0.341895 
      264.5000  -0.626113   0.280228  -0.345885 
      265.0000  -0.624941   0.278897  -0.346044 
      265.5000  -0.617962   0.281746  -0.336215 
      266.0000  -0.631701   0.298038  -0.333663 
      266.5000  -0.619250   0.290676  -0.328574 
      267.0000  -0.601919   0.280789  -0.321130 
      267.5000  -0.604490   0.281447  -0.323044 
      268.0000  -0.641883   0.315439  -0.326445 
      268.5000  -0.615421   0.285018  -0.330403 
      269.0000  -0.612970   0.292143  -0.320827 
      269.5000  -0.609136   0.292939  -0.316197 
      270.0000  -0.587915   0.272310  -0.315605 
      270.5000  -0.640682   0.323013  -0.317669 
      271.0000  -0.623151   0.297427  -0.325724 
      271.5000  -0.622539   0.300356  -0.322184 
      272.0000  -0.612332   0.298541  -0.313791 
      272.5000  -0.622991   0.310286  -0.312705 
      273.0000  -0.587076   0.276472  -0.310604 
      273.5000  -0.631960   0.320387  -0.311573 
      274.0000  -0.628872   0.313127  -0.315745 
      274.5000  -0.620619   0.296984  -0.323635 
      275.0000  -0.640604   0.316137  -0.324468 
      275.5000  -0.649333   0.322335  -0.326998 
      276.0000  -0.617607   0.286981  -0.330626 
      276.5000  -0.622829   0.292923  -0.329906 
      277.0000  -0.638264   0.297132  -0.341131 
      277.5000  -0.646776   0.304948  -0.341827 
      278.0000  -0.619309   0.278835  -0.340474 
      278.5000  -0.646464   0.307536  -0.338928 
      279.0000  -0.622592   0.281807  -0.340785 
      279.5000  -0.637962   0.300296  -0.337665 
      280.0000  -0.653179   0.324726  -0.328453 
      280.5000  -0.680615   0.352551  -0.328064 
      281.0000  -0.630680   0.301868  -0.328812 
      281.5000  -0.656310   0.318257  -0.338052 
      282.0000  -0.663067   0.320866  -0.342201 
      282.5000  -0.658818   0.305017  -0.353801 
      283.0000  -0.658714   0.306037  -0.352677 
      283.5000  -0.652499   0.298518  -0.353980 
      284.0000  -0.691363   0.344755  -0.346608 
      284.5000  -0.668209   0.322230  -0.345979 
      285.0000  -0.650530   0.313193  -0.337338 
      285.5000  -0.665007   0.318568  -0.346438 
      286.0000  -0.652238   0.308208  -0.344030 
      286.5000  -0.664045   0.329429  -0.334616 
      287.0000  -0.651169   0.311569  -0.339600 
      287.5000  -0.651937   0.312145  -0.339792 
      288.0000  -0.668613   0.332295  -0.336318 
      288.5000  -0.634793   0.297141  -0.337652 
      289.0000  -0.646356   0.309419  -0.336936 
      289.5000  -0.646868   0.301349  -0.345519 
      290.0000  -0.666091   0.329882  -0.336209 
      290.5000  -0.653731   0.318952  -0.334779 
      291.0000  -0.646794   0.301719  -0.345075 
      291.5000  -0.651197   0.302945  -0.348252 
      292.0000  -0.653834   0.317451  -0.336383 
      292.5000  -0.662328   0.323239  -0.339089 
      293.0000  -0.675373   0.344912  -0.330462 
      293.5000  -0.628710   0.303474  -0.325236 
      294.0000  -0.675428   0.339168  -0.336260 
      294.5000  -0.646192   0.315001  -0.331191 
      295.0000  -0.641701   0.313080  -0.328621 
      295.5000  -0.659485   0.337695  -0.321790 
      296.0000  -0.608151   0.283793  -0.324358 
      296.5000  -0.654953   0.337572  -0.317382 
      297.0000  -0.609001   0.278317  -0.330684 
      297.5000  -0.611446   0.292547  -0.318898 
      298.0000  -0.668002   0.351248  -0.316754 
      298.5000  -0.621714   0.314264  -0.307450 
      299.0000  -0.633585   0.323951  -0.309635 
      299.5000  -0.605717   0.300244  -0.305473 
      300.0000  -0.638417   0.331934  -0.306483 
      300.5000  -0.651189   0.341721  -0.309468 
      301.0000  -0.637544   0.320522  -0.317021 
      301.5000  -0.636537   0.315475  -0.321062 
      302.0000  -0.610391   0.291121  -0.319270 
      302.5000  -0.649657   0.326895  -0.322762 
      303.0000  -0.607529   0.287182  -0.320347 
      303.5000  -0.608825   0.296194  -0.312631 
      304.0000  -0.620038   0.319043  -0.300995 
      304.5000  -0.633830   0.337260  -0.296570 
      305.0000  -0.629115   0.329586  -0.299529 
      305.5000  -0.612714   0.321661  -0.291053 
      306.0000  -0.638742   0.340654  -0.298088 
      306.5000  -0.619454   0.317087  -0.302367 
      307.0000  -0.581652   0.274512  -0.307140 
      307.5000  -0.628853   0.312040  -0.316813 
      308.0000  -0.604647   0.286124  -0.318523 
      308.5000  -0.643972   0.330601  -0.313371 
      309.0000  -0.611224   0.316215  -0.295008 
      309.5000  -0.606853   0.307678  -0.299174 
      310.0000  -0.611229   0.314408  -0.296822 
      310.5000  -0.588198   0.297831  -0.290366 
      311.0000  -0.611543   0.322153  -0.289389 
      311.5000  -0.619850   0.331938  -0.287911 
      312.0000  -0.643489   0.354629  -0.288860 
      312.5000  -0.646862   0.356146  -0.290717 
      313.0000  -0.606381   0.311844  -0.294538 
      313.5000  -0.659408   0.365000  -0.294407 
      314.0000  -0.614041   0.314256  -0.299785 
      314.5000  -0.617149   0.318723  -0.298426 
      315.0000  -0.617237   0.310313  -0.306924 
      315.5000  -0.641156   0.336893  -0.304263 
      316.0000  -0.621954   0.320101  -0.301854 
      316.5000  -0.623837   0.326546  -0.297290 
      317.0000  -0.632116   0.324184  -0.307932 
      317.5000  -0.595163   0.293269  -0.301893 
      318.0000  -0.644457   0.349743  -0.294714 
      318.5000  -0.583858   0.291859  -0.291998 
      319.0000  -0.613239   0.318374  -0.294865 
      319.5000  -0.636470   0.346099  -0.290371 
      320.0000  -0.558844   0.275525  -0.283319 
      320.5000  -0.576090   0.290517  -0.285572 
      321.0000  -0.575953   0.283985  -0.291968 
      321.5000  -0.569715   0.278721  -0.290993 
      322.0000  -0.587849   0.300385  -0.287464 
      322.5000  -0.592606   0.294803  -0.297803 
      323.0000  -0.590516   0.297751  -0.292766 
      323.5000  -0.604110   0.315998  -0.288111 
      324.0000  -0.600733   0.316359  -0.284374 
      324.5000  -0.582532   0.297018  -0.285513 
      325.0000  -0.612259   0.328628  -0.283630 
      325.5000  -0.577835   0.288084  -0.289751 
      326.0000  -0.609641   0.310453  -0.299187 
      326.5000  -0.601545   0.308300  -0.293245 
      327.0000  -0.622673   0.335752  -0.286921 
      327.5000  -0.609264   0.328272  -0.280992 
      328.0000  -0.608822   0.321032  -0.287790 
      328.5000  -0.582396   0.288544  -0.293852 
      329.0000  -0.665990   0.364619  -0.301371 
      329.5000  -0.605793   0.311451  -0.294342 
      330.0000  -0.631728   0.340743  -0.290984 
      330.5000  -0.611860   0.321302  -0.290558 
      331.0000  -0.630325   0.335926  -0.294400 
      331.5000  -0.611508   0.321553  -0.289955 
      332.0000  -0.608182   0.320695  -0.287487 
      332.5000  -0.555138   0.275157  -0.279981 
      333.0000  -0.582290   0.307198  -0.275092 
      333.5000  -0.589319   0.309013  -0.280306 
      334.0000  -0.601795   0.313863  -0.287932 
      334.5000  -0.600004   0.313860  -0.286144 
      335.0000  -0.615823   0.325742  -0.290082 
      335.5000  -0.619832   0.339429  -0.280402 
      336.0000  -0.581279   0.298576  -0.282703 
      336.5000  -0.568306   0.286671  -0.281635 
      337.0000  -0.578008   0.291533  -0.286475 
      337.5000  -0.588021   0.309405  -0.278616 
      338.0000  -0.567917   0.286938  -0.280979 
      338.5000  -0.602417   0.323313  -0.279105 
      339.0000  -0.586666   0.307323  -0.279342 
      339.5000  -0.551703   0.263905  -0.287798 
      340.0000  -0.576335   0.288812  -0.287523 
      340.5000  -0.637715   0.351707  -0.286008 
      341.0000  -0.570177   0.278900  -0.291277 
      341.5000  -0.612703   0.321271  -0.291432 
      342.0000  -0.610653   0.317973  -0.292680 
      342.5000  -0.588926   0.291823  -0.297102 
      343.0000  -0.611984   0.314216  -0.297768 
      343.5000  -0.600416   0.293426  -0.306990 
      344.0000  -0.614263   0.313973  -0.300290 
      344.5000  -0.601777   0.301303  -0.300474 
      345.0000  -0.644069   0.348195  -0.295874 
      345.5000  -0.636110   0.335032  -0.301077 
      346.0000  -0.588381   0.296194  -0.292187 
      346.5000  -0.606886   0.307931  -0.298955 
      347.0000  -0.630935   0.324632  -0.306303 
      347.5000  -0.606990   0.301735  -0.305256 
      348.0000  -0.578176   0.275316  -0.302861 
      348.5000  -0.595714   0.290493  -0.305220 
      349.0000  -0.589183   0.272131  -0.317052 
      349.5000  -0.627467   0.310833  -0.316634 
      350.0000  -0.607588   0.291316  -0.316273 
      350.5000  -0.595423   0.284973  -0.310450 
      351.0000  -0.602108   0.298862  -0.303246 
      351.5000  -0.592998   0.287989  -0.305009 
      352.0000  -0.626732   0.322167  -0.304566 
      352.5000  -0.621965   0.317009  -0.304956 
      353.0000  -0.607444   0.295182  -0.312262 
      353.5000  -0.619692   0.306128  -0.313564 
      354.0000  -0.608953   0.308635  -0.300318 
      354.5000  -0.591568   0.304897  -0.286671 
      355.0000  -0.582421   0.298910  -0.283511 
      355.5000  -0.576577   0.293336  -0.283241 
      356.0000  -0.594851   0.305973  -0.288877 
      356.5000  -0.567389   0.278496  -0.288894 
      357.0000  -0.532681   0.245932  -0.286749 
      357.5000  -0.566920   0.281599  -0.285321 
      358.0000  -0.592241   0.307835  -0.284406 
      358.5000  -0.539739   0.259800  -0.279939 
      359.0000  -0.563000   0.292089  -0.270910 
      359.5000  -0.561487   0.291000  -0.270487 
      360.0000  -0.558565   0.284387  -0.274178 
      360.5000  -0.569616   0.300546  -0.269070 
      361.0000  -0.560597   0.294622  -0.265975 
      361.5000  -0.533277   0.267355  -0.265921 
      362.0000  -0.566557   0.297123  -0.269434 
      362.5000  -0.560195   0.296167  -0.264028 
      363.0000  -0.553653   0.282272  -0.271381 
      363.5000  -0.561325   0.290374  -0.270951 
      364.0000  -0.576604   0.301356  -0.275248 
      364.5000  -0.575150   0.288412  -0.286738 
      365.0000  -0.576342   0.279831  -0.296511 
      365.5000  -0.577374   0.280354  -0.297020 
      366.0000  -0.564350   0.261009  -0.303341 
      366.5000  -0.582226   0.284125  -0.298101 
      367.0000  -0.593768   0.293941  -0.299827 
      367.5000  -0.567133   0.269135  -0.297998 
      368.0000  -0.567202   0.268808  -0.298394 
      368.5000  -0.569868   0.270309  -0.299559 
      369.0000  -0.567870   0.266438  -0.301433 
      369.5000  -0.582956   0.278007  -0.304949 
      370.0000  -0.607218   0.299297  -0.307921 
      370.5000  -0.572386   0.269025  -0.303361 
      371.0000  -0.593418   0.297492  -0.295926 
      371.5000  -0.602757   0.313250  -0.289507 
      372.0000  -0.596910   0.305529  -0.291381 
      372.5000  -0.552743   0.257586  -0.295157 
      373.0000  -0.589465   0.294206  -0.295259 
      373.5000  -0.570273   0.279207  -0.291065 
      374.0000  -0.570350   0.277348  -0.293002 
      374.5000  -0.562907   0.274674  -0.288234 
      375.0000  -0.575462   0.284397  -0.291065 
      375.5000  -0.570837   0.276625  -0.294212 
      376.0000  -0.566218   0.279377  -0.286840 
      376.5000  -0.586780   0.301105  -0.285674 
      377.0000  -0.574390   0.285225  -0.289165 
      377.5000  -0.569305   0.280617  -0.288688 
      378.0000  -0.570799   0.280322  -0.290478 
      378.5000  -0.584150   0.293191  -0.290960 
      379.0000  -0.557562   0.268843  -0.288719 
      379.5000  -0.593874   0.307095  -0.286779 
      380.0000  -0.585089   0.301649  -0.283440 
      380.5000  -0.565430   0.281988  -0.283442 
      381.0000  -0.552621   0.259978  -0.292643 
      381.5000  -0.604148   0.302761  -0.301387 
      382.0000  -0.557296   0.249394  -0.307902 
      382.5000  -0.608035   0.296100  -0.311936 
      383.0000  -0.581980   0.272672  -0.309309 
      383.5000  -0.584024   0.276753  -0.307272 
      384.0000  -0.568803   0.264496  -0.304307 
      384.5000  -0.543286   0.239374  -0.303912 
      385.0000  -0.581688   0.280231  -0.301457 
      385.5000  -0.579978   0.275644  -0.304334 
      386.0000  -0.567480   0.271361  -0.296119 
      386.5000  -0.586145   0.295280  -0.290865 
      387.0000  -0.564452   0.277094  -0.287358 
      387.5000  -0.575167   0.283656  -0.291511 
      388.0000  -0.574146   0.276582  -0.297565 
      388.5000  -0.570688   0.265799  -0.304888 
      389.0000  -0.571132   0.268385  -0.302746 
      389.5000  -0.598985   0.297599  -0.301386 
      390.0000  -0.580399   0.281631  -0.298768 
      390.5000  -0.602344   0.306609  -0.295735 
      391.0000  -0.574772   0.284224  -0.290548 
      391.5000  -0.550931   0.259262  -0.291669 
      392.0000  -0.565917   0.267682  -0.298235 
      392.5000  -0.566669   0.273878  -0.292791 
      393.0000  -0.563931   0.280891  -0.283040 
      393.5000  -0.556774   0.278119  -0.278655 
      394.0000  -0.566199   0.293285  -0.272915 
      394.5000  -0.574391   0.301584  -0.272807 
      395.0000  -0.546463   0.275918  -0.270545 
      395.5000  -0.559626   0.292524  -0.267102 
      396.0000  -0.559352   0.286724  -0.272628 
      396.5000  -0.545151   0.262172  -0.282979 
      397.0000  -0.584882   0.306608  -0.278274 
      397.5000  -0.546277   0.268792  -0.277485 
      398.0000  -0.564638   0.290111  -0.274527 
      398.5000  -0.559207   0.284217  -0.274990 
      399.0000  -0.578237   0.305385  -0.272852 
      399.5000  -0.576415   0.297256  -0.279159 
      400.0000  -0.554453   0.277779  -0.276674 
      400.5000  -0.588233   0.307217  -0.281016 
      401.0000  -0.616282   0.341703  -0.274578 
      401.5000  -0.593030   0.324863  -0.268167 
      402.0000  -0.574604   0.303119  -0.271485 
      402.5000  -0.591853   0.319239  -0.272614 
      403.0000  -0.561022   0.291284  -0.269738 
      403.5000  -0.606896   0.338379  -0.268518 
      404.0000  -0.571768   0.302848  -0.268920 
      404.5000  -0.576617   0.307560  -0.269057 
      405.0000  -0.562875   0.297896  -0.264979 
      405.5000  -0.560637   0.291181  -0.269456 
      406.0000  -0.582281   0.314164  -0.268117 
      406.5000  -0.535278   0.262866  -0.272412 
      407.0000  -0.584862   0.312022  -0.272840 
      407.5000  -0.539240   0.259029  -0.280211 
      408.0000  -0.587539   0.296344  -0.291195 
      408.5000  -0.567059   0.281918  -0.285141 
      409.0000  -0.576170   0.287828  -0.288342 
      409.5000  -0.546179   0.261617  -0.284562 
      410.0000  -0.607922   0.324420  -0.283501 
      410.5000  -0.568449   0.274326  -0.294123 
      411.0000  -0.553414   0.264196  -0.289218 
      411.5000  -0.593245   0.318046  -0.275199 
      412.0000  -0.566424   0.295764  -0.270660 
      412.5000  -0.590498   0.320929  -0.269570 
      413.0000  -0.592491   0.320139  -0.272352 
      413.5000  -0.571009   0.300624  -0.270386 
      414.0000  -0.597020   0.327934  -0.269087 
      414.5000  -0.582190   0.318813  -0.263377 
      415.0000  -0.562430   0.311254  -0.251176 
      415.5000  -0.546325   0.291353  -0.254972 
      416.0000  -0.574227   0.319796  -0.254431 
      416.5000  -0.593353   0.337535  -0.255818 
      417.0000  -0.572685   0.313982  -0.258703 
      417.5000  -0.612341   0.351184  -0.261158 
      418.0000  -0.555431   0.305085  -0.250346 
      418.5000  -0.608308   0.362849  -0.245459 
      419.0000  -0.586282   0.338735  -0.247546 
      419.5000  -0.586852   0.339895  -0.246957 
      420.0000  -0.591617   0.343461  -0.248156 
      420.5000  -0.568513   0.315100  -0.253413 
      421.0000  -0.592815   0.340303  -0.252513 
      421.5000  -0.592734   0.338428  -0.254306 
      422.0000  -0.578857   0.320558  -0.258300 
      422.5000  -0.573025   0.313324  -0.259700 
      423.0000  -0.597180   0.331934  -0.265246 
      423.5000  -0.588068   0.331482  -0.256586 
      424.0000  -0.585206   0.331920  -0.253286 
      424.5000  -0.569896   0.309484  -0.260412 
      425.0000  -0.604440   0.330545  -0.273895 
      425.5000  -0.565566   0.295176  -0.270390 
      426.0000  -0.560853   0.294785  -0.266068 
      426.5000  -0.588533   0.333594  -0.254939 
      427.0000  -0.558027   0.305426  -0.252602 
      427.5000  -0.535551   0.278145  -0.257406 
      428.0000  -0.577548   0.317092  -0.260456 
      428.5000  -0.623673   0.354944  -0.268730 
      429.0000  -0.569088   0.293610  -0.275479 
      429.5000  -0.620786   0.344161  -0.276625 
      430.0000  -0.568494   0.285922  -0.282572 
      430.5000  -0.573251   0.293747  -0.279504 
      431.0000  -0.600905   0.321469  -0.279436 
      431.5000  -0.564056   0.282486  -0.281569 
      432.0000  -0.587437   0.309604  -0.277833 
      432.5000  -0.601255   0.340116  -0.261138 
      433.0000  -0.592986   0.317428  -0.275558 
      433.5000  -0.567780   0.289172  -0.278608 
      434.0000  -0.575773   0.297033  -0.278740 
      434.5000  -0.571794   0.298229  -0.273565 
      435.0000  -0.588577   0.302580  -0.285997 
      435.5000  -0.607494   0.316358  -0.291136 
      436.0000  -0.618519   0.318739  -0.299781 
      436.5000  -0.596368   0.295582  -0.300787 
      437.0000  -0.590556   0.292318  -0.298238 
      437.5000  -0.606844   0.298689  -0.308155 
      438.0000  -0.609741   0.297074  -0.312667 
      438.5000  -0.626826   0.317680  -0.309146 
      439.0000  -0.586133   0.269990  -0.316143 
      439.5000  -0.620214   0.304284  -0.315930 
      440.0000  -0.618055   0.301682  -0.316373 
      440.5000  -0.598946   0.282132  -0.316814 
      441.0000  -0.590780   0.266914  -0.323867 
      441.5000  -0.592708   0.264975  -0.327733 
      442.0000  -0.587248   0.256298  -0.330950 
      442.5000  -0.614061   0.288571  -0.325490 
      443.0000  -0.589725   0.259021  -0.330704 
      443.5000  -0.613611   0.285419  -0.328191 
      444.0000  -0.598737   0.269915  -0.328822 
      444.5000  -0.647303   0.320878  -0.326425 
      445.0000  -0.622900   0.303551  -0.319348 
      445.5000  -0.619399   0.306356  -0.313042 
      446.0000  -0.609823   0.289196  -0.320627 
      446.5000  -0.638033   0.315093  -0.322941 
      447.0000  -0.590615   0.266849  -0.323766 
      447.5000  -0.621529   0.297997  -0.323531 
      448.0000  -0.639709   0.313594  -0.326116 
      448.5000  -0.629511   0.312485  -0.317026 
      449.0000  -0.600684   0.288380  -0.312304 
      449.5000  -0.629181   0.315849  -0.313332 
      450.0000  -0.632143   0.326888  -0.305255 
      450.5000  -0.618690   0.326706  -0.291985 
      451.0000  -0.596451   0.301573  -0.294879 
      451.5000  -0.615982   0.322517  -0.293464 
      452.0000  -0.615935   0.310995  -0.304940 
      452.5000  -0.645131   0.331024  -0.314107 
      453.0000  -0.582248   0.276803  -0.305445 
      453.5000  -0.603305   0.292367  -0.310937 
      454.0000  -0.663721   0.353080  -0.310642 
      454.5000  -0.618882   0.310421  -0.308461 
      455.0000  -0.642625   0.335443  -0.307183 
      455.5000  -0.644904   0.332418  -0.312486 
      456.0000  -0.615780   0.308089  -0.307690 
      456.5000  -0.643395   0.335986  -0.307409 
      457.0000  -0.611960   0.310525  -0.301435 
      457.5000  -0.630470   0.315148  -0.315323 
      458.0000  -0.613328   0.294456  -0.318872 
      458.5000  -0.620652   0.298359  -0.322293 
      459.0000  -0.624681   0.310584  -0.314097 
      459.5000  -0.627190   0.313398  -0.313793 
      460.0000  -0.627565   0.306389  -0.321175 
      460.5000  -0.637675   0.311127  -0.326548 
      461.0000  -0.638814   0.302172  -0.336642 
      461.5000  -0.631192   0.294502  -0.336690 
      462.0000  -0.621501   0.278373  -0.343128 
      462.5000  -0.650796   0.304287  -0.346509 
      463.0000  -0.579915   0.241303  -0.338613 
      463.5000  -0.636370   0.308744  -0.327626 
      464.0000  -0.629037   0.302381  -0.326656 
      464.5000  -0.599046   0.277032  -0.322014 
      465.0000  -0.622274   0.302710  -0.319564 
      465.5000  -0.630593   0.307282  -0.323310 
      466.0000  -0.637990   0.315443  -0.322547 
      466.5000  -0.652196   0.326032  -0.326164 
      467.0000  -0.622291   0.296668  -0.325624 
      467.5000  -0.649567   0.321293  -0.328275 
      468.0000  -0.672556   0.332665  -0.339891 
      468.5000  -0.656013   0.307584  -0.348429 
      469.0000  -0.688310   0.344883  -0.343427 
      469.5000  -0.699776   0.359826  -0.339951 
      470.0000  -0.654425   0.311753  -0.342671 
      470.5000  -0.639522   0.292715  -0.346807 
      471.0000  -0.663012   0.304163  -0.358849 
      471.5000  -0.658073   0.306586  -0.351487 
      472.0000  -0.669734   0.317860  -0.351874 
      472.5000  -0.694329   0.349739  -0.344590 
      473.0000  -0.679966   0.331558  -0.348408 
      473.5000  -0.664302   0.306486  -0.357817 
      474.0000  -0.681453   0.324863  -0.356590 
      474.5000  -0.673514   0.307823  -0.365692 
      475.0000  -0.681503   0.309872  -0.371631 
      475.5000  -0.677305   0.301471  -0.375834 
      476.0000  -0.682378   0.320729  -0.361649 
      476.5000  -0.701399   0.333852  -0.367547 
      477.0000  -0.693307   0.313560  -0.379747 
      477.5000  -0.700864   0.313359  -0.387505 
      478.0000  -0.695734   0.314473  -0.381262 
      478.5000  -0.657891   0.284087  -0.373805 
      479.0000  -0.673777   0.306560  -0.367217 
      479.5000  -0.653853   0.286184  -0.367669 
      480.0000  -0.672974   0.296163  -0.376810 
      480.5000  -0.695844   0.320578  -0.375267 
      481.0000  -0.680115   0.295585  -0.384530 
      481.5000  -0.688187   0.297624  -0.390563 
      482.0000  -0.697111   0.306006  -0.391105 
      482.5000  -0.697303   0.307594  -0.389708 
      483.0000  -0.694088   0.306193  -0.387895 
      483.5000  -0.737641   0.364040  -0.373601 
      484.0000  -0.715968   0.343113  -0.372855 
      484.5000  -0.713484   0.335009  -0.378474 
      485.0000  -0.662164   0.286409  -0.375755 
      485.5000  -0.701791   0.321754  -0.380037 
      486.0000  -0.715284   0.339340  -0.375945 
      486.5000  -0.669902   0.293286  -0.376616 
      487.0000  -0.679674   0.302544  -0.377130 
      487.5000  -0.660421   0.281038  -0.379383 
      488.0000  -0.719115   0.330923  -0.388192 
      488.5000  -0.678003   0.284915  -0.393088 
      489.0000  -0.692196   0.292345  -0.399852 
      489.5000  -0.709681   0.316899  -0.392781 
      490.0000  -0.739319   0.349910  -0.389409 
      490.5000  -0.696874   0.300589  -0.396286 
      491.0000  -0.691498   0.296756  -0.394742 
      491.5000  -0.701127   0.309719  -0.391408 
      492.0000  -0.715029   0.317646  -0.397383 
      492.5000  -0.683485   0.287407  -0.396078 
      493.0000  -0.692154   0.297614  -0.394541 
      493.5000  -0.686508   0.292107  -0.394401 
      494.0000  -0.709540   0.319726  -0.389814 
      494.5000  -0.717467   0.314718  -0.402749 
      495.0000  -0.692584   0.293032  -0.399552 
      495.5000  -0.684491   0.286217  -0.398274 
      496.0000  -0.700548   0.298330  -0.402218 
      496.5000  -0.693257   0.297877  -0.395379 
      497.0000  -0.683342   0.292973  -0.390369 
      497.5000  -0.702712   0.314567  -0.388145 
      498.0000  -0.690891   0.299690  -0.391201 
      498.5000  -0.694209   0.310118  -0.384091 
      499.0000  -0.689248   0.302164  -0.387084 
      499.5000  -0.689189   0.311344  -0.377845 
      500.0000  -0.683385   0.304767  -0.378618 
