#id1 id2 FENE BEXC STCK NEXC HB CRSTCK CXSTCK total, t = 100000
0 1 0.00171037 0 -0.709702 0 0 0 0 -0.707991
1 2 0.0580026 0 0 0 0 0 0 0.0580026
2 3 0.000312906 0 0 0 0 0 0 0.000312906
3 4 0.00933737 0 -1.22626 0 0 0 0 -1.21693
4 5 0.0339996 0 -1.24268 0 0 0 0 -1.20868
5 6 0.00212866 0 -1.13104 0 0 0 0 -1.12891
6 7 0.000232426 0 -1.1009 0 0 0 0 -1.10067
7 8 0.0486218 0 -1.04669 0 0 0 0 -0.998068
8 9 5.22868e-05 0 -1.20744 0 0 0 0 -1.20738
9 10 0.0268632 0 -0.951264 0 0 0 0 -0.924401
10 11 0.000211383 0 -1.07352 0 0 0 0 -1.0733
11 12 0.107835 0 0 0 0 0 0 0.107835
12 13 0.0446841 0 -1.2285 0 0 0 0 -1.18382
13 14 0.20493 0 -1.08951 0 0 0 0 -0.884579
14 15 0.0262583 0 -0.718018 0 0 0 0 -0.691759
15 16 0.00675383 0 -1.22805 0 0 0 0 -1.22129
16 17 0.000378889 0 -1.12948 0 0 0 0 -1.1291
17 18 0.00807265 0 -1.33256 0 0 0 0 -1.32449
18 19 0.0646951 0 0 0 0 0 0 0.0646951
19 20 0.0081383 0 -1.11985 0 0 0 0 -1.11171
20 21 0.000294381 0 -1.29445 0 0 0 0 -1.29415
21 22 0.0190695 0 -1.20572 0 0 0 0 -1.18665
22 23 0.00142613 0 -1.24283 0 0 0 0 -1.24141
23 24 0.0797443 0 -1.2789 0 0 0 0 -1.19915
25 26 0.0247554 0 -0 0 0 0 0 0.0247554
26 27 0.00042881 0 -1.39645 0 0 0 0 -1.39602
11 28 0 0 0 0 0 -0.0613279 0 -0.0613279
10 28 0 0 0 0 -0.726 0 -0 -0.726
9 28 0 0 0 0 -2.29884e-29 -0.19764 0 -0.19764
27 28 0.0018969 0 0 0 0 0 0 0.0018969
10 29 0 0 0 0 -0 -0.108052 -0 -0.108052
9 29 0 0 0 0 -0.670182 0 -0 -0.670182
8 29 0 0 0 0 0 -0.120562 0 -0.120562
28 29 0.211459 0 -1.18226 0 0 0 0 -0.970801
9 30 0 0 0 0 0 -0.00908579 0 -0.00908579
7 30 0 0 0 0 0 -0.0798289 -0 -0.0798289
29 30 0.0440288 0 -0.608016 0 0 0 0 -0.563987
30 31 0.0489106 0 0 0 0 0 0 0.0489106
31 32 0.0181267 0 0 0 0 0 0 0.0181267
32 33 0.0356887 0.000216421 -0 0 0 0 0 0.0359052
33 34 0.0443928 0 0 0 0 0 0 0.0443928
34 35 0.0139979 0 -1.17854 0 0 0 0 -1.16454
35 36 0.0415369 0 -1.41289 0 0 0 0 -1.37135
36 37 0.037592 0 -0.947064 0 0 0 0 -0.909472
37 38 0.0232256 0 -0.978291 0 0 0 0 -0.955066
38 39 0.0177273 0 -1.11536 0 0 0 0 -1.09763
39 40 9.05339e-06 0 0 0 0 0 0 9.05339e-06
40 41 0.00894528 0 -1.00144 0 0 0 0 -0.992498
41 42 0.00252018 0 0 0 0 0 0 0.00252018
42 43 0.058022 0 0 0 0 0 0 0.058022
43 44 0.500924 0 0 0 0 0 0 0.500924
44 45 0.0899266 0 0 0 0 0 0 0.0899266
45 46 0.0199488 0 -0.988213 0 0 0 0 -0.968264
46 47 0.0168406 0 -1.2237 0 0 0 0 -1.20686
47 48 0.172173 0 0 0 0 0 0 0.172173
48 49 0.205967 0 0 0 0 0 0 0.205967
#Total energy per particle is  -0.683385 and should be -0.68338510

