t = 0
b =  30.0 30.0 30.0
E = 0. 0. 0.
13.548723759728402 0.7741060783619543 12.957959298593238 0.8132317734850361 0.5493830570293813 -0.19191753240242176 0.15430999950189508 0.11440745100092749 0.9813762577162725 0.0 0.0 0.0 0.0 0.0 0.0
13.89896720209651 0.5901091516865615 13.32149714280001 0.32973321283988233 0.9303642260722074 -0.160307252472717 0.15430999950189508 0.11440745100092749 0.9813762577162725 0.0 0.0 0.0 0.0 0.0 0.0
14.32437334070654 0.6181887796182804 13.648492943761552 -0.2790365082084738 0.9578844707698472 -0.06779356713429446 0.15430999950189508 0.11440745100092749 0.9813762577162725 0.0 0.0 0.0 0.0 0.0 0.0
14.686173098490551 0.8646182028018639 13.960035198961704 -0.7817955945468001 0.621488390047713 0.05047602780644472 0.15430999950189508 0.11440745100092749 0.9813762577162725 0.0 0.0 0.0 0.0 0.0 0.0
14.869762525898386 1.2527159240519836 14.283083466288566 -0.9875374635914991 0.04897847921468496 0.14956893586933456 0.15430999950189508 0.11440745100092749 0.9813762577162725 0.0 0.0 0.0 0.0 0.0 0.0
14.828242757407628 1.6519782911802006 14.640225977253035 -0.8180973394718767 -0.5421391747485054 0.19183810453621084 0.15430999950189508 0.11440745100092749 0.9813762577162725 0.0 0.0 0.0 0.0 0.0 0.0
14.600237674642788 1.9276600163660627 15.04109799018273 -0.33784835822878145 -0.9272890921411037 0.161224769927714 0.15430999950189508 0.11440745100092749 0.9813762577162725 0.0 0.0 0.0 0.0 0.0 0.0
14.29522004798928 1.991966163821167 15.47872119449039 0.27075486282875455 -0.9601463799824396 0.06935944968927205 0.15430999950189508 0.11440745100092749 0.9813762577162725 0.0 0.0 0.0 0.0 0.0 0.0
14.051921000836904 1.8374069137482252 15.932154887537118 0.776493784717743 -0.6282280052770322 -0.0488566851142829 0.15430999950189508 0.11440745100092749 0.9813762577162725 0.0 0.0 0.0 0.0 0.0 0.0
13.985623736343348 1.5396430701051618 16.37445169767477 0.9872297355086959 -0.057635307954755036 -0.14851134840270697 0.15430999950189508 0.11440745100092749 0.9813762577162725 0.0 0.0 0.0 0.0 0.0 0.0
14.144365521122227 1.2287412562003146 16.782895341271104 0.8229006041789235 0.5348540064704952 -0.19174406745560896 0.15430999950189508 0.11440745100092749 0.9813762577162725 0.0 0.0 0.0 0.0 0.0 0.0
14.490687524516296 1.0397594298996218 17.1476309186577 0.34593777515716795 0.9241433415554875 -0.1621300094922748 0.15430999950189508 0.11440745100092749 0.9813762577162725 0.0 0.0 0.0 0.0 0.0 0.0
14.91586605464239 1.0614361073847145 17.475408955279104 -0.26245259841796104 0.9623351703308382 -0.07092005025362066 0.15430999950189508 0.11440745100092749 0.9813762577162725 0.0 0.0 0.0 0.0 0.0 0.0
15.281218506701025 1.3024771172266407 17.78702076421369 -0.7711328418806616 0.6349197785114657 0.04723362179639237 0.15430999950189508 0.11440745100092749 0.9813762577162725 0.0 0.0 0.0 0.0 0.0 0.0
15.470791203189236 1.688248110558035 18.109399478722974 -0.9868468260593184 0.06628774754298015 0.14744245122191252 0.15430999950189508 0.11440745100092749 0.9813762577162725 0.0 0.0 0.0 0.0 0.0 0.0
15.435412134626045 2.0891293980275982 18.465387704627577 -0.8276412018189732 -0.5275281069891209 0.19163542832190206 0.15430999950189508 0.11440745100092749 0.9813762577162725 0.0 0.0 0.0 0.0 0.0 0.0
15.21137222806645 2.3697606369102964 18.865059232447972 -0.35400084758462386 -0.9209272138764457 0.16302290222889998 0.15430999950189508 0.11440745100092749 0.9813762577162725 0.0 0.0 0.0 0.0 0.0 0.0
14.90663781716129 2.440466488412842 19.30189183596097 0.2541303472256713 -0.9644506751301841 0.07247524998156336 0.15430999950189508 0.11440745100092749 0.9813762577162725 0.0 0.0 0.0 0.0 0.0 0.0
14.659832426902442 2.291325778172979 19.755245174987703 0.7657131742921087 -0.641563200146574 -0.04560696145533061 0.15430999950189508 0.11440745100092749 0.9813762577162725 0.0 0.0 0.0 0.0 0.0 0.0
14.587571378816682 1.9959407162728893 20.198202405715666 0.9863887644034037 -0.07493513906258652 -0.14636232572761182 0.15430999950189508 0.11440745100092749 0.9813762577162725 0.0 0.0 0.0 0.0 0.0 0.0
14.740157680613443 1.6834741870656453 20.607796339688726 0.832318771377161 0.5201620341999912 -0.1915121954083827 0.15430999950189508 0.11440745100092749 0.9813762577162725 0.0 0.0 0.0 0.0 0.0 0.0
15.082471072534576 1.4895786099212112 20.9737350626925 0.3620369614769662 0.9176409540245526 -0.16390338014035258 0.15430999950189508 0.11440745100092749 0.9813762577162725 0.0 0.0 0.0 0.0 0.0 0.0
15.507310801215892 1.5048593171202875 21.302312005036057 -0.24578874302353484 0.9664927332765965 -0.07402493043862157 0.15430999950189508 0.11440745100092749 0.9813762577162725 0.0 0.0 0.0 0.0 0.0 0.0
15.87612297819124 1.7404520732805013 21.614014962156933 -0.7602351946807548 0.648157764260078 0.04397682796757858 0.15430999950189508 0.11440745100092749 0.9813762577162725 0.0 0.0 0.0 0.0 0.0 0.0
16.071639518618277 2.123792412198113 21.93574243859675 -0.9858555854241207 0.08357682398122979 0.14527105417554131 0.15430999950189508 0.11440745100092749 0.9813762577162725 0.0 0.0 0.0 0.0 0.0 0.0
18.22816690005989 8.735310524453986 11.078478581505411 -0.08103327015922764 -0.09741255532035152 0.9919397175198001 0.8158335615152084 0.5652376755751747 0.12215551569939183 0.0 0.0 0.0 0.0 0.0 0.0
18.33546528408998 9.232714969131917 11.25099228333089 0.2701054535361189 -0.5592388793512347 0.7837696854255224 0.8158335615152084 0.5652376755751747 0.12215551569939183 0.0 0.0 0.0 0.0 0.0 0.0
18.50433421475251 9.602640893665258 11.602166309610464 0.5186265995107346 -0.808601003141134 0.27783244590775125 0.8158335615152084 0.5652376755751747 0.12215551569939183 0.0 0.0 0.0 0.0 0.0 0.0
18.79142409509212 9.78824619408991 12.01667225067672 0.5701128293568817 -0.7507620867498863 -0.33365798492115695 0.8158335615152084 0.5652376755751747 0.12215551569939183 0.0 0.0 0.0 0.0 0.0 0.0
19.208471212822257 9.802715253217164 12.355120843581636 0.40500366355215056 -0.4076961015296398 -0.8183861688144966 0.8158335615152084 0.5652376755751747 0.12215551569939183 0.0 0.0 0.0 0.0 0.0 0.0
19.717838928402564 9.72424997317256 12.50701828355473 0.0860268346638009 0.09026044897703583 -0.992195764488133 0.8158335615152084 0.5652376755751747 0.12215551569939183 0.0 0.0 0.0 0.0 0.0 0.0
20.246816463651324 9.66635956531232 12.43274466779327 -0.2656330270053015 0.553925545843104 -0.7890536006041791 0.8158335615152084 0.5652376755751747 0.12215551569939183 0.0 0.0 0.0 0.0 0.0 0.0
20.71524294203607 9.734736503056308 12.178606258946479 -0.5163744605677146 0.807145066702126 -0.2861367815780094 0.8158335615152084 0.5652376755751747 0.12215551569939183 0.0 0.0 0.0 0.0 0.0 0.0
21.06596184588666 9.987102184151901 11.859242961735674 -0.5709366032398676 0.7537166819751391 0.32548818472151664 0.8158335615152084 0.5652376755751747 0.12215551569939183 0.0 0.0 0.0 0.0 0.0 0.0
21.286535733064177 10.411277606619455 11.61407470647364 -0.40859038479023124 0.41393872829488193 0.8134547477730925 0.8158335615152084 0.5652376755751747 0.12215551569939183 0.0 0.0 0.0 0.0 0.0 0.0
21.413971429172445 10.929810375226431 11.554333486561873 -0.09101384789184841 -0.0831014689510734 0.9923762519075574 0.8158335615152084 0.5652376755751747 0.12215551569939183 0.0 0.0 0.0 0.0 0.0 0.0
21.520660515790013 11.429400161371216 11.720804464497595 0.2611403714910371 -0.5485700287600477 0.7942774262962042 0.8158335615152084 0.5652376755751747 0.12215551569939183 0.0 0.0 0.0 0.0 0.0 0.0
21.686876558305755 11.803943392199368 12.068331006749514 0.5140829977102969 -0.8056276630412996 0.29441932682452676 0.8158335615152084 0.5652376755751747 0.12215551569939183 0.0 0.0 0.0 0.0 0.0 0.0
21.970277836325206 11.994843771888146 12.482970443815 0.5717168980900453 -0.756613878756927 -0.3172935973364308 0.8158335615152084 0.5652376755751747 0.12215551569939183 0.0 0.0 0.0 0.0 0.0 0.0
22.38400199925338 12.013273994107392 12.82528279538399 0.4121459902885878 -0.42014983202333595 -0.8084613790032273 0.8158335615152084 0.5652376755751747 0.12215551569939183 0.0 0.0 0.0 0.0 0.0 0.0
22.891674853636026 11.935931048896887 12.983306350170919 0.09599393006300416 0.07593616042650958 -0.9924811660332584 0.8158335615152084 0.5652376755751747 0.12215551569939183 0.0 0.0 0.0 0.0 0.0 0.0
23.42122952739699 11.875897753844939 12.915093791932104 -0.25662782912643795 0.5431727359454257 -0.799440764687047 0.8158335615152084 0.5652376755751747 0.12215551569939183 0.0 0.0 0.0 0.0 0.0 0.0
23.892285879433775 11.939680701042704 12.664648686228437 -0.5117523854422505 0.8040489077148181 -0.3026794508994158 0.8158335615152084 0.5652376755751747 0.12215551569939183 0.0 0.0 0.0 0.0 0.0 0.0
24.246688259106687 12.186746622053498 12.345207790168425 -0.5724536544849419 0.7594534564624975 0.30907484681545583 0.8158335615152084 0.5652376755751747 0.12215551569939183 0.0 0.0 0.0 0.0 0.0 0.0
24.47059981022748 12.606929982361153 12.09622051516505 -0.4156702092740959 0.4263289397154048 0.8034064427692655 0.8158335615152084 0.5652376755751747 0.12215551569939183 0.0 0.0 0.0 0.0 0.0 0.0
24.599759324065158 13.124295037891397 12.03036976407015 -0.10096670192473017 -0.06876506906933072 0.9925104988756189 0.8158335615152084 0.5652376755751747 0.12215551569939183 0.0 0.0 0.0 0.0 0.0 0.0
24.705903475022172 13.625985093763589 12.190761812423334 0.2520957435590756 -0.537734078423983 0.8045432225684978 0.8158335615152084 0.5652376755751747 0.12215551569939183 0.0 0.0 0.0 0.0 0.0 0.0
24.869512858655682 14.005098649539208 12.534549513675996 0.5093828012487227 -0.8024089209510122 0.31091652476224735 0.8158335615152084 0.5652376755751747 0.12215551569939183 0.0 0.0 0.0 0.0 0.0 0.0
25.14923606786159 14.20130306653621 12.949210646531215 0.5731468163177048 -0.7622351988470148 -0.30083255904826406 0.8158335615152084 0.5652376755751747 0.12215551569939183 0.0 0.0 0.0 0.0 0.0 0.0
25.55960811188121 14.223755945972272 13.29529698808567 0.4191627733638351 -0.43247558080811477 -0.7982903240241724 0.8158335615152084 0.5652376755751747 0.12215551569939183 0.0 0.0 0.0 0.0 0.0 0.0
