t = 100000
b = 30 30 30
E = -0.531060197504402 -0.683384590943938 0.152324393439536
16.3178931552693 0.146143759959708 27.059814350321 -0.0876973022466702 0.325051523401978 0.941621241673247 -0.119929831122193 -0.941832745001494 0.313954972785681 -0.292008449931044 0.150591633718413 0.0280942641774371 -0.362986846490733 0.203366892712886 -0.156724520124104
16.6060283547435 -0.214658288709351 27.4170089403213 -0.51403281991485 0.463826615822815 0.721550399527425 -0.0657492743959455 -0.860023633471261 0.506000163025034 0.00913384327217442 -0.189596783604986 -0.00811741665830161 0.43798054392343 0.166851333650237 0.328361203334405
16.8003724456105 -1.23833548121902 26.8851775997045 -0.893762778596657 -0.277465602184995 -0.352421334445253 0.434172762962465 -0.337903667547893 -0.835053884485993 0.260055825513388 0.0574988042562177 -0.240605737786636 -0.581657032571996 0.261605895192652 0.051013391570888
17.0041863880178 -0.815485902360081 28.0903670565364 0.15233672420323 0.183096500616635 0.971220406078726 0.649839586230364 0.721844115247292 -0.238011444130309 -0.427739376434406 -0.498743680735045 0.112870940602851 0.534305271297227 -0.0630704697668756 0.138156682067026
17.1642244526608 -0.291126521339792 28.1498355404261 0.406734990194706 -0.417486277945322 0.812571053493944 0.702518677277049 0.711528942987426 0.0139245394122354 -0.0101290497148202 -0.0727067826275905 0.810070402230061 0.271934745926599 -0.0772802284647927 -0.477898261287868
17.254700280604 0.153797245995272 28.4407417371325 0.795818321410419 -0.604572538093222 0.0341338432841331 0.605088458264098 0.796131827083243 -0.00647405632144328 0.0134175621763775 0.297419878801714 -0.209106175072708 -0.0128631507245471 -0.147746183059711 0.0789518372149048
17.6628008887619 0.376836261346439 28.6302503951081 0.471523157191221 -0.323962264792231 -0.820191579529737 0.673338805838179 0.73285937530862 0.0976308852890993 -0.0101572662590108 0.0794969762331169 0.373698088923089 0.862977066137845 0.0914870452100464 0.295261952508852
18.1706783722641 0.484160093943168 28.6224818895162 -0.109588825787621 0.317282798406405 -0.941977593344394 0.560787100450365 0.802190780712927 0.204957495391378 -0.149000227823668 0.347716281812685 0.00301669704845799 0.0263518264711247 -0.195656648841125 -0.0643546975964775
18.6351310205694 0.735300928226655 28.5814000019197 -0.587331348064746 0.54939911259849 -0.594308319762553 0.720043062387281 0.690001388272859 -0.0737288461736442 -0.0326174471014088 -0.480561601588337 -0.330500684467373 -0.360785459541151 -0.083926643273078 -0.116245337555452
18.9897881429524 1.06629311713237 28.2969991132895 -0.824514643866174 0.564366730352402 -0.0408122444350455 0.557116741327421 0.797071974893421 -0.233017187827957 -0.263839722161172 -0.028824135039391 -0.00834864832958479 -0.188702021629575 -0.0498243716008354 0.19988670081161
19.0606343625869 1.37791720759434 27.8551684201123 -0.552499645815612 0.51628105901473 0.654368305227257 0.640180644319633 0.765594166583817 -0.0635150467319825 0.735489028288879 -0.138337675435936 0.985339028588871 -0.0285115824777652 0.499865692873075 -0.154488363974794
19.182169073153 1.82849242555842 27.5867214394121 -0.0681366823499195 0.0776384277348312 0.99465046534264 0.530215214766514 0.847338459822927 -0.0298184432135647 -0.491387256432141 -0.0123032191283455 -0.029546214480154 -0.407877672982358 0.731380607614134 0.192180958492631
19.9938397457419 2.27472687648765 27.6243897602499 0.121695309734723 0.982882438198674 0.138318917004569 0.439772447608524 0.0715370659234831 -0.895255563275099 0.292411176905473 -0.0857211596855406 0.127396054336204 -0.219926801842396 -0.0908017116495151 0.276818407930889
20.0192237526994 2.375505887044 27.1387121050063 0.516874748153276 0.660740078480026 0.54430038324026 0.573876696741708 0.204356659806297 -0.793034544009611 -0.230280001465362 0.156437681077252 -0.0650269906226569 -0.104072468570124 -0.0518623038744221 -0.38951648017775
20.2607492821499 2.7392740412462 26.8785718049775 0.77010710126104 -0.487178636662271 0.411815349434389 0.563495503909887 0.216925750866176 -0.797129796331799 0.249330282196103 0.0219454316313321 0.0651772296553817 0.817145641860807 -0.409796308811809 0.0683949227532396
20.587084643372 2.72572667163757 26.4161799364262 0.473246218056638 -0.601433337996013 0.643673686785187 0.62137344933977 -0.290037931238187 -0.727855014407 -0.269923812734907 0.114486068056677 0.111698337343947 -0.0989037055267309 0.379428083915445 0.145764576127874
21.1009936575473 2.63588939978729 26.3080333540169 -0.172610154698205 -0.91165498716106 0.372948637861568 0.611610455759707 -0.395995593688002 -0.684923348714983 0.172615152290593 0.180372617574767 -0.225076665848366 0.471612380552144 0.0893889055271138 -0.670217354744896
21.5688064144731 2.43399871732014 26.1212206986325 -0.734020932675386 -0.65412969972447 -0.18255801179162 0.514831994886243 -0.360655087729595 -0.777737609113965 -0.35052938055746 0.634953012248067 0.285322802917164 -0.340638426619822 0.0760241995438067 -0.485291370961602
21.8408407859916 2.07464776239371 25.9369190291369 -0.807097358674269 0.108865883542453 -0.580294739483467 0.48408842547984 -0.440661963272506 -0.755959860824637 0.148489233627236 -0.168647549715513 -0.0765816998746936 0.0147736459422962 -0.157114932177507 0.127675077860456
22.8898255844656 2.71400951336463 25.6652505382858 0.747034678119364 0.0789067908571991 -0.660085440776141 0.663984228668574 -0.0398421498491534 0.746684290030332 0.180856133848456 0.126064472143123 0.525945721565601 -0.0522978837320541 0.104008052101808 -0.399621916348619
23.2723073215625 2.46527683955311 25.7878272696797 0.44960403878183 0.780918756195458 -0.433614967548739 0.740922619257759 -0.0549165868877711 0.669341273081485 0.871256965540344 -0.115026999736932 -0.0883456067071468 0.393202442526507 -0.143146989751671 0.0161723323242706
23.7340234592707 2.43986989145186 25.8694842693431 -0.199048094813883 0.932184925064962 0.302342327515458 0.64324117922981 -0.108477863826083 0.757940110190364 -0.111982640748162 -0.495133877308152 0.0336073523084146 0.283899823032422 -0.313747969830653 -0.068370673534088
24.147385112569 2.56972862020968 26.0414500635502 -0.707275578383948 0.343851578681101 0.617678889406599 0.510844983298857 -0.355379415631392 0.78277885676551 -0.612678513736539 0.132750679968074 -0.135180979979839 0.179911925230549 -0.320135126352419 -0.189494509679759
24.387444972494 2.69912772001466 26.5034533113109 -0.908654734304552 -0.223066554016112 0.352969975280232 0.392022765635463 -0.16472442339733 0.90508778868552 -0.0773387297337794 0.41181267356197 0.0727852537450651 -0.209183356808127 0.0261480971698834 0.47638667089312
24.3109447967291 2.85180773572788 26.9994886724905 -0.473191169949438 -0.878502334050311 -0.0657537566085642 0.333315242042984 -0.247624876223263 0.909715749748279 -0.291880613966061 -0.42181868851606 0.046802947363703 0.0614512370155243 0.119728378818531 0.892190505502457
18.3683463954358 2.10975042839792 30.1642361647891 -0.662423483136018 0.743508473129838 -0.0915976697081595 -0.603903712923136 -0.602350923089406 -0.52198997790089 -0.141833549668256 -0.173821099206962 0.351179000534364 0.141959292009979 0.344997830094736 0.127934949313034
18.4693366594799 1.9131994909507 29.6825989916586 -0.704463419766067 0.559863034892605 0.43621618871853 -0.144039170776958 0.489046233227168 -0.860282745795196 0.623631486978695 -0.728159807669797 -0.121346602034405 -0.0125103034525254 0.104241193065693 -0.0896541008306255
18.153204796299 1.97993710375579 29.2868566043162 0.076682427902674 0.865336342380608 0.495290426218483 -0.208391364048577 0.499691691955702 -0.840762210847054 0.621901115754673 -0.064881835585229 -0.295057348456136 0.0671913670376108 0.0960197363381714 0.58798100145173
18.3756711537084 2.1019706963246 28.5512388859581 0.516026021042334 -0.591445493279752 -0.619604069405243 -0.690925821788847 -0.714957145884259 0.107040186053461 0.108199754785527 -0.219560048844237 -0.164831421956396 0.143555936487518 0.236739629765232 0.0973759226626564
18.0924546676004 1.87839719104613 28.2822555026105 0.667237640459608 -0.744823167646717 0.00567766801731032 -0.742531402243102 -0.66574620813782 -0.0736815312947093 -0.135477996771507 -0.0995655826303015 -0.162439640315312 0.136437637141289 -0.0648499021517941 0.28213459870642
17.7472634944632 1.37150087702906 28.1036782419598 0.741494930179553 -0.654474781299775 0.147810341501041 -0.661667320062239 -0.749797138469165 -0.00067933937779087 0.3975935761697 0.116481164257723 -0.364752135773774 0.130419021877623 -0.342581267748403 0.303648122120299
17.0526034829552 1.2783033047414 27.6985758198091 -0.417820749154555 -0.525447522390993 0.741168415752301 -0.75611153595123 0.653397167872834 0.0369779127560351 -0.126230870338511 -0.416408649789886 -0.266905536911265 0.259320665074634 0.484967180745833 -0.76648935603364
16.614178623602 1.27611606883152 27.0711965814858 0.280645189364305 -0.598996360355586 -0.749960978245683 -0.665064169455544 0.442020993667975 -0.60191938652892 -0.0589989812765349 0.363410359320189 -0.761933797944207 -0.408955158403031 -0.268292075531561 0.1595918117538
16.3547306896783 1.40470005307451 26.5586729712464 0.370483705774402 0.779683272451461 -0.50481245533121 0.375335793108275 0.371469673863624 0.849195605296497 -0.446012099083114 0.792348491301079 -0.358010117657602 0.157020072612615 0.386876536063581 0.297802326144508
16.551532077749 0.706344676586254 25.9473224985214 0.779811018787853 -0.525228645296639 -0.340631069922357 -0.61402205291416 -0.535733041452542 -0.579626526893956 -0.579031182641549 -0.139154166013139 0.290998643462164 -0.522616219271486 -0.251566672853757 0.242368011167327
16.3510479934717 0.651953446634753 25.4637320146808 0.43320617206109 -0.868943608141941 0.239309936724379 -0.541161413747968 -0.463101478484379 -0.701912544314971 -0.109164382093934 -0.0219853116407166 -0.78893854460619 0.172213902654325 0.169301617161286 -0.0392637345927048
16.3713626400312 0.443030602471379 25.0616867687281 -0.321399837292435 -0.703516607086232 0.633850460897588 -0.519713312121059 -0.428493894900197 -0.73911498385481 -0.0521856893193746 0.0355264401792299 0.68595234741684 -0.43696530470909 -0.0984189317034019 0.101912134972242
16.1655976451899 0.061804246504991 24.7725007106951 -0.75539583671736 0.213306653425673 0.6195783056173 -0.633950621963333 -0.477118941513455 -0.608657519656086 -0.153383238791766 0.417335950947826 -0.411921784088084 0.239243312801972 -0.374261912259175 0.504825828095601
15.8660574155526 -0.24885094069828 24.8847158349676 -0.650475100152089 0.631615227190721 -0.421834297903108 -0.430546391780392 -0.764169219371936 -0.480286382624361 0.0932563819345794 -0.422491601773799 0.0294221059108336 0.0692381865146486 0.0253212663813079 0.151988199925431
15.4298541739257 -0.489614215376819 24.8348939625973 -0.0135734446942961 0.336515100248912 -0.94158019197865 -0.568415894958326 -0.77731103918514 -0.269612263111326 -0.0802295248938652 -0.234783256869483 -0.0613410629060788 0.0697757954792219 0.194673131994145 -0.673910171976361
14.7920280638418 0.234865131889576 24.9809739711682 -0.844972076739716 0.456191616337361 -0.279125940113531 -0.332888196246339 -0.857115953737151 -0.393112600466184 -0.258416786742311 0.390209460513784 -0.112846282506525 -0.170543835215064 0.444762503861899 0.0538970248206944
14.4543053815753 0.0169403994897913 25.1480957359646 -0.248173925790616 0.0574461987483554 -0.967010629716491 -0.308576226421452 -0.950928578647565 0.0227022709586371 0.143129146333595 -0.191571277222214 0.0251308219776161 -0.266470051803526 0.111587173611094 -0.371191441773909
13.9002804392634 0.320065643166153 25.872590392344 -0.00129214608848193 -0.172153291972346 0.985069256060398 -0.468928819527095 0.870153362732923 0.151455196711101 -0.444591306483081 -0.060525396887272 -0.267537232881292 0.230163293261059 -0.19411788344761 0.231835048369265
14.6666002134886 0.785720285866607 25.0740471756058 0.734947635479871 -0.544231042268209 -0.404554552355016 0.482312370773449 0.838879232395516 -0.252301799440429 -0.335306324245701 -0.0664619187247699 -0.259866675098624 -0.42748109370449 -0.231209167681553 -0.0686796488628153
14.2307609969798 0.968271010078549 26.2546718504709 -0.383789707273862 -0.854677806674139 0.349615721208086 0.569931860711041 0.078653373842148 0.817918843587624 0.507236732199346 -0.35316820281343 -0.0630067204104389 0.729739274530399 -0.451544232226683 0.0258948804206624
14.5619789208034 1.97826530020244 26.2370776815744 0.923305390983157 0.17544588667532 -0.341651587278827 -0.383141712183319 0.482455345816183 -0.787679589295019 -0.210585509412221 -0.11539359700507 -0.0493081974837525 0.860425383867582 -0.264233829690695 -0.128675966729662
14.6058317329634 2.33111290717943 26.0353687808225 0.155653318526434 -0.699069989191597 -0.69790620647094 -0.536912653364994 0.533166582967515 -0.653802792524801 0.529847009560021 -0.195601436328986 0.332339992938086 -0.172683311955312 -0.165829476183283 0.194607101139026
14.621745441705 2.56880861407142 25.6301154215606 -0.75201179598806 -0.653897585378118 -0.0830423954568178 -0.518669902760015 0.664772199154103 -0.537642334586691 -0.085808688306689 0.0119397495557686 -0.0456762953767231 -0.0899159057871406 0.342495677740385 -0.343972032985647
15.5001853996243 2.59730071101904 26.3020797232244 0.397558188710956 0.403770456844243 0.823964050047139 0.361900361849859 0.756185147107083 -0.545171490071656 0.137747914541409 0.11897185974922 -0.228443976331828 0.309729537432209 -0.0365590429932725 0.639331542336597
16.4031577369463 1.79808618823014 25.9772323547461 0.877259665838065 -0.411489278300549 -0.247167838646957 0.444296924619417 0.890975696170124 0.0936076374990831 0.061157259920136 0.221674223465021 0.00653979035468425 0.0798147991204691 0.0751593590479225 -0.282479853279002
