t = 100000
b = 30 30 30
E = -0.319286760126595 -0.456448888114245 0.13716212798765
5.88321943048234 22.4827429011476 33.9635482650478 -0.672558491853185 -0.0653847504392553 -0.737149808281315 -0.182114115840771 -0.950834625811037 0.250495180813499 0.483215465151302 0.0139778563536199 -0.276206577810078 0.467210781827092 -0.00268415670295364 -0.338111902316841
6.22348705666919 21.9144235876802 34.4165073947685 0.48030196609696 0.713669735389673 0.509887640104949 -0.505407369272115 -0.249926179145874 0.825893586879152 -0.0590796113855535 -0.452282794868316 0.11449313954072 0.0264628073171505 -0.379324626684658 0.158633736699319
5.65738026541176 21.2834682118966 35.2467386101927 -0.573049829623315 0.433192295660924 0.695671063541672 0.347004303658679 0.897282640368237 -0.27289506947317 0.146815682079345 0.135018735714352 -0.362955118177896 0.193219003142008 0.442007595331946 -0.343844393605735
5.53417214311682 21.7255541980733 35.1206486808293 0.245057006755402 0.187613314909639 0.951182533269865 0.554444035324994 0.777710119506436 -0.296240899824779 -0.16219746567278 0.238994977473917 0.278834296189529 -0.379499346612861 -0.0528039361412888 0.238490579378794
5.66803003114941 22.241516185846 35.2274093469354 0.830446332999632 -0.434935774446629 0.348122992166029 0.528621968585821 0.812431500354498 -0.245995270161312 0.227035417362522 -0.598050073024366 0.0299515110590205 0.309283494424536 -0.981086167510026 -0.176981593839336
5.9364201202108 22.6015758612217 35.3561003029626 0.706339088006008 -0.595989131416991 -0.381944981949813 0.612213355111982 0.785198453937352 -0.0930489123568879 0.500653737889839 -0.130840776429322 0.0912633899059123 0.0511300474932386 0.128269840030195 0.251279449604232
6.37858463292973 22.8576614487622 35.3642918871457 0.207035235554825 -0.550802598958544 -0.808549820854727 0.700845920101884 0.660138428435959 -0.270244563619572 0.153291772489103 -0.34228312064855 0.224656211737873 0.331634574036197 -0.171196356989219 0.375170272611468
6.78623993732036 23.1072212516642 35.1416781082101 0.0240696322015677 -0.73954473938284 -0.672676823129288 0.78729638602955 0.428702012854557 -0.443146557442443 -0.0753869234364763 -0.0174911436764937 0.255082376291755 0.0852071033066528 0.503043962796434 -0.788272926564229
7.2914658087201 23.0482045614628 35.1255346990745 -0.344824093922481 -0.37674425344164 -0.859744156031264 0.783309141853399 0.389199479793678 -0.484716905485141 -0.180398388123778 0.186377439585695 -0.402087329831021 -0.260280707636777 -0.245867847983283 0.34607120108472
7.77796970484397 22.9389859534172 34.9228530629226 -0.571655006913948 0.4855650383766 -0.661390201591396 0.799895805875765 0.150323808335044 -0.581007168538759 0.320786976691038 0.0822618212113945 0.734010054647294 0.317604627109699 -0.645374397435748 -0.184402232847783
8.62949474562429 22.6396168138632 35.4837010383745 0.0149120615642241 0.563478667347631 0.825995952065905 0.762214794474858 0.528258107172587 -0.374128198540121 0.246706465183141 0.122874362172698 -0.859179440981246 -0.0261829890020173 0.685580174163089 -0.091223838736378
8.80795027399046 21.9445209358431 35.3182870798078 -0.920940109142476 0.0624127882476069 0.384673708966883 0.16216661903316 0.958944520168088 0.232652609941416 -0.222260613670189 0.807486103676426 -0.350134568129925 -0.10638619748269 -0.432814067396953 0.144957661155003
9.35171360200166 21.5202785952387 35.8545668696533 0.967685180458703 -0.244212924807094 -0.0628118066644513 0.0145504094745613 0.302756869785715 -0.952956710305362 0.518639582956095 0.0347538581422709 0.405951267170693 0.213092541455686 -0.0861225605263799 -0.367801255060094
9.2930963766448 21.4625752753394 36.878958165716 0.540817802498181 -0.0196950681070062 0.840909106956408 0.463663019459335 0.841103606546274 -0.278498125556188 -0.0566347940208556 -0.10520087972667 0.342396066976094 -0.298964012054759 -0.27793964695604 0.104049883520361
9.42610635698359 21.877906705253 36.6207754267585 0.648472685136915 -0.7599364329644 -0.0444927567485102 -0.350712344921654 -0.350124560244948 0.868569806854849 0.194274005902738 0.311730198021855 0.33340051060402 0.173640648400688 -0.72941954736806 -0.385490021323405
8.8837115831835 22.8865484260676 36.0869445123425 -0.450939723786538 0.782939082578848 0.428555308972862 0.849273025459137 0.228674761370222 0.475860408825817 0.290578033031962 0.183314771409885 0.476792967623072 -0.537525805179039 -0.0113661380328518 -0.302099607182168
9.86387603314141 22.0646029967876 36.0365212059701 0.53153879243318 -0.213034395804026 0.81980655019835 -0.372144877735924 0.810705054820801 0.451957264319781 -0.431059631638034 -0.0115155620262647 -0.0189833535090176 -0.277843810231067 -0.169223323066135 -0.00557068187668089
9.64731904046163 22.8351333121793 35.2951157076195 -0.325769398365494 -0.0630753233418859 -0.943342851606457 0.0491101379419448 0.995296106830603 -0.0835085691574969 -0.348113163403836 -0.862223774928706 -0.262812217167625 -0.56337614372386 0.18398656392017 -0.434848479171387
10.238062566091 22.7829614009782 36.5803833423823 0.157554943695662 0.187369736371116 0.969571516357362 0.918976704950515 -0.387208898355167 -0.0745051627649163 0.072445705204545 0.151438767198532 -0.418264014588535 -0.130910660370455 -0.094843661735593 0.284808725091044
10.6823146864809 22.923357041799 36.5221377168672 0.0373494128626829 -0.417300699771468 0.908000554629922 0.889538886306267 -0.400133834433432 -0.220484341515585 -0.80764300428959 0.073483378768471 0.260516111800838 -0.127637045812299 -0.0639114740766063 0.144772390370616
11.211681192955 22.8867196364748 36.693222054011 -0.319233495696655 -0.812496874909521 0.48778959589477 0.94490705789207 -0.312216456746844 0.0983437526779096 0.263983046043632 0.00104777288228096 0.284014085944743 0.278649846170076 0.186029630090581 0.143991036864337
11.7953838470732 23.5642677200565 37.2485496383864 -0.488456220922045 0.464370566021445 0.738762751837909 0.00854753483413631 0.849139371884112 -0.528099546040856 -0.555192678020722 -0.0931938854115807 0.61840503398624 -0.222857792280521 -0.256489936656759 0.418887130473946
13.0345028279524 23.4699745938223 36.445142318575 0.741841842443829 0.0942993294294503 -0.663911309279783 0.668668414973751 -0.178626748645531 0.721785943075205 -0.244371095925418 0.249303842847233 -0.290250154954749 -0.303222335064171 0.394614597796111 0.396831448589132
13.3780470666993 23.1840933207623 36.574366992393 0.52693765922101 0.806391910751061 -0.268456090798754 0.481324893297211 -0.0228112408554199 0.876245347650168 0.246354925984457 -0.298833094521008 -0.394186638164702 0.0280971358926566 -0.550868310896006 -0.0276920848098688
13.7938799167596 23.0947073266471 36.8597345600137 -0.221812947722765 0.973313157584576 -0.0588241451986915 0.287557231157458 0.122938290512454 0.949840457381513 -0.102139697698909 -0.0172714071322046 0.500958923820345 -0.0764916966827272 -0.0151755081607612 -0.0725966210852077
7.41674286864268 23.8814057792145 37.7128661545717 -0.337392590928904 -0.191936087710493 0.92158923224042 0.394053680941075 0.860297737659024 0.323433685906934 -0.263972685635776 -0.0207114012435595 -0.148576339522479 0.349810630275274 0.617639206562738 -0.02895272359374
8.04182439124978 24.3346827421598 36.4738040279335 0.496856751057392 0.572947598469272 -0.651816167703226 -0.755503120665677 0.65514497146686 -2.00290905896514e-05 -0.0184449751101133 0.500192503782248 -0.451964685625822 -0.320873509959165 -0.225147112812579 0.241353059361191
7.37599347380187 23.4650662757936 37.0441247035427 0.460623806935384 -0.504805641648231 0.730066313302879 -0.385483950097984 -0.854675631412195 -0.347752037980726 -0.0406760969664274 -0.0403401330806963 -0.40535669396784 0.362790870073832 0.184643081019513 -0.0296678821993727
6.65367165893842 24.1063986900367 36.1800397662469 0.160675404016685 0.823648263640775 -0.543862806071906 -0.986918546850956 0.141456527127684 -0.0773413851757426 -0.101022536883407 0.0464085401653474 0.130600627034339 -0.0923202934467551 0.368858316762923 0.0761318886050909
6.37758819536538 22.9970980309841 36.4250991620083 0.841689434640375 -0.53419021772324 -0.0787375229488579 -0.392683953466383 -0.705658787285596 0.589783752797093 0.18268282488952 -0.144893332992353 -0.169001313651345 0.0345620745806333 -0.0356194184052169 0.141026178553227
6.14214931001422 22.5500581932118 36.4363785226558 0.854932884027698 -0.0629281827949447 0.514907474224555 -0.395665413654038 -0.721028550954721 0.568829135110504 0.184821877698254 -0.18950523881562 -0.147501920729149 0.302008763001743 0.111672671816251 0.015233440913786
6.16186742775212 22.036941101844 36.4998657355093 0.242829851541677 0.54020907526866 0.805734270353464 -0.301916333873877 -0.747255797316737 0.59199255104092 -0.00813991393861105 -0.0445457869900263 0.0764903895352042 -0.206486342404992 -0.0103101071647194 -0.462478152200384
6.15065815175046 21.2039050265346 36.599481484258 0.780937257679416 -0.608837934276096 -0.139474734410557 -0.499572306965709 -0.742868783763022 0.445615632803676 -0.176470003581093 -0.059176173407454 -0.0718385099511818 -0.0405021592688949 0.361252908083154 -0.243879358999748
5.94168328846849 21.2234064988304 37.0262582034474 -0.152342951272798 -0.722003084691485 -0.674909618088417 -0.882541788127133 0.406761578136946 -0.235934006013728 -0.0703431168722966 -0.0869504082816205 -0.0146267305120036 0.256889308512209 0.0109454656643615 0.0747276754220364
4.97834390259377 21.8999448503949 37.784423382643 -0.639868907458399 0.41445001641049 0.647146718001021 0.760663319526388 0.461409045489849 0.456610236827059 0.127371958445987 -0.517306002334008 0.0972821263794698 0.175561704098091 -0.184947974808595 0.00969551944538742
5.30568448424386 22.2688998224534 37.9592893087808 -0.808318694358914 -0.0566562466524373 0.586012681141079 0.513031841161308 0.420515306368999 0.748308169366456 -0.023009108817041 -0.260731395395233 0.372947832118706 0.439964807489574 -0.0920177475171973 0.0357932382150742
5.26467849810057 22.6020004060874 38.2844690689045 -0.10934980713383 -0.769817831780339 0.628826686257706 0.570061566684019 0.469677540391887 0.674116254602159 -0.0627407678247689 -0.0170768852809127 -0.357740643462859 0.13730926457131 0.542589739378435 0.345318934588353
5.34135948198621 22.7746147639164 38.8087451393549 0.547641132645792 -0.836668142587304 -0.00868343093915988 0.706855345426414 0.457069184597672 0.539854734090506 -0.340786288626614 -0.075020559650165 -0.11618513381481 -0.0493285720695412 -0.215954197551823 0.231619584093847
4.47040517687178 23.2579592097651 38.6481978293913 -0.261376457312179 -0.96013552762388 -0.0991054001604899 0.905728959217782 -0.279459659366888 0.318680415197392 0.454275493601546 -0.333856501294292 0.0473900835273581 -0.360563558755621 0.207272231086467 0.000874956478555291
4.6536394386556 24.4784025490984 39.0881700705861 0.641916615112389 0.0310733043317205 0.766144525481292 0.465243411937954 -0.81002043398988 -0.356952847391326 -0.35184379684361 0.384040916691075 0.226885631409377 0.337846943070642 -0.474630303925003 -0.256678825906987
5.19623342780903 25.0318514096645 38.3375998105237 0.678295297755808 0.414568510204009 -0.606669874343635 -0.133123277432494 0.881308148401765 0.453402685443268 -0.125953770385788 -0.0807961918330157 -0.116347943556112 -0.337980577369176 -0.16099560602432 0.239608203500002
5.02086851782536 25.4688396286462 37.645208719128 0.221128500652592 0.902464545314946 -0.369675252572902 0.151709612572161 0.342612665565262 0.927146516138313 -0.265853133111412 0.270576770550704 0.441047765313208 0.408363031359762 -0.336463608528501 -0.137056157499915
4.8083721058993 25.8630910457226 38.0388068931506 -0.935053086847672 0.236126928136432 -0.264423273340316 -0.283733179625808 -0.051295770773116 0.957530212699054 -0.0529495887776359 0.224722234672507 0.0945320182782443 0.226054358322673 -0.46758333118187 -0.349756753330828
4.68775831344316 26.2154589676916 38.3943994254703 -0.807382559460848 -0.579264559391994 -0.112186448537727 0.0371392058205047 -0.239653807506334 0.970147730307888 0.425649609473735 0.362332333401833 0.533109696147359 -0.1192189966564 0.105635380578148 0.117691402382271
4.46913187471135 26.2639573644694 38.8394956348431 7.91532370462998e-05 -0.934476047114968 -0.356025797410812 0.127902026303559 -0.353092213694923 0.926804663131617 -0.158627432169641 0.00510235721665043 0.590326300189981 -0.120786617192369 -0.0231164474768969 -0.0976028507726839
4.29848703916956 26.0135751475582 39.2351279535777 0.782063384543214 -0.472167316222926 -0.40673673189534 0.275218610832196 -0.323891693645275 0.905178886860497 -0.344809086299113 0.233917782952421 -0.000369781179357252 -0.565640575481131 -0.0292315294712549 -0.10591315093798
4.3496114183541 25.6013583744575 39.5100895237006 0.972184877435933 0.161243113083376 -0.169873930959043 0.216893991642538 -0.346067748330618 0.912794619934427 -0.350367601467188 -0.0403089078984741 0.198329601434647 -0.333530255956162 0.077095178693657 0.0739107454531128
4.64844245288456 25.3029782160381 39.7382852732205 0.330313834800573 0.887610761065877 0.320997959924671 0.33670572448505 -0.428520514650979 0.838450524672943 0.114388168409699 0.0148111487746915 0.182784272456639 -0.506941365132359 -0.388606476409969 0.188302012733309
4.99784898968834 25.1827840858807 40.0353886008205 -0.46911149044942 0.760426217623992 0.449094850119998 0.321375910283846 -0.326665320026835 0.88882347468271 0.465047885525698 0.495692242008002 -0.206582691172017 -0.388969718443376 0.388682932365141 0.0241344242754366
5.74938998068489 24.0970975295602 39.4068734424489 0.760826066586112 -0.396258295824895 -0.513928951440991 0.390829587541506 0.911991845220844 -0.124591194147589 0.177802963532054 -0.25264485804603 -0.077810204399621 0.416157576338938 -0.200181436517462 0.0507145163411336
