        0.0000  -1.014680   0.282358  -0.732322 
        0.5000  -0.785735   0.779200  -0.006535 
        1.0000  -0.624138   2.261560   1.637421 
        1.5000  -0.538097   2.835381   2.297285 
        2.0000  -0.503621   1.769850   1.266229 
        2.5000  -0.487769   0.531366   0.043597 
        3.0000  -0.504389   1.174619   0.670230 
        3.5000  -0.526806   2.497528   1.970722 
        4.0000  -0.550924   2.488613   1.937688 
        4.5000  -0.552305   1.153041   0.600736 
        5.0000  -0.535994   0.480181  -0.055812 
        5.5000  -0.532401   1.512463   0.980062 
        6.0000  -0.536592   2.465852   1.929260 
        6.5000  -0.477975   1.968110   1.490135 
        7.0000  -0.476870   0.718388   0.241517 
        7.5000  -0.477134   0.640894   0.163759 
        8.0000  -0.436461   1.760368   1.323907 
        8.5000  -0.428715   2.238965   1.810250 
        9.0000  -0.441444   1.520676   1.079232 
        9.5000  -0.431410   0.844702   0.413292 
       10.0000  -0.465525   1.338430   0.872905 
       10.5000  -0.491674   2.104879   1.613206 
       11.0000  -0.473588   1.977812   1.504224 
       11.5000  -0.450406   1.314222   0.863816 
       12.0000  -0.516951   1.120314   0.603364 
       12.5000  -0.486497   1.593666   1.107170 
       13.0000  -0.476927   1.973882   1.496955 
       13.5000  -0.508897   1.876712   1.367815 
       14.0000  -0.512181   1.550271   1.038090 
       14.5000  -0.522469   1.567991   1.045522 
       15.0000  -0.513944   1.826198   1.312254 
       15.5000  -0.509809   1.896203   1.386394 
       16.0000  -0.446843   1.516937   1.070094 
       16.5000  -0.286631   1.047862   0.761231 
       17.0000  -0.262669   1.055203   0.792534 
       17.5000  -0.173015   1.259498   1.086483 
       18.0000  -0.110357   1.352313   1.241955 
       18.5000   0.061576   1.174377   1.235953 
       19.0000   0.109144   1.082259   1.191403 
       19.5000   0.132162   1.036627   1.168790 
       20.0000   0.130207   1.004311   1.134518 
       20.5000   0.083868   1.021005   1.104873 
       21.0000   0.192181   0.907191   1.099372 
       21.5000   0.114593   0.978675   1.093268 
       22.0000   0.214931   0.880163   1.095094 
       22.5000   0.170957   0.888577   1.059533 
       23.0000   0.257360   0.800157   1.057517 
       23.5000   0.234412   0.814723   1.049135 
       24.0000   0.215517   0.822716   1.038232 
       24.5000   0.249132   0.774537   1.023670 
       25.0000   0.229345   0.783886   1.013230 
       25.5000   0.228044   0.775595   1.003639 
       26.0000   0.227749   0.771280   0.999029 
       26.5000   0.168128   0.806012   0.974140 
       27.0000   0.210523   0.744034   0.954556 
       27.5000   0.298610   0.648550   0.947160 
       28.0000   0.284629   0.654154   0.938783 
       28.5000   0.286652   0.645065   0.931716 
       29.0000   0.289435   0.635244   0.924680 
       29.5000   0.257359   0.660772   0.918131 
       30.0000   0.270436   0.626847   0.897283 
       30.5000   0.228831   0.663401   0.892232 
       31.0000   0.285805   0.601458   0.887264 
       31.5000   0.252565   0.630595   0.883160 
       32.0000   0.260836   0.598839   0.859676 
       32.5000   0.276924   0.564925   0.841849 
       33.0000   0.212469   0.630863   0.843331 
       33.5000   0.235798   0.589882   0.825680 
       34.0000   0.228631   0.580351   0.808981 
       34.5000   0.207921   0.586031   0.793952 
       35.0000   0.274026   0.534262   0.808288 
       35.5000   0.286605   0.530215   0.816820 
       36.0000   0.243705   0.550344   0.794048 
       36.5000   0.233134   0.540740   0.773874 
       37.0000   0.222572   0.551783   0.774355 
       37.5000   0.238056   0.530395   0.768451 
       38.0000   0.240121   0.533035   0.773157 
       38.5000   0.230526   0.525678   0.756204 
       39.0000   0.232298   0.503445   0.735743 
       39.5000   0.270468   0.462758   0.733226 
       40.0000   0.202371   0.529327   0.731698 
       40.5000   0.211658   0.512491   0.724149 
       41.0000   0.227138   0.488386   0.715524 
       41.5000   0.186061   0.527374   0.713435 
       42.0000   0.212777   0.488465   0.701242 
       42.5000   0.251801   0.446955   0.698756 
       43.0000   0.236255   0.461202   0.697457 
       43.5000   0.258967   0.436182   0.695149 
       44.0000   0.221574   0.479471   0.701045 
       44.5000   0.239171   0.452298   0.691469 
       45.0000   0.181797   0.499255   0.681052 
       45.5000   0.206749   0.478514   0.685263 
       46.0000   0.180084   0.494790   0.674874 
       46.5000   0.209353   0.446232   0.655585 
       47.0000   0.174680   0.479568   0.654248 
       47.5000   0.159169   0.492344   0.651513 
       48.0000   0.178785   0.453799   0.632585 
       48.5000   0.168228   0.446584   0.614812 
       49.0000   0.170824   0.444044   0.614868 
       49.5000   0.163786   0.452050   0.615836 
       50.0000   0.130635   0.482117   0.612753 
       50.5000   0.147075   0.462885   0.609959 
       51.0000   0.146434   0.465393   0.611827 
       51.5000   0.163189   0.439029   0.602217 
       52.0000   0.179166   0.427322   0.606488 
       52.5000   0.199064   0.402366   0.601430 
       53.0000   0.177955   0.420478   0.598434 
       53.5000   0.183691   0.415978   0.599669 
       54.0000   0.187538   0.405527   0.593065 
       54.5000   0.191477   0.401605   0.593083 
       55.0000   0.177784   0.411036   0.588820 
       55.5000   0.156600   0.436855   0.593455 
       56.0000   0.178157   0.406405   0.584562 
       56.5000   0.177411   0.414037   0.591449 
       57.0000   0.175070   0.422365   0.597435 
       57.5000   0.134548   0.456277   0.590826 
       58.0000   0.176649   0.414828   0.591477 
       58.5000   0.179243   0.391379   0.570623 
       59.0000   0.191518   0.377221   0.568739 
       59.5000   0.171980   0.400916   0.572896 
       60.0000   0.174906   0.380541   0.555447 
       60.5000   0.139008   0.406243   0.545251 
       61.0000   0.122748   0.421529   0.544277 
       61.5000   0.165911   0.377876   0.543787 
       62.0000   0.150478   0.404670   0.555149 
       62.5000   0.141739   0.413537   0.555276 
       63.0000   0.145241   0.407351   0.552592 
       63.5000   0.127745   0.423998   0.551743 
       64.0000   0.119917   0.422981   0.542898 
       64.5000   0.130990   0.393696   0.524686 
       65.0000   0.136905   0.383441   0.520346 
       65.5000   0.137013   0.376881   0.513894 
       66.0000   0.100582   0.408343   0.508925 
       66.5000   0.091488   0.408056   0.499544 
       67.0000   0.130757   0.376339   0.507096 
       67.5000   0.072955   0.426522   0.499477 
       68.0000   0.076614   0.415776   0.492390 
       68.5000   0.073280   0.416314   0.489594 
       69.0000   0.076874   0.413542   0.490416 
       69.5000   0.027619   0.458475   0.486095 
       70.0000   0.050650   0.431285   0.481935 
       70.5000   0.017971   0.465494   0.483465 
       71.0000   0.080491   0.401630   0.482121 
       71.5000   0.019751   0.460479   0.480230 
       72.0000   0.027262   0.429596   0.456858 
       72.5000   0.043036   0.406486   0.449522 
       73.0000  -0.005705   0.441516   0.435811 
       73.5000   0.038502   0.393619   0.432121 
       74.0000  -0.023297   0.447524   0.424227 
       74.5000   0.019979   0.390379   0.410358 
       75.0000   0.014351   0.397149   0.411500 
       75.5000  -0.044304   0.450512   0.406208 
       76.0000  -0.018480   0.428621   0.410141 
       76.5000  -0.051274   0.459405   0.408131 
       77.0000  -0.014070   0.424502   0.410432 
       77.5000  -0.001748   0.400016   0.398268 
       78.0000  -0.006107   0.402463   0.396356 
       78.5000   0.003935   0.396837   0.400772 
       79.0000   0.007703   0.385434   0.393137 
       79.5000   0.005681   0.385448   0.391129 
       80.0000   0.005211   0.390381   0.395592 
       80.5000   0.004704   0.397676   0.402380 
       81.0000   0.011768   0.390824   0.402592 
       81.5000   0.031062   0.371708   0.402771 
       82.0000  -0.021749   0.423888   0.402139 
       82.5000   0.001365   0.399584   0.400949 
       83.0000   0.014757   0.384848   0.399605 
       83.5000  -0.001003   0.398967   0.397964 
       84.0000  -0.002340   0.407673   0.405333 
       84.5000   0.026588   0.386133   0.412721 
       85.0000  -0.000657   0.409294   0.408637 
       85.5000   0.025016   0.375871   0.400887 
       86.0000  -0.009082   0.393758   0.384676 
       86.5000  -0.024193   0.417416   0.393223 
       87.0000  -0.015420   0.393548   0.378128 
       87.5000  -0.040557   0.417787   0.377230 
       88.0000  -0.026452   0.394066   0.367614 
       88.5000  -0.044507   0.409642   0.365136 
       89.0000  -0.039993   0.415939   0.375946 
       89.5000  -0.031798   0.412678   0.380880 
       90.0000  -0.068002   0.450964   0.382962 
       90.5000  -0.030410   0.410626   0.380215 
       91.0000  -0.048005   0.410400   0.362395 
       91.5000  -0.039519   0.396783   0.357264 
       92.0000  -0.017753   0.367669   0.349916 
       92.5000  -0.020982   0.361491   0.340509 
       93.0000  -0.006216   0.350522   0.344305 
       93.5000  -0.008774   0.354445   0.345671 
       94.0000  -0.037147   0.375702   0.338555 
       94.5000  -0.013139   0.352367   0.339228 
       95.0000  -0.042892   0.377780   0.334888 
       95.5000  -0.033937   0.365045   0.331108 
       96.0000  -0.027956   0.363000   0.335044 
       96.5000  -0.029825   0.370058   0.340234 
       97.0000  -0.031128   0.380081   0.348953 
       97.5000  -0.067846   0.419462   0.351616 
       98.0000  -0.046766   0.393788   0.347022 
       98.5000  -0.073332   0.416200   0.342868 
       99.0000  -0.065895   0.414562   0.348668 
       99.5000  -0.086988   0.423623   0.336635 
      100.0000  -0.072144   0.393833   0.321689 
      100.5000  -0.106147   0.431154   0.325007 
      101.0000  -0.090558   0.420933   0.330375 
      101.5000  -0.116334   0.439307   0.322972 
      102.0000  -0.095596   0.419692   0.324096 
      102.5000  -0.114319   0.445790   0.331471 
      103.0000  -0.121590   0.454511   0.332921 
      103.5000  -0.104214   0.426709   0.322495 
      104.0000  -0.081310   0.398653   0.317343 
      104.5000  -0.090622   0.399379   0.308757 
      105.0000  -0.157630   0.460363   0.302734 
      105.5000  -0.120906   0.423372   0.302466 
      106.0000  -0.122669   0.416925   0.294256 
      106.5000  -0.093601   0.381460   0.287859 
      107.0000  -0.116357   0.404031   0.287675 
      107.5000  -0.107964   0.385263   0.277299 
      108.0000  -0.098502   0.371444   0.272942 
      108.5000  -0.102873   0.378459   0.275586 
      109.0000  -0.110852   0.388772   0.277919 
      109.5000  -0.087545   0.351957   0.264412 
      110.0000  -0.086944   0.343386   0.256442 
      110.5000  -0.125674   0.390294   0.264620 
      111.0000  -0.112091   0.364143   0.252051 
      111.5000  -0.118312   0.360584   0.242272 
      112.0000  -0.110873   0.356754   0.245880 
      112.5000  -0.160969   0.402059   0.241091 
      113.0000  -0.140267   0.376078   0.235811 
      113.5000  -0.146415   0.370274   0.223859 
      114.0000  -0.156461   0.379991   0.223531 
      114.5000  -0.186502   0.408867   0.222365 
      115.0000  -0.169381   0.381904   0.212523 
      115.5000  -0.173707   0.399510   0.225803 
      116.0000  -0.163202   0.387282   0.224080 
      116.5000  -0.168266   0.388138   0.219873 
      117.0000  -0.166225   0.379336   0.213111 
      117.5000  -0.163042   0.382152   0.219110 
      118.0000  -0.168385   0.387663   0.219278 
      118.5000  -0.141358   0.364508   0.223150 
      119.0000  -0.156132   0.374720   0.218588 
      119.5000  -0.173199   0.384548   0.211349 
      120.0000  -0.194133   0.396506   0.202373 
      120.5000  -0.153028   0.351784   0.198756 
      121.0000  -0.168223   0.368351   0.200128 
      121.5000  -0.189205   0.385391   0.196186 
      122.0000  -0.205532   0.399303   0.193771 
      122.5000  -0.170795   0.352415   0.181620 
      123.0000  -0.177494   0.351851   0.174356 
      123.5000  -0.159140   0.329471   0.170331 
      124.0000  -0.167141   0.337055   0.169914 
      124.5000  -0.165907   0.333198   0.167291 
      125.0000  -0.184137   0.347409   0.163272 
      125.5000  -0.205830   0.372501   0.166671 
      126.0000  -0.180815   0.339822   0.159007 
      126.5000  -0.200983   0.362713   0.161730 
      127.0000  -0.199492   0.363181   0.163689 
      127.5000  -0.210254   0.371924   0.161670 
      128.0000  -0.201652   0.370656   0.169004 
      128.5000  -0.205619   0.374043   0.168424 
      129.0000  -0.191084   0.355158   0.164074 
      129.5000  -0.188894   0.357858   0.168965 
      130.0000  -0.178144   0.349553   0.171409 
      130.5000  -0.178263   0.351994   0.173731 
      131.0000  -0.185344   0.361412   0.176068 
      131.5000  -0.178266   0.356132   0.177866 
      132.0000  -0.199279   0.388328   0.189048 
      132.5000  -0.194941   0.385405   0.190464 
      133.0000  -0.178689   0.361604   0.182915 
      133.5000  -0.180278   0.357935   0.177657 
      134.0000  -0.159376   0.348258   0.188882 
      134.5000  -0.168355   0.346920   0.178565 
      135.0000  -0.201612   0.380598   0.178987 
      135.5000  -0.191353   0.378988   0.187635 
      136.0000  -0.173997   0.361847   0.187849 
      136.5000  -0.157996   0.346344   0.188348 
      137.0000  -0.211465   0.409154   0.197689 
      137.5000  -0.171937   0.378084   0.206147 
      138.0000  -0.187490   0.381354   0.193864 
      138.5000  -0.199915   0.391522   0.191607 
      139.0000  -0.193178   0.374420   0.181241 
      139.5000  -0.189685   0.374132   0.184447 
      140.0000  -0.204799   0.386399   0.181600 
      140.5000  -0.189539   0.371245   0.181706 
      141.0000  -0.205034   0.373884   0.168850 
      141.5000  -0.209343   0.369768   0.160426 
      142.0000  -0.215741   0.365798   0.150057 
      142.5000  -0.217911   0.376660   0.158749 
      143.0000  -0.219280   0.372914   0.153634 
      143.5000  -0.229241   0.380820   0.151578 
      144.0000  -0.221104   0.364961   0.143857 
      144.5000  -0.235422   0.371496   0.136075 
      145.0000  -0.229375   0.384657   0.155282 
      145.5000  -0.233852   0.382752   0.148900 
      146.0000  -0.236396   0.378828   0.142433 
      146.5000  -0.242251   0.371582   0.129331 
      147.0000  -0.231689   0.363894   0.132205 
      147.5000  -0.240529   0.375131   0.134602 
      148.0000  -0.241448   0.377573   0.136125 
      148.5000  -0.232926   0.374366   0.141441 
      149.0000  -0.258112   0.402058   0.143946 
      149.5000  -0.216076   0.366682   0.150606 
      150.0000  -0.236410   0.400165   0.163755 
      150.5000  -0.222253   0.385000   0.162747 
      151.0000  -0.235367   0.395846   0.160479 
      151.5000  -0.235314   0.395172   0.159858 
      152.0000  -0.237416   0.381543   0.144127 
      152.5000  -0.239704   0.375483   0.135779 
      153.0000  -0.229081   0.371257   0.142176 
      153.5000  -0.205639   0.342479   0.136841 
      154.0000  -0.239741   0.384910   0.145169 
      154.5000  -0.192106   0.334944   0.142838 
      155.0000  -0.189062   0.335738   0.146676 
      155.5000  -0.200290   0.340600   0.140311 
      156.0000  -0.197535   0.341738   0.144203 
      156.5000  -0.220779   0.352004   0.131225 
      157.0000  -0.241124   0.371150   0.130026 
      157.5000  -0.235703   0.368502   0.132800 
      158.0000  -0.217553   0.346775   0.129222 
      158.5000  -0.220504   0.343153   0.122649 
      159.0000  -0.229507   0.343767   0.114260 
      159.5000  -0.243782   0.351946   0.108164 
      160.0000  -0.275024   0.388704   0.113680 
      160.5000  -0.219379   0.333957   0.114578 
      161.0000  -0.236031   0.343854   0.107823 
      161.5000  -0.236539   0.344923   0.108384 
      162.0000  -0.258598   0.370300   0.111702 
      162.5000  -0.237946   0.339732   0.101786 
      163.0000  -0.231163   0.323913   0.092750 
      163.5000  -0.238641   0.335995   0.097355 
      164.0000  -0.240080   0.344943   0.104863 
      164.5000  -0.227435   0.338791   0.111356 
      165.0000  -0.231682   0.336231   0.104549 
      165.5000  -0.255304   0.340900   0.085596 
      166.0000  -0.242699   0.322564   0.079864 
      166.5000  -0.263446   0.330487   0.067041 
      167.0000  -0.234830   0.305139   0.070309 
      167.5000  -0.274352   0.347657   0.073305 
      168.0000  -0.258608   0.329108   0.070500 
      168.5000  -0.297385   0.362186   0.064800 
      169.0000  -0.274996   0.335516   0.060519 
      169.5000  -0.278801   0.345023   0.066222 
      170.0000  -0.259528   0.326812   0.067284 
      170.5000  -0.269650   0.329011   0.059361 
      171.0000  -0.299294   0.347945   0.048651 
      171.5000  -0.278096   0.328450   0.050354 
      172.0000  -0.273806   0.325167   0.051361 
      172.5000  -0.289255   0.338088   0.048833 
      173.0000  -0.281040   0.324481   0.043440 
      173.5000  -0.300009   0.340542   0.040533 
      174.0000  -0.293873   0.335766   0.041893 
      174.5000  -0.270538   0.317599   0.047061 
      175.0000  -0.275106   0.319242   0.044136 
      175.5000  -0.257619   0.314179   0.056559 
      176.0000  -0.264958   0.326549   0.061591 
      176.5000  -0.274828   0.332477   0.057649 
      177.0000  -0.260238   0.319619   0.059381 
      177.5000  -0.285388   0.348238   0.062850 
      178.0000  -0.266681   0.327836   0.061155 
      178.5000  -0.284032   0.334636   0.050604 
      179.0000  -0.247679   0.301698   0.054019 
      179.5000  -0.279523   0.333823   0.054299 
      180.0000  -0.274042   0.315250   0.041208 
      180.5000  -0.285961   0.338247   0.052286 
      181.0000  -0.240911   0.299945   0.059035 
      181.5000  -0.292607   0.356954   0.064346 
      182.0000  -0.281401   0.333779   0.052378 
      182.5000  -0.290609   0.337104   0.046495 
      183.0000  -0.268311   0.326410   0.058100 
      183.5000  -0.325952   0.389087   0.063134 
      184.0000  -0.306033   0.352974   0.046941 
      184.5000  -0.290262   0.341385   0.051122 
      185.0000  -0.298420   0.340895   0.042476 
      185.5000  -0.311397   0.352115   0.040717 
      186.0000  -0.283456   0.319581   0.036126 
      186.5000  -0.259029   0.299932   0.040903 
      187.0000  -0.295397   0.329477   0.034080 
      187.5000  -0.303676   0.336273   0.032597 
      188.0000  -0.277948   0.309977   0.032029 
      188.5000  -0.270370   0.304450   0.034080 
      189.0000  -0.298742   0.347898   0.049157 
      189.5000  -0.261587   0.312185   0.050598 
      190.0000  -0.278476   0.329832   0.051356 
      190.5000  -0.283938   0.330718   0.046780 
      191.0000  -0.313911   0.356670   0.042759 
      191.5000  -0.298324   0.348995   0.050671 
      192.0000  -0.285816   0.333239   0.047423 
      192.5000  -0.280908   0.330873   0.049966 
      193.0000  -0.312130   0.355688   0.043558 
      193.5000  -0.318838   0.364798   0.045960 
      194.0000  -0.329983   0.377890   0.047907 
      194.5000  -0.296703   0.342697   0.045993 
      195.0000  -0.286836   0.336216   0.049381 
      195.5000  -0.316752   0.361034   0.044282 
      196.0000  -0.278537   0.326450   0.047912 
      196.5000  -0.317907   0.360146   0.042240 
      197.0000  -0.308007   0.346121   0.038114 
      197.5000  -0.360732   0.399335   0.038603 
      198.0000  -0.329029   0.356915   0.027886 
      198.5000  -0.343867   0.368139   0.024272 
      199.0000  -0.304851   0.332910   0.028059 
      199.5000  -0.324033   0.344833   0.020800 
      200.0000  -0.320481   0.343493   0.023012 
      200.5000  -0.328699   0.346936   0.018237 
      201.0000  -0.329276   0.354074   0.024798 
      201.5000  -0.364063   0.389653   0.025590 
      202.0000  -0.324149   0.351849   0.027701 
      202.5000  -0.321842   0.347391   0.025549 
      203.0000  -0.337517   0.361562   0.024045 
      203.5000  -0.287191   0.309944   0.022753 
      204.0000  -0.307074   0.322744   0.015669 
      204.5000  -0.319875   0.327424   0.007549 
      205.0000  -0.345460   0.349804   0.004344 
      205.5000  -0.310435   0.311363   0.000928 
      206.0000  -0.306089   0.318677   0.012588 
      206.5000  -0.337100   0.344087   0.006987 
      207.0000  -0.303102   0.307017   0.003914 
      207.5000  -0.301626   0.312494   0.010868 
      208.0000  -0.315057   0.328125   0.013068 
      208.5000  -0.323414   0.340469   0.017055 
      209.0000  -0.282649   0.299036   0.016387 
      209.5000  -0.313847   0.321216   0.007369 
      210.0000  -0.315512   0.315490  -0.000022 
      210.5000  -0.321064   0.316819  -0.004246 
      211.0000  -0.337272   0.327761  -0.009510 
      211.5000  -0.328425   0.313254  -0.015172 
      212.0000  -0.335339   0.325536  -0.009803 
      212.5000  -0.311036   0.297388  -0.013648 
      213.0000  -0.325738   0.304679  -0.021060 
      213.5000  -0.327055   0.301151  -0.025904 
      214.0000  -0.295208   0.260604  -0.034604 
      214.5000  -0.338163   0.306933  -0.031231 
      215.0000  -0.347723   0.312269  -0.035453 
      215.5000  -0.336448   0.297831  -0.038617 
      216.0000  -0.379706   0.335334  -0.044372 
      216.5000  -0.346600   0.299461  -0.047138 
      217.0000  -0.334268   0.287561  -0.046707 
      217.5000  -0.349356   0.302905  -0.046451 
      218.0000  -0.348283   0.305964  -0.042319 
      218.5000  -0.361643   0.316678  -0.044966 
      219.0000  -0.357008   0.311282  -0.045726 
      219.5000  -0.319649   0.266687  -0.052962 
      220.0000  -0.344351   0.300088  -0.044263 
      220.5000  -0.370676   0.318785  -0.051891 
      221.0000  -0.350378   0.300424  -0.049954 
      221.5000  -0.355676   0.308726  -0.046950 
      222.0000  -0.358101   0.319283  -0.038818 
      222.5000  -0.358423   0.319594  -0.038829 
      223.0000  -0.331049   0.291679  -0.039371 
      223.5000  -0.366096   0.319542  -0.046554 
      224.0000  -0.346009   0.300177  -0.045832 
      224.5000  -0.349148   0.308168  -0.040980 
      225.0000  -0.340308   0.313375  -0.026933 
      225.5000  -0.326360   0.298837  -0.027523 
      226.0000  -0.349009   0.327862  -0.021147 
      226.5000  -0.333434   0.306132  -0.027303 
      227.0000  -0.337801   0.308561  -0.029240 
      227.5000  -0.325750   0.297185  -0.028566 
      228.0000  -0.303006   0.282202  -0.020805 
      228.5000  -0.340399   0.321987  -0.018412 
      229.0000  -0.340467   0.316343  -0.024125 
      229.5000  -0.331557   0.310133  -0.021424 
      230.0000  -0.327201   0.305796  -0.021405 
      230.5000  -0.336177   0.308412  -0.027765 
      231.0000  -0.343214   0.326845  -0.016368 
      231.5000  -0.330430   0.313057  -0.017373 
      232.0000  -0.326541   0.304958  -0.021583 
      232.5000  -0.341434   0.323426  -0.018009 
      233.0000  -0.346468   0.324134  -0.022334 
      233.5000  -0.318716   0.299082  -0.019634 
      234.0000  -0.332021   0.310460  -0.021561 
      234.5000  -0.367315   0.344645  -0.022670 
      235.0000  -0.355762   0.321838  -0.033924 
      235.5000  -0.346353   0.321855  -0.024497 
      236.0000  -0.331649   0.300271  -0.031378 
      236.5000  -0.328964   0.290641  -0.038323 
      237.0000  -0.328543   0.295569  -0.032973 
      237.5000  -0.337735   0.297734  -0.040000 
      238.0000  -0.359182   0.332095  -0.027087 
      238.5000  -0.341805   0.316050  -0.025755 
      239.0000  -0.351889   0.316049  -0.035840 
      239.5000  -0.352036   0.307012  -0.045024 
      240.0000  -0.325829   0.273017  -0.052812 
      240.5000  -0.363614   0.303901  -0.059713 
      241.0000  -0.341095   0.284974  -0.056121 
      241.5000  -0.369246   0.314244  -0.055003 
      242.0000  -0.349744   0.291066  -0.058678 
      242.5000  -0.368932   0.308752  -0.060181 
      243.0000  -0.376564   0.320933  -0.055631 
      243.5000  -0.363105   0.306436  -0.056669 
      244.0000  -0.359349   0.307843  -0.051506 
      244.5000  -0.398255   0.342073  -0.056182 
      245.0000  -0.366887   0.305834  -0.061054 
      245.5000  -0.397721   0.333113  -0.064608 
      246.0000  -0.396626   0.328819  -0.067807 
      246.5000  -0.364479   0.291402  -0.073077 
      247.0000  -0.378266   0.299942  -0.078324 
      247.5000  -0.369223   0.292729  -0.076494 
      248.0000  -0.383989   0.302040  -0.081949 
      248.5000  -0.394080   0.308414  -0.085666 
      249.0000  -0.379603   0.293571  -0.086033 
      249.5000  -0.383567   0.289545  -0.094022 
      250.0000  -0.386054   0.292421  -0.093633 
      250.5000  -0.382969   0.286185  -0.096783 
      251.0000  -0.372063   0.270830  -0.101233 
      251.5000  -0.388740   0.289697  -0.099044 
      252.0000  -0.390088   0.290373  -0.099715 
      252.5000  -0.372828   0.267072  -0.105756 
      253.0000  -0.400567   0.289354  -0.111213 
      253.5000  -0.355926   0.248324  -0.107603 
      254.0000  -0.392650   0.288313  -0.104337 
      254.5000  -0.356475   0.258799  -0.097675 
      255.0000  -0.362887   0.268312  -0.094574 
      255.5000  -0.376418   0.277313  -0.099105 
      256.0000  -0.382693   0.291459  -0.091234 
      256.5000  -0.382227   0.283928  -0.098299 
      257.0000  -0.412809   0.316300  -0.096509 
      257.5000  -0.407406   0.307654  -0.099752 
      258.0000  -0.396368   0.292064  -0.104304 
      258.5000  -0.398121   0.294759  -0.103361 
      259.0000  -0.399615   0.287637  -0.111977 
      259.5000  -0.401058   0.300102  -0.100956 
      260.0000  -0.401996   0.308079  -0.093918 
      260.5000  -0.375939   0.285583  -0.090356 
      261.0000  -0.377708   0.284587  -0.093121 
      261.5000  -0.399632   0.309868  -0.089764 
      262.0000  -0.404965   0.312380  -0.092585 
      262.5000  -0.364207   0.279320  -0.084887 
      263.0000  -0.392571   0.314360  -0.078211 
      263.5000  -0.389058   0.300319  -0.088739 
      264.0000  -0.390045   0.302045  -0.088000 
      264.5000  -0.373722   0.292565  -0.081157 
      265.0000  -0.381094   0.297884  -0.083210 
      265.5000  -0.379167   0.301186  -0.077981 
      266.0000  -0.388271   0.319311  -0.068960 
      266.5000  -0.385626   0.306825  -0.078800 
      267.0000  -0.389925   0.316372  -0.073553 
      267.5000  -0.409328   0.324656  -0.084671 
      268.0000  -0.399756   0.313804  -0.085952 
      268.5000  -0.393611   0.301572  -0.092039 
      269.0000  -0.384054   0.284478  -0.099576 
      269.5000  -0.389606   0.290582  -0.099023 
      270.0000  -0.384385   0.280088  -0.104298 
      270.5000  -0.398711   0.280325  -0.118387 
      271.0000  -0.396028   0.274554  -0.121474 
      271.5000  -0.429618   0.315046  -0.114572 
      272.0000  -0.392908   0.280283  -0.112625 
      272.5000  -0.401597   0.298899  -0.102698 
      273.0000  -0.387112   0.286702  -0.100410 
      273.5000  -0.406458   0.314548  -0.091911 
      274.0000  -0.392526   0.301869  -0.090657 
      274.5000  -0.384378   0.290320  -0.094058 
      275.0000  -0.372016   0.266916  -0.105101 
      275.5000  -0.391587   0.282258  -0.109330 
      276.0000  -0.401815   0.286792  -0.115023 
      276.5000  -0.384727   0.268813  -0.115914 
      277.0000  -0.400319   0.287181  -0.113138 
      277.5000  -0.410411   0.295216  -0.115195 
      278.0000  -0.407301   0.283482  -0.123819 
      278.5000  -0.412862   0.298818  -0.114044 
      279.0000  -0.419056   0.302266  -0.116790 
      279.5000  -0.400925   0.277005  -0.123920 
      280.0000  -0.431691   0.307389  -0.124301 
      280.5000  -0.404267   0.286468  -0.117799 
      281.0000  -0.413150   0.294143  -0.119007 
      281.5000  -0.410484   0.292105  -0.118378 
      282.0000  -0.437668   0.318683  -0.118985 
      282.5000  -0.442978   0.313914  -0.129064 
      283.0000  -0.441219   0.322307  -0.118913 
      283.5000  -0.423635   0.300451  -0.123184 
      284.0000  -0.438258   0.311589  -0.126669 
      284.5000  -0.420053   0.282779  -0.137275 
      285.0000  -0.418586   0.287977  -0.130609 
      285.5000  -0.440742   0.317215  -0.123527 
      286.0000  -0.435040   0.314829  -0.120211 
      286.5000  -0.428818   0.298932  -0.129886 
      287.0000  -0.460009   0.330191  -0.129818 
      287.5000  -0.440112   0.317310  -0.122802 
      288.0000  -0.409015   0.282612  -0.126403 
      288.5000  -0.395379   0.276703  -0.118676 
      289.0000  -0.450330   0.334870  -0.115460 
      289.5000  -0.414579   0.291509  -0.123070 
      290.0000  -0.396877   0.274716  -0.122161 
      290.5000  -0.449103   0.332098  -0.117005 
      291.0000  -0.416078   0.297258  -0.118820 
      291.5000  -0.419578   0.299147  -0.120431 
      292.0000  -0.401535   0.282443  -0.119092 
      292.5000  -0.412847   0.308416  -0.104431 
      293.0000  -0.418954   0.313295  -0.105659 
      293.5000  -0.421475   0.319612  -0.101863 
      294.0000  -0.429367   0.328670  -0.100697 
      294.5000  -0.400796   0.290795  -0.110001 
      295.0000  -0.411648   0.297574  -0.114074 
      295.5000  -0.429606   0.310154  -0.119452 
      296.0000  -0.402312   0.275258  -0.127054 
      296.5000  -0.403726   0.289392  -0.114334 
      297.0000  -0.397784   0.283734  -0.114050 
      297.5000  -0.428025   0.319221  -0.108805 
      298.0000  -0.389919   0.274030  -0.115889 
      298.5000  -0.402280   0.288140  -0.114140 
      299.0000  -0.377942   0.265776  -0.112166 
      299.5000  -0.370249   0.255135  -0.115115 
      300.0000  -0.394316   0.280600  -0.113716 
      300.5000  -0.418023   0.301438  -0.116585 
      301.0000  -0.414378   0.303681  -0.110697 
      301.5000  -0.424422   0.313600  -0.110822 
      302.0000  -0.402894   0.293761  -0.109134 
      302.5000  -0.436351   0.334349  -0.102002 
      303.0000  -0.456487   0.349900  -0.106587 
      303.5000  -0.420509   0.315332  -0.105177 
      304.0000  -0.419457   0.306066  -0.113391 
      304.5000  -0.447839   0.324182  -0.123657 
      305.0000  -0.450113   0.319529  -0.130584 
      305.5000  -0.436981   0.303955  -0.133026 
      306.0000  -0.417986   0.279733  -0.138253 
      306.5000  -0.432253   0.300473  -0.131780 
      307.0000  -0.459667   0.335601  -0.124066 
      307.5000  -0.425771   0.293324  -0.132446 
      308.0000  -0.453628   0.312203  -0.141425 
      308.5000  -0.468998   0.315978  -0.153020 
      309.0000  -0.464496   0.313928  -0.150569 
      309.5000  -0.459493   0.301282  -0.158212 
      310.0000  -0.436758   0.278074  -0.158684 
      310.5000  -0.476429   0.321194  -0.155235 
      311.0000  -0.474157   0.318851  -0.155306 
      311.5000  -0.469719   0.306831  -0.162888 
      312.0000  -0.473450   0.305369  -0.168081 
      312.5000  -0.493077   0.324270  -0.168807 
      313.0000  -0.459362   0.294537  -0.164825 
      313.5000  -0.492254   0.327620  -0.164634 
      314.0000  -0.452033   0.300463  -0.151570 
      314.5000  -0.476922   0.334485  -0.142436 
      315.0000  -0.464403   0.331471  -0.132932 
      315.5000  -0.458046   0.327745  -0.130301 
      316.0000  -0.467342   0.329406  -0.137935 
      316.5000  -0.451426   0.315276  -0.136150 
      317.0000  -0.466048   0.334444  -0.131605 
      317.5000  -0.455683   0.319094  -0.136589 
      318.0000  -0.473511   0.349455  -0.124056 
      318.5000  -0.427556   0.302379  -0.125178 
      319.0000  -0.443107   0.322246  -0.120861 
      319.5000  -0.441560   0.305427  -0.136133 
      320.0000  -0.480920   0.339994  -0.140926 
      320.5000  -0.422679   0.285308  -0.137371 
      321.0000  -0.434806   0.303302  -0.131504 
      321.5000  -0.458364   0.321946  -0.136418 
      322.0000  -0.477977   0.340106  -0.137871 
      322.5000  -0.475765   0.347670  -0.128095 
      323.0000  -0.432236   0.298645  -0.133591 
      323.5000  -0.467347   0.327082  -0.140266 
      324.0000  -0.452492   0.308839  -0.143653 
      324.5000  -0.463299   0.317802  -0.145497 
      325.0000  -0.514008   0.366615  -0.147392 
      325.5000  -0.485395   0.339081  -0.146314 
      326.0000  -0.493654   0.344024  -0.149630 
      326.5000  -0.485233   0.332406  -0.152827 
      327.0000  -0.498859   0.351387  -0.147472 
      327.5000  -0.485247   0.335028  -0.150218 
      328.0000  -0.470436   0.317987  -0.152449 
      328.5000  -0.524820   0.378047  -0.146773 
      329.0000  -0.496620   0.337670  -0.158951 
      329.5000  -0.512409   0.346850  -0.165558 
      330.0000  -0.500814   0.333095  -0.167719 
      330.5000  -0.487251   0.326449  -0.160802 
      331.0000  -0.512961   0.351379  -0.161582 
      331.5000  -0.500939   0.332843  -0.168096 
      332.0000  -0.530767   0.356587  -0.174180 
      332.5000  -0.496697   0.327829  -0.168868 
      333.0000  -0.496714   0.333657  -0.163056 
      333.5000  -0.553580   0.384633  -0.168946 
      334.0000  -0.531711   0.366980  -0.164731 
      334.5000  -0.489833   0.333300  -0.156532 
      335.0000  -0.508994   0.356924  -0.152071 
      335.5000  -0.491985   0.339697  -0.152288 
      336.0000  -0.457766   0.312089  -0.145677 
      336.5000  -0.503983   0.357429  -0.146554 
      337.0000  -0.438504   0.294800  -0.143703 
      337.5000  -0.465472   0.329949  -0.135523 
      338.0000  -0.452994   0.317170  -0.135824 
      338.5000  -0.447722   0.313379  -0.134343 
      339.0000  -0.452292   0.326656  -0.125636 
      339.5000  -0.443751   0.316093  -0.127658 
      340.0000  -0.466768   0.338740  -0.128028 
      340.5000  -0.457157   0.335525  -0.121632 
      341.0000  -0.457782   0.335980  -0.121802 
      341.5000  -0.441002   0.321021  -0.119981 
      342.0000  -0.457284   0.344075  -0.113209 
      342.5000  -0.427041   0.308236  -0.118805 
      343.0000  -0.442815   0.327764  -0.115052 
      343.5000  -0.425109   0.314741  -0.110368 
      344.0000  -0.433359   0.332659  -0.100701 
      344.5000  -0.454095   0.341026  -0.113069 
      345.0000  -0.438295   0.321362  -0.116934 
      345.5000  -0.443971   0.323926  -0.120045 
      346.0000  -0.437430   0.313398  -0.124031 
      346.5000  -0.408666   0.284013  -0.124653 
      347.0000  -0.433882   0.306995  -0.126887 
      347.5000  -0.421168   0.302488  -0.118680 
      348.0000  -0.392429   0.280174  -0.112254 
      348.5000  -0.427279   0.316414  -0.110864 
      349.0000  -0.438421   0.328723  -0.109699 
      349.5000  -0.443815   0.323699  -0.120116 
      350.0000  -0.420962   0.290159  -0.130802 
      350.5000  -0.407805   0.277831  -0.129974 
      351.0000  -0.397750   0.276362  -0.121388 
      351.5000  -0.431220   0.308641  -0.122579 
      352.0000  -0.408700   0.278254  -0.130445 
      352.5000  -0.414549   0.290307  -0.124242 
      353.0000  -0.409072   0.283351  -0.125721 
      353.5000  -0.378845   0.259442  -0.119403 
      354.0000  -0.401137   0.278857  -0.122281 
      354.5000  -0.391251   0.275141  -0.116110 
      355.0000  -0.400318   0.276406  -0.123912 
      355.5000  -0.384890   0.266885  -0.118005 
      356.0000  -0.407038   0.297580  -0.109458 
      356.5000  -0.401612   0.290726  -0.110886 
      357.0000  -0.389682   0.277691  -0.111991 
      357.5000  -0.418764   0.314356  -0.104408 
      358.0000  -0.406377   0.295560  -0.110817 
      358.5000  -0.381912   0.283755  -0.098157 
      359.0000  -0.410584   0.314547  -0.096038 
      359.5000  -0.413288   0.322034  -0.091254 
      360.0000  -0.391327   0.313994  -0.077333 
      360.5000  -0.426911   0.342285  -0.084626 
      361.0000  -0.417164   0.334476  -0.082688 
      361.5000  -0.375791   0.292973  -0.082818 
      362.0000  -0.429314   0.346048  -0.083266 
      362.5000  -0.404966   0.315522  -0.089444 
      363.0000  -0.395130   0.311170  -0.083960 
      363.5000  -0.408415   0.332616  -0.075799 
      364.0000  -0.399944   0.322965  -0.076979 
      364.5000  -0.407283   0.333392  -0.073891 
      365.0000  -0.413062   0.342922  -0.070139 
      365.5000  -0.381308   0.315267  -0.066041 
      366.0000  -0.414792   0.350167  -0.064625 
      366.5000  -0.425101   0.357240  -0.067861 
      367.0000  -0.383478   0.315431  -0.068047 
      367.5000  -0.388406   0.319582  -0.068824 
      368.0000  -0.370662   0.302029  -0.068633 
      368.5000  -0.418094   0.340696  -0.077398 
      369.0000  -0.411847   0.326146  -0.085700 
      369.5000  -0.409842   0.316064  -0.093778 
      370.0000  -0.403382   0.311617  -0.091764 
      370.5000  -0.415436   0.316406  -0.099029 
      371.0000  -0.412579   0.311725  -0.100853 
      371.5000  -0.419196   0.313458  -0.105738 
      372.0000  -0.419670   0.308025  -0.111645 
      372.5000  -0.416568   0.303817  -0.112751 
      373.0000  -0.453220   0.337787  -0.115433 
      373.5000  -0.458697   0.336308  -0.122389 
      374.0000  -0.422751   0.303081  -0.119670 
      374.5000  -0.440044   0.313253  -0.126791 
      375.0000  -0.423363   0.289329  -0.134034 
      375.5000  -0.438079   0.307472  -0.130607 
      376.0000  -0.433137   0.307877  -0.125260 
      376.5000  -0.472271   0.350096  -0.122175 
      377.0000  -0.449633   0.324805  -0.124828 
      377.5000  -0.435526   0.315611  -0.119916 
      378.0000  -0.468259   0.352725  -0.115534 
      378.5000  -0.444539   0.328728  -0.115812 
      379.0000  -0.426313   0.310711  -0.115602 
      379.5000  -0.442521   0.324226  -0.118295 
      380.0000  -0.465979   0.336606  -0.129372 
      380.5000  -0.413896   0.291615  -0.122281 
      381.0000  -0.456833   0.326506  -0.130327 
      381.5000  -0.428973   0.290595  -0.138378 
      382.0000  -0.452369   0.322612  -0.129756 
      382.5000  -0.454275   0.321994  -0.132280 
      383.0000  -0.447876   0.308238  -0.139637 
      383.5000  -0.447573   0.313437  -0.134136 
      384.0000  -0.448038   0.316084  -0.131954 
      384.5000  -0.449844   0.328167  -0.121677 
      385.0000  -0.443431   0.317889  -0.125542 
      385.5000  -0.470352   0.356141  -0.114210 
      386.0000  -0.438629   0.324038  -0.114591 
      386.5000  -0.463870   0.345151  -0.118719 
      387.0000  -0.426933   0.309970  -0.116963 
      387.5000  -0.450338   0.330385  -0.119953 
      388.0000  -0.430498   0.307486  -0.123012 
      388.5000  -0.417747   0.304246  -0.113501 
      389.0000  -0.434259   0.320769  -0.113491 
      389.5000  -0.426511   0.313926  -0.112585 
      390.0000  -0.416968   0.300465  -0.116503 
      390.5000  -0.406106   0.289483  -0.116624 
      391.0000  -0.408429   0.283593  -0.124836 
      391.5000  -0.430797   0.302963  -0.127834 
      392.0000  -0.427416   0.316607  -0.110809 
      392.5000  -0.399479   0.275902  -0.123577 
      393.0000  -0.408350   0.280010  -0.128340 
      393.5000  -0.414735   0.288720  -0.126015 
      394.0000  -0.454323   0.327026  -0.127297 
      394.5000  -0.421628   0.293879  -0.127748 
      395.0000  -0.441773   0.307554  -0.134220 
      395.5000  -0.432565   0.297996  -0.134568 
      396.0000  -0.445891   0.302961  -0.142931 
      396.5000  -0.433233   0.287202  -0.146032 
      397.0000  -0.442821   0.294241  -0.148580 
      397.5000  -0.440750   0.302706  -0.138044 
      398.0000  -0.476922   0.339981  -0.136942 
      398.5000  -0.446017   0.306195  -0.139822 
      399.0000  -0.458796   0.316830  -0.141966 
      399.5000  -0.464774   0.321841  -0.142933 
      400.0000  -0.442365   0.301280  -0.141084 
      400.5000  -0.445732   0.310342  -0.135390 
      401.0000  -0.433879   0.304630  -0.129248 
      401.5000  -0.435952   0.301105  -0.134847 
      402.0000  -0.436711   0.293158  -0.143553 
      402.5000  -0.445582   0.296583  -0.148999 
      403.0000  -0.458052   0.309609  -0.148442 
      403.5000  -0.437202   0.281489  -0.155713 
      404.0000  -0.454322   0.297522  -0.156799 
      404.5000  -0.445978   0.286289  -0.159689 
      405.0000  -0.428404   0.267443  -0.160961 
      405.5000  -0.451230   0.287189  -0.164041 
      406.0000  -0.437817   0.270264  -0.167554 
      406.5000  -0.425325   0.253296  -0.172029 
      407.0000  -0.425178   0.256497  -0.168681 
      407.5000  -0.441000   0.275451  -0.165549 
      408.0000  -0.464100   0.301230  -0.162870 
      408.5000  -0.457649   0.295191  -0.162458 
      409.0000  -0.430252   0.264948  -0.165305 
      409.5000  -0.450550   0.288041  -0.162510 
      410.0000  -0.463937   0.305596  -0.158341 
      410.5000  -0.455314   0.291824  -0.163490 
      411.0000  -0.481610   0.313881  -0.167729 
      411.5000  -0.458824   0.294781  -0.164044 
      412.0000  -0.458870   0.305368  -0.153502 
      412.5000  -0.448514   0.288987  -0.159527 
      413.0000  -0.490108   0.325399  -0.164708 
      413.5000  -0.442964   0.265903  -0.177061 
      414.0000  -0.472802   0.299405  -0.173397 
      414.5000  -0.446677   0.270680  -0.175997 
      415.0000  -0.483401   0.308507  -0.174894 
      415.5000  -0.464678   0.289205  -0.175473 
      416.0000  -0.444784   0.271847  -0.172937 
      416.5000  -0.461744   0.285275  -0.176469 
      417.0000  -0.447484   0.270624  -0.176860 
      417.5000  -0.440631   0.265223  -0.175409 
      418.0000  -0.447311   0.271740  -0.175571 
      418.5000  -0.451788   0.282052  -0.169736 
      419.0000  -0.453375   0.293761  -0.159614 
      419.5000  -0.456920   0.297915  -0.159005 
      420.0000  -0.423027   0.260538  -0.162489 
      420.5000  -0.449208   0.285387  -0.163821 
      421.0000  -0.459342   0.301313  -0.158030 
      421.5000  -0.450797   0.302357  -0.148440 
      422.0000  -0.462359   0.303178  -0.159181 
      422.5000  -0.481131   0.317149  -0.163982 
      423.0000  -0.495173   0.315292  -0.179881 
      423.5000  -0.485908   0.306747  -0.179161 
      424.0000  -0.481131   0.300415  -0.180716 
      424.5000  -0.509061   0.320377  -0.188684 
      425.0000  -0.494732   0.302361  -0.192371 
      425.5000  -0.522599   0.324886  -0.197713 
      426.0000  -0.521136   0.335524  -0.185612 
      426.5000  -0.489456   0.300431  -0.189025 
      427.0000  -0.485273   0.286040  -0.199234 
      427.5000  -0.474456   0.279580  -0.194876 
      428.0000  -0.487049   0.299573  -0.187476 
      428.5000  -0.468418   0.280473  -0.187945 
      429.0000  -0.485970   0.300377  -0.185593 
      429.5000  -0.502386   0.318900  -0.183486 
      430.0000  -0.483133   0.298804  -0.184329 
      430.5000  -0.454867   0.272776  -0.182090 
      431.0000  -0.465654   0.289980  -0.175675 
      431.5000  -0.484785   0.301853  -0.182932 
      432.0000  -0.479877   0.300919  -0.178959 
      432.5000  -0.482186   0.307886  -0.174301 
      433.0000  -0.486674   0.319819  -0.166855 
      433.5000  -0.466650   0.305280  -0.161370 
      434.0000  -0.485739   0.324060  -0.161678 
      434.5000  -0.470660   0.304331  -0.166329 
      435.0000  -0.461024   0.297682  -0.163342 
      435.5000  -0.468586   0.310050  -0.158537 
      436.0000  -0.473211   0.313618  -0.159593 
      436.5000  -0.469683   0.311420  -0.158264 
      437.0000  -0.447155   0.285238  -0.161917 
      437.5000  -0.483299   0.319788  -0.163512 
      438.0000  -0.452046   0.290507  -0.161539 
      438.5000  -0.476835   0.309277  -0.167558 
      439.0000  -0.471517   0.293263  -0.178253 
      439.5000  -0.482965   0.305009  -0.177957 
      440.0000  -0.463124   0.283813  -0.179311 
      440.5000  -0.475089   0.284715  -0.190374 
      441.0000  -0.476616   0.290887  -0.185730 
      441.5000  -0.487326   0.308168  -0.179158 
      442.0000  -0.465431   0.291236  -0.174194 
      442.5000  -0.522232   0.349859  -0.172373 
      443.0000  -0.464310   0.293496  -0.170814 
      443.5000  -0.486747   0.312564  -0.174183 
      444.0000  -0.472696   0.298289  -0.174407 
      444.5000  -0.470527   0.303260  -0.167267 
      445.0000  -0.475035   0.305311  -0.169724 
      445.5000  -0.459127   0.285740  -0.173387 
      446.0000  -0.485458   0.324623  -0.160835 
      446.5000  -0.465615   0.306361  -0.159253 
      447.0000  -0.490610   0.329124  -0.161486 
      447.5000  -0.498037   0.341295  -0.156742 
      448.0000  -0.486522   0.331571  -0.154951 
      448.5000  -0.470060   0.316981  -0.153080 
      449.0000  -0.443534   0.287803  -0.155731 
      449.5000  -0.510602   0.352162  -0.158440 
      450.0000  -0.491620   0.332444  -0.159177 
      450.5000  -0.498842   0.340191  -0.158651 
      451.0000  -0.479671   0.320067  -0.159604 
      451.5000  -0.463931   0.300528  -0.163403 
      452.0000  -0.499441   0.338246  -0.161195 
      452.5000  -0.518306   0.365246  -0.153060 
      453.0000  -0.499619   0.352538  -0.147081 
      453.5000  -0.479797   0.330438  -0.149359 
      454.0000  -0.497274   0.336230  -0.161044 
      454.5000  -0.476632   0.321832  -0.154800 
      455.0000  -0.506393   0.341799  -0.164594 
      455.5000  -0.484610   0.331738  -0.152871 
      456.0000  -0.454998   0.295406  -0.159592 
      456.5000  -0.514159   0.361080  -0.153079 
      457.0000  -0.480426   0.314908  -0.165518 
      457.5000  -0.462614   0.297702  -0.164912 
      458.0000  -0.490341   0.329270  -0.161071 
      458.5000  -0.490158   0.326346  -0.163812 
      459.0000  -0.507243   0.344631  -0.162613 
      459.5000  -0.470012   0.309128  -0.160884 
      460.0000  -0.488251   0.316470  -0.171782 
      460.5000  -0.487480   0.319938  -0.167543 
      461.0000  -0.499733   0.325524  -0.174209 
      461.5000  -0.494286   0.316573  -0.177713 
      462.0000  -0.512989   0.330204  -0.182785 
      462.5000  -0.500811   0.327219  -0.173592 
      463.0000  -0.484433   0.310303  -0.174130 
      463.5000  -0.498251   0.320856  -0.177395 
      464.0000  -0.483161   0.309948  -0.173213 
      464.5000  -0.503231   0.322742  -0.180489 
      465.0000  -0.493386   0.315515  -0.177872 
      465.5000  -0.494234   0.321773  -0.172460 
      466.0000  -0.497862   0.325784  -0.172077 
      466.5000  -0.502459   0.328076  -0.174382 
      467.0000  -0.481370   0.305225  -0.176145 
      467.5000  -0.488942   0.324383  -0.164558 
      468.0000  -0.487134   0.315598  -0.171535 
      468.5000  -0.474328   0.308232  -0.166097 
      469.0000  -0.492961   0.323810  -0.169151 
      469.5000  -0.482386   0.316224  -0.166161 
      470.0000  -0.480362   0.310452  -0.169910 
      470.5000  -0.490935   0.326824  -0.164111 
      471.0000  -0.475875   0.311418  -0.164457 
      471.5000  -0.475742   0.318017  -0.157725 
      472.0000  -0.451424   0.298640  -0.152784 
      472.5000  -0.485557   0.333811  -0.151746 
      473.0000  -0.462342   0.317173  -0.145169 
      473.5000  -0.462548   0.307264  -0.155284 
      474.0000  -0.474531   0.311277  -0.163254 
      474.5000  -0.473083   0.305077  -0.168006 
      475.0000  -0.486121   0.313735  -0.172386 
      475.5000  -0.499702   0.323468  -0.176234 
      476.0000  -0.493092   0.325010  -0.168082 
      476.5000  -0.448095   0.282799  -0.165296 
      477.0000  -0.457177   0.295104  -0.162074 
      477.5000  -0.489863   0.327997  -0.161866 
      478.0000  -0.459558   0.304126  -0.155432 
      478.5000  -0.494123   0.333502  -0.160621 
      479.0000  -0.487117   0.329958  -0.157159 
      479.5000  -0.489217   0.327450  -0.161767 
      480.0000  -0.487671   0.318930  -0.168741 
      480.5000  -0.488503   0.321959  -0.166543 
      481.0000  -0.489906   0.324292  -0.165614 
      481.5000  -0.454822   0.288331  -0.166491 
      482.0000  -0.488745   0.316275  -0.172470 
      482.5000  -0.471427   0.296580  -0.174847 
      483.0000  -0.485566   0.307261  -0.178305 
      483.5000  -0.463443   0.287696  -0.175746 
      484.0000  -0.486027   0.311439  -0.174588 
      484.5000  -0.460984   0.291889  -0.169096 
      485.0000  -0.456262   0.290587  -0.165675 
      485.5000  -0.462391   0.302730  -0.159662 
      486.0000  -0.438464   0.285374  -0.153090 
      486.5000  -0.456254   0.304786  -0.151468 
      487.0000  -0.429186   0.290642  -0.138544 
      487.5000  -0.435701   0.304015  -0.131686 
      488.0000  -0.423719   0.284325  -0.139394 
      488.5000  -0.459897   0.317361  -0.142536 
      489.0000  -0.470492   0.323181  -0.147311 
      489.5000  -0.445190   0.292970  -0.152220 
      490.0000  -0.442398   0.290406  -0.151991 
      490.5000  -0.448890   0.291106  -0.157784 
      491.0000  -0.431202   0.279020  -0.152181 
      491.5000  -0.481800   0.329686  -0.152114 
      492.0000  -0.466148   0.308445  -0.157703 
      492.5000  -0.456864   0.300154  -0.156710 
      493.0000  -0.475219   0.324086  -0.151132 
      493.5000  -0.493310   0.342975  -0.150335 
      494.0000  -0.463882   0.305751  -0.158131 
      494.5000  -0.443068   0.278797  -0.164272 
      495.0000  -0.434757   0.267282  -0.167475 
      495.5000  -0.469081   0.294690  -0.174391 
      496.0000  -0.456351   0.283852  -0.172500 
      496.5000  -0.447764   0.270501  -0.177263 
      497.0000  -0.487113   0.308409  -0.178705 
      497.5000  -0.474324   0.296227  -0.178098 
      498.0000  -0.484572   0.312172  -0.172400 
      498.5000  -0.468124   0.292551  -0.175573 
      499.0000  -0.466452   0.290176  -0.176276 
      499.5000  -0.452765   0.272167  -0.180599 
      500.0000  -0.456449   0.276610  -0.179839 
