t = 0
b =  30.0 30.0 30.0
E = 0. 0. 0.
1.9930722047881473 13.278623275316178 26.907053896559564 0.5450609710428902 -0.5974626706595517 0.5881725044696817 0.05622870321548875 0.7260155359782436 0.6853756447765912 0.0 0.0 0.0 0.0 0.0 0.0
1.7828080369378818 13.373705706880092 27.392268707797317 0.9320276839692393 -0.28431024297966717 0.22470443264826412 0.05622870321548875 0.7260155359782436 0.6853756447765912 0.0 0.0 0.0 0.0 0.0 0.0
1.7849996089746973 13.403979609610955 27.92870490152758 0.9649014970837868 0.13685639942196673 -0.22413260999399814 0.05622870321548875 0.7260155359782436 0.6853756447765912 0.0 0.0 0.0 0.0 0.0 0.0
2.007140507632431 13.465449932896249 28.414050059757365 0.6311930991634709 0.5060290075662173 -0.5878179268021362 0.05622870321548875 0.7260155359782436 0.6853756447765912 0.0 0.0 0.0 0.0 0.0 0.0
2.3731618931049967 13.642269584378488 28.765402103076887 0.05768388988510109 0.6829527353822267 -0.7281813854265002 0.05622870321548875 0.7260155359782436 0.6853756447765912 0.0 0.0 0.0 0.0 0.0 0.0
2.7523323230918977 13.974768333380242 28.95076517667618 -0.537740393583827 0.6004113006657078 -0.5918965611838132 0.05622870321548875 0.7260155359782436 0.6853756447765912 0.0 0.0 0.0 0.0 0.0 0.0
3.0089248134413396 14.444130857260713 29.001205410529572 -0.9288681109903234 0.2897635744846613 -0.23074033736462274 0.05622870321548875 0.7260155359782436 0.6853756447765912 0.0 0.0 0.0 0.0 0.0 0.0
3.0537817886636605 14.979544997062387 28.99904837722044 -0.9671033031849516 -0.13097017823172252 0.21807799839210237 0.05622870321548875 0.7260155359782436 0.6853756447765912 0.0 0.0 0.0 0.0 0.0 0.0
2.878187535495023 15.485104480615158 29.046602230506622 -0.637919781394649 -0.5019461705332667 0.5840448564899713 0.05622870321548875 0.7260155359782436 0.6853756447765912 0.0 0.0 0.0 0.0 0.0 0.0
2.557179448085301 15.87624531880111 29.227289127206692 -0.06637986920253858 -0.6822244205567828 0.7281233088980292 0.05622870321548875 0.7260155359782436 0.6853756447765912 0.0 0.0 0.0 0.0 0.0 0.0
2.2210400674022144 16.111873078854924 29.5739517550805 0.5303788651118455 -0.6033142070267312 0.5955755426831901 0.05622870321548875 0.7260155359782436 0.6853756447765912 0.0 0.0 0.0 0.0 0.0 0.0
2.0058005657097677 16.209975346433687 30.056375846648752 0.9256378011084962 -0.2951948393715931 0.23675867031094378 0.05622870321548875 0.7260155359782436 0.6853756447765912 0.0 0.0 0.0 0.0 0.0 0.0
2.001560229905238 16.240787941089376 30.592769084564004 0.969231460625286 0.12507398315533413 -0.2120067793063055 0.05622870321548875 0.7260155359782436 0.6853756447765912 0.0 0.0 0.0 0.0 0.0 0.0
2.2182562360471536 16.300111154140783 31.080835370465582 0.644597883564667 0.4978251083560665 -0.5802273089007628 0.05622870321548875 0.7260155359782436 0.6853756447765912 0.0 0.0 0.0 0.0 0.0 0.0
2.581888350029936 16.472913616306045 31.436638823046355 0.07507079343593615 0.6814441517003744 -0.7280097829605414 0.05622870321548875 0.7260155359782436 0.6853756447765912 0.0 0.0 0.0 0.0 0.0 0.0
2.962632853738546 16.801051294293075 31.62649242269441 -0.5229769462358405 0.6061711686750637 -0.599209168799127 0.05622870321548875 0.7260155359782436 0.6853756447765912 0.0 0.0 0.0 0.0 0.0 0.0
3.224164746097203 17.26736570925279 31.679756273460562 -0.9223370003243622 0.3006036240286135 -0.2427589731678721 0.05622870321548875 0.7260155359782436 0.6853756447765912 0.0 0.0 0.0 0.0 0.0 0.0
3.2754498902105467 17.802202729768336 31.677683208654674 -0.9712858073373617 -0.11916826321088489 0.20591941508344683 0.05622870321548875 0.7260155359782436 0.6853756447765912 0.0 0.0 0.0 0.0 0.0 0.0
3.1053304039797873 18.309875340935324 31.72254948099632 -0.6512268971101894 -0.4936661348694567 0.5763655747555403 0.05622870321548875 0.7260155359782436 0.6853756447765912 0.0 0.0 0.0 0.0 0.0 0.0
2.786763726061877 18.705016741125593 31.898798304238863 -0.08375600073776523 -0.6806119882334956 0.7278408162594769 0.05622870321548875 0.7260155359782436 0.6853756447765912 0.0 0.0 0.0 0.0 0.0 0.0
2.4491048651404066 18.94501261718255 32.2409584644493 0.5155352006405921 -0.6089819680420144 0.6027971628169275 0.05622870321548875 0.7260155359782436 0.6853756447765912 0.0 0.0 0.0 0.0 0.0 0.0
2.2289622694262974 19.046191034462684 32.72052625689089 0.9189659600066808 -0.30598951655582973 0.24874078898911423 0.05622870321548875 0.7260155359782436 0.6853756447765912 0.0 0.0 0.0 0.0 0.0 0.0
2.218297993211016 19.077619131815943 33.25679452000919 0.9732661868747229 0.11325346814181365 -0.19981636929988014 0.05622870321548875 0.7260155359782436 0.6853756447765912 0.0 0.0 0.0 0.0 0.0 0.0
2.429489774917692 19.134863360795656 33.74751463545835 0.6578063172061694 0.4894695667953707 -0.5724599481403099 0.05622870321548875 0.7260155359782436 0.6853756447765912 0.0 0.0 0.0 0.0 0.0 0.0
2.7906285273294196 19.303682192927553 34.10774248771645 0.0924348296958635 0.6797279935286167 -0.7276164216623038 0.05622870321548875 0.7260155359782436 0.6853756447765912 0.0 0.0 0.0 0.0 0.0 0.0
13.969691706402953 26.419850853976016 25.018288931725543 0.98955479690829 0.03611371977744732 -0.13956039251746516 0.06464695527272424 0.7541377785513705 0.6535265733966527 0.0 0.0 0.0 0.0 0.0 0.0
14.153005320933952 26.487203277330842 25.518833507077403 0.726027075794256 0.41375117040241916 -0.5492673795195467 0.06464695527272424 0.7541377785513705 0.6535265733966527 0.0 0.0 0.0 0.0 0.0 0.0
14.501816830236725 26.648870292997604 25.894172565985055 0.18666953006059686 0.63419763384084 -0.7502985057812892 0.06464695527272424 0.7541377785513705 0.6535265733966527 0.0 0.0 0.0 0.0 0.0 0.0
14.893179664790377 26.95510267925344 26.09848105689169 -0.4236068910911925 0.6137018129641335 -0.6662786853746635 0.06464695527272424 0.7541377785513705 0.6535265733966527 0.0 0.0 0.0 0.0 0.0 0.0
15.187981295190982 27.401228413084603 26.150911300502678 -0.8729479719879032 0.36005041279521144 -0.32912845280863245 0.06464695527272424 0.7541377785513705 0.6535265733966527 0.0 0.0 0.0 0.0 0.0 0.0
15.283794407909598 27.92942764984144 26.1283167029399 -0.9906415234146313 -0.030390158916495245 0.13306318171368064 0.06464695527272424 0.7541377785513705 0.6535265733966527 0.0 0.0 0.0 0.0 0.0 0.0
15.153790754195267 28.450699448917035 26.136053861835595 -0.7319737974531175 -0.4092850011594639 0.5447018888052062 0.06464695527272424 0.7541377785513705 0.6535265733966527 0.0 0.0 0.0 0.0 0.0 0.0
14.85693365031991 28.878674719100157 26.267955833423503 -0.19521698788989308 -0.6326856285816481 0.7493992414097049 0.06464695527272424 0.7541377785513705 0.6535265733966527 0.0 0.0 0.0 0.0 0.0 0.0
14.515576827912541 29.16242928034061 26.570683385670637 0.4157060192266853 -0.6157184077660518 0.6693872929154987 0.06464695527272424 0.7541377785513705 0.6535265733966527 0.0 0.0 0.0 0.0 0.0 0.0
14.268980205668104 29.305830811157186 27.025997792400158 0.8686953594050446 -0.36482946957732426 0.33506392028397736 0.06464695527272424 0.7541377785513705 0.6535265733966527 0.0 0.0 0.0 0.0 0.0 0.0
14.220402717933585 29.366069452904235 27.557690030301213 0.99165280873354 0.024664283727280974 -0.12655583763343375 0.06464695527272424 0.7541377785513705 0.6535265733966527 0.0 0.0 0.0 0.0 0.0 0.0
14.397872519152276 29.43193031890298 28.060533861031644 0.7378647764733514 0.40478766327905863 -0.5400949169331344 0.06464695527272424 0.7541377785513705 0.6535265733966527 0.0 0.0 0.0 0.0 0.0 0.0
14.743538619385017 29.590062545482848 28.440263038453054 0.20374957918974823 0.6311254418622972 -0.7484429073844705 0.06464695527272424 0.7541377785513705 0.6535265733966527 0.0 0.0 0.0 0.0 0.0 0.0
15.135649442605049 29.89205983639362 28.649384631586383 -0.40777348973934274 0.6176881132273675 -0.6724449240223406 0.06464695527272424 0.7541377785513705 0.6535265733966527 0.0 0.0 0.0 0.0 0.0 0.0
15.434808286008387 30.334859152150152 28.705222383130312 -0.8643765923072765 0.3695807431828334 -0.34097387134454044 0.06464695527272424 0.7541377785513705 0.6535265733966527 0.0 0.0 0.0 0.0 0.0 0.0
15.536932457997635 30.861904409944085 28.683335129972495 -0.9925885758517237 -0.018936530257369855 0.12003885583616986 0.06464695527272424 0.7541377785513705 0.6535265733966527 0.0 0.0 0.0 0.0 0.0 0.0
15.412796032889636 31.384633085070014 28.688810737779562 -0.7436995642340969 -0.4002594992508961 0.5354468147420751 0.06464695527272424 0.7541377785513705 0.6535265733966527 0.0 0.0 0.0 0.0 0.0 0.0
15.119133268713936 31.816122594747515 28.81634146385494 -0.21226665417029933 -0.6295171924970476 0.7474295765341235 0.06464695527272424 0.7541377785513705 0.6535265733966527 0.0 0.0 0.0 0.0 0.0 0.0
14.777084314041137 32.10411364058753 29.11424878541918 0.39980990672199723 -0.6196107793473847 0.6754513458447409 0.06464695527272424 0.7541377785513705 0.6535265733966527 0.0 0.0 0.0 0.0 0.0 0.0
14.526172040185651 32.25086438977923 29.566125262521833 0.8599919995854339 -0.3743038717838599 0.34685785592466567 0.06464695527272424 0.7541377785513705 0.6535265733966527 0.0 0.0 0.0 0.0 0.0 0.0
14.471294969695354 32.31229255962031 30.097067998796412 0.9934487535068931 0.013207334697363137 -0.11351273261528544 0.06464695527272424 0.7541377785513705 0.6535265733966527 0.0 0.0 0.0 0.0 0.0 0.0
14.642874573825862 32.37673134182122 30.602135504099653 0.7494777163936759 0.39570085391219717 -0.5307579362030073 0.06464695527272424 0.7541377785513705 0.6535265733966527 0.0 0.0 0.0 0.0 0.0 0.0
14.98529764699066 32.531370146122164 30.986216721145098 0.22076756422331156 0.6278610029603137 -0.7463593260277328 0.06464695527272424 0.7541377785513705 0.6535265733966527 0.0 0.0 0.0 0.0 0.0 0.0
15.378044693366622 32.82912988580358 31.20016530633829 -0.391815876632328 0.6214862597076333 -0.6784063294320396 0.06464695527272424 0.7541377785513705 0.6535265733966527 0.0 0.0 0.0 0.0 0.0 0.0
15.68147729833574 33.26855743794045 31.259471147391366 -0.8555419151432286 0.3789984956958728 -0.3527154259361482 0.06464695527272424 0.7541377785513705 0.6535265733966527 0.0 0.0 0.0 0.0 0.0 0.0
