        0.0000  -1.014680   0.268425  -0.746255 
        0.5000  -0.769771   2.086945   1.317174 
        1.0000  -0.626881   5.859805   5.232924 
        1.5000  -0.543700   5.970590   5.426890 
        2.0000  -0.579737   2.288209   1.708473 
        2.5000  -0.404604   1.608394   1.203790 
        3.0000  -0.395449   4.541138   4.145690 
        3.5000  -0.411889   5.753523   5.341633 
        4.0000  -0.483191   3.605914   3.122723 
        4.5000  -0.422680   1.093312   0.670632 
        5.0000  -0.453213   2.390718   1.937505 
        5.5000  -0.387083   4.997938   4.610856 
        6.0000  -0.379388   4.778592   4.399204 
        6.5000  -0.314229   2.000984   1.686755 
        7.0000  -0.283773   0.997121   0.713348 
        7.5000  -0.302480   3.203362   2.900882 
        8.0000  -0.316965   4.696531   4.379567 
        8.5000  -0.355748   3.363197   3.007449 
        9.0000  -0.299846   1.037234   0.737387 
        9.5000  -0.307009   1.463885   1.156876 
       10.0000  -0.280202   3.677929   3.397727 
       10.5000  -0.285975   4.062387   3.776412 
       11.0000  -0.236866   2.102568   1.865702 
       11.5000  -0.231846   0.725287   0.493442 
       12.0000  -0.240041   2.122239   1.882198 
       12.5000  -0.247952   3.791123   3.543171 
       13.0000  -0.279846   3.275234   2.995388 
       13.5000  -0.281194   1.265562   0.984368 
       14.0000  -0.272741   0.967673   0.694932 
       14.5000  -0.269458   2.806075   2.536617 
       15.0000  -0.213862   3.564659   3.350797 
       15.5000  -0.245629   2.325499   2.079870 
       16.0000  -0.230984   0.751140   0.520157 
       16.5000  -0.229049   1.409344   1.180296 
       17.0000  -0.232127   3.105099   2.872972 
       17.5000  -0.261049   3.139936   2.878888 
       18.0000  -0.249211   1.478242   1.229031 
       18.5000  -0.236941   0.648988   0.412047 
       19.0000  -0.223611   1.920748   1.697137 
       19.5000  -0.219769   3.012797   2.793027 
       20.0000  -0.230912   2.407662   2.176750 
       20.5000  -0.241347   0.914534   0.673186 
       21.0000  -0.197745   0.842009   0.644263 
       21.5000  -0.212015   2.239518   2.027503 
       22.0000  -0.210171   2.720447   2.510276 
       22.5000  -0.182563   1.666541   1.483978 
       23.0000  -0.238519   0.642261   0.403742 
       23.5000  -0.171527   1.139793   0.968266 
       24.0000  -0.201414   2.368915   2.167501 
       24.5000  -0.220003   2.344865   2.124862 
       25.0000  -0.183157   1.132299   0.949142 
       25.5000  -0.193025   0.559047   0.366022 
       26.0000  -0.166209   1.440645   1.274436 
       26.5000  -0.240439   2.339324   2.098885 
       27.0000  -0.217184   1.902995   1.685811 
       27.5000  -0.256505   0.796362   0.539857 
       28.0000  -0.224088   0.677833   0.453745 
       28.5000  -0.254059   1.745361   1.491302 
       29.0000  -0.261113   2.203749   1.942636 
       29.5000  -0.270507   1.530697   1.260190 
       30.0000  -0.241266   0.574758   0.333492 
       30.5000  -0.237609   0.908374   0.670765 
       31.0000  -0.248459   1.877915   1.629457 
       31.5000  -0.261292   1.979130   1.717838 
       32.0000  -0.233545   1.085674   0.852129 
       32.5000  -0.247127   0.509105   0.261978 
       33.0000  -0.229057   1.120291   0.891234 
       33.5000  -0.246152   1.881793   1.635640 
       34.0000  -0.224198   1.681149   1.456951 
       34.5000  -0.253834   0.807202   0.553368 
       35.0000  -0.257061   0.564707   0.307646 
       35.5000  -0.238396   1.288595   1.050199 
       36.0000  -0.281117   1.766715   1.485598 
       36.5000  -0.253647   1.384101   1.130454 
       37.0000  -0.288883   0.624682   0.335799 
       37.5000  -0.258223   0.656879   0.398656 
       38.0000  -0.268392   1.431962   1.163570 
       38.5000  -0.261626   1.662049   1.400423 
       39.0000  -0.296065   1.147812   0.851747 
       39.5000  -0.271315   0.533300   0.261985 
       40.0000  -0.279156   0.847240   0.568084 
       40.5000  -0.307033   1.518652   1.211619 
       41.0000  -0.320399   1.537058   1.216659 
       41.5000  -0.296014   0.882160   0.586146 
       42.0000  -0.279699   0.493573   0.213874 
       42.5000  -0.316944   0.976263   0.659319 
       43.0000  -0.275641   1.404303   1.128662 
       43.5000  -0.143326   1.278324   1.134998 
       44.0000  -0.104899   1.092178   0.987279 
       44.5000  -0.096706   0.933002   0.836297 
       45.0000  -0.078845   0.972327   0.893482 
       45.5000  -0.065560   1.076374   1.010814 
       46.0000  -0.091901   1.082595   0.990694 
       46.5000  -0.062012   0.918793   0.856780 
       47.0000  -0.053057   0.779418   0.726361 
       47.5000  -0.039361   0.812646   0.773284 
       48.0000  -0.046559   0.932264   0.885705 
       48.5000  -0.067620   0.959153   0.891533 
       49.0000  -0.023897   0.795557   0.771660 
       49.5000  -0.054153   0.701584   0.647431 
       50.0000  -0.025095   0.719575   0.694481 
       50.5000  -0.077971   0.899233   0.821262 
       51.0000  -0.049709   0.866353   0.816645 
       51.5000  -0.032736   0.749384   0.716648 
       52.0000  -0.066060   0.665293   0.599233 
       52.5000  -0.053463   0.669459   0.615996 
       53.0000  -0.048239   0.789145   0.740906 
       53.5000  -0.048267   0.790663   0.742396 
       54.0000  -0.032786   0.699305   0.666519 
       54.5000  -0.037726   0.586900   0.549174 
       55.0000  -0.069522   0.640787   0.571265 
       55.5000  -0.067010   0.736286   0.669275 
       56.0000  -0.069315   0.757720   0.688405 
       56.5000  -0.047699   0.631967   0.584267 
       57.0000  -0.052539   0.528821   0.476283 
       57.5000  -0.050719   0.568038   0.517318 
       58.0000  -0.040435   0.674269   0.633834 
       58.5000  -0.045524   0.696104   0.650579 
       59.0000  -0.064722   0.603009   0.538288 
       59.5000  -0.056438   0.485186   0.428749 
       60.0000  -0.072201   0.559420   0.487219 
       60.5000  -0.064997   0.646289   0.581292 
       61.0000  -0.052154   0.637683   0.585529 
       61.5000  -0.013343   0.520507   0.507164 
       62.0000  -0.020086   0.481014   0.460928 
       62.5000  -0.037684   0.549348   0.511663 
       63.0000  -0.027796   0.600596   0.572799 
       63.5000  -0.055429   0.640102   0.584673 
       64.0000  -0.023902   0.571876   0.547974 
       64.5000  -0.037958   0.527174   0.489216 
       65.0000  -0.061537   0.553399   0.491862 
       65.5000  -0.061516   0.603893   0.542377 
       66.0000  -0.089916   0.648364   0.558448 
       66.5000  -0.067546   0.584955   0.517409 
       67.0000  -0.052325   0.502297   0.449971 
       67.5000  -0.066183   0.493082   0.426899 
       68.0000  -0.100751   0.569442   0.468691 
       68.5000  -0.077516   0.564918   0.487401 
       69.0000  -0.071374   0.552116   0.480743 
       69.5000  -0.078819   0.525406   0.446587 
       70.0000  -0.109184   0.519641   0.410457 
       70.5000  -0.084784   0.513349   0.428565 
       71.0000  -0.108788   0.569180   0.460392 
       71.5000  -0.108099   0.567274   0.459176 
       72.0000  -0.134824   0.561631   0.426807 
       72.5000  -0.093760   0.435932   0.342171 
       73.0000  -0.140322   0.489372   0.349050 
       73.5000  -0.112373   0.527404   0.415031 
       74.0000  -0.123544   0.558459   0.434916 
       74.5000  -0.113463   0.527258   0.413795 
       75.0000  -0.087238   0.452874   0.365637 
       75.5000  -0.069166   0.450367   0.381201 
       76.0000  -0.074467   0.489503   0.415037 
       76.5000  -0.088049   0.512788   0.424739 
       77.0000  -0.150104   0.529282   0.379178 
       77.5000  -0.131532   0.466048   0.334516 
       78.0000  -0.090720   0.442019   0.351299 
       78.5000  -0.108109   0.502827   0.394718 
       79.0000  -0.115112   0.502491   0.387379 
       79.5000  -0.102770   0.468721   0.365951 
       80.0000  -0.101223   0.421454   0.320231 
       80.5000  -0.133785   0.454174   0.320390 
       81.0000  -0.110578   0.478448   0.367869 
       81.5000  -0.131566   0.491705   0.360139 
       82.0000  -0.149282   0.487479   0.338197 
       82.5000  -0.120065   0.451347   0.331282 
       83.0000  -0.101550   0.426684   0.325134 
       83.5000  -0.130422   0.460570   0.330148 
       84.0000  -0.160370   0.494426   0.334056 
       84.5000  -0.159635   0.485956   0.326321 
       85.0000  -0.132162   0.447624   0.315461 
       85.5000  -0.124260   0.434919   0.310660 
       86.0000  -0.136194   0.445529   0.309335 
       86.5000  -0.127366   0.444075   0.316710 
       87.0000  -0.131062   0.451551   0.320489 
       87.5000  -0.097333   0.416511   0.319177 
       88.0000  -0.090752   0.418580   0.327828 
       88.5000  -0.139223   0.457399   0.318176 
       89.0000  -0.157382   0.468354   0.310972 
       89.5000  -0.176991   0.482829   0.305838 
       90.0000  -0.120200   0.410786   0.290586 
       90.5000  -0.182283   0.473833   0.291550 
       91.0000  -0.152282   0.428855   0.276573 
       91.5000  -0.204625   0.475577   0.270952 
       92.0000  -0.137971   0.418241   0.280270 
       92.5000  -0.127578   0.408117   0.280539 
       93.0000  -0.114351   0.397924   0.283573 
       93.5000  -0.154784   0.440962   0.286177 
       94.0000  -0.150883   0.434030   0.283147 
       94.5000  -0.146689   0.417357   0.270668 
       95.0000  -0.232444   0.473890   0.241446 
       95.5000  -0.157923   0.399896   0.241973 
       96.0000  -0.146702   0.382656   0.235954 
       96.5000  -0.163649   0.412082   0.248433 
       97.0000  -0.128096   0.371625   0.243529 
       97.5000  -0.203459   0.446694   0.243235 
       98.0000  -0.176409   0.410678   0.234269 
       98.5000  -0.166651   0.383224   0.216572 
       99.0000  -0.172175   0.397285   0.225110 
       99.5000  -0.180286   0.403261   0.222975 
      100.0000  -0.186224   0.403207   0.216983 
      100.5000  -0.191590   0.407605   0.216014 
      101.0000  -0.204087   0.417855   0.213768 
      101.5000  -0.222355   0.437141   0.214787 
      102.0000  -0.203504   0.417943   0.214439 
      102.5000  -0.207208   0.407183   0.199976 
      103.0000  -0.228012   0.427510   0.199498 
      103.5000  -0.223546   0.425655   0.202109 
      104.0000  -0.174425   0.369891   0.195466 
      104.5000  -0.244790   0.426044   0.181255 
      105.0000  -0.218434   0.400056   0.181623 
      105.5000  -0.211798   0.391816   0.180018 
      106.0000  -0.228172   0.405137   0.176965 
      106.5000  -0.228171   0.388539   0.160368 
      107.0000  -0.234216   0.392072   0.157856 
      107.5000  -0.235852   0.392154   0.156302 
      108.0000  -0.180263   0.341393   0.161130 
      108.5000  -0.226667   0.378113   0.151446 
      109.0000  -0.227774   0.384924   0.157150 
      109.5000  -0.244877   0.393029   0.148152 
      110.0000  -0.228831   0.377493   0.148662 
      110.5000  -0.248526   0.402039   0.153513 
      111.0000  -0.233233   0.395500   0.162267 
      111.5000  -0.229324   0.384103   0.154779 
      112.0000  -0.248923   0.385102   0.136178 
      112.5000  -0.206785   0.346291   0.139506 
      113.0000  -0.239192   0.386957   0.147765 
      113.5000  -0.260657   0.405318   0.144661 
      114.0000  -0.238208   0.387901   0.149692 
      114.5000  -0.193737   0.335700   0.141962 
      115.0000  -0.248150   0.405351   0.157201 
      115.5000  -0.225137   0.382620   0.157482 
      116.0000  -0.207825   0.370308   0.162482 
      116.5000  -0.211306   0.379478   0.168172 
      117.0000  -0.215158   0.367049   0.151890 
      117.5000  -0.195958   0.354304   0.158346 
      118.0000  -0.234287   0.386280   0.151993 
      118.5000  -0.242586   0.406914   0.164328 
      119.0000  -0.226533   0.381406   0.154873 
      119.5000  -0.242329   0.401536   0.159207 
      120.0000  -0.222621   0.380606   0.157985 
      120.5000  -0.234786   0.376445   0.141659 
      121.0000  -0.239014   0.390273   0.151259 
      121.5000  -0.232492   0.388402   0.155910 
      122.0000  -0.244222   0.392009   0.147787 
      122.5000  -0.250711   0.398807   0.148096 
      123.0000  -0.252919   0.391491   0.138572 
      123.5000  -0.260499   0.398422   0.137923 
      124.0000  -0.278256   0.413305   0.135050 
      124.5000  -0.246538   0.387543   0.141005 
      125.0000  -0.259832   0.407635   0.147803 
      125.5000  -0.236248   0.370654   0.134406 
      126.0000  -0.226276   0.342844   0.116568 
      126.5000  -0.262486   0.382289   0.119802 
      127.0000  -0.245238   0.359573   0.114334 
      127.5000  -0.265665   0.382300   0.116635 
      128.0000  -0.273224   0.378334   0.105110 
      128.5000  -0.281263   0.381530   0.100266 
      129.0000  -0.292027   0.391185   0.099158 
      129.5000  -0.298415   0.398046   0.099630 
      130.0000  -0.287124   0.377874   0.090750 
      130.5000  -0.300830   0.388856   0.088025 
      131.0000  -0.301793   0.388975   0.087182 
      131.5000  -0.313347   0.390420   0.077073 
      132.0000  -0.290161   0.367085   0.076924 
      132.5000  -0.299063   0.381337   0.082274 
      133.0000  -0.340008   0.409338   0.069330 
      133.5000  -0.285883   0.361353   0.075470 
      134.0000  -0.320851   0.392118   0.071266 
      134.5000  -0.290641   0.353414   0.062774 
      135.0000  -0.287976   0.346467   0.058491 
      135.5000  -0.277076   0.340835   0.063760 
      136.0000  -0.284553   0.345183   0.060631 
      136.5000  -0.301724   0.367580   0.065855 
      137.0000  -0.295644   0.365950   0.070306 
      137.5000  -0.291008   0.357464   0.066456 
      138.0000  -0.287173   0.356781   0.069608 
      138.5000  -0.339867   0.405605   0.065738 
      139.0000  -0.275627   0.336579   0.060953 
      139.5000  -0.320523   0.382213   0.061690 
      140.0000  -0.269010   0.326294   0.057284 
      140.5000  -0.329008   0.374342   0.045334 
      141.0000  -0.319012   0.365404   0.046392 
      141.5000  -0.321813   0.374327   0.052513 
      142.0000  -0.331235   0.379517   0.048282 
      142.5000  -0.295933   0.348947   0.053014 
      143.0000  -0.302767   0.362020   0.059253 
      143.5000  -0.278743   0.336747   0.058004 
      144.0000  -0.288008   0.339156   0.051149 
      144.5000  -0.312991   0.349507   0.036516 
      145.0000  -0.334471   0.357892   0.023420 
      145.5000  -0.308707   0.347611   0.038904 
      146.0000  -0.311395   0.348324   0.036929 
      146.5000  -0.335670   0.364096   0.028426 
      147.0000  -0.328000   0.352872   0.024872 
      147.5000  -0.296239   0.316992   0.020753 
      148.0000  -0.304039   0.321394   0.017355 
      148.5000  -0.310767   0.324896   0.014129 
      149.0000  -0.357692   0.362918   0.005225 
      149.5000  -0.341635   0.351122   0.009487 
      150.0000  -0.303828   0.304526   0.000697 
      150.5000  -0.328262   0.334422   0.006160 
      151.0000  -0.309951   0.315624   0.005673 
      151.5000  -0.344795   0.349649   0.004853 
      152.0000  -0.343248   0.356933   0.013685 
      152.5000  -0.308708   0.317656   0.008948 
      153.0000  -0.338725   0.340402   0.001677 
      153.5000  -0.340510   0.330681  -0.009828 
      154.0000  -0.336533   0.330708  -0.005826 
      154.5000  -0.369751   0.361314  -0.008437 
      155.0000  -0.314752   0.300804  -0.013948 
      155.5000  -0.341229   0.335812  -0.005418 
      156.0000  -0.373583   0.361297  -0.012286 
      156.5000  -0.344325   0.330067  -0.014258 
      157.0000  -0.358293   0.331066  -0.027227 
      157.5000  -0.370428   0.336920  -0.033508 
      158.0000  -0.366017   0.335498  -0.030519 
      158.5000  -0.337275   0.287708  -0.049567 
      159.0000  -0.388689   0.332465  -0.056223 
      159.5000  -0.391628   0.324168  -0.067460 
      160.0000  -0.388969   0.323369  -0.065600 
      160.5000  -0.422766   0.358437  -0.064329 
      161.0000  -0.395559   0.329396  -0.066163 
      161.5000  -0.409573   0.339899  -0.069674 
      162.0000  -0.380511   0.311384  -0.069127 
      162.5000  -0.372906   0.303950  -0.068956 
      163.0000  -0.384413   0.320891  -0.063522 
      163.5000  -0.387002   0.314424  -0.072578 
      164.0000  -0.371619   0.293522  -0.078096 
      164.5000  -0.390872   0.312181  -0.078691 
      165.0000  -0.406810   0.323185  -0.083625 
      165.5000  -0.358268   0.277326  -0.080942 
      166.0000  -0.417316   0.341223  -0.076093 
      166.5000  -0.392798   0.314416  -0.078382 
      167.0000  -0.405961   0.323039  -0.082922 
      167.5000  -0.415325   0.338166  -0.077160 
      168.0000  -0.407872   0.329421  -0.078451 
      168.5000  -0.452793   0.360273  -0.092520 
      169.0000  -0.436693   0.346274  -0.090418 
      169.5000  -0.431023   0.335099  -0.095924 
      170.0000  -0.437320   0.341647  -0.095673 
      170.5000  -0.446832   0.339548  -0.107284 
      171.0000  -0.459573   0.352025  -0.107549 
      171.5000  -0.422134   0.312214  -0.109920 
      172.0000  -0.439868   0.334739  -0.105129 
      172.5000  -0.459375   0.347492  -0.111884 
      173.0000  -0.472154   0.354099  -0.118055 
      173.5000  -0.445667   0.329521  -0.116147 
      174.0000  -0.478012   0.368558  -0.109454 
      174.5000  -0.468897   0.358841  -0.110056 
      175.0000  -0.459261   0.346571  -0.112690 
      175.5000  -0.435132   0.327244  -0.107889 
      176.0000  -0.447934   0.338265  -0.109669 
      176.5000  -0.445688   0.342119  -0.103569 
      177.0000  -0.467479   0.351988  -0.115491 
      177.5000  -0.481715   0.367011  -0.114704 
      178.0000  -0.454748   0.337578  -0.117170 
      178.5000  -0.463508   0.346506  -0.117002 
      179.0000  -0.442333   0.333173  -0.109160 
      179.5000  -0.424932   0.314997  -0.109935 
      180.0000  -0.440286   0.332919  -0.107366 
      180.5000  -0.444493   0.333696  -0.110797 
      181.0000  -0.424364   0.307825  -0.116539 
      181.5000  -0.438220   0.326161  -0.112059 
      182.0000  -0.399546   0.286398  -0.113148 
      182.5000  -0.450082   0.337121  -0.112961 
      183.0000  -0.434508   0.322872  -0.111636 
      183.5000  -0.438095   0.324314  -0.113782 
      184.0000  -0.472697   0.353074  -0.119623 
      184.5000  -0.402808   0.286703  -0.116104 
      185.0000  -0.439643   0.327572  -0.112071 
      185.5000  -0.470318   0.364791  -0.105527 
      186.0000  -0.427078   0.320508  -0.106570 
      186.5000  -0.418796   0.313124  -0.105672 
      187.0000  -0.471597   0.359812  -0.111785 
      187.5000  -0.446973   0.329827  -0.117146 
      188.0000  -0.440644   0.328010  -0.112634 
      188.5000  -0.458044   0.355632  -0.102412 
      189.0000  -0.491999   0.389919  -0.102081 
      189.5000  -0.506589   0.407333  -0.099256 
      190.0000  -0.422207   0.329418  -0.092789 
      190.5000  -0.470333   0.367121  -0.103212 
      191.0000  -0.469630   0.382912  -0.086718 
      191.5000  -0.457429   0.379477  -0.077952 
      192.0000  -0.505640   0.431850  -0.073790 
      192.5000  -0.463117   0.396103  -0.067013 
      193.0000  -0.448577   0.377707  -0.070871 
      193.5000  -0.462010   0.395082  -0.066928 
      194.0000  -0.428814   0.358993  -0.069821 
      194.5000  -0.449155   0.384731  -0.064423 
      195.0000  -0.445145   0.366754  -0.078391 
      195.5000  -0.435932   0.341962  -0.093970 
      196.0000  -0.465772   0.370754  -0.095018 
      196.5000  -0.498590   0.390256  -0.108334 
      197.0000  -0.452484   0.343255  -0.109229 
      197.5000  -0.462270   0.365375  -0.096895 
      198.0000  -0.472411   0.366896  -0.105515 
      198.5000  -0.471485   0.361760  -0.109725 
      199.0000  -0.503459   0.389345  -0.114114 
      199.5000  -0.432568   0.323187  -0.109380 
      200.0000  -0.443877   0.323747  -0.120130 
      200.5000  -0.503998   0.381164  -0.122834 
      201.0000  -0.471884   0.349725  -0.122159 
      201.5000  -0.468265   0.337110  -0.131155 
      202.0000  -0.476062   0.341724  -0.134338 
      202.5000  -0.485497   0.353828  -0.131669 
      203.0000  -0.467394   0.330731  -0.136663 
      203.5000  -0.473472   0.335592  -0.137880 
      204.0000  -0.485099   0.346857  -0.138243 
      204.5000  -0.510314   0.358175  -0.152139 
      205.0000  -0.479691   0.322460  -0.157231 
      205.5000  -0.497300   0.337479  -0.159821 
      206.0000  -0.501048   0.339490  -0.161558 
      206.5000  -0.490062   0.330261  -0.159801 
      207.0000  -0.476676   0.324089  -0.152587 
      207.5000  -0.490692   0.343791  -0.146901 
      208.0000  -0.472234   0.319541  -0.152694 
      208.5000  -0.478005   0.313111  -0.164894 
      209.0000  -0.468407   0.304262  -0.164145 
      209.5000  -0.489500   0.325119  -0.164381 
      210.0000  -0.486822   0.324016  -0.162806 
      210.5000  -0.467863   0.305174  -0.162689 
      211.0000  -0.493209   0.325317  -0.167892 
      211.5000  -0.464941   0.301369  -0.163572 
      212.0000  -0.489622   0.334882  -0.154741 
      212.5000  -0.471049   0.314271  -0.156779 
      213.0000  -0.476734   0.318467  -0.158267 
      213.5000  -0.512352   0.353956  -0.158396 
      214.0000  -0.486540   0.324226  -0.162315 
      214.5000  -0.515757   0.344719  -0.171038 
      215.0000  -0.510872   0.338487  -0.172385 
      215.5000  -0.496652   0.333978  -0.162674 
      216.0000  -0.507916   0.345126  -0.162790 
      216.5000  -0.494649   0.334328  -0.160321 
      217.0000  -0.500581   0.333434  -0.167147 
      217.5000  -0.524412   0.358688  -0.165725 
      218.0000  -0.485622   0.326731  -0.158892 
      218.5000  -0.516318   0.352433  -0.163885 
      219.0000  -0.520930   0.350818  -0.170112 
      219.5000  -0.497043   0.330557  -0.166485 
      220.0000  -0.532212   0.362519  -0.169693 
      220.5000  -0.504140   0.332905  -0.171234 
      221.0000  -0.559937   0.384777  -0.175160 
      221.5000  -0.565268   0.386058  -0.179210 
      222.0000  -0.536228   0.357832  -0.178396 
      222.5000  -0.526170   0.354639  -0.171531 
      223.0000  -0.523124   0.345867  -0.177257 
      223.5000  -0.542896   0.355302  -0.187594 
      224.0000  -0.560382   0.365487  -0.194895 
      224.5000  -0.521142   0.313645  -0.207497 
      225.0000  -0.527163   0.318163  -0.209001 
      225.5000  -0.558204   0.350465  -0.207738 
      226.0000  -0.564520   0.345031  -0.219489 
      226.5000  -0.581099   0.358128  -0.222971 
      227.0000  -0.561079   0.342347  -0.218732 
      227.5000  -0.577997   0.352772  -0.225225 
      228.0000  -0.576646   0.359184  -0.217463 
      228.5000  -0.575516   0.346107  -0.229409 
      229.0000  -0.557460   0.317849  -0.239611 
      229.5000  -0.561767   0.319135  -0.242632 
      230.0000  -0.599384   0.361486  -0.237898 
      230.5000  -0.542475   0.290288  -0.252186 
      231.0000  -0.593613   0.338041  -0.255572 
      231.5000  -0.567941   0.311768  -0.256172 
      232.0000  -0.561791   0.311105  -0.250686 
      232.5000  -0.615737   0.364686  -0.251051 
      233.0000  -0.565442   0.315637  -0.249805 
      233.5000  -0.575289   0.322399  -0.252890 
      234.0000  -0.558472   0.312330  -0.246142 
      234.5000  -0.554620   0.301467  -0.253153 
      235.0000  -0.580124   0.325138  -0.254986 
      235.5000  -0.581880   0.332921  -0.248959 
      236.0000  -0.562671   0.320751  -0.241920 
      236.5000  -0.576871   0.340067  -0.236804 
      237.0000  -0.549600   0.305434  -0.244167 
      237.5000  -0.537962   0.291677  -0.246285 
      238.0000  -0.550621   0.306462  -0.244159 
      238.5000  -0.551748   0.301845  -0.249903 
      239.0000  -0.571924   0.319794  -0.252130 
      239.5000  -0.602224   0.357091  -0.245134 
      240.0000  -0.590362   0.343202  -0.247160 
      240.5000  -0.561440   0.306461  -0.254979 
      241.0000  -0.563734   0.308837  -0.254896 
      241.5000  -0.560550   0.301848  -0.258702 
      242.0000  -0.560509   0.294713  -0.265795 
      242.5000  -0.588956   0.330269  -0.258686 
      243.0000  -0.580704   0.325829  -0.254875 
      243.5000  -0.596840   0.344294  -0.252546 
      244.0000  -0.563193   0.303901  -0.259292 
      244.5000  -0.585772   0.325812  -0.259960 
      245.0000  -0.563475   0.299344  -0.264131 
      245.5000  -0.583110   0.321462  -0.261648 
      246.0000  -0.550937   0.288729  -0.262208 
      246.5000  -0.586551   0.321754  -0.264797 
      247.0000  -0.534032   0.275570  -0.258462 
      247.5000  -0.556152   0.298158  -0.257995 
      248.0000  -0.543552   0.284932  -0.258620 
      248.5000  -0.557655   0.300118  -0.257537 
      249.0000  -0.551561   0.292506  -0.259055 
      249.5000  -0.569640   0.315479  -0.254160 
      250.0000  -0.559457   0.305229  -0.254228 
      250.5000  -0.549227   0.306373  -0.242855 
      251.0000  -0.572390   0.326083  -0.246307 
      251.5000  -0.544238   0.291538  -0.252701 
      252.0000  -0.551919   0.311592  -0.240327 
      252.5000  -0.574590   0.336095  -0.238495 
      253.0000  -0.532429   0.293383  -0.239046 
      253.5000  -0.561399   0.325201  -0.236199 
      254.0000  -0.547317   0.295264  -0.252054 
      254.5000  -0.546429   0.285155  -0.261275 
      255.0000  -0.548055   0.294708  -0.253347 
      255.5000  -0.542197   0.296445  -0.245752 
      256.0000  -0.586160   0.337927  -0.248233 
      256.5000  -0.545964   0.294364  -0.251600 
      257.0000  -0.557115   0.308642  -0.248473 
      257.5000  -0.545734   0.299960  -0.245773 
      258.0000  -0.526664   0.284691  -0.241973 
      258.5000  -0.512448   0.268519  -0.243929 
      259.0000  -0.537773   0.284933  -0.252840 
      259.5000  -0.558553   0.303318  -0.255235 
      260.0000  -0.515939   0.266881  -0.249059 
      260.5000  -0.568200   0.314618  -0.253582 
      261.0000  -0.555077   0.299472  -0.255605 
      261.5000  -0.548548   0.294865  -0.253683 
      262.0000  -0.540774   0.283350  -0.257424 
      262.5000  -0.552060   0.301617  -0.250443 
      263.0000  -0.555475   0.306681  -0.248794 
      263.5000  -0.554271   0.300148  -0.254123 
      264.0000  -0.545754   0.291733  -0.254021 
      264.5000  -0.540949   0.280767  -0.260182 
      265.0000  -0.559483   0.293610  -0.265873 
      265.5000  -0.552308   0.290376  -0.261932 
      266.0000  -0.531609   0.274566  -0.257043 
      266.5000  -0.526419   0.263743  -0.262676 
      267.0000  -0.539782   0.277744  -0.262038 
      267.5000  -0.544215   0.293919  -0.250296 
      268.0000  -0.550943   0.306029  -0.244913 
      268.5000  -0.529482   0.281413  -0.248069 
      269.0000  -0.543012   0.287487  -0.255526 
      269.5000  -0.538431   0.278736  -0.259695 
      270.0000  -0.533451   0.272040  -0.261411 
      270.5000  -0.534309   0.269368  -0.264941 
      271.0000  -0.541621   0.282507  -0.259114 
      271.5000  -0.552047   0.293319  -0.258727 
      272.0000  -0.567341   0.306201  -0.261140 
      272.5000  -0.568931   0.297913  -0.271018 
      273.0000  -0.561302   0.290337  -0.270965 
      273.5000  -0.533221   0.254899  -0.278323 
      274.0000  -0.559620   0.277692  -0.281927 
      274.5000  -0.548731   0.269776  -0.278955 
      275.0000  -0.546949   0.274358  -0.272591 
      275.5000  -0.526884   0.257175  -0.269709 
      276.0000  -0.553138   0.285498  -0.267640 
      276.5000  -0.541789   0.275587  -0.266202 
      277.0000  -0.520693   0.255978  -0.264715 
      277.5000  -0.527865   0.270270  -0.257595 
      278.0000  -0.561961   0.305124  -0.256837 
      278.5000  -0.559438   0.304639  -0.254799 
      279.0000  -0.600819   0.339302  -0.261517 
      279.5000  -0.551105   0.297892  -0.253213 
      280.0000  -0.579765   0.339707  -0.240058 
      280.5000  -0.530659   0.288517  -0.242141 
      281.0000  -0.543981   0.303499  -0.240482 
      281.5000  -0.539954   0.296867  -0.243087 
      282.0000  -0.518645   0.284558  -0.234086 
      282.5000  -0.529874   0.290131  -0.239743 
      283.0000  -0.518719   0.271058  -0.247661 
      283.5000  -0.576260   0.325895  -0.250365 
      284.0000  -0.565769   0.314221  -0.251547 
      284.5000  -0.540528   0.294882  -0.245646 
      285.0000  -0.537088   0.293423  -0.243665 
      285.5000  -0.548625   0.303113  -0.245513 
      286.0000  -0.568904   0.317667  -0.251237 
      286.5000  -0.560579   0.300095  -0.260484 
      287.0000  -0.568187   0.296383  -0.271805 
      287.5000  -0.579776   0.300593  -0.279183 
      288.0000  -0.574214   0.296854  -0.277360 
      288.5000  -0.548016   0.274609  -0.273407 
      289.0000  -0.560180   0.288989  -0.271192 
      289.5000  -0.564158   0.295465  -0.268692 
      290.0000  -0.577476   0.313293  -0.264182 
      290.5000  -0.545226   0.284697  -0.260529 
      291.0000  -0.563220   0.304612  -0.258608 
      291.5000  -0.533225   0.280286  -0.252940 
      292.0000  -0.517001   0.269852  -0.247149 
      292.5000  -0.545937   0.304119  -0.241818 
      293.0000  -0.544204   0.300220  -0.243984 
      293.5000  -0.559116   0.310381  -0.248735 
      294.0000  -0.568731   0.326750  -0.241981 
      294.5000  -0.552741   0.308626  -0.244114 
      295.0000  -0.522661   0.277079  -0.245583 
      295.5000  -0.548621   0.307567  -0.241054 
      296.0000  -0.525844   0.282906  -0.242938 
      296.5000  -0.559622   0.313572  -0.246051 
      297.0000  -0.559572   0.307230  -0.252342 
      297.5000  -0.537368   0.293337  -0.244031 
      298.0000  -0.577512   0.331018  -0.246493 
      298.5000  -0.539657   0.293382  -0.246275 
      299.0000  -0.572445   0.323362  -0.249083 
      299.5000  -0.551348   0.297490  -0.253859 
      300.0000  -0.556359   0.302791  -0.253568 
      300.5000  -0.547142   0.297269  -0.249873 
      301.0000  -0.545767   0.288819  -0.256948 
      301.5000  -0.583075   0.317330  -0.265745 
      302.0000  -0.543288   0.272104  -0.271183 
      302.5000  -0.547810   0.276312  -0.271498 
      303.0000  -0.552937   0.278609  -0.274329 
      303.5000  -0.551657   0.273265  -0.278392 
      304.0000  -0.581435   0.303552  -0.277883 
      304.5000  -0.558709   0.280499  -0.278210 
      305.0000  -0.584242   0.301307  -0.282935 
      305.5000  -0.560187   0.280497  -0.279690 
      306.0000  -0.538751   0.248518  -0.290232 
      306.5000  -0.576760   0.288788  -0.287972 
      307.0000  -0.581636   0.298374  -0.283261 
      307.5000  -0.556313   0.285863  -0.270450 
      308.0000  -0.584186   0.323994  -0.260192 
      308.5000  -0.561414   0.300235  -0.261179 
      309.0000  -0.557191   0.296268  -0.260923 
      309.5000  -0.540268   0.275709  -0.264559 
      310.0000  -0.577070   0.317271  -0.259799 
      310.5000  -0.534515   0.271690  -0.262825 
      311.0000  -0.555204   0.287342  -0.267862 
      311.5000  -0.558778   0.289808  -0.268970 
      312.0000  -0.548188   0.286427  -0.261761 
      312.5000  -0.562834   0.286024  -0.276810 
      313.0000  -0.553600   0.277270  -0.276329 
      313.5000  -0.519970   0.253238  -0.266732 
      314.0000  -0.539039   0.265688  -0.273351 
      314.5000  -0.525799   0.259118  -0.266681 
      315.0000  -0.539598   0.276500  -0.263098 
      315.5000  -0.515796   0.255007  -0.260789 
      316.0000  -0.563198   0.304021  -0.259177 
      316.5000  -0.551121   0.292256  -0.258865 
      317.0000  -0.563969   0.294655  -0.269315 
      317.5000  -0.559410   0.287373  -0.272037 
      318.0000  -0.547368   0.267921  -0.279447 
      318.5000  -0.532324   0.248788  -0.283536 
      319.0000  -0.573893   0.298639  -0.275254 
      319.5000  -0.549715   0.274337  -0.275378 
      320.0000  -0.553308   0.279249  -0.274058 
      320.5000  -0.553543   0.275216  -0.278327 
      321.0000  -0.577557   0.298378  -0.279178 
      321.5000  -0.554653   0.283946  -0.270707 
      322.0000  -0.571707   0.299624  -0.272083 
      322.5000  -0.550792   0.281700  -0.269091 
      323.0000  -0.561746   0.287548  -0.274198 
      323.5000  -0.550166   0.277338  -0.272828 
      324.0000  -0.580332   0.307578  -0.272754 
      324.5000  -0.567764   0.292820  -0.274944 
      325.0000  -0.570966   0.302044  -0.268922 
      325.5000  -0.582214   0.304276  -0.277938 
      326.0000  -0.561746   0.276296  -0.285450 
      326.5000  -0.576431   0.293767  -0.282664 
      327.0000  -0.560831   0.286361  -0.274469 
      327.5000  -0.556536   0.289944  -0.266592 
      328.0000  -0.562031   0.306980  -0.255051 
      328.5000  -0.554277   0.294531  -0.259746 
      329.0000  -0.580283   0.322914  -0.257369 
      329.5000  -0.554685   0.301921  -0.252764 
      330.0000  -0.550827   0.293009  -0.257817 
      330.5000  -0.584120   0.327896  -0.256224 
      331.0000  -0.559422   0.301862  -0.257560 
      331.5000  -0.561747   0.302579  -0.259168 
      332.0000  -0.567395   0.298628  -0.268767 
      332.5000  -0.575165   0.306920  -0.268245 
      333.0000  -0.566101   0.302633  -0.263468 
      333.5000  -0.566357   0.307457  -0.258900 
      334.0000  -0.587016   0.328459  -0.258556 
      334.5000  -0.592602   0.335008  -0.257594 
      335.0000  -0.568815   0.315297  -0.253518 
      335.5000  -0.556419   0.298777  -0.257642 
      336.0000  -0.576677   0.317532  -0.259145 
      336.5000  -0.560237   0.304453  -0.255784 
      337.0000  -0.556327   0.293605  -0.262722 
      337.5000  -0.541776   0.277216  -0.264560 
      338.0000  -0.552857   0.289702  -0.263156 
      338.5000  -0.552610   0.279458  -0.273152 
      339.0000  -0.573035   0.315828  -0.257207 
      339.5000  -0.567931   0.306536  -0.261395 
      340.0000  -0.567450   0.306241  -0.261209 
      340.5000  -0.556237   0.303869  -0.252367 
      341.0000  -0.579676   0.325259  -0.254417 
      341.5000  -0.579801   0.319085  -0.260716 
      342.0000  -0.558937   0.285514  -0.273423 
      342.5000  -0.591724   0.319618  -0.272107 
      343.0000  -0.575359   0.300098  -0.275261 
      343.5000  -0.573596   0.295244  -0.278352 
      344.0000  -0.580598   0.295897  -0.284700 
      344.5000  -0.586731   0.308344  -0.278387 
      345.0000  -0.549693   0.277176  -0.272517 
      345.5000  -0.546848   0.268071  -0.278777 
      346.0000  -0.561039   0.282341  -0.278698 
      346.5000  -0.589375   0.303596  -0.285778 
      347.0000  -0.571791   0.276748  -0.295042 
      347.5000  -0.574084   0.270694  -0.303390 
      348.0000  -0.593108   0.297383  -0.295725 
      348.5000  -0.597045   0.303480  -0.293565 
      349.0000  -0.603927   0.313184  -0.290743 
      349.5000  -0.606617   0.325226  -0.281391 
      350.0000  -0.584506   0.303567  -0.280939 
      350.5000  -0.589423   0.302138  -0.287285 
      351.0000  -0.584943   0.289366  -0.295577 
      351.5000  -0.591191   0.296485  -0.294707 
      352.0000  -0.610599   0.320072  -0.290528 
      352.5000  -0.577373   0.288237  -0.289136 
      353.0000  -0.607493   0.314157  -0.293336 
      353.5000  -0.594398   0.299143  -0.295255 
      354.0000  -0.649943   0.351033  -0.298910 
      354.5000  -0.598635   0.291454  -0.307180 
      355.0000  -0.630664   0.315518  -0.315146 
      355.5000  -0.651348   0.333524  -0.317825 
      356.0000  -0.601759   0.283093  -0.318665 
      356.5000  -0.613613   0.296698  -0.316915 
      357.0000  -0.631543   0.312476  -0.319067 
      357.5000  -0.638447   0.312417  -0.326030 
      358.0000  -0.624849   0.294128  -0.330720 
      358.5000  -0.634225   0.289405  -0.344821 
      359.0000  -0.651839   0.301455  -0.350384 
      359.5000  -0.666471   0.317720  -0.348751 
      360.0000  -0.642037   0.297938  -0.344099 
      360.5000  -0.664294   0.320505  -0.343789 
      361.0000  -0.649712   0.304620  -0.345091 
      361.5000  -0.659256   0.303157  -0.356099 
      362.0000  -0.662864   0.315411  -0.347452 
      362.5000  -0.678487   0.324477  -0.354010 
      363.0000  -0.669661   0.315036  -0.354625 
      363.5000  -0.684747   0.313550  -0.371197 
      364.0000  -0.716374   0.333650  -0.382724 
      364.5000  -0.689533   0.302189  -0.387344 
      365.0000  -0.723661   0.350881  -0.372780 
      365.5000  -0.679337   0.306775  -0.372561 
      366.0000  -0.690928   0.328815  -0.362113 
      366.5000  -0.669025   0.306621  -0.362405 
      367.0000  -0.676170   0.310977  -0.365193 
      367.5000  -0.691568   0.313407  -0.378161 
      368.0000  -0.676458   0.302183  -0.374275 
      368.5000  -0.711770   0.340552  -0.371218 
      369.0000  -0.700912   0.328748  -0.372164 
      369.5000  -0.674310   0.308725  -0.365584 
      370.0000  -0.689379   0.328980  -0.360399 
      370.5000  -0.696651   0.328689  -0.367962 
      371.0000  -0.703344   0.334730  -0.368614 
      371.5000  -0.718615   0.345426  -0.373189 
      372.0000  -0.740102   0.362903  -0.377199 
      372.5000  -0.704074   0.319758  -0.384316 
      373.0000  -0.729925   0.341475  -0.388450 
      373.5000  -0.730577   0.332325  -0.398252 
      374.0000  -0.757977   0.350646  -0.407331 
      374.5000  -0.745070   0.334882  -0.410188 
      375.0000  -0.738072   0.322951  -0.415121 
      375.5000  -0.738194   0.319702  -0.418492 
      376.0000  -0.761824   0.336916  -0.424908 
      376.5000  -0.759556   0.330173  -0.429383 
      377.0000  -0.744561   0.318557  -0.426005 
      377.5000  -0.715713   0.303746  -0.411967 
      378.0000  -0.747775   0.332074  -0.415701 
      378.5000  -0.715835   0.299672  -0.416163 
      379.0000  -0.696736   0.288885  -0.407851 
      379.5000  -0.727990   0.323175  -0.404815 
      380.0000  -0.709082   0.305510  -0.403571 
      380.5000  -0.706137   0.306753  -0.399384 
      381.0000  -0.731712   0.326454  -0.405258 
      381.5000  -0.706937   0.301847  -0.405090 
      382.0000  -0.727386   0.315112  -0.412274 
      382.5000  -0.716794   0.309348  -0.407446 
      383.0000  -0.709376   0.308786  -0.400590 
      383.5000  -0.666882   0.269168  -0.397714 
      384.0000  -0.729882   0.318279  -0.411603 
      384.5000  -0.712192   0.295265  -0.416927 
      385.0000  -0.713187   0.310146  -0.403040 
      385.5000  -0.687460   0.290970  -0.396490 
      386.0000  -0.703638   0.308656  -0.394982 
      386.5000  -0.717229   0.314867  -0.402362 
      387.0000  -0.694090   0.290660  -0.403430 
      387.5000  -0.724412   0.320280  -0.404132 
      388.0000  -0.726485   0.320332  -0.406153 
      388.5000  -0.703127   0.295365  -0.407762 
      389.0000  -0.715734   0.309866  -0.405868 
      389.5000  -0.709042   0.296702  -0.412339 
      390.0000  -0.711849   0.300694  -0.411154 
      390.5000  -0.711522   0.306566  -0.404956 
      391.0000  -0.722756   0.308724  -0.414032 
      391.5000  -0.720732   0.303852  -0.416880 
      392.0000  -0.710349   0.300655  -0.409694 
      392.5000  -0.738347   0.326635  -0.411712 
      393.0000  -0.721099   0.314474  -0.406626 
      393.5000  -0.739161   0.336667  -0.402494 
      394.0000  -0.694852   0.289136  -0.405716 
      394.5000  -0.684180   0.266934  -0.417246 
      395.0000  -0.686175   0.258045  -0.428130 
      395.5000  -0.734609   0.309040  -0.425569 
      396.0000  -0.715286   0.291732  -0.423555 
      396.5000  -0.705968   0.279829  -0.426139 
      397.0000  -0.752992   0.330056  -0.422936 
      397.5000  -0.737070   0.313023  -0.424047 
      398.0000  -0.705764   0.279986  -0.425778 
      398.5000  -0.707602   0.284242  -0.423360 
      399.0000  -0.736140   0.312253  -0.423887 
      399.5000  -0.716739   0.289915  -0.426824 
      400.0000  -0.732102   0.303785  -0.428317 
      400.5000  -0.723567   0.288782  -0.434785 
      401.0000  -0.752288   0.322114  -0.430174 
      401.5000  -0.738741   0.312187  -0.426554 
      402.0000  -0.717332   0.288875  -0.428457 
      402.5000  -0.734089   0.301336  -0.432753 
      403.0000  -0.782765   0.337427  -0.445337 
      403.5000  -0.722287   0.282771  -0.439517 
      404.0000  -0.731688   0.293200  -0.438488 
      404.5000  -0.746178   0.318276  -0.427902 
      405.0000  -0.719346   0.287749  -0.431596 
      405.5000  -0.744344   0.314932  -0.429412 
      406.0000  -0.748710   0.328945  -0.419764 
      406.5000  -0.723331   0.300624  -0.422707 
      407.0000  -0.732726   0.314017  -0.418709 
      407.5000  -0.734838   0.309469  -0.425368 
      408.0000  -0.734258   0.302989  -0.431269 
      408.5000  -0.721094   0.288585  -0.432509 
      409.0000  -0.730400   0.291033  -0.439367 
      409.5000  -0.733909   0.293149  -0.440759 
      410.0000  -0.731774   0.288606  -0.443168 
      410.5000  -0.730786   0.286552  -0.444234 
      411.0000  -0.760841   0.320241  -0.440600 
      411.5000  -0.733858   0.296734  -0.437124 
      412.0000  -0.750531   0.306972  -0.443559 
      412.5000  -0.745946   0.308215  -0.437731 
      413.0000  -0.732226   0.299482  -0.432744 
      413.5000  -0.737230   0.307349  -0.429882 
      414.0000  -0.692583   0.271431  -0.421152 
      414.5000  -0.739019   0.310913  -0.428106 
      415.0000  -0.741761   0.304735  -0.437026 
      415.5000  -0.754566   0.313925  -0.440641 
      416.0000  -0.725630   0.285238  -0.440392 
      416.5000  -0.754999   0.313117  -0.441883 
      417.0000  -0.748660   0.308419  -0.440241 
      417.5000  -0.713093   0.269534  -0.443559 
      418.0000  -0.740654   0.298673  -0.441981 
      418.5000  -0.769349   0.329801  -0.439548 
      419.0000  -0.735109   0.287884  -0.447225 
      419.5000  -0.771439   0.322529  -0.448910 
      420.0000  -0.755793   0.306407  -0.449385 
      420.5000  -0.730685   0.279597  -0.451088 
      421.0000  -0.749648   0.300179  -0.449470 
      421.5000  -0.743751   0.303238  -0.440513 
      422.0000  -0.736585   0.299598  -0.436986 
      422.5000  -0.724517   0.290093  -0.434424 
      423.0000  -0.736035   0.299942  -0.436093 
      423.5000  -0.743802   0.312423  -0.431379 
      424.0000  -0.738728   0.302009  -0.436719 
      424.5000  -0.751288   0.306530  -0.444758 
      425.0000  -0.733176   0.284395  -0.448781 
      425.5000  -0.764439   0.315497  -0.448942 
      426.0000  -0.770162   0.324877  -0.445285 
      426.5000  -0.745719   0.302542  -0.443177 
      427.0000  -0.750748   0.313526  -0.437222 
      427.5000  -0.730468   0.289444  -0.441025 
      428.0000  -0.732109   0.296071  -0.436038 
      428.5000  -0.767711   0.333480  -0.434231 
      429.0000  -0.726731   0.289599  -0.437131 
      429.5000  -0.730406   0.306609  -0.423797 
      430.0000  -0.696963   0.260854  -0.436110 
      430.5000  -0.753036   0.315078  -0.437958 
      431.0000  -0.748629   0.307364  -0.441265 
      431.5000  -0.744382   0.306784  -0.437599 
      432.0000  -0.772819   0.323776  -0.449043 
      432.5000  -0.785357   0.333878  -0.451479 
      433.0000  -0.784370   0.328933  -0.455437 
      433.5000  -0.740503   0.278939  -0.461564 
      434.0000  -0.788678   0.324944  -0.463734 
      434.5000  -0.764693   0.290594  -0.474099 
      435.0000  -0.764184   0.283447  -0.480737 
      435.5000  -0.785698   0.309331  -0.476367 
      436.0000  -0.784793   0.312923  -0.471870 
      436.5000  -0.754577   0.277943  -0.476634 
      437.0000  -0.768618   0.289865  -0.478752 
      437.5000  -0.791086   0.315286  -0.475800 
      438.0000  -0.769497   0.298508  -0.470989 
      438.5000  -0.773081   0.306122  -0.466958 
      439.0000  -0.772230   0.308386  -0.463844 
      439.5000  -0.802941   0.337086  -0.465854 
      440.0000  -0.763891   0.308696  -0.455195 
      440.5000  -0.776217   0.316538  -0.459679 
      441.0000  -0.777639   0.328005  -0.449634 
      441.5000  -0.766491   0.318811  -0.447680 
      442.0000  -0.758914   0.307550  -0.451364 
      442.5000  -0.742155   0.299435  -0.442720 
      443.0000  -0.782062   0.343501  -0.438560 
      443.5000  -0.765285   0.331661  -0.433624 
      444.0000  -0.756610   0.320525  -0.436085 
      444.5000  -0.737734   0.302546  -0.435188 
      445.0000  -0.771794   0.337004  -0.434790 
      445.5000  -0.745021   0.308594  -0.436427 
      446.0000  -0.763110   0.321824  -0.441287 
      446.5000  -0.756673   0.314469  -0.442204 
      447.0000  -0.770162   0.314062  -0.456100 
      447.5000  -0.786820   0.330714  -0.456106 
      448.0000  -0.794737   0.332798  -0.461939 
      448.5000  -0.770540   0.311005  -0.459535 
      449.0000  -0.751522   0.295858  -0.455664 
      449.5000  -0.787120   0.330190  -0.456930 
      450.0000  -0.778897   0.322161  -0.456736 
      450.5000  -0.777104   0.328203  -0.448902 
      451.0000  -0.748229   0.296421  -0.451808 
      451.5000  -0.777697   0.332648  -0.445049 
      452.0000  -0.773055   0.330867  -0.442188 
      452.5000  -0.735806   0.293578  -0.442228 
      453.0000  -0.793436   0.355703  -0.437733 
      453.5000  -0.736589   0.297995  -0.438594 
      454.0000  -0.741547   0.309078  -0.432470 
      454.5000  -0.751593   0.319174  -0.432419 
      455.0000  -0.791047   0.365874  -0.425173 
      455.5000  -0.763879   0.332072  -0.431806 
      456.0000  -0.743975   0.313634  -0.430340 
      456.5000  -0.769362   0.340459  -0.428903 
      457.0000  -0.767439   0.340070  -0.427369 
      457.5000  -0.776671   0.342555  -0.434117 
      458.0000  -0.762170   0.327478  -0.434691 
      458.5000  -0.759602   0.336214  -0.423389 
      459.0000  -0.756306   0.326527  -0.429778 
      459.5000  -0.770769   0.333469  -0.437301 
      460.0000  -0.788448   0.352451  -0.435997 
      460.5000  -0.734792   0.305637  -0.429155 
      461.0000  -0.754893   0.333972  -0.420920 
      461.5000  -0.773644   0.357934  -0.415710 
      462.0000  -0.756123   0.343713  -0.412409 
      462.5000  -0.749837   0.335204  -0.414632 
      463.0000  -0.753857   0.344713  -0.409144 
      463.5000  -0.755344   0.351683  -0.403661 
      464.0000  -0.774968   0.375840  -0.399127 
      464.5000  -0.746628   0.347299  -0.399330 
      465.0000  -0.763768   0.368373  -0.395395 
      465.5000  -0.721433   0.329405  -0.392029 
      466.0000  -0.723298   0.326776  -0.396521 
      466.5000  -0.749059   0.340324  -0.408734 
      467.0000  -0.745490   0.332665  -0.412825 
      467.5000  -0.759287   0.341725  -0.417561 
      468.0000  -0.756054   0.345451  -0.410603 
      468.5000  -0.736730   0.326188  -0.410542 
      469.0000  -0.728495   0.312792  -0.415703 
      469.5000  -0.776827   0.368961  -0.407866 
      470.0000  -0.727685   0.319469  -0.408216 
      470.5000  -0.756071   0.347344  -0.408727 
      471.0000  -0.725665   0.330993  -0.394672 
      471.5000  -0.751175   0.353099  -0.398076 
      472.0000  -0.742457   0.350076  -0.392381 
      472.5000  -0.710425   0.312669  -0.397756 
      473.0000  -0.756001   0.350210  -0.405791 
      473.5000  -0.733027   0.319935  -0.413092 
      474.0000  -0.752888   0.335897  -0.416991 
      474.5000  -0.768958   0.343891  -0.425067 
      475.0000  -0.726841   0.299696  -0.427144 
      475.5000  -0.748660   0.322407  -0.426253 
      476.0000  -0.742086   0.306093  -0.435994 
      476.5000  -0.721404   0.284644  -0.436760 
      477.0000  -0.731750   0.293303  -0.438447 
      477.5000  -0.761261   0.324907  -0.436353 
      478.0000  -0.740852   0.307748  -0.433104 
      478.5000  -0.773706   0.331898  -0.441808 
      479.0000  -0.736611   0.292913  -0.443698 
      479.5000  -0.768284   0.334746  -0.433539 
      480.0000  -0.754220   0.322947  -0.431273 
      480.5000  -0.721161   0.284014  -0.437147 
      481.0000  -0.777388   0.335101  -0.442287 
      481.5000  -0.758673   0.317372  -0.441301 
      482.0000  -0.765629   0.320474  -0.445155 
      482.5000  -0.763575   0.308517  -0.455058 
      483.0000  -0.757101   0.288221  -0.468880 
      483.5000  -0.732078   0.267423  -0.464655 
      484.0000  -0.801342   0.329863  -0.471479 
      484.5000  -0.771016   0.293349  -0.477667 
      485.0000  -0.799232   0.322107  -0.477124 
      485.5000  -0.733185   0.255597  -0.477589 
      486.0000  -0.788349   0.311452  -0.476897 
      486.5000  -0.780833   0.289879  -0.490954 
      487.0000  -0.803939   0.308726  -0.495213 
      487.5000  -0.800277   0.298791  -0.501486 
      488.0000  -0.813954   0.312265  -0.501689 
      488.5000  -0.795282   0.301021  -0.494261 
      489.0000  -0.795924   0.298113  -0.497811 
      489.5000  -0.814239   0.317575  -0.496665 
      490.0000  -0.789186   0.295885  -0.493301 
      490.5000  -0.772943   0.284547  -0.488396 
      491.0000  -0.802897   0.310004  -0.492893 
      491.5000  -0.786563   0.298768  -0.487795 
      492.0000  -0.798364   0.310621  -0.487743 
      492.5000  -0.771649   0.285383  -0.486266 
      493.0000  -0.770161   0.291602  -0.478559 
      493.5000  -0.761669   0.283878  -0.477791 
      494.0000  -0.756376   0.285843  -0.470532 
      494.5000  -0.788503   0.317353  -0.471149 
      495.0000  -0.770914   0.304944  -0.465970 
      495.5000  -0.779647   0.320403  -0.459244 
      496.0000  -0.795295   0.333604  -0.461691 
      496.5000  -0.784174   0.335788  -0.448386 
      497.0000  -0.778157   0.323465  -0.454692 
      497.5000  -0.779273   0.328032  -0.451241 
      498.0000  -0.745860   0.294523  -0.451338 
      498.5000  -0.796628   0.348610  -0.448018 
      499.0000  -0.775398   0.323639  -0.451758 
      499.5000  -0.784227   0.333541  -0.450686 
      500.0000  -0.760094   0.310281  -0.449813 
