t = 100000
b = 30 30 30
E = -0.621985653766436 -0.760094282329142 0.138108628562706
22.3525258095537 28.1884493336179 20.2134255479951 -0.665058161391892 -0.332680472560986 0.668596449161218 -0.662156618351642 -0.151294402714595 -0.733933577293331 -0.526072492620832 0.0171176279226148 0.284788631624598 0.625996186682497 0.0729962674335295 -0.473035288747094
22.1313718626625 27.8307223809171 19.9861719422897 -0.743158915170452 0.512474120018085 0.430215019076149 -0.574252357305417 -0.158476149254652 -0.803193257696542 0.0704262737804853 -0.168530695395852 0.6344483154303 -0.00212977873716387 -0.0272343275979481 -0.102864193917569
21.7766871453312 27.5835050485521 19.8085029204855 -0.261888154427214 0.963199868490592 -0.0605010565245326 -0.406638113376478 -0.166980628658666 -0.898199749780648 0.114196860553509 0.0346310371819934 -0.282690066237625 0.290421058912189 -0.232972030794441 0.204133769323297
21.3802241112674 27.5144389472201 19.539762577094 0.355733678844117 0.881159271955288 -0.311467139905659 -0.397581207118481 -0.158926372318606 -0.903698806618728 -0.161953188079098 0.131899201319536 -0.0746562683622832 -0.330102852394531 -0.0191186358556775 -0.0765027918829965
20.9757290114721 26.4552734068264 19.2050367682341 0.645565557380788 -0.750727190685656 -0.140191316278781 -0.676409051614236 -0.476833097369867 -0.561338439018832 -0.202229303931706 0.259534995197336 -0.495685500765887 0.370102632059581 0.200529040328019 -0.113334385394954
20.9510597860431 26.2779140523461 18.8132756968344 -0.0290866934467359 -0.830630033699353 0.556064308425538 -0.645561878207815 -0.409111740384978 -0.644885497604388 -0.4137740034955 0.29242902918414 -0.257224184812272 -0.323428978899104 -0.0964810397974376 -0.733347016056568
20.7119421892335 25.8785550269271 18.5009679422975 -0.436875061659939 -0.234442117563179 0.868433608313076 -0.759281806392175 -0.421551902876307 -0.495767083004856 0.043120197821688 0.558181003697949 -0.735972121723614 0.407081499956183 -0.0465569528117152 -0.163862098301488
20.2723274550015 25.6421553451023 18.3520519159489 -0.1949521139543 0.0564559090887838 0.979186541149553 -0.956189304974789 -0.233236093389302 -0.176926010768193 0.339874195523537 0.194153950227371 -0.488758192409373 -0.991561190272731 -0.0146011027003044 -0.354961675134141
19.8466796044563 25.3342915506508 18.4416537879307 -0.106991621179248 0.721243444982419 0.684368757795797 -0.984459523638815 0.0195583963189525 -0.174518907289703 0.402903905739773 0.777222488973333 -0.599347579710962 0.520016222224301 0.0608122654547001 -0.174281255136282
19.4012019744588 25.21501170263 18.6861841808657 0.116503978156955 0.993174438048722 -0.00557842007406919 -0.991224764366158 0.115918417774145 -0.0635315542112059 -0.0166736514936238 0.462668107840039 0.174790863347173 0.408162157162755 -0.161597819809653 0.240714988093127
19.0079194434583 24.3035907913175 17.8786064128575 -0.442297975228558 -0.896634515535187 0.0204652337787746 -0.840756286679585 0.406573531810457 -0.357528568653947 0.0336826892377238 -0.325239139404959 -0.00617938447919958 0.00574177069429392 0.0127045050054589 0.242830467810515
18.6329567415505 24.3193323748683 17.4063405644275 -0.46041793643561 -0.639225315904848 0.615959533009697 -0.873759768795311 0.20383846086671 -0.441580842843195 0.121413281867232 -0.0298748185931703 0.00676737269935955 0.148859358120243 0.185716646326327 -0.147451066872746
18.2124984981865 24.0722479340133 17.2388884788187 -0.280672861806765 0.0968153884456902 0.954908060271432 -0.927976926743872 0.226705345728684 -0.295742092318318 -0.179062981705031 -0.299983370585084 0.198516712973255 -0.0334611874069403 0.289506119859227 -0.0915206825814222
17.7598816338666 23.9388616220074 17.0943394344804 -0.0111033277736227 0.749860295026601 0.661502957232597 -0.783138858073245 0.40481746506283 -0.472034188981725 -0.158142969910301 -0.340481508866027 0.148884101943832 -0.134860126260049 0.00936981867294007 0.00883293153045621
17.2010959737533 24.0645250337278 17.0319366068336 0.379065951022125 0.838298681454118 0.391872581249307 -0.630862328288263 0.543921712813901 -0.553318837564077 -0.125695237072781 0.214969659731072 -0.214202517291512 -0.394690898613987 -0.0519038076637759 -0.0473130643916078
16.9211309919979 24.4426605253581 17.12309419958 0.675424804838822 0.501511013037825 -0.540636553600427 -0.737426647683683 0.457582610283193 -0.496809765086716 -0.8200932165401 -0.0604183735234687 0.00241459604694585 0.149203196058142 0.148234774746662 -0.669533828791201
16.7623207172472 24.8466613648149 17.0674128962599 0.380524330002898 -0.200948663188087 -0.902674263790033 -0.657369206657695 0.627765066839509 -0.416865273405902 0.0853716944438392 -0.499086869283539 0.354348648219319 -0.590143124157138 0.125562763402751 0.0647870641025504
16.7636571835054 25.3415344440559 16.8760728627718 -0.372560880376203 -0.594323317864751 -0.712725769341117 -0.527828852085491 0.767397421873244 -0.364002349294682 -0.188442034259916 -0.180117303333252 -0.908879314593771 -0.0503854277942783 0.0502506518706309 0.108574314574675
16.7033358539256 25.671155994724 16.4694931046622 -0.7915170470247 -0.595878861872771 0.135753670657937 -0.598501384420724 0.710820922256039 -0.369499142401856 -0.26935093548097 -0.413377785889191 0.285104444326707 -0.39305989978176 0.108104104569447 0.533557831930878
16.4608020345278 25.8260185084918 16.1048174672239 -0.592451091765707 -0.137599384276578 0.79376822328392 -0.511524733281206 0.825448187077004 -0.238699671603381 0.0159838811715639 -0.272018704709729 -0.00585054177591843 0.673104398610333 0.162860125339087 0.383692480309977
16.6209038707408 25.0443632412699 15.1744169747855 0.33984878424938 -0.806350055470419 -0.484047720687071 -0.679041638905209 -0.566476983764697 0.466911250659753 -0.680965605001918 -0.0129374570269846 -0.178372295904895 0.0188124163872147 -0.230234429272956 0.0535777796529861
16.2386028580447 24.7663078381499 15.1154647706367 0.599771015307178 -0.749457996286755 0.280334335646748 -0.799373343517639 -0.545552568042181 0.251743042287653 0.379609360087608 0.129537100398227 0.00144148586178092 0.20564210783741 0.197561066049904 -0.416125534510958
16.0169197142321 24.4958528285345 14.8241468466512 0.158966301983484 -0.0974160885584703 0.982466131280099 -0.972432176222728 -0.187406081742509 0.138760586984494 -0.172727955663999 0.271759828919914 -0.627932908853249 -0.459204709688614 0.264270382305321 0.170125560064641
16.5835134818214 25.114396654599 14.062426775497 0.540605294919686 -0.213110675344099 -0.813836405661164 -0.841169593510282 -0.121519174916206 -0.526940926105314 0.585997036722212 -0.0293678967301137 0.0809648778305902 -0.561317850276114 0.546560718765876 0.0288413886877496
16.2177297157048 25.3739440934429 13.7115670300041 0.236067913755679 -0.834871230024679 -0.497254226673201 -0.720884316343199 0.192677706594403 -0.665733413635311 0.00303678743370488 -0.0821888899528197 0.00964969848124327 0.254204718457615 -0.401323378848633 0.483696412111403
18.4190286256373 28.3981251301263 17.3617544907673 0.242990945048696 0.957295274422535 0.156655661208257 0.703572574106783 -0.0627533739704966 -0.707847132469841 -0.180659857756493 0.0802613113849236 -0.495489409680839 -0.195197987625196 -0.557172997094417 -0.272073791225598
18.6424069049523 28.0953094011418 17.747763720122 -0.870876609068432 0.357237030647332 0.337573001955878 -0.276555795917106 -0.923939392374532 0.264296666524479 -0.38361345308688 0.186454399999447 0.0937740732465174 0.127603193489951 -0.437035474747178 -0.0855987232477572
18.5528808174035 27.7770258465563 18.1889443874912 -0.891905055469452 0.378470825703011 -0.24751798661089 -0.443286476336448 -0.83996759940907 0.312971901589564 -0.105768205796962 -0.701358919180017 0.218527799097261 -0.42516458352435 -0.0989986331404034 -0.0666817993543764
18.7706494511034 27.1723091647532 18.8043787274887 -0.851600014850759 -0.159618725696454 -0.499298657344036 0.284687357203841 -0.940628250821045 -0.184855014554162 0.516949807719531 -0.0998778646270869 -0.145918294636108 0.0005902545950149 0.272375217912234 0.0487309072048342
19.5498236472296 26.4719988868536 18.8511384519147 -0.204043240970326 -0.977248074621404 0.0579001425003719 0.975196818232371 -0.197720506001587 0.099487186199515 -0.361422835860803 -0.531236769515822 0.694829707494093 0.225091932529669 0.0384379350666491 0.631772851704196
19.6756573796379 26.9062504109916 18.0133932434203 -0.00116886450404233 0.92733103311826 -0.374240080170038 0.841204812536409 0.203269398334594 0.501054800268589 0.226698845071463 0.156487373848342 0.0836226184494117 -0.363191679410396 0.680199082174272 -0.382847669806857
20.1343886379725 26.9351797462498 17.9101046863244 -0.288048593739389 0.872460818346638 0.39476571999767 0.839324217818327 0.0315439036410428 0.542715162869366 0.165300628808546 0.199680683479873 -0.568764325639361 0.357794523218345 -0.361161156770378 -0.00941575404062151
20.5195899045745 27.214931444226 17.8805125829478 -0.36299929873834 0.198514035431992 0.910397485265842 0.922264163684602 0.215890970937062 0.32065535332816 -0.0821093896106964 0.452038206462056 -0.721126917634959 -0.226916202046963 -0.184527890623129 0.218966013939632
21.2291494189375 26.4227173246754 17.0311426050779 0.119443315157502 -0.988728374474173 0.0902732473868275 0.990528520256593 0.112469443610486 -0.0787638450947529 0.144729772752925 -0.322719180791654 0.10113809107336 0.323914916918046 -0.420559308249065 -0.0417519718630265
21.677165371728 26.4719416087465 17.2776922489055 0.0492777891573305 -0.63204033218472 -0.773367068995915 0.974481544219847 0.200197860560683 -0.101520788333484 0.00955384127507346 -0.078340250825444 0.467774301680209 0.461515130371522 -0.190575456631524 0.111289223836896
22.1723708758412 26.2944392650347 17.0401227846328 -0.515351223529823 -0.0840753839754446 -0.852844872874072 0.856954304684702 -0.058112379874025 -0.512105625539554 -0.374672910193934 -0.205619849285245 -0.440954869379567 0.166415454137666 -0.476703961908536 0.257503973966758
22.4113895212203 25.9161812393605 16.6944502639802 -0.29016335564468 0.735102963821171 -0.612722389442016 0.882988468095525 -0.0412017828118109 -0.467582810834806 -0.432752744428343 -0.0128466079871865 -0.572505204387489 -0.0330403381074665 -0.00284291392138572 -0.170329141081753
22.8851475977269 25.536445641177 16.4582705466334 -0.202720882582236 0.904956978505194 -0.374108236513841 0.805262634191613 -0.0633217521233653 -0.589527254812611 0.256581024225772 0.159759520825524 -0.233974789073807 -0.255606736074942 0.113709060356138 0.274756628570805
23.0218633939646 25.4514898584802 15.9807654522485 0.460615044521939 0.842226633358763 0.280156871648496 0.651841368898015 -0.106746571673479 -0.750804821185474 -0.103523247169508 0.261444730805665 0.0467126556751149 0.123674258580477 -0.376899868991769 -0.0878443445204812
23.1907707575786 25.5868370655287 15.4877671479483 0.684597383815438 0.296722919031789 0.665794157064745 0.720366403630875 -0.135880019091305 -0.680153510491339 0.156509267073373 -0.288328867131681 0.689185271701269 -0.261002882375864 0.316700256470599 -0.017017871678614
23.6372647010844 25.5074602792746 15.1575277534728 0.419260744116634 0.0236011520193271 0.90755900733703 0.890745401630435 -0.203915926401705 -0.406190616745537 -0.251559703466646 0.135569995385471 -0.302825588344444 0.0942303786884785 0.620036706138532 -0.013227363578739
24.3325315738242 25.4597209059915 14.8130141347316 0.420865236341163 0.493621267099694 0.761058730791187 0.906133907979079 -0.189598233081752 -0.378118702107065 0.413153205311458 -0.574838156822993 -0.211747296404822 -0.111352847184735 -0.15930580658283 -0.113180063817988
24.7166567466079 25.7725889876007 14.5787844047509 0.29436613911733 -0.566233795097291 0.769888139275396 0.881125941393323 -0.15115887850082 -0.448071441606858 0.717698104657989 -0.0573055602221488 -0.227040116681225 -0.553399810825699 0.0290432292154649 -0.738174117123181
25.2481878118197 25.8065652072227 14.5907147504987 -0.381788649370177 -0.90834926115728 0.170700987392104 0.807407674821254 -0.417670974068853 -0.416705721812989 -0.257446959504995 -0.349233182642452 -0.177481224415718 0.242136375976792 -0.173862697735009 0.151277234020682
25.4230853924835 26.826118976094 14.0650096470067 -0.928494469756976 0.122869363337528 -0.350429844115829 0.3145575158016 0.761774550132397 -0.566350597171177 -0.26947583590126 0.554867014845717 -0.294126298829602 -0.111029105946613 -0.58915300380869 -0.0722238445214503
25.4418179443118 26.7848654765782 13.519171644379 -0.612487843162798 0.777485796793752 0.142738687263308 0.267952989715689 0.374086673655542 -0.88784023584598 0.448019418954168 -0.152385677039162 -0.279853114890909 0.154201972885564 -0.0852975114749492 0.269370625085069
25.3468880060863 26.8809148089864 13.0339018208676 0.0711640471053895 0.866571950509085 0.49395200261606 0.133427114121197 0.482486870732546 -0.865680959439059 -0.157940045738996 0.100621163930662 0.4418128085047 0.0499229638164187 -0.486872492413201 0.00696475365614433
25.152717160739 27.2099774830545 12.7648559358658 0.716947516925866 0.551521478436582 0.426392112287371 0.145339516700765 0.47994923705582 -0.865173412669966 -0.491007778279503 -0.268023414997441 -0.297412841368015 -0.0769034319767897 -0.118119277965041 0.0730200347474213
24.9895716223013 27.6489153941342 12.5471478515457 0.992157436160112 -0.0788896761803649 -0.0969531376203554 -0.0280366951120728 0.615438907248909 -0.78768568334785 -0.130217625387159 -0.114433943358861 -0.194553398944085 -0.065110589724177 -0.0282167726249405 -0.154273586852288
24.4475589503749 28.4397113333727 12.3006326948046 0.544245145194807 0.831988753345599 0.107665345459896 0.53304548381747 -0.44204916451709 0.721425650074973 -0.0419170187538072 -0.234850250464471 -0.211034678622492 0.0998313184100947 -0.114070220126157 0.22846396996081
