t = 0
b =  30.0 30.0 30.0
E = 0. 0. 0.
5.778535992443279 24.136587346240518 13.151759013062119 0.41683910367005034 -0.10134057979494106 0.9033134829827207 0.15518109134750424 0.9871106748776836 0.039132396179148134 0.0 0.0 0.0 0.0 0.0 0.0
5.571423317124971 24.553354825396443 13.420262849457185 0.8628332712436331 -0.15472125343825682 0.4812276797624029 0.15518109134750424 0.9871106748776836 0.039132396179148134 0.0 0.0 0.0 0.0 0.0 0.0
5.560993513135736 24.934853589962806 13.798462550595941 0.9810226532687596 -0.14932073609896956 -0.12368456469739869 0.15518109134750424 0.9871106748776836 0.039132396179148134 0.0 0.0 0.0 0.0 0.0 0.0
5.774187853827037 25.282314688037026 14.148468351320185 0.7265051274929935 -0.08719077460610943 -0.6816069751330129 0.15518109134750424 0.9871106748776836 0.039132396179148134 0.0 0.0 0.0 0.0 0.0 0.0
6.152989061189882 25.60990064629632 14.343101820616063 0.19597615726465356 0.00806441991162446 -0.9805754998546866 0.15518109134750424 0.9871106748776836 0.039132396179148134 0.0 0.0 0.0 0.0 0.0 0.0
6.576463039767604 25.93932488932822 14.314213073866215 -0.40900743165514697 0.10025580647502144 -0.9070069978334804 0.15518109134750424 0.9871106748776836 0.039132396179148134 0.0 0.0 0.0 0.0 0.0 0.0
6.906703761430097 26.291602446600653 14.078572053421208 -0.8586022590495676 0.15435833597086074 -0.4888513729870113 0.15518109134750424 0.9871106748776836 0.039132396179148134 0.0 0.0 0.0 0.0 0.0 0.0
7.041226071126283 26.679065991414532 13.731497347122083 -0.981999733166809 0.1498175528976172 0.11502706161632376 0.15518109134750424 0.9871106748776836 0.039132396179148134 0.0 0.0 0.0 0.0 0.0 0.0
6.951901510748429 27.100680452125445 13.41064306313773 -0.7323190904939842 0.0883585766626605 0.6752047923617044 0.15518109134750424 0.9871106748776836 0.039132396179148134 0.0 0.0 0.0 0.0 0.0 0.0
6.695644790650018 27.542436253166812 13.243701732817577 -0.20441818162023156 -0.006669300123062945 0.9788609336667524 0.15518109134750424 0.9871106748776836 0.039132396179148134 0.0 0.0 0.0 0.0 0.0 0.0
6.392790939619249 27.982671787035283 13.299891783126663 0.4011446121407861 -0.09916339828728307 0.9106314405897348 0.15518109134750424 0.9871106748776836 0.039132396179148134 0.0 0.0 0.0 0.0 0.0 0.0
6.181378015548004 28.400303021143984 13.563660298971238 0.8543058609692614 -0.15398366351855833 0.4964378382869019 0.15518109134750424 0.9871106748776836 0.039132396179148134 0.0 0.0 0.0 0.0 0.0 0.0
6.164704139365476 28.782833674308524 13.94059183567375 0.9829020299832112 -0.1503029605095699 -0.10636079877916121 0.15518109134750424 0.9871106748776836 0.039132396179148134 0.0 0.0 0.0 0.0 0.0 0.0
6.372082811844677 29.131102762895623 14.293278424947907 0.7380772845609451 -0.08951964987150508 -0.6687511901312958 0.15518109134750424 0.9871106748776836 0.039132396179148134 0.0 0.0 0.0 0.0 0.0 0.0
6.74770622456318 29.45896584447777 14.493523159389348 0.21284463873984194 0.005273672441475301 -0.9770718234289053 0.15518109134750424 0.9871106748776836 0.039132396179148134 0.0 0.0 0.0 0.0 0.0 0.0
7.1718475793795955 29.788031059858888 14.471044340936562 -0.39325124391111643 0.0980634384228379 -0.9141865352361354 0.15518109134750424 0.9871106748776836 0.039132396179148134 0.0 0.0 0.0 0.0 0.0 0.0
7.506347300772805 30.13944983911406 14.240176673011778 -0.8499444041900631 0.1535972646141065 -0.5039864979233697 0.15518109134750424 0.9871106748776836 0.039132396179148134 0.0 0.0 0.0 0.0 0.0 0.0
7.647102168487351 30.525881119670967 13.894425267027403 -0.9837294750045703 0.1507769219691577 0.09768643615537909 0.15518109134750424 0.9871106748776836 0.039132396179148134 0.0 0.0 0.0 0.0 0.0 0.0
7.563615871421511 30.946682004334946 13.570941487238356 -0.7437792711851043 0.09067390581242203 0.6622466599085832 0.15518109134750424 0.9871106748776836 0.039132396179148134 0.0 0.0 0.0 0.0 0.0 0.0
7.310585066085981 31.38815200868192 13.39841685441309 -0.22125488691615075 -0.0038776431493138877 0.9752083053888168 0.15518109134750424 0.9871106748776836 0.039132396179148134 0.0 0.0 0.0 0.0 0.0 0.0
7.007119202316118 31.828738104151004 13.44819098548618 0.3853279280766887 -0.09695601064788933 0.9176720110384605 0.15518109134750424 0.9871106748776836 0.039132396179148134 0.0 0.0 0.0 0.0 0.0 0.0
6.791488851875697 32.247223073942166 13.707148480350078 0.8455182208537919 -0.15319916868327882 0.5114967770367576 0.15518109134750424 0.9871106748776836 0.039132396179148134 0.0 0.0 0.0 0.0 0.0 0.0
6.7685944064831665 32.630786288411564 14.082701681633772 0.9844820052177441 -0.1512394011823815 -0.08900463433127526 0.15518109134750424 0.9871106748776836 0.039132396179148134 0.0 0.0 0.0 0.0 0.0 0.0
6.970112665156791 32.97987447662268 14.437966273721118 0.7494246161381043 -0.09182125658435354 -0.6556916970387263 0.15518109134750424 0.9871106748776836 0.039132396179148134 0.0 0.0 0.0 0.0 0.0 0.0
7.342462288659776 33.30803200650624 14.643765922837119 0.22964828567619788 0.0024813185596132686 -0.9732705214606002 0.15518109134750424 0.9871106748776836 0.039132396179148134 0.0 0.0 0.0 0.0 0.0 0.0
9.833314932313321 2.9091286863079713 28.841976905738 0.9536125848678796 -0.2927170421131195 -0.0702835061600324 0.26628864454730655 0.7113350202225086 0.6504558761285824 0.0 0.0 0.0 0.0 0.0 0.0
9.996394808424558 2.928203553089579 29.35356874068376 0.8547951619950521 0.13757812731103974 -0.5003973320426874 0.26628864454730655 0.7113350202225086 0.6504558761285824 0.0 0.0 0.0 0.0 0.0 0.0
10.354325268608733 2.9786393583206405 29.75109498804536 0.4312267656673244 0.5156050659861098 -0.740401845285084 0.26628864454730655 0.7113350202225086 0.6504558761285824 0.0 0.0 0.0 0.0 0.0 0.0
10.810553883595345 3.146607354566772 29.979846611477452 -0.1561718886644635 0.6977450196360627 -0.6991153186449603 0.26628864454730655 0.7113350202225086 0.6504558761285824 0.0 0.0 0.0 0.0 0.0 0.0
11.231183111646937 3.4736263499935225 30.049234876026727 -0.6842382314378848 0.6147999746516509 -0.3922231938668142 0.26628864454730655 0.7113350202225086 0.6504558761285824 0.0 0.0 0.0 0.0 0.0 0.0
11.495840213312675 3.940789018986826 30.029215851192745 -0.9523510302348852 0.2982821403896514 0.06368107988343297 0.26628864454730655 0.7113350202225086 0.6504558761285824 0.0 0.0 0.0 0.0 0.0 0.0
11.543408867670605 4.475945111267411 30.023712930521917 -0.8586497501855358 -0.13155806601781805 0.4953918466950857 0.26628864454730655 0.7113350202225086 0.6504558761285824 0.0 0.0 0.0 0.0 0.0 0.0
11.395248284456288 4.981112538259754 30.13113459689276 -0.43873307418244356 -0.5114171636115507 0.7388949684372859 0.26628864454730655 0.7113350202225086 0.6504558761285824 0.0 0.0 0.0 0.0 0.0 0.0
11.14707848317733 5.3697024067150805 30.406987394568247 0.1478656319283884 -0.6969803303102551 0.7016795380050818 0.26628864454730655 0.7113350202225086 0.6504558761285824 0.0 0.0 0.0 0.0 0.0 0.0
10.932614657349044 5.599415586945666 30.84278806501037 0.6782877122880955 -0.6177490166343929 0.3978843196284834 0.26628864454730655 0.7113350202225086 0.6504558761285824 0.0 0.0 0.0 0.0 0.0 0.0
10.872766536879183 5.688312859396942 31.369286478631256 0.9510169503837613 -0.30382452332634685 -0.0570738040460495 0.26628864454730655 0.7113350202225086 0.6504558761285824 0.0 0.0 0.0 0.0 0.0 0.0
11.029702760173093 5.707953322196125 31.882774916824015 0.8624389488731451 0.12552798606852067 -0.4903486353403711 0.26628864454730655 0.7113350202225086 0.6504558761285824 0.0 0.0 0.0 0.0 0.0 0.0
11.383231968999315 5.756207893369371 32.284488368162094 0.44620597147533947 0.5071903148399499 -0.7373318218768937 0.26628864454730655 0.7113350202225086 0.6504558761285824 0.0 0.0 0.0 0.0 0.0 0.0
11.838473843063232 5.92007651276915 32.51812700750316 -0.13954811465195702 0.6961625632338246 -0.7041903217517218 0.26628864454730655 0.7113350202225086 0.6504558761285824 0.0 0.0 0.0 0.0 0.0 0.0
12.261905720001348 6.2426354103628645 32.59124544084354 -0.6722855389029179 0.6206510146378051 -0.40351514495874163 0.26628864454730655 0.7113350202225086 0.6504558761285824 0.0 0.0 0.0 0.0 0.0 0.0
12.532090087193048 6.706671726272079 32.572382584193946 -0.9496104469098542 0.30934376884928616 0.050462181817517215 0.26628864454730655 0.7113350202225086 0.6504558761285824 0.0 0.0 0.0 0.0 0.0 0.0
12.585810723132113 7.241222964024004 32.56502258347745 -0.8661624694957296 -0.11948834667708336 0.4852680820386129 0.26628864454730655 0.7113350202225086 0.6504558761285824 0.0 0.0 0.0 0.0 0.0 0.0
12.442089596895784 7.748536829391182 32.66827945733064 -0.4536448884559509 -0.5029248415622073 0.7357125246435688 0.26628864454730655 0.7113350202225086 0.6504558761285824 0.0 0.0 0.0 0.0 0.0 0.0
12.194960104061966 8.141208961299702 32.93924202432556 0.13121997024631224 -0.6952917806829014 0.7066474786789763 0.26628864454730655 0.7113350202225086 0.6504558761285824 0.0 0.0 0.0 0.0 0.0 0.0
11.977742207574636 8.375389309924167 33.37128490632005 0.6662321683710934 -0.6235057476635049 0.40911524104843844 0.26628864454730655 0.7113350202225086 0.6504558761285824 0.0 0.0 0.0 0.0 0.0 0.0
11.912391954830522 8.467441503750099 33.89658562038436 0.9481316269238483 -0.31483945664655466 -0.043846716698467625 0.26628864454730655 0.7113350202225086 0.6504558761285824 0.0 0.0 0.0 0.0 0.0 0.0
12.063168336276703 8.487726033527013 34.41189147399761 0.8698200284927776 0.11343960778542841 -0.480150573693616 0.26628864454730655 0.7113350202225086 0.6504558761285824 0.0 0.0 0.0 0.0 0.0 0.0
12.41222022058674 8.533869125467996 34.81774698922945 0.4610492586219489 0.4986210686106269 -0.7340372000530658 0.26628864454730655 0.7113350202225086 0.6504558761285824 0.0 0.0 0.0 0.0 0.0 0.0
12.866368297906584 8.693672905687906 35.05627870161267 -0.1228818329318945 0.6943680489709476 -0.7090508216648328 0.26628864454730655 0.7113350202225086 0.6504558761285824 0.0 0.0 0.0 0.0 0.0 0.0
13.292505457543122 9.011757904519065 35.13318225688708 -0.660128061680225 0.6263129983125195 -0.4146841814285755 0.26628864454730655 0.7113350202225086 0.6504558761285824 0.0 0.0 0.0 0.0 0.0 0.0
