#id1 id2 FENE BEXC STCK NEXC HB CRSTCK CXSTCK total, t = 100000
0 1 0.00915584 0 -1.30725 0 0 0 0 -1.2981
1 2 0.259696 0 0 0 0 0 0 0.259696
2 3 0.0179278 0 -1.0006 0 0 0 0 -0.982673
3 4 0.0936921 0 0 0 0 0 0 0.0936921
4 5 0.000639549 0 -0.830602 0 0 0 0 -0.829962
5 6 0.0275753 0 0 0 0 0 0 0.0275753
6 7 0.0632968 0 -1.03137 0 0 0 0 -0.968075
7 8 0.0268705 0 -0.953213 0 0 0 0 -0.926342
8 9 0.027199 0 -1.43639 0 0 0 0 -1.40919
9 10 0.0225739 0 -0.709502 0 0 0 0 -0.686928
10 11 0.0127499 0 -0.973351 0 0 0 0 -0.960601
11 12 0.0325059 0 0 0 0 0 0 0.0325059
12 13 0.020073 0 -0 0 0 0 0 0.020073
13 14 0.221461 0 -1.31162 0 0 0 0 -1.09016
14 15 0.0030094 0 -1.30292 0 0 0 0 -1.29991
15 16 0.0110618 0 -1.19815 0 0 0 0 -1.18709
16 17 0.0106936 0 -1.24051 0 0 0 0 -1.22981
17 18 0.0719302 0 -1.16204 0 0 0 0 -1.09011
18 19 0.0705066 0 -1.37177 0 0 0 0 -1.30126
19 20 3.34664e-05 0 -1.28685 0 0 0 0 -1.28682
20 21 0.459253 0 0 0 0 0 0 0.459253
21 22 0.021461 0 -1.21781 0 0 0 0 -1.19635
22 23 0.0443398 0 -1.25732 0 0 0 0 -1.21298
23 24 0.105473 0 -1.08079 0 0 0 0 -0.975313
25 26 0.216615 0 0 0 0 0 0 0.216615
26 27 0.0145606 0 -1.24318 0 0 0 0 -1.22862
27 28 0.0179677 0 -1.33353 0 0 0 0 -1.31556
28 29 0.225715 0 -1.30362 0 0 0 0 -1.0779
29 30 0.000761446 0 0 0 0 0 0 0.000761446
30 31 0.00566839 0 -1.34822 0 0 0 0 -1.34255
31 32 0.119911 0 0 0 0 0 0 0.119911
32 33 0.0219124 0 -1.37815 0 0 0 0 -1.35624
33 34 0.107569 0 -1.18414 0 0 0 0 -1.07657
34 35 0.0531147 0 -1.1192 0 0 0 0 -1.06609
35 36 0.00389377 0 -0.861629 0 0 0 0 -0.857736
36 37 0.0217976 0 0 0 0 0 0 0.0217976
37 38 0.0167904 0 -0 0 0 0 0 0.0167904
37 39 0 0 0 0 0 -0 -8.16329e-19 -8.16329e-19
38 39 0.00447447 0 -1.17812 0 0 0 0 -1.17365
39 40 0.00968317 0 0 0 0 0 0 0.00968317
39 41 0 0 0 2.89205e-06 0 0 0 2.89205e-06
40 41 0.0224695 0 0 0 0 0 0 0.0224695
41 42 0.060468 0 0 0 0 0 0 0.060468
42 43 0.0867505 0 -0.970326 0 0 0 0 -0.883576
38 44 0 0 0 0 0 -0.0495354 -0 -0.0495354
43 44 0.000858528 0 -1.24354 0 0 0 0 -1.24269
39 45 0 0 0 0 0 -0.000308972 -0 -0.000308972
38 45 0 0 0 0 0 -0.00958099 -0 -0.00958099
44 45 0.0234959 0 -1.23449 0 0 0 0 -1.21099
45 46 0.00759132 0 0 0 0 0 0 0.00759132
46 47 0.0208023 0 0 0 0 0 0 0.0208023
47 48 0.000782587 0 0 0 0 0 0 0.000782587
48 49 0.0656914 0 0 0 0 0 0 0.0656914
#Total energy per particle is  -0.647342 and should be -0.64734210

