t = 0
b =  30.0 30.0 30.0
E = 0. 0. 0.
26.348966832137886 28.86501206901041 23.839998508696272 -0.2951356542925351 -0.10800988307832482 0.9493307172543842 0.9189051629627548 0.24010004907194363 0.31299403814776305 0.0 0.0 0.0 0.0 0.0 0.0
26.581397298912776 29.285695015803324 24.080179770477457 -0.08559459906676678 -0.6531779933278252 0.7523510308644726 0.9189051629627548 0.24010004907194363 0.31299403814776305 0.0 0.0 0.0 0.0 0.0 0.0
26.794316474137155 29.55748601846488 24.491859473416955 0.15646527540984717 -0.9501928633584046 0.2695406092107021 0.9189051629627548 0.24010004907194363 0.31299403814776305 0.0 0.0 0.0 0.0 0.0 0.0
27.042901913814397 29.612680528026026 24.96498096670714 0.33908137579835856 -0.886213578221635 -0.31567279636087975 0.9189051629627548 0.24010004907194363 0.31299403814776305 0.0 0.0 0.0 0.0 0.0 0.0
27.368780963774086 29.4658626245468 25.366144836134204 0.3928747923827925 -0.48554693801757953 -0.7809568288272595 0.9189051629627548 0.24010004907194363 0.31299403814776305 0.0 0.0 0.0 0.0 0.0 0.0
27.784215835019253 29.208364281268715 25.589289571857254 0.29740850682475906 0.09958710185124825 -0.9495423051202802 0.9189051629627548 0.24010004907194363 0.31299403814776305 0.0 0.0 0.0 0.0 0.0 0.0
28.267444984753098 28.97356682099113 25.595986109250745 0.08895175711893269 0.6468863367192349 -0.7573807841973691 0.9189051629627548 0.24010004907194363 0.31299403814776305 0.0 0.0 0.0 0.0 0.0 0.0
28.770950690321072 28.886227121523007 25.430037673055423 -0.15329925231044644 0.948422636904793 -0.2774776406264404 0.9189051629627548 0.24010004907194363 0.31299403814776305 0.0 0.0 0.0 0.0 0.0 0.0
29.239511826501314 29.015080391979488 25.20083819994846 -0.3373093127602686 0.8896373205493371 0.30784389779722743 0.9189051629627548 0.24010004907194363 0.31299403814776305 0.0 0.0 0.0 0.0 0.0 0.0
29.6311832942244 29.34672651764767 25.041811753030697 -0.3931699257814975 0.492863912174382 0.7762103925722285 0.9189051629627548 0.24010004907194363 0.31299403814776305 0.0 0.0 0.0 0.0 0.0 0.0
29.933231664994484 29.790720987603986 25.059722489523267 -0.29965871054772353 -0.09115673668079866 0.949681581663339 0.9189051629627548 0.24010004907194363 0.31299403814776305 0.0 0.0 0.0 0.0 0.0 0.0
30.16697282326644 30.213936276565665 25.29411317243777 -0.09230214115040225 -0.6405454172115811 0.7623528600512302 0.9189051629627548 0.24010004907194363 0.31299403814776305 0.0 0.0 0.0 0.0 0.0 0.0
30.379673705558872 30.491139217519173 25.702282213788415 0.15012155487946105 -0.9465801843954131 0.28539354104554676 0.9189051629627548 0.24010004907194363 0.31299403814776305 0.0 0.0 0.0 0.0 0.0 0.0
30.626594801009656 30.55256917565556 26.175506721800314 0.3355115623120668 -0.892993313550708 -0.2999915557288914 0.9189051629627548 0.24010004907194363 0.31299403814776305 0.0 0.0 0.0 0.0 0.0 0.0
30.949995767646364 30.41044127986999 26.580348145244564 0.393435117768136 -0.5001433528360719 -0.7714048448905819 0.9189051629627548 0.24010004907194363 0.31299403814776305 0.0 0.0 0.0 0.0 0.0 0.0
31.36308028175777 30.154305691068398 26.80934781002372 0.3018860940997049 0.08271942957192341 -0.9497485362771121 0.9189051629627548 0.24010004907194363 0.31299403814776305 0.0 0.0 0.0 0.0 0.0 0.0
31.844979740518063 29.9170259988405 26.821852266074625 0.09564549601646194 0.6341557176904344 -0.767266879783229 0.9189051629627548 0.24010004907194363 0.31299403814776305 0.0 0.0 0.0 0.0 0.0 0.0
32.3486815931048 29.824302122413876 26.65945821273686 -0.14693242511085142 0.9446656461401578 -0.29328770764155637 0.9189051629627548 0.24010004907194363 0.31299403814776305 0.0 0.0 0.0 0.0 0.0 0.0
32.818890194764286 29.946914809748847 26.43020921721389 -0.3336882613594081 0.8962813016538881 0.2921163681421224 0.9189051629627548 0.24010004907194363 0.31299403814776305 0.0 0.0 0.0 0.0 0.0 0.0
33.21303454674737 30.273834847997353 26.26754815700037 -0.3936703481473094 0.50738470564506 0.7665405517433819 0.9189051629627548 0.24010004907194363 0.31299403814776305 0.0 0.0 0.0 0.0 0.0 0.0
33.51744173048343 30.716413245862533 26.279620039675986 -0.3040904878568201 -0.0742758230582245 0.9497431638627469 0.9189051629627548 0.24010004907194363 0.31299403814776305 0.0 0.0 0.0 0.0 0.0 0.0
33.7525314779443 31.142060467524498 26.508185906437827 -0.09898156710769246 -0.6277177247561516 0.7721224691717381 0.9189051629627548 0.24010004907194363 0.31299403814776305 0.0 0.0 0.0 0.0 0.0 0.0
33.96505837406851 31.42461941407713 26.912757114342238 0.14373210586919843 -0.9426791679385267 0.30115953924311967 0.9189051629627548 0.24010004907194363 0.31299403814776305 0.0 0.0 0.0 0.0 0.0 0.0
34.21034900824815 31.492294614636737 27.38597764869311 0.3318395487537211 -0.8995010344658528 -0.2842189347629444 0.9189051629627548 0.24010004907194363 0.31299403814776305 0.0 0.0 0.0 0.0 0.0 0.0
34.53128247800754 31.35492852608701 27.79441046792181 0.3938755990053156 -0.5145874191442931 -0.7616178835653838 0.9189051629627548 0.24010004907194363 0.31299403814776305 0.0 0.0 0.0 0.0 0.0 0.0
27.449087293369598 3.3425454507327625 25.571643333386884 -0.672989051029647 0.6640934964057705 -0.3256770873515269 0.44616783940369964 0.7156687108725345 0.5373570092218759 0.0 0.0 0.0 0.0 0.0 0.0
27.75383496601257 3.7732861138277376 25.470270559460385 -0.8910690871790851 0.4110941913759941 0.19234720609031347 0.44616783940369964 0.7156687108725345 0.5373570092218759 0.0 0.0 0.0 0.0 0.0 0.0
27.85546341219554 4.297735710781968 25.412743337214383 -0.7706170792285212 0.0019133299141261065 0.6372955800646531 0.44616783940369964 0.7156687108725345 0.5373570092218759 0.0 0.0 0.0 0.0 0.0 0.0
27.78142967092087 4.822621451350326 25.500487662496653 -0.3573947588485534 -0.4079944375712886 0.8401247081585401 0.44616783940369964 0.7156687108725345 0.5373570092218759 0.0 0.0 0.0 0.0 0.0 0.0
27.625927783121227 5.254504847036745 25.779738441438223 0.19160780573969752 -0.6628982969201391 0.7237764134869258 0.44616783940369964 0.7156687108725345 0.5373570092218759 0.0 0.0 0.0 0.0 0.0 0.0
27.5141029006689 5.535280555082094 26.223974076607796 0.6678153614157614 -0.665956010200539 0.33245335843530804 0.44616783940369964 0.7156687108725345 0.5373570092218759 0.0 0.0 0.0 0.0 0.0 0.0
27.554506550864133 5.664251569647894 26.74399246529336 0.8903086960125534 -0.41600590101502455 -0.18517428580962336 0.44616783940369964 0.7156687108725345 0.5373570092218759 0.0 0.0 0.0 0.0 0.0 0.0
27.79785609632903 5.6983940259876755 27.2218003697021 0.7745588718265711 -0.008008194786144833 -0.63245112292652 0.44616783940369964 0.7156687108725345 0.5373570092218759 0.0 0.0 0.0 0.0 0.0 0.0
28.21776636099833 5.730711014073977 27.555441020739636 0.36454118229992816 0.40303195853186813 -0.8394492044247446 0.44616783940369964 0.7156687108725345 0.5373570092218759 0.0 0.0 0.0 0.0 0.0 0.0
28.720773799643197 5.854899149789036 27.697729199215246 -0.18397179718600348 0.6609535324686178 -0.7275264983197568 0.44616783940369964 0.7156687108725345 0.5373570092218759 0.0 0.0 0.0 0.0 0.0 0.0
29.181844861330834 6.129751664027249 27.674177689507214 -0.6625908150765512 0.6677678088667777 -0.33920431190869843 0.44616783940369964 0.7156687108725345 0.5373570092218759 0.0 0.0 0.0 0.0 0.0 0.0
29.491878325873323 6.556821871307988 27.573304546226517 -0.8894805043918496 0.4208859301940609 0.1779872637901378 0.44616783940369964 0.7156687108725345 0.5373570092218759 0.0 0.0 0.0 0.0 0.0 0.0
29.599154681452145 7.079833039619658 27.513003605327157 -0.7784416787677045 0.014102449803126173 0.627558502186742 0.44616783940369964 0.7156687108725345 0.5373570092218759 0.0 0.0 0.0 0.0 0.0 0.0
29.52898523186217 7.606058861807685 27.59575464474742 -0.37165984452889195 -0.3980387870484031 0.8387097733839726 0.44616783940369964 0.7156687108725345 0.5373570092218759 0.0 0.0 0.0 0.0 0.0 0.0
29.374095909017534 8.04155172996372 27.8696896034006 0.17632177846767816 -0.6589584338466128 0.7312211791930079 0.44616783940369964 0.7156687108725345 0.5373570092218759 0.0 0.0 0.0 0.0 0.0 0.0
29.259399141122582 8.326835002390263 28.310306452858736 0.6573158098814484 -0.6695287544290023 0.3459294336604544 0.44616783940369964 0.7156687108725345 0.5373570092218759 0.0 0.0 0.0 0.0 0.0 0.0
29.294537532772576 8.459499174177962 28.829777927604457 0.8885845753869728 -0.42573390727998633 -0.17078668735140845 0.44616783940369964 0.7156687108725345 0.5373570092218759 0.0 0.0 0.0 0.0 0.0 0.0
29.532228806341386 8.495117288405451 29.31031857159461 0.7822652043611406 -0.020195630863954726 -0.6226180904373306 0.44616783940369964 0.7156687108725345 0.5373570092218759 0.0 0.0 0.0 0.0 0.0 0.0
29.948237457858326 8.526131807942047 29.64893340227887 0.3787502034217556 0.39301530337023505 -0.8379064713467601 0.44616783940369964 0.7156687108725345 0.5373570092218759 0.0 0.0 0.0 0.0 0.0 0.0
30.45058223016265 8.646734178248131 29.796547426454875 -0.16865833216326476 0.6569131529886094 -0.734860174742425 0.44616783940369964 0.7156687108725345 0.5373570092218759 0.0 0.0 0.0 0.0 0.0 0.0
30.914481330343513 8.91707992244777 29.776650050675933 -0.6519907475425213 0.6712387127843917 -0.3526282115465165 0.44616783940369964 0.7156687108725345 0.5373570092218759 0.0 0.0 0.0 0.0 0.0 0.0
31.22975911910714 9.340434552347169 29.6763710629795 -0.8876209772263848 0.43054946308057696 0.16357310484521015 0.44616783940369964 0.7156687108725345 0.5373570092218759 0.0 0.0 0.0 0.0 0.0 0.0
31.34270367818298 9.861932945903042 29.613378569679366 -0.7860291574306012 0.026287273949302883 0.617630263909769 0.44616783940369964 0.7156687108725345 0.5373570092218759 0.0 0.0 0.0 0.0 0.0 0.0
31.27647286609007 10.38942352438279 29.69117491447123 -0.38581171902023725 -0.3879618900550942 0.8370393594876683 0.44616783940369964 0.7156687108725345 0.5373570092218759 0.0 0.0 0.0 0.0 0.0 0.0
31.122296260506914 10.82847817781724 29.959774407595788 0.16098204187387027 -0.6548178456506629 0.7384432078444094 0.44616783940369964 0.7156687108725345 0.5373570092218759 0.0 0.0 0.0 0.0 0.0 0.0
