        0.0000  -1.014680   0.301982  -0.712698 
        0.5000  -0.858282   4.159142   3.300860 
        1.0000  -0.741894  10.647815   9.905921 
        1.5000  -0.632388   9.395883   8.763495 
        2.0000  -0.690555   2.526363   1.835808 
        2.5000  -0.620039   1.207889   0.587850 
        3.0000  -0.649634   7.361937   6.712302 
        3.5000  -0.668894  10.209555   9.540661 
        4.0000  -0.708657   5.507237   4.798580 
        4.5000  -0.760640   0.515137  -0.245503 
        5.0000  -0.740900   3.297642   2.556741 
        5.5000  -0.698853   8.835754   8.136901 
        6.0000  -0.617915   8.144806   7.526891 
        6.5000  -0.554757   2.466287   1.911530 
        7.0000  -0.543641   0.755937   0.212296 
        7.5000  -0.560917   5.570968   5.010051 
        8.0000  -0.593402   8.583473   7.990071 
        8.5000  -0.649899   5.390683   4.740785 
        9.0000  -0.693174   0.706789   0.013615 
        9.5000  -0.686773   2.277785   1.591012 
       10.0000  -0.633483   7.088152   6.454668 
       10.5000  -0.576166   7.294004   6.717838 
       11.0000  -0.578126   2.685451   2.107325 
       11.5000  -0.544881   0.459881  -0.085000 
       12.0000  -0.560899   4.152764   3.591865 
       12.5000  -0.605055   7.247351   6.642296 
       13.0000  -0.667963   5.169294   4.501331 
       13.5000  -0.673000   0.935821   0.262821 
       14.0000  -0.696120   1.504721   0.808601 
       14.5000  -0.629686   5.551966   4.922280 
       15.0000  -0.634348   6.414508   5.780160 
       15.5000  -0.584373   2.864197   2.279824 
       16.0000  -0.559719   0.372102  -0.187617 
       16.5000  -0.591433   2.937919   2.346486 
       17.0000  -0.599365   6.003246   5.403881 
       17.5000  -0.630446   4.843057   4.212610 
       18.0000  -0.659248   1.174257   0.515009 
       18.5000  -0.669386   0.893664   0.224278 
       19.0000  -0.656060   4.268987   3.612927 
       19.5000  -0.621186   5.577662   4.956477 
       20.0000  -0.541376   3.006728   2.465353 
       20.5000  -0.586148   0.402790  -0.183358 
       21.0000  -0.590991   1.975965   1.384974 
       21.5000  -0.639226   5.008243   4.369017 
       22.0000  -0.684341   4.655561   3.971220 
       22.5000  -0.689311   1.517171   0.827860 
       23.0000  -0.703225   0.550327  -0.152898 
       23.5000  -0.672785   3.153522   2.480737 
       24.0000  -0.633108   4.800152   4.167043 
       24.5000  -0.619849   3.186580   2.566731 
       25.0000  -0.570680   0.550369  -0.020311 
       25.5000  -0.630096   1.256124   0.626028 
       26.0000  -0.640446   3.818077   3.177630 
       26.5000  -0.663870   4.166501   3.502631 
       27.0000  -0.688211   1.843275   1.155065 
       27.5000  -0.697922   0.356052  -0.341871 
       28.0000  -0.659838   2.058066   1.398228 
       28.5000  -0.683211   3.981736   3.298525 
       29.0000  -0.622654   3.195515   2.572861 
       29.5000  -0.613598   0.867130   0.253532 
       30.0000  -0.645903   0.691712   0.045808 
       30.5000  -0.626901   2.774858   2.147957 
       31.0000  -0.681103   3.693716   3.012612 
       31.5000  -0.702801   2.182645   1.479844 
       32.0000  -0.704966   0.421669  -0.283297 
       32.5000  -0.698270   1.267206   0.568936 
       33.0000  -0.643223   3.078624   2.435401 
       33.5000  -0.630434   3.049013   2.418579 
       34.0000  -0.580486   1.201193   0.620706 
       34.5000  -0.612006   0.385245  -0.226761 
       35.0000  -0.627004   1.850401   1.223397 
       35.5000  -0.595212   3.051821   2.456608 
       36.0000  -0.658886   2.355828   1.696943 
       36.5000  -0.639386   0.610413  -0.028972 
       37.0000  -0.669486   0.659357  -0.010129 
       37.5000  -0.637685   2.218803   1.581118 
       38.0000  -0.650030   2.792959   2.142930 
       38.5000  -0.628607   1.616093   0.987486 
       39.0000  -0.589179   0.347904  -0.241275 
       39.5000  -0.594614   1.046327   0.451713 
       40.0000  -0.613164   2.425201   1.812037 
       40.5000  -0.639167   2.411885   1.772718 
       41.0000  -0.660405   1.026267   0.365863 
       41.5000  -0.641697   0.356099  -0.285598 
       42.0000  -0.654433   1.503287   0.848854 
       42.5000  -0.625815   2.410919   1.785104 
       43.0000  -0.596819   1.882690   1.285871 
       43.5000  -0.540252   0.528701  -0.011552 
       44.0000  -0.600534   0.576364  -0.024171 
       44.5000  -0.570127   1.741527   1.171400 
       45.0000  -0.588575   3.750047   3.161471 
       45.5000  -0.601907   2.458033   1.856126 
       46.0000  -0.612685   1.401783   0.789099 
       46.5000  -0.616359   2.252541   1.636182 
       47.0000  -0.608012   3.530474   2.922462 
       47.5000  -0.661531   3.265974   2.604443 
       48.0000  -0.633379   1.831913   1.198534 
       48.5000  -0.630613   1.547473   0.916860 
       49.0000  -0.640447   2.766502   2.126055 
       49.5000  -0.605636   2.940207   2.334571 
       50.0000  -0.634601   2.449660   1.815059 
       50.5000  -0.669403   1.782014   1.112610 
       51.0000  -0.662470   2.030756   1.368285 
       51.5000  -0.623208   2.684344   2.061135 
       52.0000  -0.640703   2.770446   2.129742 
       52.5000  -0.643609   2.522569   1.878960 
       53.0000  -0.621045   2.366285   1.745239 
       53.5000  -0.634804   2.541591   1.906786 
       54.0000  -0.632474   2.682378   2.049904 
       54.5000  -0.564649   2.526942   1.962293 
       55.0000  -0.575708   2.333759   1.758051 
       55.5000  -0.611112   2.284285   1.673173 
       56.0000  -0.632320   2.416310   1.783991 
       56.5000  -0.626644   2.472339   1.845695 
       57.0000  -0.623905   2.388525   1.764619 
       57.5000  -0.655861   2.275725   1.619864 
       58.0000  -0.645494   2.184136   1.538642 
       58.5000  -0.643103   2.299929   1.656827 
       59.0000  -0.634846   2.363134   1.728287 
       59.5000  -0.628584   2.158127   1.529542 
       60.0000  -0.626342   1.780820   1.154478 
       60.5000  -0.602277   1.791414   1.189137 
       61.0000  -0.661831   2.179792   1.517960 
       61.5000  -0.625498   2.226986   1.601488 
       62.0000  -0.620822   1.841135   1.220313 
       62.5000  -0.664297   1.446531   0.782234 
       63.0000  -0.600735   1.501209   0.900474 
       63.5000  -0.589979   1.975028   1.385049 
       64.0000  -0.617752   2.091475   1.473724 
       64.5000  -0.588048   1.391541   0.803493 
       65.0000  -0.549264   0.852064   0.302800 
       65.5000  -0.609403   1.395112   0.785709 
       66.0000  -0.580972   1.949601   1.368628 
       66.5000  -0.566112   1.816129   1.250017 
       67.0000  -0.567064   1.149016   0.581952 
       67.5000  -0.581980   0.985011   0.403031 
       68.0000  -0.592693   1.536867   0.944175 
       68.5000  -0.567756   1.809401   1.241645 
       69.0000  -0.543790   1.470336   0.926545 
       69.5000  -0.484027   0.935245   0.451218 
       70.0000  -0.487692   1.072017   0.584324 
       70.5000  -0.504426   1.513966   1.009540 
       71.0000  -0.500330   1.556943   1.056613 
       71.5000  -0.522007   1.184259   0.662252 
       72.0000  -0.531236   0.867748   0.336513 
       72.5000  -0.473906   1.041031   0.567125 
       73.0000  -0.492442   1.426332   0.933890 
       73.5000  -0.503164   1.414329   0.911164 
       74.0000  -0.485264   0.996021   0.510757 
       74.5000  -0.489347   0.769679   0.280332 
       75.0000  -0.468260   1.014719   0.546459 
       75.5000  -0.431238   1.277062   0.845824 
       76.0000  -0.497304   1.263283   0.765979 
       76.5000  -0.443939   0.827611   0.383672 
       77.0000  -0.451557   0.684123   0.232565 
       77.5000  -0.473573   1.015171   0.541598 
       78.0000  -0.452510   1.230091   0.777581 
       78.5000  -0.457875   1.109979   0.652104 
       79.0000  -0.445337   0.735866   0.290529 
       79.5000  -0.437197   0.670033   0.232836 
       80.0000  -0.462413   1.002749   0.540336 
       80.5000  -0.454468   1.147897   0.693430 
       81.0000  -0.454874   1.007988   0.553114 
       81.5000  -0.461838   0.698066   0.236229 
       82.0000  -0.459923   0.692527   0.232604 
       82.5000  -0.458541   0.981172   0.522632 
       83.0000  -0.431912   1.056910   0.624997 
       83.5000  -0.451918   0.932252   0.480334 
       84.0000  -0.436736   0.647472   0.210736 
       84.5000  -0.433198   0.684769   0.251570 
       85.0000  -0.437247   0.950664   0.513417 
       85.5000  -0.431330   1.000560   0.569230 
       86.0000  -0.434215   0.857347   0.423132 
       86.5000  -0.449693   0.626969   0.177276 
       87.0000  -0.437101   0.655637   0.218535 
       87.5000  -0.439834   0.892604   0.452771 
       88.0000  -0.442249   0.941465   0.499215 
       88.5000  -0.425062   0.771346   0.346284 
       89.0000  -0.400849   0.541166   0.140318 
       89.5000  -0.459502   0.637790   0.178287 
       90.0000  -0.476954   0.849484   0.372530 
       90.5000  -0.467075   0.891807   0.424733 
       91.0000  -0.466280   0.665827   0.199547 
       91.5000  -0.478950   0.444483  -0.034467 
       92.0000  -0.439174   0.541689   0.102515 
       92.5000  -0.436990   0.786668   0.349679 
       93.0000  -0.445880   0.785997   0.340117 
       93.5000  -0.474412   0.609095   0.134682 
       94.0000  -0.513156   0.568509   0.055353 
       94.5000  -0.449083   0.647076   0.197993 
       95.0000  -0.491179   0.789534   0.298355 
       95.5000  -0.479168   0.727113   0.247945 
       96.0000  -0.459804   0.487858   0.028054 
       96.5000  -0.458275   0.427461  -0.030814 
       97.0000  -0.489656   0.663021   0.173365 
       97.5000  -0.460448   0.734689   0.274242 
       98.0000  -0.479888   0.707811   0.227923 
       98.5000  -0.465401   0.599675   0.134274 
       99.0000  -0.472097   0.592778   0.120682 
       99.5000  -0.490889   0.694264   0.203375 
      100.0000  -0.469732   0.705902   0.236170 
      100.5000  -0.494349   0.664828   0.170479 
      101.0000  -0.502897   0.557262   0.054365 
      101.5000  -0.467027   0.553141   0.086114 
      102.0000  -0.512364   0.696118   0.183754 
      102.5000  -0.486177   0.658769   0.172592 
      103.0000  -0.503936   0.529897   0.025961 
      103.5000  -0.509295   0.490395  -0.018900 
      104.0000  -0.487966   0.583879   0.095913 
      104.5000  -0.492420   0.652704   0.160284 
      105.0000  -0.505803   0.579752   0.073949 
      105.5000  -0.482330   0.412233  -0.070097 
      106.0000  -0.499149   0.470484  -0.028664 
      106.5000  -0.493407   0.613209   0.119802 
      107.0000  -0.494704   0.628697   0.133992 
      107.5000  -0.520127   0.589762   0.069635 
      108.0000  -0.537494   0.505845  -0.031648 
      108.5000  -0.542205   0.529727  -0.012478 
      109.0000  -0.533195   0.607264   0.074069 
      109.5000  -0.555999   0.639704   0.083704 
      110.0000  -0.517739   0.566304   0.048565 
      110.5000  -0.514870   0.471475  -0.043395 
      111.0000  -0.522396   0.466551  -0.055844 
      111.5000  -0.547145   0.561460   0.014315 
      112.0000  -0.572263   0.609112   0.036849 
      112.5000  -0.547982   0.573201   0.025219 
      113.0000  -0.592056   0.547863  -0.044192 
      113.5000  -0.565722   0.478470  -0.087252 
      114.0000  -0.584809   0.539195  -0.045613 
      114.5000  -0.569004   0.579876   0.010872 
      115.0000  -0.539957   0.550685   0.010729 
      115.5000  -0.543753   0.474014  -0.069740 
      116.0000  -0.584684   0.478947  -0.105737 
      116.5000  -0.556321   0.500110  -0.056212 
      117.0000  -0.542574   0.546351   0.003776 
      117.5000  -0.536487   0.543691   0.007204 
      118.0000  -0.545929   0.505075  -0.040854 
      118.5000  -0.559289   0.468762  -0.090528 
      119.0000  -0.523910   0.458307  -0.065603 
      119.5000  -0.554215   0.541667  -0.012548 
      120.0000  -0.525741   0.511135  -0.014606 
      120.5000  -0.595638   0.522118  -0.073520 
      121.0000  -0.528888   0.385417  -0.143471 
      121.5000  -0.519208   0.384524  -0.134684 
      122.0000  -0.547076   0.482192  -0.064884 
      122.5000  -0.521210   0.455452  -0.065757 
      123.0000  -0.494823   0.432754  -0.062069 
      123.5000  -0.518785   0.411536  -0.107249 
      124.0000  -0.546945   0.402121  -0.144824 
      124.5000  -0.535719   0.430650  -0.105069 
      125.0000  -0.520725   0.459683  -0.061042 
      125.5000  -0.545996   0.482633  -0.063363 
      126.0000  -0.520162   0.414843  -0.105318 
      126.5000  -0.533130   0.383610  -0.149520 
      127.0000  -0.487188   0.350970  -0.136218 
      127.5000  -0.537203   0.442716  -0.094487 
      128.0000  -0.532287   0.441529  -0.090758 
      128.5000  -0.532127   0.433416  -0.098712 
      129.0000  -0.548889   0.426974  -0.121914 
      129.5000  -0.552922   0.428778  -0.124144 
      130.0000  -0.575433   0.453023  -0.122410 
      130.5000  -0.550477   0.431539  -0.118938 
      131.0000  -0.552726   0.441531  -0.111195 
      131.5000  -0.538940   0.414753  -0.124187 
      132.0000  -0.571027   0.403175  -0.167852 
      132.5000  -0.565118   0.390576  -0.174543 
      133.0000  -0.526553   0.363027  -0.163526 
      133.5000  -0.548210   0.404294  -0.143916 
      134.0000  -0.498452   0.351506  -0.146945 
      134.5000  -0.531074   0.377435  -0.153639 
      135.0000  -0.546514   0.377617  -0.168897 
      135.5000  -0.531750   0.352001  -0.179749 
      136.0000  -0.540272   0.365919  -0.174353 
      136.5000  -0.528611   0.352577  -0.176034 
      137.0000  -0.531057   0.353644  -0.177413 
      137.5000  -0.547730   0.377817  -0.169913 
      138.0000  -0.541512   0.367643  -0.173870 
      138.5000  -0.560829   0.381366  -0.179463 
      139.0000  -0.527962   0.351324  -0.176639 
      139.5000  -0.551685   0.370528  -0.181157 
      140.0000  -0.538057   0.363527  -0.174530 
      140.5000  -0.524406   0.347140  -0.177266 
      141.0000  -0.544098   0.373838  -0.170260 
      141.5000  -0.514872   0.348105  -0.166767 
      142.0000  -0.544088   0.373404  -0.170684 
      142.5000  -0.509308   0.326240  -0.183068 
      143.0000  -0.514142   0.328687  -0.185455 
      143.5000  -0.537268   0.344026  -0.193241 
      144.0000  -0.543668   0.338352  -0.205316 
      144.5000  -0.555577   0.354461  -0.201116 
      145.0000  -0.607251   0.396177  -0.211075 
      145.5000  -0.572718   0.349062  -0.223656 
      146.0000  -0.578954   0.349388  -0.229565 
      146.5000  -0.590832   0.368948  -0.221884 
      147.0000  -0.591528   0.377325  -0.214204 
      147.5000  -0.554349   0.339624  -0.214725 
      148.0000  -0.573705   0.367846  -0.205859 
      148.5000  -0.583059   0.374351  -0.208709 
      149.0000  -0.581587   0.379838  -0.201749 
      149.5000  -0.542185   0.347692  -0.194493 
      150.0000  -0.586994   0.374505  -0.212489 
      150.5000  -0.560226   0.352376  -0.207850 
      151.0000  -0.561591   0.352753  -0.208838 
      151.5000  -0.544423   0.331473  -0.212950 
      152.0000  -0.552123   0.339247  -0.212875 
      152.5000  -0.580276   0.365570  -0.214706 
      153.0000  -0.608484   0.386802  -0.221682 
      153.5000  -0.622344   0.390365  -0.231980 
      154.0000  -0.602771   0.370496  -0.232276 
      154.5000  -0.596853   0.361146  -0.235706 
      155.0000  -0.560032   0.324542  -0.235490 
      155.5000  -0.560782   0.321329  -0.239453 
      156.0000  -0.568367   0.327750  -0.240618 
      156.5000  -0.604463   0.367917  -0.236547 
      157.0000  -0.561561   0.331721  -0.229840 
      157.5000  -0.626332   0.395154  -0.231178 
      158.0000  -0.579369   0.351833  -0.227536 
      158.5000  -0.561625   0.331303  -0.230322 
      159.0000  -0.578571   0.337527  -0.241044 
      159.5000  -0.607345   0.364699  -0.242647 
      160.0000  -0.612803   0.369010  -0.243793 
      160.5000  -0.594675   0.359475  -0.235200 
      161.0000  -0.602981   0.375052  -0.227928 
      161.5000  -0.548467   0.323032  -0.225434 
      162.0000  -0.552898   0.333024  -0.219874 
      162.5000  -0.560788   0.333300  -0.227488 
      163.0000  -0.592551   0.372305  -0.220246 
      163.5000  -0.571171   0.347068  -0.224104 
      164.0000  -0.544991   0.323242  -0.221749 
      164.5000  -0.563631   0.338356  -0.225275 
      165.0000  -0.565393   0.330506  -0.234887 
      165.5000  -0.564355   0.326519  -0.237836 
      166.0000  -0.556375   0.312317  -0.244058 
      166.5000  -0.554177   0.313280  -0.240897 
      167.0000  -0.582763   0.339439  -0.243324 
      167.5000  -0.583178   0.336613  -0.246564 
      168.0000  -0.555155   0.314144  -0.241011 
      168.5000  -0.560117   0.307232  -0.252885 
      169.0000  -0.554510   0.300132  -0.254378 
      169.5000  -0.562836   0.297495  -0.265341 
      170.0000  -0.556335   0.292441  -0.263895 
      170.5000  -0.567218   0.308737  -0.258482 
      171.0000  -0.532854   0.274997  -0.257857 
      171.5000  -0.571356   0.312634  -0.258722 
      172.0000  -0.592794   0.341794  -0.251000 
      172.5000  -0.546184   0.284261  -0.261923 
      173.0000  -0.602915   0.338399  -0.264516 
      173.5000  -0.535463   0.274042  -0.261421 
      174.0000  -0.575961   0.308832  -0.267129 
      174.5000  -0.601829   0.336104  -0.265725 
      175.0000  -0.550690   0.281194  -0.269497 
      175.5000  -0.577501   0.310750  -0.266751 
      176.0000  -0.548666   0.277583  -0.271083 
      176.5000  -0.606259   0.339871  -0.266388 
      177.0000  -0.583025   0.319738  -0.263287 
      177.5000  -0.581708   0.317341  -0.264366 
      178.0000  -0.563212   0.293814  -0.269398 
      178.5000  -0.555598   0.290861  -0.264736 
      179.0000  -0.586367   0.317991  -0.268376 
      179.5000  -0.583710   0.311277  -0.272433 
      180.0000  -0.571434   0.317541  -0.253893 
      180.5000  -0.541749   0.287525  -0.254224 
      181.0000  -0.554367   0.302102  -0.252265 
      181.5000  -0.565084   0.320028  -0.245056 
      182.0000  -0.559124   0.306175  -0.252949 
      182.5000  -0.554278   0.298078  -0.256200 
      183.0000  -0.572058   0.322057  -0.250001 
      183.5000  -0.566273   0.317561  -0.248712 
      184.0000  -0.589572   0.326566  -0.263006 
      184.5000  -0.599070   0.338488  -0.260582 
      185.0000  -0.595462   0.325965  -0.269498 
      185.5000  -0.591290   0.317357  -0.273932 
      186.0000  -0.592040   0.303684  -0.288356 
      186.5000  -0.582201   0.299832  -0.282369 
      187.0000  -0.564230   0.276910  -0.287319 
      187.5000  -0.611117   0.313590  -0.297527 
      188.0000  -0.620493   0.321661  -0.298833 
      188.5000  -0.614999   0.316861  -0.298138 
      189.0000  -0.584961   0.290993  -0.293967 
      189.5000  -0.622879   0.336448  -0.286431 
      190.0000  -0.606790   0.317645  -0.289145 
      190.5000  -0.604772   0.314685  -0.290087 
      191.0000  -0.575353   0.283499  -0.291854 
      191.5000  -0.619092   0.327072  -0.292020 
      192.0000  -0.621109   0.333214  -0.287894 
      192.5000  -0.591328   0.305477  -0.285851 
      193.0000  -0.622601   0.351563  -0.271037 
      193.5000  -0.624314   0.348046  -0.276268 
      194.0000  -0.600032   0.331528  -0.268505 
      194.5000  -0.607568   0.336177  -0.271391 
      195.0000  -0.648475   0.359305  -0.289170 
      195.5000  -0.596744   0.302127  -0.294617 
      196.0000  -0.605667   0.306000  -0.299667 
      196.5000  -0.664505   0.371308  -0.293197 
      197.0000  -0.627687   0.330836  -0.296851 
      197.5000  -0.634523   0.326593  -0.307930 
      198.0000  -0.606461   0.288356  -0.318105 
      198.5000  -0.625910   0.297242  -0.328668 
      199.0000  -0.624024   0.292476  -0.331548 
      199.5000  -0.626227   0.291800  -0.334427 
      200.0000  -0.626858   0.298782  -0.328075 
      200.5000  -0.620965   0.292653  -0.328312 
      201.0000  -0.614450   0.290626  -0.323824 
      201.5000  -0.626750   0.305435  -0.321314 
      202.0000  -0.612668   0.296675  -0.315994 
      202.5000  -0.652817   0.330898  -0.321919 
      203.0000  -0.607472   0.286470  -0.321003 
      203.5000  -0.631398   0.309211  -0.322187 
      204.0000  -0.613126   0.292674  -0.320452 
      204.5000  -0.628056   0.300465  -0.327592 
      205.0000  -0.629859   0.302736  -0.327123 
      205.5000  -0.649858   0.322562  -0.327295 
      206.0000  -0.610915   0.278737  -0.332178 
      206.5000  -0.596305   0.261472  -0.334833 
      207.0000  -0.619239   0.296682  -0.322556 
      207.5000  -0.626299   0.308136  -0.318163 
      208.0000  -0.642917   0.329870  -0.313047 
      208.5000  -0.596378   0.288296  -0.308082 
      209.0000  -0.642767   0.336909  -0.305858 
      209.5000  -0.662117   0.340348  -0.321768 
      210.0000  -0.664724   0.341378  -0.323346 
      210.5000  -0.617356   0.289330  -0.328027 
      211.0000  -0.662557   0.334886  -0.327671 
      211.5000  -0.639115   0.303109  -0.336006 
      212.0000  -0.665861   0.321488  -0.344373 
      212.5000  -0.675115   0.324624  -0.350490 
      213.0000  -0.667540   0.315792  -0.351748 
      213.5000  -0.633351   0.293309  -0.340042 
      214.0000  -0.676498   0.345341  -0.331157 
      214.5000  -0.683892   0.351080  -0.332812 
      215.0000  -0.653879   0.320898  -0.332981 
      215.5000  -0.676348   0.346844  -0.329503 
      216.0000  -0.662239   0.327285  -0.334954 
      216.5000  -0.671584   0.322476  -0.349108 
      217.0000  -0.672523   0.325169  -0.347354 
      217.5000  -0.649024   0.297281  -0.351743 
      218.0000  -0.699000   0.356623  -0.342378 
      218.5000  -0.691305   0.341966  -0.349338 
      219.0000  -0.677017   0.327685  -0.349332 
      219.5000  -0.707253   0.359710  -0.347543 
      220.0000  -0.690982   0.344055  -0.346928 
      220.5000  -0.695202   0.352384  -0.342817 
      221.0000  -0.682593   0.338230  -0.344363 
      221.5000  -0.680149   0.332147  -0.348002 
      222.0000  -0.654171   0.307218  -0.346953 
      222.5000  -0.704465   0.350986  -0.353479 
      223.0000  -0.699923   0.345334  -0.354589 
      223.5000  -0.679469   0.322926  -0.356543 
      224.0000  -0.664581   0.308844  -0.355736 
      224.5000  -0.683208   0.332790  -0.350418 
      225.0000  -0.702718   0.347581  -0.355137 
      225.5000  -0.708322   0.347691  -0.360631 
      226.0000  -0.677587   0.320026  -0.357561 
      226.5000  -0.666584   0.307929  -0.358656 
      227.0000  -0.682543   0.330729  -0.351813 
      227.5000  -0.682645   0.330430  -0.352215 
      228.0000  -0.672593   0.317744  -0.354849 
      228.5000  -0.653432   0.287846  -0.365585 
      229.0000  -0.676395   0.307428  -0.368967 
      229.5000  -0.684959   0.313841  -0.371118 
      230.0000  -0.704617   0.345100  -0.359517 
      230.5000  -0.657814   0.298709  -0.359106 
      231.0000  -0.655394   0.291059  -0.364334 
      231.5000  -0.678556   0.310018  -0.368539 
      232.0000  -0.682267   0.318116  -0.364151 
      232.5000  -0.621456   0.256244  -0.365212 
      233.0000  -0.685568   0.313165  -0.372403 
      233.5000  -0.663733   0.290052  -0.373681 
      234.0000  -0.659801   0.287444  -0.372356 
      234.5000  -0.690509   0.322052  -0.368456 
      235.0000  -0.667679   0.292798  -0.374881 
      235.5000  -0.668046   0.305961  -0.362085 
      236.0000  -0.644843   0.278763  -0.366080 
      236.5000  -0.701324   0.339182  -0.362141 
      237.0000  -0.683261   0.331777  -0.351484 
      237.5000  -0.634631   0.285409  -0.349222 
      238.0000  -0.703879   0.361813  -0.342067 
      238.5000  -0.679963   0.341178  -0.338785 
      239.0000  -0.638305   0.306529  -0.331776 
      239.5000  -0.653190   0.313562  -0.339627 
      240.0000  -0.645451   0.300601  -0.344850 
      240.5000  -0.654701   0.312998  -0.341703 
      241.0000  -0.658334   0.310656  -0.347678 
      241.5000  -0.674546   0.326876  -0.347670 
      242.0000  -0.653071   0.305481  -0.347590 
      242.5000  -0.660556   0.303157  -0.357399 
      243.0000  -0.652545   0.297188  -0.355358 
      243.5000  -0.659290   0.296321  -0.362970 
      244.0000  -0.646580   0.282709  -0.363871 
      244.5000  -0.634341   0.271800  -0.362542 
      245.0000  -0.686381   0.326402  -0.359979 
      245.5000  -0.657683   0.304801  -0.352882 
      246.0000  -0.680644   0.319288  -0.361356 
      246.5000  -0.671289   0.311035  -0.360254 
      247.0000  -0.671002   0.299288  -0.371714 
      247.5000  -0.673082   0.308347  -0.364735 
      248.0000  -0.648883   0.286775  -0.362107 
      248.5000  -0.657716   0.299976  -0.357740 
      249.0000  -0.678263   0.321305  -0.356958 
      249.5000  -0.656105   0.290631  -0.365474 
      250.0000  -0.690340   0.322237  -0.368103 
      250.5000  -0.701555   0.338535  -0.363021 
      251.0000  -0.619457   0.263956  -0.355502 
      251.5000  -0.676001   0.310399  -0.365602 
      252.0000  -0.693572   0.338857  -0.354716 
      252.5000  -0.651702   0.298741  -0.352961 
      253.0000  -0.665671   0.313775  -0.351896 
      253.5000  -0.687991   0.341300  -0.346691 
      254.0000  -0.696370   0.351101  -0.345269 
      254.5000  -0.656455   0.305323  -0.351132 
      255.0000  -0.626035   0.270815  -0.355220 
      255.5000  -0.690381   0.327583  -0.362798 
      256.0000  -0.702951   0.339195  -0.363755 
      256.5000  -0.657562   0.299709  -0.357853 
      257.0000  -0.676856   0.308263  -0.368594 
      257.5000  -0.685803   0.317559  -0.368244 
      258.0000  -0.630994   0.258237  -0.372756 
      258.5000  -0.678019   0.313930  -0.364089 
      259.0000  -0.651537   0.288984  -0.362553 
      259.5000  -0.655905   0.289256  -0.366650 
      260.0000  -0.706353   0.335189  -0.371164 
      260.5000  -0.646085   0.276702  -0.369383 
      261.0000  -0.701960   0.331465  -0.370495 
      261.5000  -0.691591   0.325701  -0.365890 
      262.0000  -0.646438   0.284750  -0.361688 
      262.5000  -0.652960   0.293624  -0.359337 
      263.0000  -0.704629   0.345671  -0.358958 
      263.5000  -0.698362   0.339152  -0.359210 
      264.0000  -0.671673   0.309255  -0.362418 
      264.5000  -0.648916   0.289780  -0.359136 
      265.0000  -0.671281   0.311921  -0.359360 
      265.5000  -0.676656   0.320591  -0.356065 
      266.0000  -0.642512   0.287651  -0.354861 
      266.5000  -0.644914   0.292049  -0.352865 
      267.0000  -0.655061   0.308891  -0.346170 
      267.5000  -0.658933   0.307895  -0.351038 
      268.0000  -0.670786   0.318665  -0.352121 
      268.5000  -0.665317   0.307847  -0.357469 
      269.0000  -0.653630   0.304256  -0.349375 
      269.5000  -0.657164   0.303509  -0.353655 
      270.0000  -0.658546   0.308295  -0.350252 
      270.5000  -0.678316   0.328560  -0.349756 
      271.0000  -0.687911   0.333095  -0.354816 
      271.5000  -0.689524   0.335028  -0.354496 
      272.0000  -0.680201   0.321787  -0.358413 
      272.5000  -0.666564   0.315122  -0.351442 
      273.0000  -0.697535   0.351377  -0.346158 
      273.5000  -0.680462   0.331572  -0.348890 
      274.0000  -0.718778   0.359337  -0.359441 
      274.5000  -0.710871   0.364209  -0.346662 
      275.0000  -0.682805   0.340395  -0.342411 
      275.5000  -0.715354   0.373661  -0.341693 
      276.0000  -0.673426   0.331009  -0.342416 
      276.5000  -0.694846   0.350130  -0.344716 
      277.0000  -0.691094   0.347355  -0.343739 
      277.5000  -0.697813   0.358627  -0.339186 
      278.0000  -0.675920   0.338896  -0.337025 
      278.5000  -0.625719   0.278587  -0.347133 
      279.0000  -0.686119   0.338724  -0.347394 
      279.5000  -0.667230   0.327246  -0.339984 
      280.0000  -0.647164   0.303058  -0.344106 
      280.5000  -0.679556   0.341488  -0.338068 
      281.0000  -0.688077   0.344763  -0.343314 
      281.5000  -0.690028   0.342608  -0.347420 
      282.0000  -0.726239   0.377841  -0.348398 
      282.5000  -0.722339   0.360557  -0.361783 
      283.0000  -0.677293   0.313882  -0.363412 
      283.5000  -0.707550   0.334015  -0.373535 
      284.0000  -0.714964   0.330785  -0.384180 
      284.5000  -0.716113   0.329390  -0.386723 
      285.0000  -0.722199   0.342845  -0.379354 
      285.5000  -0.681607   0.316472  -0.365134 
      286.0000  -0.731360   0.370236  -0.361124 
      286.5000  -0.708533   0.346957  -0.361576 
      287.0000  -0.735915   0.383406  -0.352509 
      287.5000  -0.738320   0.377418  -0.360901 
      288.0000  -0.690688   0.330182  -0.360506 
      288.5000  -0.717014   0.360133  -0.356882 
      289.0000  -0.685649   0.335463  -0.350186 
      289.5000  -0.670799   0.313908  -0.356890 
      290.0000  -0.700298   0.343537  -0.356761 
      290.5000  -0.671383   0.316393  -0.354990 
      291.0000  -0.678023   0.326933  -0.351090 
      291.5000  -0.677054   0.323120  -0.353934 
      292.0000  -0.725284   0.370656  -0.354628 
      292.5000  -0.706854   0.338972  -0.367881 
      293.0000  -0.707433   0.324274  -0.383159 
      293.5000  -0.734945   0.358832  -0.376113 
      294.0000  -0.695145   0.321759  -0.373386 
      294.5000  -0.720866   0.346247  -0.374619 
      295.0000  -0.676143   0.296677  -0.379465 
      295.5000  -0.705030   0.317580  -0.387451 
      296.0000  -0.731400   0.338529  -0.392871 
      296.5000  -0.703920   0.313502  -0.390418 
      297.0000  -0.710044   0.326046  -0.383998 
      297.5000  -0.688963   0.307224  -0.381739 
      298.0000  -0.732990   0.349898  -0.383093 
      298.5000  -0.696096   0.304948  -0.391147 
      299.0000  -0.701441   0.305472  -0.395969 
      299.5000  -0.702087   0.302732  -0.399355 
      300.0000  -0.743345   0.347937  -0.395408 
      300.5000  -0.716614   0.318081  -0.398533 
      301.0000  -0.691616   0.291961  -0.399655 
      301.5000  -0.691712   0.290593  -0.401120 
      302.0000  -0.706660   0.313964  -0.392696 
      302.5000  -0.682278   0.296269  -0.386009 
      303.0000  -0.694369   0.310695  -0.383673 
      303.5000  -0.694613   0.310657  -0.383956 
      304.0000  -0.681477   0.307236  -0.374241 
      304.5000  -0.663592   0.292602  -0.370991 
      305.0000  -0.697066   0.323334  -0.373732 
      305.5000  -0.717341   0.333138  -0.384203 
      306.0000  -0.674190   0.295281  -0.378909 
      306.5000  -0.700261   0.314541  -0.385720 
      307.0000  -0.674568   0.286946  -0.387622 
      307.5000  -0.689605   0.292004  -0.397600 
      308.0000  -0.712477   0.309787  -0.402689 
      308.5000  -0.706519   0.296442  -0.410078 
      309.0000  -0.714290   0.312223  -0.402067 
      309.5000  -0.714145   0.312887  -0.401259 
      310.0000  -0.726799   0.324933  -0.401866 
      310.5000  -0.724395   0.326238  -0.398156 
      311.0000  -0.674878   0.282363  -0.392514 
      311.5000  -0.686512   0.299119  -0.387393 
      312.0000  -0.707312   0.321161  -0.386152 
      312.5000  -0.689102   0.301249  -0.387853 
      313.0000  -0.677217   0.294733  -0.382484 
      313.5000  -0.700864   0.322058  -0.378807 
      314.0000  -0.726637   0.342869  -0.383768 
      314.5000  -0.716555   0.326070  -0.390485 
      315.0000  -0.659300   0.262105  -0.397195 
      315.5000  -0.701719   0.303274  -0.398445 
      316.0000  -0.708707   0.305949  -0.402757 
      316.5000  -0.662517   0.260145  -0.402372 
      317.0000  -0.707144   0.306856  -0.400287 
      317.5000  -0.713767   0.309361  -0.404406 
      318.0000  -0.706594   0.305056  -0.401538 
      318.5000  -0.692526   0.300267  -0.392259 
      319.0000  -0.712162   0.321951  -0.390211 
      319.5000  -0.682863   0.300684  -0.382178 
      320.0000  -0.714749   0.331888  -0.382861 
      320.5000  -0.711278   0.323435  -0.387843 
      321.0000  -0.707616   0.316471  -0.391145 
      321.5000  -0.667066   0.281940  -0.385126 
      322.0000  -0.686057   0.301001  -0.385056 
      322.5000  -0.697382   0.308805  -0.388577 
      323.0000  -0.668508   0.286113  -0.382395 
      323.5000  -0.683932   0.302177  -0.381756 
      324.0000  -0.688307   0.308341  -0.379966 
      324.5000  -0.673764   0.293516  -0.380249 
      325.0000  -0.637798   0.264816  -0.372982 
      325.5000  -0.708502   0.335354  -0.373148 
      326.0000  -0.703385   0.328595  -0.374790 
      326.5000  -0.681918   0.310692  -0.371226 
      327.0000  -0.661749   0.289950  -0.371799 
      327.5000  -0.691276   0.319064  -0.372212 
      328.0000  -0.693218   0.336998  -0.356220 
      328.5000  -0.644337   0.289157  -0.355180 
      329.0000  -0.699910   0.352366  -0.347544 
      329.5000  -0.682892   0.331296  -0.351596 
      330.0000  -0.670226   0.318868  -0.351359 
      330.5000  -0.677860   0.319095  -0.358765 
      331.0000  -0.663638   0.306676  -0.356962 
      331.5000  -0.654227   0.287966  -0.366260 
      332.0000  -0.652626   0.281796  -0.370830 
      332.5000  -0.668239   0.293580  -0.374660 
      333.0000  -0.682118   0.302324  -0.379794 
      333.5000  -0.650676   0.261996  -0.388680 
      334.0000  -0.663036   0.278644  -0.384391 
      334.5000  -0.675805   0.303254  -0.372550 
      335.0000  -0.676612   0.299238  -0.377374 
      335.5000  -0.680936   0.311272  -0.369664 
      336.0000  -0.686904   0.314513  -0.372391 
      336.5000  -0.679989   0.319363  -0.360625 
      337.0000  -0.665606   0.300419  -0.365187 
      337.5000  -0.668240   0.301446  -0.366794 
      338.0000  -0.689095   0.317845  -0.371250 
      338.5000  -0.734538   0.359060  -0.375478 
      339.0000  -0.680146   0.309554  -0.370592 
      339.5000  -0.693160   0.309960  -0.383200 
      340.0000  -0.676798   0.299262  -0.377537 
      340.5000  -0.685172   0.301973  -0.383199 
      341.0000  -0.709819   0.325883  -0.383936 
      341.5000  -0.682241   0.301821  -0.380420 
      342.0000  -0.660239   0.272739  -0.387500 
      342.5000  -0.697124   0.314782  -0.382343 
      343.0000  -0.698350   0.313954  -0.384396 
      343.5000  -0.694678   0.317705  -0.376973 
      344.0000  -0.681990   0.309180  -0.372809 
      344.5000  -0.694302   0.325987  -0.368316 
      345.0000  -0.696703   0.324717  -0.371986 
      345.5000  -0.640267   0.271916  -0.368350 
      346.0000  -0.681864   0.315358  -0.366507 
      346.5000  -0.658039   0.294052  -0.363986 
      347.0000  -0.663061   0.302195  -0.360866 
      347.5000  -0.654011   0.283160  -0.370851 
      348.0000  -0.681668   0.313112  -0.368556 
      348.5000  -0.751043   0.382825  -0.368218 
      349.0000  -0.711516   0.350074  -0.361443 
      349.5000  -0.697341   0.346169  -0.351173 
      350.0000  -0.719138   0.362201  -0.356937 
      350.5000  -0.677849   0.329060  -0.348789 
      351.0000  -0.686167   0.335479  -0.350688 
      351.5000  -0.685872   0.330653  -0.355219 
      352.0000  -0.719340   0.362016  -0.357324 
      352.5000  -0.669225   0.313132  -0.356093 
      353.0000  -0.678254   0.322304  -0.355950 
      353.5000  -0.694163   0.322106  -0.372057 
      354.0000  -0.712520   0.329901  -0.382619 
      354.5000  -0.722010   0.344032  -0.377978 
      355.0000  -0.722936   0.336581  -0.386355 
      355.5000  -0.719630   0.329235  -0.390395 
      356.0000  -0.667025   0.281742  -0.385283 
      356.5000  -0.720126   0.339357  -0.380769 
      357.0000  -0.706425   0.318145  -0.388280 
      357.5000  -0.736727   0.350794  -0.385933 
      358.0000  -0.687849   0.294371  -0.393478 
      358.5000  -0.693752   0.294312  -0.399439 
      359.0000  -0.759697   0.373488  -0.386209 
      359.5000  -0.718327   0.326132  -0.392196 
      360.0000  -0.723873   0.323527  -0.400346 
      360.5000  -0.721170   0.320626  -0.400544 
      361.0000  -0.739338   0.335166  -0.404172 
      361.5000  -0.708930   0.303427  -0.405503 
      362.0000  -0.743477   0.333614  -0.409863 
      362.5000  -0.710923   0.305821  -0.405102 
      363.0000  -0.742718   0.325985  -0.416732 
      363.5000  -0.729124   0.324787  -0.404337 
      364.0000  -0.768508   0.363399  -0.405109 
      364.5000  -0.741648   0.335176  -0.406472 
      365.0000  -0.764562   0.348561  -0.416001 
      365.5000  -0.730194   0.327199  -0.402995 
      366.0000  -0.721214   0.317192  -0.404022 
      366.5000  -0.712404   0.317365  -0.395039 
      367.0000  -0.688203   0.292975  -0.395228 
      367.5000  -0.732666   0.325130  -0.407537 
      368.0000  -0.753281   0.342828  -0.410453 
      368.5000  -0.736773   0.318297  -0.418476 
      369.0000  -0.746235   0.317566  -0.428670 
      369.5000  -0.735517   0.309634  -0.425883 
      370.0000  -0.751703   0.331679  -0.420024 
      370.5000  -0.757857   0.344353  -0.413504 
      371.0000  -0.720803   0.315894  -0.404909 
      371.5000  -0.746651   0.333962  -0.412689 
      372.0000  -0.755103   0.343982  -0.411121 
      372.5000  -0.757046   0.342247  -0.414799 
      373.0000  -0.741766   0.331979  -0.409787 
      373.5000  -0.752933   0.351562  -0.401371 
      374.0000  -0.704674   0.304862  -0.399812 
      374.5000  -0.718278   0.307773  -0.410505 
      375.0000  -0.710326   0.300523  -0.409803 
      375.5000  -0.765760   0.350984  -0.414776 
      376.0000  -0.739932   0.311702  -0.428230 
      376.5000  -0.712062   0.285485  -0.426577 
      377.0000  -0.723906   0.289297  -0.434609 
      377.5000  -0.710054   0.281337  -0.428717 
      378.0000  -0.705767   0.288246  -0.417521 
      378.5000  -0.690700   0.275044  -0.415656 
      379.0000  -0.709544   0.293390  -0.416154 
      379.5000  -0.725478   0.301047  -0.424430 
      380.0000  -0.735708   0.300680  -0.435028 
      380.5000  -0.702074   0.265646  -0.436428 
      381.0000  -0.737329   0.286149  -0.451180 
      381.5000  -0.719873   0.269189  -0.450684 
      382.0000  -0.738150   0.288566  -0.449584 
      382.5000  -0.756541   0.313105  -0.443435 
      383.0000  -0.739174   0.287725  -0.451449 
      383.5000  -0.756004   0.304184  -0.451820 
      384.0000  -0.751064   0.284837  -0.466227 
      384.5000  -0.735443   0.265074  -0.470369 
      385.0000  -0.744178   0.272987  -0.471191 
      385.5000  -0.748748   0.288657  -0.460091 
      386.0000  -0.761577   0.304446  -0.457131 
      386.5000  -0.749528   0.296964  -0.452564 
      387.0000  -0.752781   0.304247  -0.448534 
      387.5000  -0.775323   0.327710  -0.447612 
      388.0000  -0.719414   0.267999  -0.451415 
      388.5000  -0.745232   0.298656  -0.446576 
      389.0000  -0.744348   0.298305  -0.446043 
      389.5000  -0.727150   0.278599  -0.448552 
      390.0000  -0.729369   0.275028  -0.454341 
      390.5000  -0.727329   0.270775  -0.456553 
      391.0000  -0.768000   0.320270  -0.447729 
      391.5000  -0.731847   0.290633  -0.441214 
      392.0000  -0.734876   0.287819  -0.447057 
      392.5000  -0.727639   0.274192  -0.453447 
      393.0000  -0.723154   0.268159  -0.454995 
      393.5000  -0.753049   0.299899  -0.453150 
      394.0000  -0.725679   0.284084  -0.441595 
      394.5000  -0.759722   0.322542  -0.437180 
      395.0000  -0.729414   0.291293  -0.438121 
      395.5000  -0.718009   0.272252  -0.445757 
      396.0000  -0.733286   0.289988  -0.443298 
      396.5000  -0.719352   0.274323  -0.445029 
      397.0000  -0.751201   0.300347  -0.450854 
      397.5000  -0.737177   0.292602  -0.444575 
      398.0000  -0.738527   0.296005  -0.442522 
      398.5000  -0.774627   0.322087  -0.452540 
      399.0000  -0.736008   0.278758  -0.457250 
      399.5000  -0.758198   0.296308  -0.461890 
      400.0000  -0.750596   0.282456  -0.468140 
      400.5000  -0.763561   0.296527  -0.467034 
      401.0000  -0.748267   0.284309  -0.463957 
      401.5000  -0.762933   0.290827  -0.472105 
      402.0000  -0.752711   0.278070  -0.474641 
      402.5000  -0.779039   0.297562  -0.481478 
      403.0000  -0.775394   0.298560  -0.476834 
      403.5000  -0.756083   0.275037  -0.481046 
      404.0000  -0.760139   0.289249  -0.470891 
      404.5000  -0.771429   0.295032  -0.476397 
      405.0000  -0.776910   0.303021  -0.473890 
      405.5000  -0.770103   0.293421  -0.476682 
      406.0000  -0.741699   0.270695  -0.471004 
      406.5000  -0.760265   0.290827  -0.469438 
      407.0000  -0.767144   0.289965  -0.477179 
      407.5000  -0.753160   0.270181  -0.482979 
      408.0000  -0.782204   0.294389  -0.487815 
      408.5000  -0.791447   0.308171  -0.483275 
      409.0000  -0.760910   0.282716  -0.478194 
      409.5000  -0.750549   0.267971  -0.482578 
      410.0000  -0.771826   0.284413  -0.487413 
      410.5000  -0.746854   0.258208  -0.488646 
      411.0000  -0.757414   0.272451  -0.484963 
      411.5000  -0.826765   0.339132  -0.487633 
      412.0000  -0.786581   0.293500  -0.493081 
      412.5000  -0.775919   0.275212  -0.500707 
      413.0000  -0.797131   0.289057  -0.508074 
      413.5000  -0.782966   0.278874  -0.504091 
      414.0000  -0.806327   0.303265  -0.503062 
      414.5000  -0.795829   0.290810  -0.505019 
      415.0000  -0.795996   0.287664  -0.508331 
      415.5000  -0.785831   0.286273  -0.499558 
      416.0000  -0.765554   0.261380  -0.504174 
      416.5000  -0.785253   0.281843  -0.503409 
      417.0000  -0.769417   0.271594  -0.497823 
      417.5000  -0.791436   0.291941  -0.499495 
      418.0000  -0.797581   0.296633  -0.500948 
      418.5000  -0.776181   0.276858  -0.499323 
      419.0000  -0.779610   0.284733  -0.494877 
      419.5000  -0.771583   0.272492  -0.499091 
      420.0000  -0.780945   0.277099  -0.503846 
      420.5000  -0.789514   0.281032  -0.508482 
      421.0000  -0.784343   0.272549  -0.511794 
      421.5000  -0.796845   0.296016  -0.500830 
      422.0000  -0.765053   0.271818  -0.493235 
      422.5000  -0.770219   0.270147  -0.500072 
      423.0000  -0.802031   0.299260  -0.502772 
      423.5000  -0.784777   0.282701  -0.502076 
      424.0000  -0.794594   0.284843  -0.509751 
      424.5000  -0.789220   0.277071  -0.512149 
      425.0000  -0.820759   0.313760  -0.506999 
      425.5000  -0.801404   0.296441  -0.504963 
      426.0000  -0.803928   0.290481  -0.513447 
      426.5000  -0.797389   0.281655  -0.515734 
      427.0000  -0.836318   0.320545  -0.515772 
      427.5000  -0.824912   0.310828  -0.514084 
      428.0000  -0.794575   0.284508  -0.510067 
      428.5000  -0.843110   0.328733  -0.514378 
      429.0000  -0.806213   0.287569  -0.518644 
      429.5000  -0.788286   0.275943  -0.512343 
      430.0000  -0.799313   0.294135  -0.505178 
      430.5000  -0.792566   0.286330  -0.506236 
      431.0000  -0.788327   0.271198  -0.517130 
      431.5000  -0.836650   0.312956  -0.523694 
      432.0000  -0.817294   0.298269  -0.519025 
      432.5000  -0.806898   0.294136  -0.512762 
      433.0000  -0.799755   0.288936  -0.510819 
      433.5000  -0.828432   0.333921  -0.494511 
      434.0000  -0.802264   0.301671  -0.500593 
      434.5000  -0.811001   0.308018  -0.502983 
      435.0000  -0.800326   0.296842  -0.503484 
      435.5000  -0.790027   0.292974  -0.497053 
      436.0000  -0.794097   0.300837  -0.493260 
      436.5000  -0.794424   0.298890  -0.495534 
      437.0000  -0.821334   0.320836  -0.500498 
      437.5000  -0.815604   0.315185  -0.500419 
      438.0000  -0.793156   0.295297  -0.497859 
      438.5000  -0.778525   0.277826  -0.500699 
      439.0000  -0.790125   0.287409  -0.502716 
      439.5000  -0.814413   0.317119  -0.497295 
      440.0000  -0.830329   0.322493  -0.507836 
      440.5000  -0.800842   0.298093  -0.502749 
      441.0000  -0.758785   0.255964  -0.502821 
      441.5000  -0.791232   0.291496  -0.499736 
      442.0000  -0.790787   0.290724  -0.500063 
      442.5000  -0.783900   0.278861  -0.505040 
      443.0000  -0.823256   0.316709  -0.506547 
      443.5000  -0.809377   0.304753  -0.504624 
      444.0000  -0.818008   0.311439  -0.506569 
      444.5000  -0.809578   0.308943  -0.500636 
      445.0000  -0.815074   0.319914  -0.495160 
      445.5000  -0.800624   0.309966  -0.490658 
      446.0000  -0.750225   0.267685  -0.482541 
      446.5000  -0.782522   0.294290  -0.488232 
      447.0000  -0.800231   0.305886  -0.494344 
      447.5000  -0.797565   0.305840  -0.491725 
      448.0000  -0.802664   0.301393  -0.501271 
      448.5000  -0.807959   0.313847  -0.494111 
      449.0000  -0.774759   0.287227  -0.487532 
      449.5000  -0.821907   0.331970  -0.489937 
      450.0000  -0.829039   0.345838  -0.483201 
      450.5000  -0.820756   0.335603  -0.485153 
      451.0000  -0.844278   0.357357  -0.486921 
      451.5000  -0.819342   0.331619  -0.487723 
      452.0000  -0.814710   0.341755  -0.472955 
      452.5000  -0.807890   0.337338  -0.470551 
      453.0000  -0.770288   0.300174  -0.470114 
      453.5000  -0.760798   0.289574  -0.471224 
      454.0000  -0.759466   0.281665  -0.477801 
      454.5000  -0.782524   0.305521  -0.477004 
      455.0000  -0.786014   0.300912  -0.485102 
      455.5000  -0.793862   0.305777  -0.488085 
      456.0000  -0.805582   0.323620  -0.481962 
      456.5000  -0.797855   0.313825  -0.484029 
      457.0000  -0.780488   0.295292  -0.485196 
      457.5000  -0.793560   0.313527  -0.480033 
      458.0000  -0.834795   0.347025  -0.487770 
      458.5000  -0.803750   0.321414  -0.482337 
      459.0000  -0.805332   0.323229  -0.482103 
      459.5000  -0.787600   0.298386  -0.489214 
      460.0000  -0.823145   0.333131  -0.490014 
      460.5000  -0.805227   0.311250  -0.493976 
      461.0000  -0.800598   0.311699  -0.488900 
      461.5000  -0.785622   0.302606  -0.483016 
      462.0000  -0.802849   0.314178  -0.488671 
      462.5000  -0.820883   0.327542  -0.493341 
      463.0000  -0.780859   0.285541  -0.495318 
      463.5000  -0.791688   0.298491  -0.493197 
      464.0000  -0.783479   0.289084  -0.494395 
      464.5000  -0.788337   0.292403  -0.495934 
      465.0000  -0.758799   0.257624  -0.501175 
      465.5000  -0.819340   0.317157  -0.502183 
      466.0000  -0.808398   0.308290  -0.500108 
      466.5000  -0.804988   0.299292  -0.505696 
      467.0000  -0.778994   0.273992  -0.505002 
      467.5000  -0.824204   0.317385  -0.506819 
      468.0000  -0.811208   0.297454  -0.513754 
      468.5000  -0.817854   0.300945  -0.516909 
      469.0000  -0.825490   0.311449  -0.514041 
      469.5000  -0.817702   0.305712  -0.511990 
      470.0000  -0.817997   0.304136  -0.513861 
      470.5000  -0.795411   0.277554  -0.517856 
      471.0000  -0.843087   0.325017  -0.518070 
      471.5000  -0.786262   0.276881  -0.509381 
      472.0000  -0.804938   0.292869  -0.512069 
      472.5000  -0.836154   0.324271  -0.511883 
      473.0000  -0.790444   0.274811  -0.515633 
      473.5000  -0.880783   0.367491  -0.513292 
      474.0000  -0.793396   0.280649  -0.512747 
      474.5000  -0.831511   0.325316  -0.506195 
      475.0000  -0.844032   0.345799  -0.498233 
      475.5000  -0.829762   0.339480  -0.490282 
      476.0000  -0.812721   0.326324  -0.486397 
      476.5000  -0.810834   0.324162  -0.486672 
      477.0000  -0.836483   0.354777  -0.481706 
      477.5000  -0.787072   0.296000  -0.491072 
      478.0000  -0.822336   0.339606  -0.482729 
      478.5000  -0.792555   0.311958  -0.480598 
      479.0000  -0.802702   0.325235  -0.477467 
      479.5000  -0.783030   0.292213  -0.490817 
      480.0000  -0.821730   0.329979  -0.491750 
      480.5000  -0.781980   0.287829  -0.494151 
      481.0000  -0.792688   0.293245  -0.499443 
      481.5000  -0.775508   0.284264  -0.491244 
      482.0000  -0.814726   0.317738  -0.496988 
      482.5000  -0.747620   0.242805  -0.504816 
      483.0000  -0.803894   0.288310  -0.515584 
      483.5000  -0.818849   0.309704  -0.509145 
      484.0000  -0.786462   0.280713  -0.505749 
      484.5000  -0.799080   0.296450  -0.502630 
      485.0000  -0.834702   0.325782  -0.508920 
      485.5000  -0.836697   0.320988  -0.515709 
      486.0000  -0.764766   0.250211  -0.514555 
      486.5000  -0.787372   0.275836  -0.511537 
      487.0000  -0.807156   0.298942  -0.508214 
      487.5000  -0.795801   0.289337  -0.506464 
      488.0000  -0.820644   0.313092  -0.507552 
      488.5000  -0.804808   0.299120  -0.505688 
      489.0000  -0.805803   0.313676  -0.492126 
      489.5000  -0.816489   0.320584  -0.495905 
      490.0000  -0.795107   0.296242  -0.498865 
      490.5000  -0.800403   0.295843  -0.504560 
      491.0000  -0.796619   0.287762  -0.508856 
      491.5000  -0.807188   0.290314  -0.516873 
      492.0000  -0.856877   0.345730  -0.511148 
      492.5000  -0.811659   0.303162  -0.508497 
      493.0000  -0.848701   0.335016  -0.513685 
      493.5000  -0.812097   0.292455  -0.519642 
      494.0000  -0.805245   0.286922  -0.518323 
      494.5000  -0.817820   0.294574  -0.523246 
      495.0000  -0.816377   0.297639  -0.518737 
      495.5000  -0.816880   0.305666  -0.511214 
      496.0000  -0.814563   0.303034  -0.511529 
      496.5000  -0.799517   0.291359  -0.508158 
      497.0000  -0.796023   0.284067  -0.511956 
      497.5000  -0.801271   0.290373  -0.510898 
      498.0000  -0.817035   0.312099  -0.504936 
      498.5000  -0.794734   0.281755  -0.512979 
      499.0000  -0.818312   0.303763  -0.514549 
      499.5000  -0.819180   0.304917  -0.514264 
      500.0000  -0.832264   0.311840  -0.520424 
