t = 0
b =  30.0 30.0 30.0
E = 0. 0. 0.
26.373083185016775 27.94725375609588 4.937525904321817 -0.8329389516216242 0.3938416948106836 0.3887176639929269 0.5207874436482263 0.32045369961824866 0.7912584059201665 0.0 0.0 0.0 0.0 0.0 0.0
26.546946240289785 28.42014193534444 5.12416328015119 -0.7844047088227247 -0.18613702243645222 0.5916605966728121 0.5207874436482263 0.32045369961824866 0.7912584059201665 0.0 0.0 0.0 0.0 0.0 0.0
26.542004217505326 28.8506001744718 5.445669707608756 -0.4378620025947097 -0.6953991728149229 0.5698217766390393 0.5207874436482263 0.32045369961824866 0.7912584059201665 0.0 0.0 0.0 0.0 0.0 0.0
26.437251537452056 29.122542150275233 5.89706702698066 0.07503179908132462 -0.9404675509868473 0.33149813674803863 0.5207874436482263 0.32045369961824866 0.7912584059201665 0.0 0.0 0.0 0.0 0.0 0.0
26.349602358360254 29.180104518239364 6.424029357054883 0.5594197658215807 -0.8282365827599293 -0.032767187646827456 0.5207874436482263 0.32045369961824866 0.7912584059201665 0.0 0.0 0.0 0.0 0.0 0.0
26.38947293248965 29.048870331102865 6.943522405673991 0.8312748105265079 -0.40134468936529943 -0.3845837096165014 0.5207874436482263 0.32045369961824866 0.7912584059201665 0.0 0.0 0.0 0.0 0.0 0.0
26.61883262583466 28.826149609397216 7.375349585585074 0.7873146565387404 0.17802476164457803 -0.5902904504061335 0.5207874436482263 0.32045369961824866 0.7912584059201665 0.0 0.0 0.0 0.0 0.0 0.0
27.027660719910568 28.64400963771001 7.672620038752562 0.44424050133281157 0.6897596292903909 -0.571735979956443 0.5207874436482263 0.32045369961824866 0.7912584059201665 0.0 0.0 0.0 0.0 0.0 0.0
27.537753450243336 28.619100395222862 7.839563257299282 -0.06760804763455347 0.9394432816027666 -0.33596945180547033 0.5207874436482263 0.32045369961824866 0.7912584059201665 0.0 0.0 0.0 0.0 0.0 0.0
28.03243492399052 28.808337278336694 7.929922228735651 -0.553771168959274 0.8322167245801829 0.02743748819608688 0.5207874436482263 0.32045369961824866 0.7912584059201665 0.0 0.0 0.0 0.0 0.0 0.0
28.400884242349 29.18727799000431 8.02653557646964 -0.8295473646361594 0.40881711996795045 0.3804204677016109 0.5207874436482263 0.32045369961824866 0.7912584059201665 0.0 0.0 0.0 0.0 0.0 0.0
28.580238212836928 29.659408577032075 8.20986578178616 -0.790164647195449 -0.16989894357785423 0.5888753512362526 0.5207874436482263 0.32045369961824866 0.7912584059201665 0.0 0.0 0.0 0.0 0.0 0.0
28.579474127134084 30.092810694525387 8.527430141945972 -0.45058516943679083 -0.684067557899576 0.5736066433654056 0.5207874436482263 0.32045369961824866 0.7912584059201665 0.0 0.0 0.0 0.0 0.0 0.0
28.47599913788044 30.370279590671274 8.975748154509487 0.06017914757319878 -0.9383474699755898 0.3404151814883869 0.5207874436482263 0.32045369961824866 0.7912584059201665 0.0 0.0 0.0 0.0 0.0 0.0
28.386241987209647 30.433852151511083 9.50166381840446 0.5480804002784379 -0.8361334898748021 -0.02210569927439321 0.5207874436482263 0.32045369961824866 0.7912584059201665 0.0 0.0 0.0 0.0 0.0 0.0
28.421419781027698 30.30682805702495 10.022540487454277 0.8277567455022695 -0.41625841756411636 -0.3762282552952488 0.5207874436482263 0.32045369961824866 0.7912584059201665 0.0 0.0 0.0 0.0 0.0 0.0
28.645284751028395 30.084917843157488 10.457655913871504 0.7929544637550253 0.16176018704878603 -0.587415406928453 0.5207874436482263 0.32045369961824866 0.7912584059201665 0.0 0.0 0.0 0.0 0.0 0.0
29.0499037159924 29.899880869017586 10.758869979796337 0.4568955237356048 0.678323392115751 -0.575433624407669 0.5207874436482263 0.32045369961824866 0.7912584059201665 0.0 0.0 0.0 0.0 0.0 0.0
29.55867202996817 29.86946773345395 10.9289139329314 -0.052745664636764444 0.9371801995556136 -0.34483498723726363 0.5207874436482263 0.32045369961824866 0.7912584059201665 0.0 0.0 0.0 0.0 0.0 0.0
30.055416968030347 30.05268485386743 11.020352739875477 -0.5423478931531418 0.8399865803669444 0.016772226918112476 0.5207874436482263 0.32045369961824866 0.7912584059201665 0.0 0.0 0.0 0.0 0.0 0.0
30.428533686783265 30.427376941705774 11.11561477647328 -0.8259030894874202 0.4236680154701745 0.3720073916506174 0.5207874436482263 0.32045369961824866 0.7912584059201665 0.0 0.0 0.0 0.0 0.0 0.0
30.613385770300447 30.898644167001272 11.295675909703068 -0.7956838937621401 -0.15360911185519432 0.5859107286631431 0.5207874436482263 0.32045369961824866 0.7912584059201665 0.0 0.0 0.0 0.0 0.0 0.0
30.616861685198323 31.334896190416064 11.609295411967327 -0.4631710836713448 -0.6725275693793813 0.5772167839515506 0.5207874436482263 0.32045369961824866 0.7912584059201665 0.0 0.0 0.0 0.0 0.0 0.0
30.514757736999613 31.617845533229715 12.054491498295494 0.04530816491375372 -0.9359415592350016 0.3492285324667782 0.5207874436482263 0.32045369961824866 0.7912584059201665 0.0 0.0 0.0 0.0 0.0 0.0
30.422981786418617 31.687446968166306 12.579294239587956 0.536574084135996 -0.8437757026288523 -0.011437477291816878 0.5207874436482263 0.32045369961824866 0.7912584059201665 0.0 0.0 0.0 0.0 0.0 0.0
1.885033275548959 6.3805574064786486 27.702985829329016 0.5586993218737727 0.2698939872747588 -0.7842272013713365 0.29137953995018945 0.8214169558205835 0.4902776237896868 0.0 0.0 0.0 0.0 0.0 0.0
2.3354710189999373 6.5547113281157365 27.938488171082923 -0.002748714848619882 0.5132338144680791 -0.85824442686989 0.29137953995018945 0.8214169558205835 0.4902776237896868 0.0 0.0 0.0 0.0 0.0 0.0
2.785282192814684 6.845856913909748 27.978353668727138 -0.5631524688439602 0.5615875347331933 -0.6062002455189591 0.29137953995018945 0.8214169558205835 0.4902776237896868 0.0 0.0 0.0 0.0 0.0 0.0
3.1067227436368325 7.265016395916569 27.88003580133119 -0.9096051845183033 0.3965847613102934 -0.12385045576775411 0.29137953995018945 0.8214169558205835 0.4902776237896868 0.0 0.0 0.0 0.0 0.0 0.0
3.220818764027266 7.774577386742628 27.75348621864602 -0.9104836828064546 0.08091280652199556 0.4055521927988168 0.29137953995018945 0.8214169558205835 0.4902776237896868 0.0 0.0 0.0 0.0 0.0 0.0
3.127370000273558 8.3025824543613 27.71938227107006 -0.5654542075210375 -0.26549927625399244 0.7808787828500406 0.29137953995018945 0.8214169558205835 0.4902776237896868 0.0 0.0 0.0 0.0 0.0 0.0
2.905025932123388 8.770066953603928 27.863279666615153 -0.005599224908182987 -0.5110437450699069 0.8595364676995099 0.29137953995018945 0.8214169558205835 0.4902776237896868 0.0 0.0 0.0 0.0 0.0 0.0
2.6814055204792178 9.121059015077858 28.2031084270177 0.5563829968613383 -0.562434150937989 0.6116418777865512 0.29137953995018945 0.8214169558205835 0.4902776237896868 0.0 0.0 0.0 0.0 0.0 0.0
2.5846126304762054 9.343844194148456 28.682360972707034 0.9069860158955962 -0.4001464194671873 0.13137431239562003 0.29137953995018945 0.8214169558205835 0.4902776237896868 0.0 0.0 0.0 0.0 0.0 0.0
2.6945672313349505 9.475415984310883 29.191560297040645 0.9130098834935927 -0.08583637314943533 -0.3988045507357782 0.29137953995018945 0.8214169558205835 0.4902776237896868 0.0 0.0 0.0 0.0 0.0 0.0
3.0126424638639566 9.587421370513054 29.609852111485633 0.5721660316411535 0.2610843464354149 -0.7774708973861371 0.29137953995018945 0.8214169558205835 0.4902776237896868 0.0 0.0 0.0 0.0 0.0 0.0
3.461142961308793 9.758940941700207 29.8509194104083 0.013946738262329839 0.508814757711959 -0.860763051499285 0.29137953995018945 0.8214169558205835 0.4902776237896868 0.0 0.0 0.0 0.0 0.0 0.0
3.912822618179363 10.04644485291768 29.89577574465775 -0.549571154159382 0.563237935604636 -0.6170369311570831 0.29137953995018945 0.8214169558205835 0.4902776237896868 0.0 0.0 0.0 0.0 0.0 0.0
4.2392275131670205 10.462338869278536 29.79997849103485 -0.9042977767762401 0.40367760492500665 -0.1388881643609618 0.29137953995018945 0.8214169558205835 0.4902776237896868 0.0 0.0 0.0 0.0 0.0 0.0
4.359497701484764 10.970251208383784 29.672521675975748 -0.9154665549432417 0.0907534030047285 0.3920265381621652 0.29137953995018945 0.8214169558205835 0.4902776237896868 0.0 0.0 0.0 0.0 0.0 0.0
4.271087259798 11.498850788559517 29.634427322625847 -0.57883428310273 -0.2566495340330293 0.7740038045032951 0.29137953995018945 0.8214169558205835 0.4902776237896868 0.0 0.0 0.0 0.0 0.0 0.0
4.050731525064921 11.968947099376933 29.772767160866533 -0.02229318951836179 -0.5065470221402572 0.8619240848601074 0.29137953995018945 0.8214169558205835 0.4902776237896868 0.0 0.0 0.0 0.0 0.0 0.0
3.8252940570796765 12.323576000558953 30.10758262137156 0.5427174594862842 -0.5639988275218246 0.6223849947763506 0.29137953995018945 0.8214169558205835 0.4902776237896868 0.0 0.0 0.0 0.0 0.0 0.0
3.72356905106096 12.549641351261126 30.58427076101923 0.9015406718800507 -0.4071780487703118 0.14639143945485888 0.29137953995018945 0.8214169558205835 0.4902776237896868 0.0 0.0 0.0 0.0 0.0 0.0
3.8273502695643185 12.68289045293423 31.094328833896846 0.9178535100703584 -0.09566352163701891 -0.3852186712498801 0.29137953995018945 0.8214169558205835 0.4902776237896868 0.0 0.0 0.0 0.0 0.0 0.0
4.140356224568516 12.794333051840118 31.51657629854213 0.5854584540925993 0.2521951767749661 -0.7704777682340641 0.29137953995018945 0.8214169558205835 0.4902776237896868 0.0 0.0 0.0 0.0 0.0 0.0
4.5868174526046 12.963263549227193 31.763193331675343 0.030637943061699424 0.5042407110516408 -0.8630194793647943 0.29137953995018945 0.8214169558205835 0.4902776237896868 0.0 0.0 0.0 0.0 0.0 0.0
5.0402626007256215 13.247135732564445 31.813085047332404 -0.5358224347774315 0.564716768744685 -0.6276856613686055 0.29137953995018945 0.8214169558205835 0.4902776237896868 0.0 0.0 0.0 0.0 0.0 0.0
5.371567007979451 13.659735121105888 31.71989579673033 -0.8987149111712417 0.41064748443074683 -0.15388356627386512 0.29137953995018945 0.8214169558205835 0.4902776237896868 0.0 0.0 0.0 0.0 0.0 0.0
5.49800932295369 14.16594161664436 31.59162878235418 -0.9201705670990695 0.10056635512175813 0.3783814684443431 0.29137953995018945 0.8214169558205835 0.4902776237896868 0.0 0.0 0.0 0.0 0.0 0.0
