t = 100000
b = 30 30 30
E = -0.491529626025474 -0.626322593045387 0.134792967019913
29.82887153532 7.00953068885014 9.17599688765886 -0.0152036924934319 -0.183358289598834 -0.982928557266189 -0.786635655232262 0.609026874343458 -0.101442132740873 0.188213075657984 -0.501845924265916 -0.131803483663924 0.200743122015988 0.345799449053968 -0.822777019550884
29.5841752474081 6.33917513388362 9.03210445130988 -0.779901789143279 0.0803345898876837 -0.620724941606337 -0.23335229653783 0.882906501676224 0.407458769509744 0.207423213858264 -0.68769761867521 -0.425879657718069 0.240229673088647 -0.0505267984372278 0.223395803263123
30.7721398438641 6.31864464997828 8.60767050677244 0.764858271150245 0.274338625723417 -0.582863636172692 0.05515541620139 -0.929354321321105 -0.365045488311017 0.159217631580763 0.146575440095 -0.236473476240189 -0.189646593540045 0.233108452166446 -0.124616596779221
29.6787087526914 6.34117073658221 8.04455877269026 -0.916708508289737 -0.176141873001513 -0.358635541302987 -0.0884353947773273 0.964768655703288 -0.247791102092898 0.564140845644394 -0.269900285350523 0.0932124693660642 0.0248306576975979 0.0574492293245954 -0.344016504264329
29.5638820715946 6.67869970425826 7.62133940253409 -0.934652842424131 -0.0349681274046944 0.353837838414057 -0.152584719278971 0.938306638798002 -0.310319884696112 -0.265149111805324 -0.193466150161198 -0.150230513410047 -0.244643968384992 -0.797894284633809 0.254129104502508
29.3595686322847 6.92445840606975 7.28923357985124 -0.363377629749957 0.261244435655323 0.894263940537329 -0.186671252865583 0.919997061440191 -0.344614473671935 0.367967815753277 0.236495003697741 -0.187893354073006 0.435152417895274 0.496495206706286 0.50879780412161
29.5622341443582 6.13000931209541 6.40490778463669 -0.368038663316572 -0.874238904476703 0.316628667899395 0.251886967576446 0.234053545812335 0.939027055477182 -0.304838485458641 -0.112133033294564 0.359293851753829 -0.0300684317006301 -0.0315573812282235 0.0129171401150886
30.3018829643426 6.52200057648457 6.28670560904835 0.148496581922253 -0.43189471705086 0.889615411564951 -0.205548323690921 -0.893422324125733 -0.399432382447001 0.045859472386714 -0.61223578382197 -0.516708878661561 -0.0462491355501136 -0.171737580515094 0.333212477140763
30.3976843544672 6.04119087527337 6.10386159253062 -0.817340046836332 -0.148854401105502 0.556594569232987 -0.307937589188217 -0.70363085088936 -0.640373263667497 -0.146190414206137 0.21447772879749 -0.262725095067313 0.578767972527266 -0.181587006724506 0.107499717335761
30.2144352281574 5.61784608739084 5.85317418483772 -0.81758136340916 0.128455256090855 0.561301957899368 -0.437654549473423 -0.772099866616936 -0.460782144517932 -0.27204520946599 -0.147624082404737 -0.250228933845252 -0.246186495331148 0.0790130745474489 0.0692886294053202
29.9632021508312 5.25600350449491 5.84522652287058 -0.563327864168722 0.80384677095197 -0.191028724433181 -0.618698997875181 -0.563637421508618 -0.547288151846986 -0.305307403258171 0.0593931588153494 0.0984392442865613 -0.0266715309037963 0.182510730991832 -0.0987113897014912
29.24753842938 4.89647211311307 5.51819993950345 -0.461831052764136 -0.322861750028407 -0.826118802288088 -0.878486417009665 0.294997806415174 0.375816170814401 -0.141164902675842 0.0614043187771103 -0.195276545343885 -0.54858738621018 -0.0284672212849988 0.0351533011196263
28.8544403499238 5.17146623269767 5.54149318293376 -0.214137396195348 -0.966693467665605 -0.140173785446515 -0.886067522798094 0.131836035958309 0.444413643124497 -0.248764564337849 -0.152290321041152 -0.268534409866597 0.252955920749801 -0.140112965590434 0.180882628635392
28.3083629193153 5.15964215634056 5.5439134273708 0.227749539683547 -0.944600649006037 0.236346296115776 -0.880326451169603 -0.0960189271707919 0.464548819803817 0.194821608355493 0.505573692781107 -0.120218525065484 0.714855427773252 0.480044482398761 0.396047136021783
27.8443895613069 4.86368554792823 5.61050617523307 0.518546900235356 -0.44712547531977 0.728826347428917 -0.851672813668652 -0.194415967386625 0.486678305413304 0.351064775425538 0.125397663766085 -0.831609884812942 0.267071416225868 -0.0828016346509436 0.165399447546266
26.5986513710665 4.71168067613181 5.20490213427782 -0.843554524170715 -0.321687802301526 -0.430037948450683 -0.00431804908973885 -0.796662075040095 0.604409464316306 -0.113305124423197 0.0921857260401224 -0.704431077613954 -0.237955889289757 0.121549980064098 -0.107172520849205
26.9130832373203 4.04248718517087 6.15319133862572 0.19292866705635 -0.744096906277763 0.63960783815336 -0.444678678047194 -0.647376059108307 -0.619003217346017 0.0607330956628269 -0.204299584622979 0.369643686796173 0.112325788889053 0.290645433252853 -0.166945981194491
26.910143069719 3.63142061280487 5.83785537038234 -0.35572653906442 -0.343586837997489 0.869141291444427 -0.588316573872778 -0.64027080871339 -0.493899520624971 0.00474713837337114 -0.124593510837628 -0.114056914614147 -0.0744259190250267 -0.0737189983966274 -0.369488844237727
26.7713090020772 3.12914668855243 5.76808953479061 -0.769509424800056 0.344291898050904 0.537883093948004 -0.624010373140046 -0.584560158666538 -0.518556014990858 0.085970967824431 -0.122146999680701 -0.155248142125942 0.738227821853948 -0.146158632780824 -0.185083904669896
27.8755074177536 2.85106652345282 5.75033178583954 0.252165447724001 0.361381043425557 0.897672692434927 -0.191823488962592 0.927909330052942 -0.319668420907247 -0.109629873619674 -0.102980134094521 0.110303373599837 -0.00444443277370571 -0.0559102636871835 -0.584947628304617
28.4154059660523 2.84648150643515 5.40355052433967 -0.249554472049476 0.355256616320411 -0.900841414358898 -0.0312461093228152 -0.932744271622324 -0.3591819744152 -0.178216535703198 -0.659050192321906 -0.157423365125699 -0.113075591628699 0.229215346433642 -0.392886821865831
28.7919450911999 3.32063664477531 5.90774841052949 0.986391028926016 -0.0300525698367065 0.161646119290708 -0.140064680952473 0.361301563141778 0.92186928505656 -0.163244374490673 0.115320395843788 0.140223199738011 -0.107999804581042 -0.0137602089843867 0.209277700870579
29.174427149032 3.45665648894401 5.39075456233312 0.49932352549315 -0.845246702385076 -0.190351857568725 0.81734596751892 0.532422555217774 -0.220162763742392 -0.237061224611972 0.312643766192909 -0.609787945097096 -0.495398626164233 0.235049021079291 -0.136224271865712
29.75469604121 3.58232380231718 5.48625110722314 -0.00291907707472672 -0.6688790035482 -0.743365461504659 0.784277486258561 0.459658963975041 -0.416680142032536 0.400139291906266 0.173984184802259 0.05261598533933 0.258484062675714 0.481935842755439 0.343294497048431
30.2823746351209 3.4820542305101 5.2970665759397 -0.432572857814862 -0.0286731056619498 -0.901142894628013 0.802349980865704 0.443645411735528 -0.399265786860333 -0.125004076365754 -0.0856495439037799 -0.373002148864658 -0.029451811580607 0.17914440249068 0.428945622177822
22.7348315901628 2.9325110025608 4.86868043387057 0.0625702876957477 -0.968846422488787 0.239627654398435 0.0617773234218341 0.243397419760798 0.967957231493309 0.340510587870176 0.0643156267039232 0.146893225802615 -0.227072909199345 0.0290212134451342 -0.00798012587987288
22.552021569658 2.90468237248486 5.26142908270051 0.885540235898468 -0.418628114562562 0.201417139732533 0.0328548438343334 0.488912222236916 0.87171398777577 -0.377766708579387 -0.369022052035303 0.536730592364657 0.0934569824518239 0.280005005979304 0.202346365884292
22.5119860236673 2.85962649012687 5.78332289153479 0.939004189872991 0.279933021602565 -0.199771243486264 0.0108610247549569 0.556461269604807 0.830802474475639 -0.572654477757074 0.339421644051472 0.00287586873790366 0.358366638915972 0.421808327901987 -0.167662296141122
22.4037145824729 3.40246806996825 6.74157800402841 0.0683393984964214 0.613881281974446 0.786434606565147 0.859820781391742 -0.43604527962161 0.265655166229407 -0.275718814459882 -0.434475367635973 -0.0685062621163027 -0.0677370978972531 -0.177314396783079 0.308261819016229
22.9102288661004 3.48342903998777 6.74882716422516 -0.237159083977682 0.0314215756854806 0.97096251530904 0.911694269398619 -0.33798666484022 0.233620407554903 -0.33515200039557 -0.307743333058881 -0.198049013540415 -0.16062795292448 -0.106060401228046 -0.635655696056528
23.2927074994298 3.58903734752977 6.99135888895133 -0.369225542086921 -0.811974494644534 0.452072767359356 0.929213818171403 -0.314544665422804 0.193967054453929 0.338589569970329 -0.016269215333116 -0.155876542713898 0.246670810262349 -0.00626128217350238 -0.114580029676853
23.764960084932 3.2760158950579 7.04334698300783 -0.631211639233858 -0.60995586599663 0.479088263921933 0.757066867489976 -0.618791033577699 0.20963603478804 0.211951665081822 0.0800884236691435 -0.146932411568884 0.0320953168960472 0.224224098388023 0.0195503477201019
24.7541219667131 3.80201796121233 6.05736228637812 0.708619973795578 0.687806459565705 -0.15741624735326 0.438360049388147 -0.603966181993569 -0.665631414797949 0.198673621143098 0.190670414402175 -0.137529498016485 -0.266133311102361 -0.303994056794099 0.147027439826833
24.8674750852126 2.85208276612992 6.31495429617466 0.412918720908959 0.0931138095273013 0.905995510504529 0.525036027574805 -0.837168445559394 -0.153251586630694 -0.0680070964322988 0.0753305459328464 0.179433671921044 0.09835282273038 -0.183153462196367 0.0750451263131209
25.3514262027866 2.68708824208381 6.26612339927891 -0.418620163550649 -0.388802803049892 0.82072497023247 0.58432410410155 -0.807127830065687 -0.0843202408078473 -0.604033339102394 0.164412391083136 0.421033790495684 0.541511625055815 0.416920874183298 0.462207209083502
25.6827895150456 2.46205582829008 6.50311074305197 -0.729185295356938 -0.679757315856832 -0.0788584933913358 0.680472192770697 -0.732455903402333 0.0215825360711864 -0.597333155666966 -0.0481058295578351 -0.456733957065346 -0.12091634027635 0.159387286286672 0.461278309196039
25.1083809948144 2.8976420082049 6.99204966581314 -0.837950659115874 -0.535626295524189 0.10460891399554 0.477266454589034 -0.626254987697543 0.616458659967675 0.206518813212805 0.143889719537014 -0.210016864493269 0.19034957415121 0.0911467874033065 0.666748797456832
26.0478573257751 3.40467143881566 6.62635654155543 0.567756610659142 -0.628691421072698 -0.531412639559686 0.811299454956242 0.536694498812052 0.231844986032221 -0.391498342056302 0.0290374505782904 0.0209178146400516 -0.310346415337463 -0.143389453183708 -0.038160424096782
26.4306011525819 3.29255663265023 6.91360232419636 0.288808330879141 0.29206404702581 -0.911750102405528 0.724232943147584 0.556205225442757 0.407581041967281 0.0183000142069591 -0.298358870778832 0.378328461957124 0.0355458604367238 0.104802113362703 0.323038095539523
26.8976199831181 3.51552627649907 6.992940187083 -0.378459857802134 0.502226999957114 -0.777519200777264 0.549387589464536 0.797919236997382 0.247988035958148 -0.216375931734032 -0.264264272337711 -0.277141534828554 -0.433052097404775 0.209245726791983 -0.355851276602272
27.2646561427446 3.87081235218607 6.87272031123083 -0.884185011584855 0.467134083093165 -0.00157828743083479 0.446716922973231 0.846518009617277 0.289570559321233 -0.365640599700274 -0.29249178328421 -0.253247469319882 -0.328955276987931 0.0832696893507149 -0.0477961914581601
27.3367878269288 4.43831211810977 6.75676051724385 -0.680990758390758 0.117651829948951 0.722779032609909 0.44429555543318 0.850970672074606 0.280089620921988 0.126404988388915 0.629105977542093 -0.520919886492178 0.33725718293296 0.202576192518743 0.638468086403973
27.5163148687213 4.96696163134233 6.84877617796409 -0.38998360397903 -0.347557589544331 0.852711198980119 0.456948681336843 0.730923256243613 0.506901317400913 -0.00203791848551101 0.0818094029892461 -0.0920470038846265 -0.139593105457168 -0.120941903997459 0.276786471716925
27.3440079531466 5.41449913853313 6.27265727158995 -0.562824213414921 -0.826407616997013 0.0167105420426202 -0.792602403281605 0.533844039821825 -0.294604635071902 -0.558325621860916 0.226863007383847 0.383948036071602 0.258829639012885 0.295195461239046 0.112728025421191
26.996722648288 6.23660293356145 5.34353681809406 -0.459762872485587 0.17679395674778 -0.870265444140294 -0.194438522964794 0.936163032109796 0.292903270722159 -0.247610835691727 -0.216177347846169 -0.632303619891226 0.340819330302721 -0.0924022585746747 -0.119170845794707
28.0232355503757 6.68293539519726 5.81191343083251 0.411747647084749 0.82741363736747 -0.381903669395767 -0.804974801431707 0.526673672923158 0.273185451711277 0.701815852977349 0.319277804504215 0.00140251108675608 -0.433543488124593 0.106309112477654 0.341412014430456
28.0703362463063 5.89683904899992 6.79773774179198 0.0602661965191914 -0.936923335421439 0.344299952153743 0.911401102530494 -0.0890196038906205 -0.401775347125857 -0.172290213276131 -0.352161755878634 -0.135678490754518 0.741250040140916 0.152344288447121 -0.157323862299602
28.638928229901 5.90512864938528 6.91127181714455 -0.417988161111098 -0.836572817328014 -0.354163314630434 0.863803236835633 -0.245280344188904 -0.440092523295446 0.168882977451646 -0.309171768042443 -0.220065957144682 0.195944644696653 0.189365684790544 -0.490912009437774
29.0426417398525 5.63838217931244 6.91150348100299 -0.533014344583089 -0.174823057157194 -0.827848129547962 0.808496823374596 -0.393703188373332 -0.437413549185184 0.280194722260079 0.393630874920149 -0.170948911719723 0.479386592308551 0.25304811403186 0.334938432368889
29.1896540734712 5.18875411422496 6.66361927152727 -0.0686718851318896 0.543505251692137 -0.836591982263055 0.711377846952668 -0.561247094876399 -0.423016754093732 0.02299697694411 -0.0521722389234247 0.0203902406321154 0.247940517645801 0.0110121013212067 -0.0371854278679349
