t = 0
b =  30.0 30.0 30.0
E = 0. 0. 0.
25.810624437096443 8.398090241868847 9.912890681145582 -0.3178312262858479 0.9401167556156921 0.12314137163544603 0.8299104331691383 0.21303435989030214 0.5156210182131277 0.0 0.0 0.0 0.0 0.0 0.0
26.259182648129702 8.681884981707396 9.829576942344772 -0.5263144781172197 0.6055136564709438 0.596947470010039 0.8299104331691383 0.21303435989030214 0.5156210182131277 0.0 0.0 0.0 0.0 0.0 0.0
26.587767457315636 9.103706578591014 9.882337398115732 -0.5348420602030433 0.040865795584418885 0.8439632440983533 0.8299104331691383 0.21303435989030214 0.5156210182131277 0.0 0.0 0.0 0.0 0.0 0.0
26.79443500204945 9.534843534863944 10.127479301934251 -0.34017420153534506 -0.5393076642842933 0.7703432714407326 0.8299104331691383 0.21303435989030214 0.5156210182131277 0.0 0.0 0.0 0.0 0.0 0.0
26.923559826839693 9.843045292093928 10.548220978716571 -0.01626847629501621 -0.914589125748098 0.4040570105101109 0.8299104331691383 0.21303435989030214 0.5156210182131277 0.0 0.0 0.0 0.0 0.0 0.0
27.048976251946595 9.942766429332046 11.061067463758343 0.3138179150842081 -0.9424028872254582 -0.11573726418626357 0.8299104331691383 0.21303435989030214 0.5156210182131277 0.0 0.0 0.0 0.0 0.0 0.0
27.245927480671234 9.827666798774372 11.547531635787179 0.5246796337671991 -0.6121820357098312 -0.5915610171944098 0.8299104331691383 0.21303435989030214 0.5156210182131277 0.0 0.0 0.0 0.0 0.0 0.0
27.562479448422177 9.573020253914306 11.899149455333054 0.5362067874063546 -0.04938299369021887 -0.8426408493976234 0.8299104331691383 0.21303435989030214 0.5156210182131277 0.0 0.0 0.0 0.0 0.0 0.0
28.00125977023417 9.307116854088717 12.05868726674501 0.34402001761042844 0.5321774732719327 -0.7735873347109699 0.8299104331691383 0.21303435989030214 0.5156210182131277 0.0 0.0 0.0 0.0 0.0 0.0
28.518459465885066 9.162523326040453 12.04188582086864 0.021134291416331413 0.9115548206052091 -0.41063505787710675 0.8299104331691383 0.21303435989030214 0.5156210182131277 0.0 0.0 0.0 0.0 0.0 0.0
29.040476723929306 9.22571874803126 11.931480100628532 -0.30978070543333924 0.9446172512067011 0.10832434289631798 0.8299104331691383 0.21303435989030214 0.5156210182131277 0.0 0.0 0.0 0.0 0.0 0.0
29.49187946042275 9.504239702157058 11.84576691776007 -0.5230048330316875 0.6188037949165404 0.5861295147169994 0.8299104331691383 0.21303435989030214 0.5156210182131277 0.0 0.0 0.0 0.0 0.0 0.0
29.824063228770253 9.923817000804771 11.893661976213942 -0.5375306803867963 0.05789643108985548 0.8412542843337951 0.8299104331691383 0.21303435989030214 0.5156210182131277 0.0 0.0 0.0 0.0 0.0 0.0
30.03371686161016 10.356591792741131 12.133320975251802 -0.3478396352292432 -0.5250067548845734 0.7767724863106036 0.8299104331691383 0.21303435989030214 0.5156210182131277 0.0 0.0 0.0 0.0 0.0 0.0
30.164080438654768 10.66969127838219 12.550045286985348 -0.025998497079530614 -0.9084510970335029 0.4171818337946067 0.8299104331691383 0.21303435989030214 0.5156210182131277 0.0 0.0 0.0 0.0 0.0 0.0
30.288517657472052 10.77570930787001 13.06186621085902 0.30571990478238675 -0.9467596789270301 -0.10090317228826623 0.8299104331691383 0.21303435989030214 0.5156210182131277 0.0 0.0 0.0 0.0 0.0 0.0
30.482643738203976 10.665913438756576 13.550686253434657 0.521290203453245 -0.6253784298184701 -0.5806533762077506 0.8299104331691383 0.21303435989030214 0.5156210182131277 0.0 0.0 0.0 0.0 0.0 0.0
30.795597937215483 10.41356253688846 13.907146340633455 0.5388136383247917 -0.0664054594521093 -0.8398036544991663 0.8299104331691383 0.21303435989030214 0.5156210182131277 0.0 0.0 0.0 0.0 0.0 0.0
31.231374722036925 10.146074508448788 14.072173158364707 0.35163276351311923 0.5177960552001833 -0.7798984836780076 0.8299104331691383 0.21303435989030214 0.5156210182131277 0.0 0.0 0.0 0.0 0.0 0.0
31.74730620636532 9.99661810708447 14.059422092202016 0.030860722856519862 0.9052781913935461 -0.42369683970027805 0.8299104331691383 0.21303435989030214 0.5156210182131277 0.0 0.0 0.0 0.0 0.0 0.0
32.270272393439896 10.053519897932933 13.950089318098009 -0.3016358223770424 0.9488300072322795 0.09347431751298224 0.8299104331691383 0.21303435989030214 0.5156210182131277 0.0 0.0 0.0 0.0 0.0 0.0
32.72448068531264 10.326707518784971 13.862064017612257 -0.5195358756075521 0.6319054397317181 0.5751330186958127 0.8299104331691383 0.21303435989030214 0.5156210182131277 0.0 0.0 0.0 0.0 0.0 0.0
33.06026075799342 10.74393800450679 13.905140306834802 -0.5400555635181267 0.07490943078152662 0.8382890703648151 0.8299104331691383 0.21303435989030214 0.5156210182131277 0.0 0.0 0.0 0.0 0.0 0.0
33.27293514797737 11.178244097332284 14.13930461602381 -0.3553991136006522 -0.5105459233414608 0.7829650887563798 0.8299104331691383 0.21303435989030214 0.5156210182131277 0.0 0.0 0.0 0.0 0.0 0.0
33.40459629883341 11.496171230867741 14.551945841830868 -0.03572059846998149 -0.9020363453143876 0.4301795794511972 0.8299104331691383 0.21303435989030214 0.5156210182131277 0.0 0.0 0.0 0.0 0.0 0.0
8.954151434104034 2.0161794715296857 7.3865236135826455 0.721971249341978 -0.6299021690039491 -0.28632284681405273 0.6548810437440993 0.48849128289835636 0.5766342732416772 0.0 0.0 0.0 0.0 0.0 0.0
9.213104214125213 1.922343833760802 7.847851515320845 0.7157971249407127 -0.156183177507922 -0.6806183152032704 0.6548810437440993 0.48849128289835636 0.5766342732416772 0.0 0.0 0.0 0.0 0.0 0.0
9.635222971299216 1.7929062357646763 8.154032450692773 0.4376797052847406 0.376872414366841 -0.8163355063153693 0.6548810437440993 0.48849128289835636 0.5766342732416772 0.0 0.0 0.0 0.0 0.0 0.0
10.157110831064486 1.7493767164817795 8.274129681714077 -0.00671955202334501 0.7667478750528893 -0.6419131901764319 0.6548810437440993 0.48849128289835636 0.5766342732416772 0.0 0.0 0.0 0.0 0.0 0.0
10.677466968734604 1.8806273994429452 8.24790278083684 -0.44856593917284304 0.8653229986655003 -0.2236173208732528 0.6548810437440993 0.48849128289835636 0.5766342732416772 0.0 0.0 0.0 0.0 0.0 0.0
11.095572486456126 2.2091284871773387 8.170702304630414 -0.7199946264080127 0.6351474476560652 0.27963450731190453 0.6548810437440993 0.48849128289835636 0.5766342732416772 0.0 0.0 0.0 0.0 0.0 0.0
11.349555206433278 2.682411455589875 8.157244523164449 -0.7178853174025662 0.1636687621830586 0.6766485109296271 0.6548810437440993 0.48849128289835636 0.5766342732416772 0.0 0.0 0.0 0.0 0.0 0.0
11.439895945720222 3.193002723491884 8.298028791055668 -0.4430393739134387 -0.3699904224390699 0.8165924322853759 0.6548810437440993 0.48849128289835636 0.5766342732416772 0.0 0.0 0.0 0.0 0.0 0.0
11.429245845783342 3.6192546629571423 8.624955329580455 0.00012463494872572145 -0.763084059666613 0.6462992359185101 0.6548810437440993 0.48849128289835636 0.5766342732416772 0.0 0.0 0.0 0.0 0.0 0.0
11.418624156386947 3.871561567010922 9.099205799268702 0.4432412929100841 -0.8662693045416918 0.23046615427921296 0.6548810437440993 0.48849128289835636 0.5766342732416772 0.0 0.0 0.0 0.0 0.0 0.0
11.509039333656013 3.9264023558372205 9.625991036076524 0.7179631730956744 -0.6403443573709687 -0.27292487255937486 0.6548810437440993 0.48849128289835636 0.5766342732416772 0.0 0.0 0.0 0.0 0.0 0.0
11.763114238822979 3.8352766282523425 10.09056303959684 0.7199188401180941 -0.17114188284828527 -0.6726271772521245 0.6548810437440993 0.48849128289835636 0.5766342732416772 0.0 0.0 0.0 0.0 0.0 0.0
12.181294666247146 3.7051391030872107 10.401809656898294 0.44836530337851704 0.3630802543081542 -0.8167871715800974 0.6548810437440993 0.48849128289835636 0.5766342732416772 0.0 0.0 0.0 0.0 0.0 0.0
12.701679978684279 3.6577657333159594 10.526869612737817 0.006470291617327872 0.7593621324747933 -0.6506360634715234 0.6548810437440993 0.48849128289835636 0.5766342732416772 0.0 0.0 0.0 0.0 0.0 0.0
13.223540194299169 3.7834889855357017 10.503617057436715 -0.4378828921067911 0.8671496406564447 -0.23729743679523818 0.6548810437440993 0.48849128289835636 0.5766342732416772 0.0 0.0 0.0 0.0 0.0 0.0
13.645584990880312 4.106879025627983 10.426272543951562 -0.7158770441079969 0.6454925023838647 0.2661944535211287 0.6548810437440993 0.48849128289835636 0.5766342732416772 0.0 0.0 0.0 0.0 0.0 0.0
13.904445592731934 4.577409101949115 10.409607064522373 -0.7218975382266675 0.17860197039653058 0.6685546204108928 0.6548810437440993 0.48849128289835636 0.5766342732416772 0.0 0.0 0.0 0.0 0.0 0.0
13.998749628030248 5.088651503041857 10.545338631851946 -0.45365708808982597 -0.3561424362101504 0.8169197093693834 0.6548810437440993 0.48849128289835636 0.5766342732416772 0.0 0.0 0.0 0.0 0.0 0.0
13.989642515824148 5.5187112245944565 10.867287072636687 -0.013064725445623593 -0.7555823769165956 0.6549233425692638 0.6548810437440993 0.48849128289835636 0.5766342732416772 0.0 0.0 0.0 0.0 0.0 0.0
13.977557299041633 5.776535919554485 11.338525309967283 0.4324911448259322 -0.8679639399687551 0.2441106481927175 0.6548810437440993 0.48849128289835636 0.5766342732416772 0.0 0.0 0.0 0.0 0.0 0.0
14.064058452330544 5.836508207088111 11.865408577234362 0.7137363983117805 -0.6505914906435781 -0.25944376274463277 0.6548810437440993 0.48849128289835636 0.5766342732416772 0.0 0.0 0.0 0.0 0.0 0.0
14.313255840072372 5.7481781438586435 12.33315163062039 0.7238212610427653 -0.18604845671324433 -0.6644311505469018 0.6548810437440993 0.48849128289835636 0.5766342732416772 0.0 0.0 0.0 0.0 0.0 0.0
14.727448307043968 5.617438329067369 12.649437582332899 0.4589143250574723 0.3491774964867679 -0.8169900355599672 0.6548810437440993 0.48849128289835636 0.5766342732416772 0.0 0.0 0.0 0.0 0.0 0.0
15.246250308852174 5.566293535587139 12.779490629732884 0.01965816434449502 0.7517450808350395 -0.6591607467188283 0.6548810437440993 0.48849128289835636 0.5766342732416772 0.0 0.0 0.0 0.0 0.0 0.0
15.769533389841252 5.6865090569369485 12.759287964177789 -0.42706646166993667 0.8687121404665781 -0.25090526961922377 0.6548810437440993 0.48849128289835636 0.5766342732416772 0.0 0.0 0.0 0.0 0.0 0.0
