#id1 id2 FENE BEXC STCK NEXC HB CRSTCK CXSTCK total, t = 100000
0 1 0.101285 0 -0 0 0 0 0 0.101285
1 2 0.0108599 0 0 0 0 0 0 0.0108599
2 3 0.0411513 0 0 0 0 0 0 0.0411513
3 4 0.00463901 0 -1.23861 0 0 0 0 -1.23397
4 5 0.0292848 0 -1.3496 0 0 0 0 -1.32031
5 6 0.00228408 0 0 0 0 0 0 0.00228408
6 7 0.110589 0 0 0 0 0 0 0.110589
7 8 0.00321859 0 -0.719301 0 0 0 0 -0.716083
8 9 0.327346 0 -1.21324 0 0 0 0 -0.885897
9 10 0.0130013 0 -0.701448 0 0 0 0 -0.688446
10 11 0.00259414 0 0 0 0 0 0 0.00259414
11 12 0.00354677 0 -1.20329 0 0 0 0 -1.19974
12 13 0.00329786 0 -1.24967 0 0 0 0 -1.24637
13 14 0.00726288 0 -1.25782 0 0 0 0 -1.25055
14 15 0.0068976 0 0 0 0 0 0 0.0068976
15 16 0.00904811 0 0 0 0 0 0 0.00904811
16 17 0.00539158 0 -1.34747 0 0 0 0 -1.34208
17 18 0.0125408 0 -1.3803 0 0 0 0 -1.36775
18 19 0.00426753 0 0 0 0 0 0 0.00426753
19 20 0.0984461 0 0 0 0 0 0 0.0984461
20 21 0.208171 0 0 0 0 0 0 0.208171
21 22 0.100117 0 -0 0 0 0 0 0.100117
22 23 0.14628 0 -1.14234 0 0 0 0 -0.996055
23 24 0.0295134 0 -1.15478 0 0 0 0 -1.12526
25 26 0.0449827 0 -1.17847 0 0 0 0 -1.13348
26 27 0.000498593 0 -1.35782 0 0 0 0 -1.35732
27 28 0.00393165 0 0 0 0 0 0 0.00393165
28 29 0.0353871 0 -1.33078 0 0 0 0 -1.29539
29 30 0.00336968 0 -1.37807 0 0 0 0 -1.3747
30 31 0.0453781 0 -0.893052 0 0 0 0 -0.847673
31 32 0.206377 0 0 0 0 0 0 0.206377
32 33 0.0035354 0 0 0 0 0 0 0.0035354
33 34 0.0692626 0 -1.40675 0 0 0 0 -1.33749
34 35 0.000606875 0 -1.32277 0 0 0 0 -1.32216
35 36 0.00668095 0 -0 0 0 0 0 0.00668095
18 37 0 0 0 0 0 -0.00533589 -0 -0.00533589
17 37 0 0 0 0 -0 -0.0533139 0 -0.0533139
36 37 0.110989 0 0 0 0 0 0 0.110989
18 38 0 0 0 0 0 -0.178837 0 -0.178837
17 38 0 0 0 0 -0.669196 0 -0 -0.669196
16 38 0 0 0 0 0 -0.166103 0 -0.166103
37 38 0.0698639 0 -1.32027 0 0 0 0 -1.2504
17 39 0 0 0 0 0 -0.170997 -0 -0.170997
38 39 0.000417021 0 -1.16105 0 0 0 0 -1.16064
39 40 0.0428602 0 -1.38018 0 0 0 0 -1.33732
40 41 0.0654795 0 -1.11994 0 0 0 0 -1.05446
41 42 0.0185233 0 -1.01303 0 0 0 0 -0.994503
42 43 0.0624075 0 -0 0 0 0 0 0.0624075
43 44 0.0565151 0 0 0 0 0 0 0.0565151
44 45 4.32769e-05 0 0 0 0 0 0 4.32769e-05
45 46 0.0124436 0 0 0 0 0 0 0.0124436
46 47 0.188252 0 -1.12864 0 0 0 0 -0.940392
47 48 0.0154167 0 -1.25753 0 0 0 0 -1.24212
48 49 0.00996082 0 -1.22037 0 0 0 0 -1.21041
#Total energy per particle is  -0.626323 and should be -0.62632310

