t = 0
b =  30.0 30.0 30.0
E = 0. 0. 0.
28.623043464222814 15.926001983428272 8.189197709063846 0.4680884598695995 -0.7230053944081979 0.5080909302413817 0.5970577901350504 0.6826405312377978 0.4213358522015747 0.0 0.0 0.0 0.0 0.0 0.0
28.679901855589947 16.14700690601415 8.675622471634906 0.761176055859097 -0.6479003945797975 -0.028915232838969906 0.5970577901350504 0.6826405312377978 0.4213358522015747 0.0 0.0 0.0 0.0 0.0 0.0
28.9102703528406 16.220322913269346 9.155456005970503 0.7650801420427279 -0.3266472025335974 -0.5549360155268844 0.5970577901350504 0.6826405312377978 0.4213358522015747 0.0 0.0 0.0 0.0 0.0 0.0
29.315038892543175 16.219179680429043 9.50879185810566 0.4783174908064909 0.11870472300510668 -0.8701273278807324 0.5970577901350504 0.6826405312377978 0.4213358522015747 0.0 0.0 0.0 0.0 0.0 0.0
29.82883991932537 16.2450951929328 9.66378215847181 0.009834027770885823 0.5189587396370383 -0.8547427206195665 0.5970577901350504 0.6826405312377978 0.4213358522015747 0.0 0.0 0.0 0.0 0.0 0.0
30.344882613047368 16.389307366465882 9.623933828778211 -0.46238554683105515 0.7220516545534318 -0.5146270632588202 0.5970577901350504 0.6826405312377978 0.4213358522015747 0.0 0.0 0.0 0.0 0.0 0.0
30.755524506820244 16.69811123737381 9.466776243822 -0.7589371215177945 0.6508250738450879 0.021004019539612118 0.5970577901350504 0.6826405312377978 0.4213358522015747 0.0 0.0 0.0 0.0 0.0 0.0
30.99316665986315 17.15527070434296 9.314406525780736 -0.7671557949879141 0.3323391663680309 0.5486553241464661 0.5970577901350504 0.6826405312377978 0.4213358522015747 0.0 0.0 0.0 0.0 0.0 0.0
31.055935625299966 17.68818689474277 9.287102806142125 -0.483919155781223 -0.11240794682679175 0.8678632980822346 0.5970577901350504 0.6826405312377978 0.4213358522015747 0.0 0.0 0.0 0.0 0.0 0.0
31.008395203949917 18.195479690126493 9.457628552608714 -0.016833538596419062 -0.5144494016614674 0.8573554951759983 0.5970577901350504 0.6826405312377978 0.4213358522015747 0.0 0.0 0.0 0.0 0.0 0.0
30.957017576947145 18.585503728214313 9.823588511177404 0.4566474213429212 -0.7210429276696346 0.5211240054329321 0.5970577901350504 0.6826405312377978 0.4213358522015747 0.0 0.0 0.0 0.0 0.0 0.0
31.009732744007923 18.81116600825219 10.308338703181718 0.756640391176344 -0.6537001902612332 -0.013091206702845692 0.5970577901350504 0.6826405312377978 0.4213358522015747 0.0 0.0 0.0 0.0 0.0 0.0
31.234924112045075 18.887817309351313 10.790104754206205 0.7691730260491477 -0.33800582128824197 -0.5423328505389083 0.5970577901350504 0.6826405312377978 0.4213358522015747 0.0 0.0 0.0 0.0 0.0 0.0
31.63544849557219 18.887420172852416 11.148246014885821 0.48948396843867326 0.10610261034812096 -0.8655331771335184 0.5970577901350504 0.6826405312377978 0.4213358522015747 0.0 0.0 0.0 0.0 0.0 0.0
32.14755076510654 18.91120912972089 11.309088960603809 0.02383176748281457 0.5099008863721879 -0.8599029787920855 0.5970577901350504 0.6826405312377978 0.4213358522015747 0.0 0.0 0.0 0.0 0.0 0.0
32.665085486788456 19.051230009681966 11.273916995249257 -0.45087452038566944 0.719979290575264 -0.5275812619964166 0.5970577901350504 0.6826405312377978 0.4213358522015747 0.0 0.0 0.0 0.0 0.0 0.0
33.07984334736168 19.355370191583848 11.118482864622253 -0.7542860397396529 0.6565255248769868 0.00517739692000424 0.5970577901350504 0.6826405312377978 0.4213358522015747 0.0 0.0 0.0 0.0 0.0 0.0
33.3226616814426 19.809165387539046 10.964228921786072 -0.7711316816064732 0.34364673575651916 0.5359690761850551 0.5970577901350504 0.6826405312377978 0.4213358522015747 0.0 0.0 0.0 0.0 0.0 0.0
33.38970052443763 20.341294867722805 10.932149146730564 -0.4950115049968127 -0.09978919374487921 0.8631371424823153 0.5970577901350504 0.6826405312377978 0.4213358522015747 0.0 0.0 0.0 0.0 0.0 0.0
33.34390147929308 20.850677398052547 11.096821510462549 -0.030828181487847828 -0.5053135401562499 0.8623849774670879 0.5970577901350504 0.6826405312377978 0.4213358522015747 0.0 0.0 0.0 0.0 0.0 0.0
33.29107514920837 21.244873691003956 11.458074556943139 0.4450672835880587 -0.7188608242704031 0.533998341204186 0.5970577901350504 0.6826405312377978 0.4213358522015747 0.0 0.0 0.0 0.0 0.0 0.0
33.33970192042161 21.47520563644394 11.941052542103504 0.7518742465006985 -0.6593008625321791 0.0027368071416575823 0.5970577901350504 0.6826405312377978 0.4213358522015747 0.0 0.0 0.0 0.0 0.0 0.0
33.55971844978245 21.55524992952478 12.424654382537925 0.7730316125006865 -0.3492614801953861 -0.5295644857109618 0.5970577901350504 0.6826405312377978 0.4213358522015747 0.0 0.0 0.0 0.0 0.0 0.0
33.95594755953629 21.555680057205556 12.787541981791762 0.5005013445123315 0.09346817780818414 -0.8606753765959412 0.5970577901350504 0.6826405312377978 0.4213358522015747 0.0 0.0 0.0 0.0 0.0 0.0
34.46626596652001 21.57741625895869 12.954238601869365 0.03782224780750454 0.5006877123578277 -0.8648013021871972 0.5970577901350504 0.6826405312377978 0.4213358522015747 0.0 0.0 0.0 0.0 0.0 0.0
19.46388051618975 10.103514458499962 1.9084998020400161 -0.6727696294997151 0.7365260691681808 -0.07007406837400122 0.6303755182451597 0.620224525480354 0.46684927330972265 0.0 0.0 0.0 0.0 0.0 0.0
19.769162682890066 10.524160829033576 1.7723214933046652 -0.772078304341095 0.43834958806726776 0.4601572889860986 0.6303755182451597 0.620224525480354 0.46684927330972265 0.0 0.0 0.0 0.0 0.0 0.0
19.898449575822347 11.044729001959814 1.7410360530725653 -0.5780615229024233 -0.026363230354683687 0.8155671988407802 0.6303755182451597 0.620224525480354 0.46684927330972265 0.0 0.0 0.0 0.0 0.0 0.0
19.895967326420287 11.55928767569718 1.8956591814780794 -0.16442950423985303 -0.48106021679518446 0.861129494299438 0.6303755182451597 0.620224525480354 0.46684927330972265 0.0 0.0 0.0 0.0 0.0 0.0
19.856003366352976 11.964188657879502 2.246576805204629 0.31167203219814416 -0.7529943839772792 0.5795342975563708 0.6303755182451597 0.620224525480354 0.46684927330972265 0.0 0.0 0.0 0.0 0.0 0.0
19.887085055832003 12.197444546541202 2.7295992902942254 0.6693641527255723 -0.7388533952916693 0.07776433187489135 0.6303755182451597 0.620224525480354 0.46684927330972265 0.0 0.0 0.0 0.0 0.0 0.0
20.070748324986397 12.26227878049811 3.2303481572815618 0.7727536404607215 -0.4440096487647407 -0.4535496036361541 0.6303755182451597 0.620224525480354 0.46684927330972265 0.0 0.0 0.0 0.0 0.0 0.0
20.430560810798543 12.225901001048314 3.6277103778490782 0.5825611004329552 0.019520786773364635 -0.8125524617808328 0.6303755182451597 0.620224525480354 0.46684927330972265 0.0 0.0 0.0 0.0 0.0 0.0
20.92316811778469 12.193972985557728 3.839851239186654 0.17104385844851672 0.47563494904611836 -0.8628530545422776 0.6303755182451597 0.620224525480354 0.46684927330972265 0.0 0.0 0.0 0.0 0.0 0.0
21.45476487768608 12.270465971668079 3.8553047195916075 -0.305455805061325 0.7510474419839759 -0.5853413457493519 0.6303755182451597 0.620224525480354 0.46684927330972265 0.0 0.0 0.0 0.0 0.0 0.0
21.91673297721256 12.518160245810419 3.7373296218152046 -0.6659077012796507 0.7411244548685189 -0.08544867332083239 0.6303755182451597 0.620224525480354 0.46684927330972265 0.0 0.0 0.0 0.0 0.0 0.0
22.22690739527953 12.934793862759552 3.599876496266672 -0.7733701283987897 0.44963589640840673 0.44690737872790387 0.6303755182451597 0.620224525480354 0.46684927330972265 0.0 0.0 0.0 0.0 0.0 0.0
22.360792068243867 13.453921996442796 3.564295921761125 -0.5870163136802122 -0.012676856608555276 0.809475845704996 0.6303755182451597 0.620224525480354 0.46684927330972265 0.0 0.0 0.0 0.0 0.0 0.0
22.360866354034307 13.97016044026324 3.7132353917542265 -0.1776451870051366 -0.4701734598541871 0.8645109051843421 0.6303755182451597 0.620224525480354 0.46684927330972265 0.0 0.0 0.0 0.0 0.0 0.0
22.32044641385731 14.379222829115895 4.059240149785973 0.29921631628233003 -0.7490433048201675 0.591103817932613 0.6303755182451597 0.620224525480354 0.46684927330972265 0.0 0.0 0.0 0.0 0.0 0.0
22.348232842391727 14.61754077306611 4.539987041714567 0.6624005383841101 -0.7433390749487505 0.09312650751947193 0.6303755182451597 0.620224525480354 0.46684927330972265 0.0 0.0 0.0 0.0 0.0 0.0
22.527013494493264 14.686414551492561 5.0419621239624535 0.7739277212073558 -0.45522790253772544 -0.44023112009249143 0.6303755182451597 0.620224525480354 0.46684927330972265 0.0 0.0 0.0 0.0 0.0 0.0
22.88221099499569 14.651519115211771 5.4435865085333655 0.5914268233624562 0.00583196105203429 -0.8063375849094958 0.6303755182451597 0.620224525480354 0.46684927330972265 0.0 0.0 0.0 0.0 0.0 0.0
23.372224258492857 14.617953074636297 5.661406215252709 0.18423298719298442 0.464676165132937 -0.8661029199738872 0.6303755182451597 0.620224525480354 0.46684927330972265 0.0 0.0 0.0 0.0 0.0 0.0
23.904233437217563 14.69030998052393 5.681797734112038 -0.2929540410223873 0.7469821251086575 -0.5968212752715873 0.6303755182451597 0.620224525480354 0.46684927330972265 0.0 0.0 0.0 0.0 0.0 0.0
24.369463733073406 14.932941485333908 5.5661438244942 -0.6588429311229838 0.7454970868804703 -0.10079724977401006 0.6303755182451597 0.620224525480354 0.46684927330972265 0.0 0.0 0.0 0.0 0.0 0.0
24.684510762049243 15.34550907455539 5.427513178618788 -0.7744263764235694 0.4607852412997791 0.4335213361528597 0.6303755182451597 0.620224525480354 0.46684927330972265 0.0 0.0 0.0 0.0 0.0 0.0
24.823027274151965 15.863112674029782 5.387703734960187 -0.5957922936022997 0.0010133786308997028 0.8031379183850418 0.6303755182451597 0.620224525480354 0.46684927330972265 0.0 0.0 0.0 0.0 0.0 0.0
24.825732914181415 16.380947273194977 5.530969605068228 -0.190806757325571 -0.45914348352264567 0.8676289776728224 0.6303755182451597 0.620224525480354 0.46684927330972265 0.0 0.0 0.0 0.0 0.0 0.0
24.784944147874754 16.79412010084421 5.872011527936773 0.28666945617800277 -0.7448640598162621 0.6024932823597622 0.6303755182451597 0.620224525480354 0.46684927330972265 0.0 0.0 0.0 0.0 0.0 0.0
