        0.0000  -1.014680   0.317445  -0.697235 
        0.5000  -0.889926   0.716491  -0.173434 
        1.0000  -0.677536   1.234519   0.556983 
        1.5000  -0.623274   1.600022   0.976749 
        2.0000  -0.491220   1.326900   0.835680 
        2.5000  -0.332657   1.090652   0.757996 
        3.0000  -0.251374   1.060171   0.808797 
        3.5000  -0.206401   1.071325   0.864924 
        4.0000  -0.157937   1.022798   0.864861 
        4.5000  -0.166775   0.962334   0.795559 
        5.0000  -0.155298   0.857505   0.702208 
        5.5000  -0.128320   0.854826   0.726506 
        6.0000  -0.099830   0.902217   0.802388 
        6.5000  -0.104427   0.903142   0.798715 
        7.0000  -0.123865   0.843449   0.719583 
        7.5000  -0.063431   0.689247   0.625817 
        8.0000  -0.091987   0.729039   0.637052 
        8.5000  -0.069714   0.796241   0.726527 
        9.0000  -0.061712   0.825004   0.763292 
        9.5000  -0.073820   0.768161   0.694341 
       10.0000  -0.067184   0.634854   0.567670 
       10.5000  -0.088732   0.666681   0.577949 
       11.0000  -0.044758   0.709778   0.665020 
       11.5000  -0.017437   0.713433   0.695996 
       12.0000  -0.070363   0.737979   0.667616 
       12.5000  -0.017691   0.604536   0.586846 
       13.0000  -0.038526   0.614098   0.575572 
       13.5000  -0.032383   0.666391   0.634008 
       14.0000  -0.043823   0.708581   0.664757 
       14.5000  -0.026618   0.680170   0.653552 
       15.0000  -0.064536   0.645150   0.580614 
       15.5000  -0.040756   0.591150   0.550395 
       16.0000  -0.068762   0.657075   0.588313 
       16.5000  -0.043827   0.664657   0.620831 
       17.0000  -0.058861   0.623128   0.564267 
       17.5000  -0.066274   0.515087   0.448812 
       18.0000  -0.015598   0.474231   0.458633 
       18.5000  -0.063189   0.618905   0.555715 
       19.0000  -0.001312   0.585298   0.583986 
       19.5000  -0.045686   0.612187   0.566500 
       20.0000  -0.075295   0.550781   0.475486 
       20.5000  -0.080087   0.539651   0.459564 
       21.0000  -0.079459   0.599458   0.519998 
       21.5000  -0.056203   0.612518   0.556316 
       22.0000  -0.094965   0.647607   0.552643 
       22.5000  -0.056664   0.504178   0.447514 
       23.0000  -0.072493   0.453568   0.381075 
       23.5000  -0.050611   0.523460   0.472849 
       24.0000  -0.124071   0.673181   0.549110 
       24.5000  -0.097831   0.626876   0.529045 
       25.0000  -0.133324   0.592458   0.459134 
       25.5000  -0.089200   0.493903   0.404704 
       26.0000  -0.100792   0.551918   0.451126 
       26.5000  -0.057667   0.561279   0.503612 
       27.0000  -0.088676   0.598248   0.509572 
       27.5000  -0.091953   0.561899   0.469947 
       28.0000  -0.050395   0.468053   0.417658 
       28.5000  -0.081697   0.512795   0.431097 
       29.0000  -0.073544   0.568994   0.495450 
       29.5000  -0.073527   0.573017   0.499490 
       30.0000  -0.110425   0.589698   0.479273 
       30.5000  -0.121599   0.529806   0.408207 
       31.0000  -0.100606   0.506063   0.405457 
       31.5000  -0.118978   0.577483   0.458505 
       32.0000  -0.110854   0.583901   0.473047 
       32.5000  -0.134379   0.580306   0.445927 
       33.0000  -0.174951   0.528468   0.353517 
       33.5000  -0.171198   0.506302   0.335104 
       34.0000  -0.184029   0.573104   0.389074 
       34.5000  -0.167471   0.610099   0.442629 
       35.0000  -0.180718   0.597937   0.417219 
       35.5000  -0.167012   0.522528   0.355515 
       36.0000  -0.181509   0.490276   0.308767 
       36.5000  -0.176911   0.523326   0.346415 
       37.0000  -0.135450   0.531455   0.396005 
       37.5000  -0.170405   0.565856   0.395452 
       38.0000  -0.162463   0.523145   0.360682 
       38.5000  -0.145609   0.464387   0.318777 
       39.0000  -0.155862   0.477771   0.321910 
       39.5000  -0.150393   0.513190   0.362796 
       40.0000  -0.144118   0.515917   0.371799 
       40.5000  -0.120959   0.500073   0.379114 
       41.0000  -0.130705   0.473881   0.343176 
       41.5000  -0.113799   0.444382   0.330583 
       42.0000  -0.112861   0.467304   0.354443 
       42.5000  -0.116388   0.500431   0.384042 
       43.0000  -0.093266   0.467913   0.374647 
       43.5000  -0.117749   0.451519   0.333770 
       44.0000  -0.120530   0.428401   0.307871 
       44.5000  -0.116847   0.426962   0.310114 
       45.0000  -0.109200   0.444136   0.334936 
       45.5000  -0.138467   0.467054   0.328587 
       46.0000  -0.117477   0.432536   0.315060 
       46.5000  -0.154352   0.436421   0.282069 
       47.0000  -0.132161   0.395580   0.263420 
       47.5000  -0.134418   0.404767   0.270349 
       48.0000  -0.164870   0.452456   0.287585 
       48.5000  -0.156048   0.435019   0.278971 
       49.0000  -0.157973   0.422109   0.264137 
       49.5000  -0.182587   0.413017   0.230431 
       50.0000  -0.160095   0.373958   0.213863 
       50.5000  -0.160185   0.402607   0.242422 
       51.0000  -0.185554   0.442084   0.256530 
       51.5000  -0.192330   0.446309   0.253979 
       52.0000  -0.181152   0.415867   0.234715 
       52.5000  -0.195007   0.398702   0.203695 
       53.0000  -0.176712   0.398920   0.222207 
       53.5000  -0.215864   0.479664   0.263799 
       54.0000  -0.214887   0.477758   0.262871 
       54.5000  -0.201667   0.411484   0.209817 
       55.0000  -0.223753   0.390990   0.167236 
       55.5000  -0.201238   0.385145   0.183907 
       56.0000  -0.217838   0.449266   0.231428 
       56.5000  -0.222775   0.453740   0.230965 
       57.0000  -0.239839   0.435229   0.195390 
       57.5000  -0.231950   0.401778   0.169828 
       58.0000  -0.250487   0.422376   0.171889 
       58.5000  -0.237504   0.425334   0.187830 
       59.0000  -0.253590   0.435018   0.181428 
       59.5000  -0.264004   0.434503   0.170500 
       60.0000  -0.305372   0.481750   0.176378 
       60.5000  -0.284830   0.467870   0.183040 
       61.0000  -0.245093   0.424922   0.179829 
       61.5000  -0.245684   0.415259   0.169575 
       62.0000  -0.253244   0.411130   0.157886 
       62.5000  -0.228858   0.393795   0.164937 
       63.0000  -0.259566   0.416679   0.157113 
       63.5000  -0.272999   0.427360   0.154360 
       64.0000  -0.265785   0.414294   0.148509 
       64.5000  -0.266195   0.400847   0.134652 
       65.0000  -0.257122   0.401539   0.144417 
       65.5000  -0.234886   0.382784   0.147898 
       66.0000  -0.256198   0.408752   0.152554 
       66.5000  -0.238312   0.373981   0.135669 
       67.0000  -0.253408   0.386896   0.133488 
       67.5000  -0.271018   0.388700   0.117682 
       68.0000  -0.291058   0.405691   0.114634 
       68.5000  -0.269534   0.383390   0.113856 
       69.0000  -0.266445   0.375315   0.108870 
       69.5000  -0.295691   0.394602   0.098911 
       70.0000  -0.303906   0.409209   0.105304 
       70.5000  -0.302907   0.401258   0.098351 
       71.0000  -0.320544   0.397810   0.077266 
       71.5000  -0.336568   0.406632   0.070064 
       72.0000  -0.295869   0.370175   0.074306 
       72.5000  -0.320994   0.396023   0.075029 
       73.0000  -0.323465   0.402006   0.078541 
       73.5000  -0.298648   0.361649   0.063001 
       74.0000  -0.318229   0.376427   0.058198 
       74.5000  -0.319706   0.369997   0.050291 
       75.0000  -0.354729   0.403487   0.048758 
       75.5000  -0.348740   0.394728   0.045988 
       76.0000  -0.354027   0.393373   0.039346 
       76.5000  -0.356906   0.402431   0.045525 
       77.0000  -0.326156   0.362410   0.036253 
       77.5000  -0.374468   0.389067   0.014599 
       78.0000  -0.335696   0.342656   0.006960 
       78.5000  -0.372277   0.368563  -0.003714 
       79.0000  -0.334086   0.340541   0.006455 
       79.5000  -0.345697   0.348663   0.002967 
       80.0000  -0.373758   0.369586  -0.004172 
       80.5000  -0.349820   0.352824   0.003004 
       81.0000  -0.331489   0.334913   0.003424 
       81.5000  -0.363560   0.364252   0.000693 
       82.0000  -0.373549   0.369035  -0.004515 
       82.5000  -0.325704   0.330371   0.004667 
       83.0000  -0.347583   0.342716  -0.004867 
       83.5000  -0.370776   0.355984  -0.014792 
       84.0000  -0.363047   0.344233  -0.018813 
       84.5000  -0.367483   0.332907  -0.034576 
       85.0000  -0.376037   0.339373  -0.036664 
       85.5000  -0.377037   0.344639  -0.032398 
       86.0000  -0.384372   0.349519  -0.034852 
       86.5000  -0.378425   0.336441  -0.041984 
       87.0000  -0.414201   0.374180  -0.040021 
       87.5000  -0.367654   0.336624  -0.031030 
       88.0000  -0.365202   0.329303  -0.035899 
       88.5000  -0.432164   0.397056  -0.035108 
       89.0000  -0.378832   0.354385  -0.024447 
       89.5000  -0.385791   0.353507  -0.032284 
       90.0000  -0.417467   0.384152  -0.033315 
       90.5000  -0.378296   0.343217  -0.035079 
       91.0000  -0.355385   0.319117  -0.036269 
       91.5000  -0.428578   0.397327  -0.031251 
       92.0000  -0.396608   0.361973  -0.034635 
       92.5000  -0.403746   0.360648  -0.043098 
       93.0000  -0.409039   0.364828  -0.044211 
       93.5000  -0.403990   0.360514  -0.043476 
       94.0000  -0.400609   0.356209  -0.044400 
       94.5000  -0.407049   0.363210  -0.043839 
       95.0000  -0.378512   0.344429  -0.034083 
       95.5000  -0.414134   0.391384  -0.022750 
       96.0000  -0.382249   0.362728  -0.019521 
       96.5000  -0.394310   0.376882  -0.017428 
       97.0000  -0.367355   0.344982  -0.022372 
       97.5000  -0.357715   0.347311  -0.010404 
       98.0000  -0.367905   0.353047  -0.014858 
       98.5000  -0.356681   0.350123  -0.006558 
       99.0000  -0.385206   0.378996  -0.006210 
       99.5000  -0.389546   0.380879  -0.008667 
      100.0000  -0.411332   0.393645  -0.017686 
      100.5000  -0.413692   0.393859  -0.019834 
      101.0000  -0.418061   0.406698  -0.011363 
      101.5000  -0.400462   0.377529  -0.022933 
      102.0000  -0.375923   0.333461  -0.042462 
      102.5000  -0.404132   0.361958  -0.042174 
      103.0000  -0.405521   0.371709  -0.033812 
      103.5000  -0.364527   0.347226  -0.017301 
      104.0000  -0.421665   0.404264  -0.017401 
      104.5000  -0.406471   0.391982  -0.014488 
      105.0000  -0.371909   0.351592  -0.020316 
      105.5000  -0.387359   0.366361  -0.020998 
      106.0000  -0.412262   0.397805  -0.014457 
      106.5000  -0.394214   0.380598  -0.013616 
      107.0000  -0.370142   0.355118  -0.015025 
      107.5000  -0.402512   0.375168  -0.027344 
      108.0000  -0.413671   0.385539  -0.028132 
      108.5000  -0.392542   0.355487  -0.037054 
      109.0000  -0.376474   0.336736  -0.039738 
      109.5000  -0.437618   0.396817  -0.040801 
      110.0000  -0.401529   0.353006  -0.048523 
      110.5000  -0.405763   0.357562  -0.048201 
      111.0000  -0.409996   0.362751  -0.047245 
      111.5000  -0.392643   0.338512  -0.054131 
      112.0000  -0.443083   0.381687  -0.061396 
      112.5000  -0.432557   0.362050  -0.070507 
      113.0000  -0.480714   0.391792  -0.088921 
      113.5000  -0.446553   0.347515  -0.099037 
      114.0000  -0.424106   0.331562  -0.092544 
      114.5000  -0.437453   0.345029  -0.092424 
      115.0000  -0.444014   0.350413  -0.093601 
      115.5000  -0.458985   0.350664  -0.108321 
      116.0000  -0.451009   0.350787  -0.100222 
      116.5000  -0.443460   0.346975  -0.096485 
      117.0000  -0.453465   0.357996  -0.095470 
      117.5000  -0.441988   0.336828  -0.105160 
      118.0000  -0.448157   0.336711  -0.111446 
      118.5000  -0.455395   0.336596  -0.118799 
      119.0000  -0.442085   0.318769  -0.123316 
      119.5000  -0.454168   0.321090  -0.133078 
      120.0000  -0.487332   0.340224  -0.147107 
      120.5000  -0.479494   0.328692  -0.150802 
      121.0000  -0.475046   0.321892  -0.153154 
      121.5000  -0.481685   0.327848  -0.153836 
      122.0000  -0.525316   0.365783  -0.159533 
      122.5000  -0.492481   0.336429  -0.156052 
      123.0000  -0.492610   0.329698  -0.162912 
      123.5000  -0.481588   0.318976  -0.162612 
      124.0000  -0.498404   0.328103  -0.170300 
      124.5000  -0.505366   0.345201  -0.160166 
      125.0000  -0.497904   0.331132  -0.166772 
      125.5000  -0.476410   0.311301  -0.165109 
      126.0000  -0.536087   0.364527  -0.171560 
      126.5000  -0.506375   0.332358  -0.174017 
      127.0000  -0.511425   0.331415  -0.180010 
      127.5000  -0.483817   0.305995  -0.177822 
      128.0000  -0.505286   0.336740  -0.168546 
      128.5000  -0.499201   0.327257  -0.171945 
      129.0000  -0.451167   0.284751  -0.166416 
      129.5000  -0.482289   0.319853  -0.162436 
      130.0000  -0.475297   0.309496  -0.165802 
      130.5000  -0.490376   0.328042  -0.162335 
      131.0000  -0.465254   0.304520  -0.160734 
      131.5000  -0.478779   0.309997  -0.168781 
      132.0000  -0.511729   0.349995  -0.161735 
      132.5000  -0.473396   0.303519  -0.169878 
      133.0000  -0.498444   0.343169  -0.155275 
      133.5000  -0.485358   0.332584  -0.152774 
      134.0000  -0.485093   0.334214  -0.150880 
      134.5000  -0.486259   0.329673  -0.156586 
      135.0000  -0.478460   0.320039  -0.158420 
      135.5000  -0.466663   0.308402  -0.158262 
      136.0000  -0.487009   0.326979  -0.160030 
      136.5000  -0.486152   0.325471  -0.160681 
      137.0000  -0.478600   0.323791  -0.154810 
      137.5000  -0.471246   0.319004  -0.152241 
      138.0000  -0.492126   0.336746  -0.155380 
      138.5000  -0.476212   0.320211  -0.156002 
      139.0000  -0.462668   0.306890  -0.155778 
      139.5000  -0.464729   0.312286  -0.152443 
      140.0000  -0.474592   0.317111  -0.157482 
      140.5000  -0.447639   0.291981  -0.155658 
      141.0000  -0.476141   0.319408  -0.156733 
      141.5000  -0.474282   0.316193  -0.158090 
      142.0000  -0.486510   0.329115  -0.157396 
      142.5000  -0.481906   0.326141  -0.155765 
      143.0000  -0.469297   0.318105  -0.151193 
      143.5000  -0.458991   0.304735  -0.154256 
      144.0000  -0.461485   0.304181  -0.157304 
      144.5000  -0.452168   0.301457  -0.150711 
      145.0000  -0.484433   0.335602  -0.148831 
      145.5000  -0.431402   0.292442  -0.138959 
      146.0000  -0.447280   0.307480  -0.139800 
      146.5000  -0.466232   0.327888  -0.138344 
      147.0000  -0.450102   0.313780  -0.136322 
      147.5000  -0.458537   0.317811  -0.140727 
      148.0000  -0.451197   0.309910  -0.141287 
      148.5000  -0.467424   0.320380  -0.147044 
      149.0000  -0.446434   0.294359  -0.152075 
      149.5000  -0.455450   0.296661  -0.158790 
      150.0000  -0.457160   0.298617  -0.158544 
      150.5000  -0.467668   0.300872  -0.166795 
      151.0000  -0.456254   0.294486  -0.161768 
      151.5000  -0.465540   0.298056  -0.167484 
      152.0000  -0.479375   0.307146  -0.172229 
      152.5000  -0.479433   0.312869  -0.166564 
      153.0000  -0.507050   0.340030  -0.167019 
      153.5000  -0.491929   0.321653  -0.170276 
      154.0000  -0.477702   0.289564  -0.188138 
      154.5000  -0.479196   0.301236  -0.177960 
      155.0000  -0.474138   0.305015  -0.169123 
      155.5000  -0.454765   0.288683  -0.166082 
      156.0000  -0.512704   0.348723  -0.163981 
      156.5000  -0.504907   0.337219  -0.167689 
      157.0000  -0.490636   0.323087  -0.167549 
      157.5000  -0.524545   0.349981  -0.174564 
      158.0000  -0.513963   0.334356  -0.179607 
      158.5000  -0.523605   0.335275  -0.188330 
      159.0000  -0.515640   0.325688  -0.189951 
      159.5000  -0.530040   0.345884  -0.184156 
      160.0000  -0.498234   0.308176  -0.190058 
      160.5000  -0.498413   0.308878  -0.189536 
      161.0000  -0.506939   0.313179  -0.193761 
      161.5000  -0.518502   0.324723  -0.193779 
      162.0000  -0.499696   0.296089  -0.203606 
      162.5000  -0.517063   0.303359  -0.213704 
      163.0000  -0.533096   0.316461  -0.216635 
      163.5000  -0.518009   0.293927  -0.224082 
      164.0000  -0.537389   0.318874  -0.218515 
      164.5000  -0.509285   0.300270  -0.209015 
      165.0000  -0.533649   0.327829  -0.205820 
      165.5000  -0.501336   0.302631  -0.198704 
      166.0000  -0.518161   0.308567  -0.209594 
      166.5000  -0.518184   0.321837  -0.196347 
      167.0000  -0.551676   0.358737  -0.192939 
      167.5000  -0.527680   0.330942  -0.196738 
      168.0000  -0.529514   0.334416  -0.195098 
      168.5000  -0.525158   0.333356  -0.191802 
      169.0000  -0.549728   0.359424  -0.190303 
      169.5000  -0.513792   0.328442  -0.185349 
      170.0000  -0.538232   0.352381  -0.185851 
      170.5000  -0.508711   0.322165  -0.186546 
      171.0000  -0.532124   0.348650  -0.183475 
      171.5000  -0.506444   0.325027  -0.181417 
      172.0000  -0.546622   0.361565  -0.185057 
      172.5000  -0.525098   0.339449  -0.185649 
      173.0000  -0.522911   0.333013  -0.189897 
      173.5000  -0.527616   0.334879  -0.192737 
      174.0000  -0.515733   0.321517  -0.194216 
      174.5000  -0.526403   0.331058  -0.195345 
      175.0000  -0.519481   0.317111  -0.202370 
      175.5000  -0.508698   0.308694  -0.200004 
      176.0000  -0.530116   0.329675  -0.200441 
      176.5000  -0.546613   0.344211  -0.202402 
      177.0000  -0.508301   0.303146  -0.205155 
      177.5000  -0.517062   0.312866  -0.204196 
      178.0000  -0.504437   0.308205  -0.196232 
      178.5000  -0.512423   0.316270  -0.196154 
      179.0000  -0.531597   0.327413  -0.204185 
      179.5000  -0.501849   0.292693  -0.209156 
      180.0000  -0.534780   0.318592  -0.216188 
      180.5000  -0.507863   0.283890  -0.223972 
      181.0000  -0.517677   0.282862  -0.234815 
      181.5000  -0.509164   0.267067  -0.242097 
      182.0000  -0.505438   0.262487  -0.242950 
      182.5000  -0.507411   0.263656  -0.243754 
      183.0000  -0.543839   0.301977  -0.241862 
      183.5000  -0.517615   0.277386  -0.240228 
      184.0000  -0.558087   0.318118  -0.239969 
      184.5000  -0.525941   0.285372  -0.240570 
      185.0000  -0.514754   0.283058  -0.231696 
      185.5000  -0.529120   0.302161  -0.226959 
      186.0000  -0.513139   0.288608  -0.224532 
      186.5000  -0.526614   0.301712  -0.224902 
      187.0000  -0.528329   0.294230  -0.234099 
      187.5000  -0.500131   0.266945  -0.233186 
      188.0000  -0.529062   0.299800  -0.229262 
      188.5000  -0.531643   0.298145  -0.233498 
      189.0000  -0.534811   0.302981  -0.231830 
      189.5000  -0.523446   0.294380  -0.229066 
      190.0000  -0.506724   0.270720  -0.236004 
      190.5000  -0.511619   0.277123  -0.234495 
      191.0000  -0.496615   0.264688  -0.231927 
      191.5000  -0.498719   0.274856  -0.223863 
      192.0000  -0.490123   0.264817  -0.225307 
      192.5000  -0.504935   0.281999  -0.222936 
      193.0000  -0.518918   0.292556  -0.226362 
      193.5000  -0.520793   0.299448  -0.221344 
      194.0000  -0.520995   0.309908  -0.211087 
      194.5000  -0.484754   0.276297  -0.208457 
      195.0000  -0.515179   0.311542  -0.203637 
      195.5000  -0.499526   0.293598  -0.205928 
      196.0000  -0.533232   0.324010  -0.209221 
      196.5000  -0.519671   0.317319  -0.202352 
      197.0000  -0.495829   0.298551  -0.197278 
      197.5000  -0.529543   0.325353  -0.204190 
      198.0000  -0.526016   0.319892  -0.206124 
      198.5000  -0.528082   0.319961  -0.208121 
      199.0000  -0.500607   0.293930  -0.206677 
      199.5000  -0.497533   0.288552  -0.208981 
      200.0000  -0.510273   0.298530  -0.211743 
      200.5000  -0.493423   0.287199  -0.206224 
      201.0000  -0.476028   0.274586  -0.201442 
      201.5000  -0.491053   0.287787  -0.203266 
      202.0000  -0.455632   0.262076  -0.193557 
      202.5000  -0.500560   0.312993  -0.187567 
      203.0000  -0.499593   0.315695  -0.183898 
      203.5000  -0.488761   0.306377  -0.182385 
      204.0000  -0.495046   0.317581  -0.177465 
      204.5000  -0.508499   0.326251  -0.182248 
      205.0000  -0.502731   0.316759  -0.185972 
      205.5000  -0.526639   0.334678  -0.191961 
      206.0000  -0.522411   0.339027  -0.183384 
      206.5000  -0.496352   0.315714  -0.180638 
      207.0000  -0.515756   0.338577  -0.177180 
      207.5000  -0.500784   0.321813  -0.178971 
      208.0000  -0.518497   0.338042  -0.180455 
      208.5000  -0.526658   0.334411  -0.192247 
      209.0000  -0.480164   0.292779  -0.187385 
      209.5000  -0.503404   0.313719  -0.189685 
      210.0000  -0.490694   0.288601  -0.202093 
      210.5000  -0.526332   0.324774  -0.201558 
      211.0000  -0.526126   0.317043  -0.209084 
      211.5000  -0.518074   0.312298  -0.205776 
      212.0000  -0.513295   0.305937  -0.207358 
      212.5000  -0.525279   0.309884  -0.215395 
      213.0000  -0.529574   0.306169  -0.223405 
      213.5000  -0.520814   0.303334  -0.217480 
      214.0000  -0.512555   0.304175  -0.208380 
      214.5000  -0.508175   0.303650  -0.204525 
      215.0000  -0.509009   0.315072  -0.193937 
      215.5000  -0.513501   0.320521  -0.192980 
      216.0000  -0.518767   0.340516  -0.178251 
      216.5000  -0.481674   0.308570  -0.173104 
      217.0000  -0.481106   0.299791  -0.181315 
      217.5000  -0.524664   0.339203  -0.185462 
      218.0000  -0.502496   0.312098  -0.190397 
      218.5000  -0.505515   0.311602  -0.193913 
      219.0000  -0.510511   0.326742  -0.183769 
      219.5000  -0.512155   0.335934  -0.176220 
      220.0000  -0.476726   0.297746  -0.178980 
      220.5000  -0.500886   0.318581  -0.182306 
      221.0000  -0.524639   0.341931  -0.182709 
      221.5000  -0.504212   0.323134  -0.181078 
      222.0000  -0.487870   0.302445  -0.185426 
      222.5000  -0.489404   0.302045  -0.187359 
      223.0000  -0.494104   0.307322  -0.186783 
      223.5000  -0.490484   0.305461  -0.185023 
      224.0000  -0.477680   0.296659  -0.181021 
      224.5000  -0.504649   0.324682  -0.179966 
      225.0000  -0.496401   0.316557  -0.179844 
      225.5000  -0.481860   0.303909  -0.177951 
      226.0000  -0.486475   0.309647  -0.176828 
      226.5000  -0.478061   0.296352  -0.181710 
      227.0000  -0.497876   0.323261  -0.174614 
      227.5000  -0.481690   0.305224  -0.176467 
      228.0000  -0.474184   0.302479  -0.171704 
      228.5000  -0.460552   0.280172  -0.180380 
      229.0000  -0.475595   0.297349  -0.178246 
      229.5000  -0.459149   0.278768  -0.180381 
      230.0000  -0.470863   0.295760  -0.175103 
      230.5000  -0.482914   0.309261  -0.173652 
      231.0000  -0.481862   0.307588  -0.174273 
      231.5000  -0.509041   0.331082  -0.177959 
      232.0000  -0.461438   0.273155  -0.188284 
      232.5000  -0.475384   0.285933  -0.189451 
      233.0000  -0.502172   0.324468  -0.177704 
      233.5000  -0.486775   0.305735  -0.181040 
      234.0000  -0.475241   0.293339  -0.181902 
      234.5000  -0.499350   0.323183  -0.176166 
      235.0000  -0.486536   0.309531  -0.177005 
      235.5000  -0.485242   0.316198  -0.169044 
      236.0000  -0.480111   0.315626  -0.164484 
      236.5000  -0.507395   0.341653  -0.165742 
      237.0000  -0.470406   0.307449  -0.162958 
      237.5000  -0.492548   0.318358  -0.174189 
      238.0000  -0.496273   0.311060  -0.185213 
      238.5000  -0.501544   0.313434  -0.188110 
      239.0000  -0.507925   0.321510  -0.186415 
      239.5000  -0.496049   0.312312  -0.183737 
      240.0000  -0.527124   0.342852  -0.184272 
      240.5000  -0.515255   0.318568  -0.196687 
      241.0000  -0.507985   0.313242  -0.194742 
      241.5000  -0.488086   0.301201  -0.186885 
      242.0000  -0.511677   0.323152  -0.188524 
      242.5000  -0.525310   0.332684  -0.192626 
      243.0000  -0.495836   0.302989  -0.192847 
      243.5000  -0.513421   0.318659  -0.194762 
      244.0000  -0.494896   0.287910  -0.206986 
      244.5000  -0.495695   0.290613  -0.205083 
      245.0000  -0.515939   0.309166  -0.206773 
      245.5000  -0.524221   0.314628  -0.209594 
      246.0000  -0.527698   0.320116  -0.207582 
      246.5000  -0.519402   0.298043  -0.221359 
      247.0000  -0.532597   0.315505  -0.217092 
      247.5000  -0.533601   0.308604  -0.224996 
      248.0000  -0.502691   0.283478  -0.219213 
      248.5000  -0.536528   0.314603  -0.221926 
      249.0000  -0.515777   0.297284  -0.218493 
      249.5000  -0.526284   0.295726  -0.230558 
      250.0000  -0.536946   0.308112  -0.228834 
      250.5000  -0.518976   0.286798  -0.232178 
      251.0000  -0.540624   0.313461  -0.227162 
      251.5000  -0.541775   0.315685  -0.226090 
      252.0000  -0.533378   0.310425  -0.222953 
      252.5000  -0.556169   0.329183  -0.226986 
      253.0000  -0.523224   0.295338  -0.227886 
      253.5000  -0.537826   0.305830  -0.231995 
      254.0000  -0.539392   0.314610  -0.224782 
      254.5000  -0.529840   0.305684  -0.224156 
      255.0000  -0.539066   0.307127  -0.231939 
      255.5000  -0.542155   0.297562  -0.244593 
      256.0000  -0.562532   0.327927  -0.234606 
      256.5000  -0.562197   0.330492  -0.231705 
      257.0000  -0.549796   0.309926  -0.239869 
      257.5000  -0.545386   0.309695  -0.235691 
      258.0000  -0.553298   0.314375  -0.238924 
      258.5000  -0.529316   0.289812  -0.239503 
      259.0000  -0.533188   0.295622  -0.237567 
      259.5000  -0.550051   0.321243  -0.228808 
      260.0000  -0.530169   0.300483  -0.229686 
      260.5000  -0.533101   0.297349  -0.235752 
      261.0000  -0.542329   0.309529  -0.232800 
      261.5000  -0.541473   0.321848  -0.219625 
      262.0000  -0.549852   0.331024  -0.218827 
      262.5000  -0.536219   0.314154  -0.222065 
      263.0000  -0.527297   0.296673  -0.230623 
      263.5000  -0.528443   0.295771  -0.232672 
      264.0000  -0.549353   0.318502  -0.230851 
      264.5000  -0.523897   0.291551  -0.232347 
      265.0000  -0.540862   0.314989  -0.225874 
      265.5000  -0.522130   0.300115  -0.222015 
      266.0000  -0.540622   0.320313  -0.220310 
      266.5000  -0.516903   0.284636  -0.232266 
      267.0000  -0.522229   0.288364  -0.233865 
      267.5000  -0.498554   0.257825  -0.240729 
      268.0000  -0.521057   0.280769  -0.240288 
      268.5000  -0.531381   0.302756  -0.228625 
      269.0000  -0.494613   0.261934  -0.232679 
      269.5000  -0.479803   0.250092  -0.229711 
      270.0000  -0.520998   0.294932  -0.226066 
      270.5000  -0.512020   0.293389  -0.218631 
      271.0000  -0.535926   0.317758  -0.218168 
      271.5000  -0.508536   0.293943  -0.214593 
      272.0000  -0.524026   0.316386  -0.207640 
      272.5000  -0.535634   0.326456  -0.209178 
      273.0000  -0.538407   0.326377  -0.212030 
      273.5000  -0.536398   0.322674  -0.213724 
      274.0000  -0.526705   0.313723  -0.212982 
      274.5000  -0.563008   0.350770  -0.212238 
      275.0000  -0.546406   0.328338  -0.218068 
      275.5000  -0.558568   0.339851  -0.218716 
      276.0000  -0.528623   0.306051  -0.222572 
      276.5000  -0.558606   0.335192  -0.223413 
      277.0000  -0.562501   0.328770  -0.233731 
      277.5000  -0.528989   0.291832  -0.237157 
      278.0000  -0.541773   0.305121  -0.236652 
      278.5000  -0.528862   0.294255  -0.234608 
      279.0000  -0.535475   0.304592  -0.230883 
      279.5000  -0.550176   0.312759  -0.237417 
      280.0000  -0.569741   0.338143  -0.231598 
      280.5000  -0.562938   0.337799  -0.225139 
      281.0000  -0.554350   0.332083  -0.222267 
      281.5000  -0.542383   0.325321  -0.217063 
      282.0000  -0.539596   0.322576  -0.217020 
      282.5000  -0.577598   0.365801  -0.211797 
      283.0000  -0.548496   0.346428  -0.202068 
      283.5000  -0.543582   0.343653  -0.199929 
      284.0000  -0.514926   0.315725  -0.199201 
      284.5000  -0.547153   0.338050  -0.209104 
      285.0000  -0.560052   0.347499  -0.212553 
      285.5000  -0.580977   0.362953  -0.218025 
      286.0000  -0.584396   0.373182  -0.211215 
      286.5000  -0.566496   0.342483  -0.224014 
      287.0000  -0.538289   0.318558  -0.219731 
      287.5000  -0.566104   0.349103  -0.217001 
      288.0000  -0.550416   0.340540  -0.209876 
      288.5000  -0.583671   0.367122  -0.216549 
      289.0000  -0.565804   0.347524  -0.218280 
      289.5000  -0.558197   0.335808  -0.222390 
      290.0000  -0.580027   0.354501  -0.225527 
      290.5000  -0.551427   0.321572  -0.229855 
      291.0000  -0.547711   0.314492  -0.233218 
      291.5000  -0.580804   0.344477  -0.236328 
      292.0000  -0.552613   0.307021  -0.245591 
      292.5000  -0.535079   0.279451  -0.255628 
      293.0000  -0.552921   0.290449  -0.262472 
      293.5000  -0.561866   0.307796  -0.254070 
      294.0000  -0.551344   0.314974  -0.236371 
      294.5000  -0.545889   0.317346  -0.228543 
      295.0000  -0.582081   0.354484  -0.227597 
      295.5000  -0.530254   0.313336  -0.216918 
      296.0000  -0.538292   0.326187  -0.212105 
      296.5000  -0.526843   0.306195  -0.220648 
      297.0000  -0.544588   0.320865  -0.223723 
      297.5000  -0.522432   0.299388  -0.223044 
      298.0000  -0.522957   0.297195  -0.225763 
      298.5000  -0.555295   0.338125  -0.217170 
      299.0000  -0.543080   0.328709  -0.214370 
      299.5000  -0.552460   0.338328  -0.214132 
      300.0000  -0.543603   0.331020  -0.212583 
      300.5000  -0.578495   0.366103  -0.212392 
      301.0000  -0.553447   0.342986  -0.210461 
      301.5000  -0.541079   0.306919  -0.234160 
      302.0000  -0.546773   0.316032  -0.230741 
      302.5000  -0.517362   0.282150  -0.235212 
      303.0000  -0.556760   0.314394  -0.242366 
      303.5000  -0.542875   0.296785  -0.246090 
      304.0000  -0.566933   0.325363  -0.241570 
      304.5000  -0.552126   0.304378  -0.247748 
      305.0000  -0.530643   0.286540  -0.244103 
      305.5000  -0.572522   0.329101  -0.243420 
      306.0000  -0.561000   0.308848  -0.252153 
      306.5000  -0.550635   0.306508  -0.244128 
      307.0000  -0.585271   0.351959  -0.233312 
      307.5000  -0.543937   0.312616  -0.231321 
      308.0000  -0.523279   0.286096  -0.237182 
      308.5000  -0.572857   0.330236  -0.242621 
      309.0000  -0.556093   0.313971  -0.242121 
      309.5000  -0.568370   0.334016  -0.234354 
      310.0000  -0.568037   0.338269  -0.229767 
      310.5000  -0.544375   0.311845  -0.232530 
      311.0000  -0.538008   0.316466  -0.221542 
      311.5000  -0.540733   0.319078  -0.221654 
      312.0000  -0.529931   0.311347  -0.218585 
      312.5000  -0.550670   0.328210  -0.222460 
      313.0000  -0.528829   0.305891  -0.222938 
      313.5000  -0.553444   0.327610  -0.225834 
      314.0000  -0.590144   0.365878  -0.224265 
      314.5000  -0.530114   0.297765  -0.232349 
      315.0000  -0.533720   0.302432  -0.231287 
      315.5000  -0.570728   0.339084  -0.231644 
      316.0000  -0.575316   0.341813  -0.233503 
      316.5000  -0.592760   0.349756  -0.243004 
      317.0000  -0.586506   0.343554  -0.242952 
      317.5000  -0.594618   0.340924  -0.253693 
      318.0000  -0.561162   0.296643  -0.264519 
      318.5000  -0.593121   0.320977  -0.272144 
      319.0000  -0.594222   0.323072  -0.271150 
      319.5000  -0.606575   0.335528  -0.271048 
      320.0000  -0.551040   0.280457  -0.270583 
      320.5000  -0.590104   0.315490  -0.274614 
      321.0000  -0.573189   0.290087  -0.283101 
      321.5000  -0.597487   0.308142  -0.289345 
      322.0000  -0.589531   0.308302  -0.281229 
      322.5000  -0.549971   0.258354  -0.291617 
      323.0000  -0.563462   0.276632  -0.286830 
      323.5000  -0.592999   0.312864  -0.280136 
      324.0000  -0.574814   0.296466  -0.278348 
      324.5000  -0.562321   0.288127  -0.274194 
      325.0000  -0.572384   0.294347  -0.278036 
      325.5000  -0.583136   0.317372  -0.265764 
      326.0000  -0.587356   0.314400  -0.272956 
      326.5000  -0.589619   0.316355  -0.273264 
      327.0000  -0.603915   0.329579  -0.274335 
      327.5000  -0.583772   0.311649  -0.272123 
      328.0000  -0.558768   0.285298  -0.273470 
      328.5000  -0.573587   0.300523  -0.273064 
      329.0000  -0.587765   0.330320  -0.257445 
      329.5000  -0.577581   0.329007  -0.248574 
      330.0000  -0.583897   0.337925  -0.245972 
      330.5000  -0.572841   0.329258  -0.243583 
      331.0000  -0.588863   0.334442  -0.254421 
      331.5000  -0.575700   0.320009  -0.255691 
      332.0000  -0.586387   0.330995  -0.255392 
      332.5000  -0.605573   0.357349  -0.248224 
      333.0000  -0.550592   0.305702  -0.244889 
      333.5000  -0.597524   0.355528  -0.241996 
      334.0000  -0.590714   0.343110  -0.247604 
      334.5000  -0.533023   0.294622  -0.238401 
      335.0000  -0.587086   0.347977  -0.239109 
      335.5000  -0.575468   0.330848  -0.244620 
      336.0000  -0.572896   0.325806  -0.247091 
      336.5000  -0.572146   0.326001  -0.246144 
      337.0000  -0.566961   0.317421  -0.249540 
      337.5000  -0.585857   0.333822  -0.252035 
      338.0000  -0.580147   0.328716  -0.251431 
      338.5000  -0.558432   0.310047  -0.248385 
      339.0000  -0.582123   0.319358  -0.262765 
      339.5000  -0.538826   0.277716  -0.261110 
      340.0000  -0.598296   0.343195  -0.255101 
      340.5000  -0.551766   0.289465  -0.262301 
      341.0000  -0.558099   0.297560  -0.260539 
      341.5000  -0.552757   0.297643  -0.255114 
      342.0000  -0.586589   0.333836  -0.252753 
      342.5000  -0.552403   0.302624  -0.249779 
      343.0000  -0.557178   0.307492  -0.249686 
      343.5000  -0.579424   0.323380  -0.256044 
      344.0000  -0.557729   0.298866  -0.258863 
      344.5000  -0.577453   0.313027  -0.264426 
      345.0000  -0.566426   0.307137  -0.259289 
      345.5000  -0.571702   0.312288  -0.259415 
      346.0000  -0.583043   0.322522  -0.260521 
      346.5000  -0.578747   0.320146  -0.258601 
      347.0000  -0.573851   0.317943  -0.255908 
      347.5000  -0.552706   0.305826  -0.246879 
      348.0000  -0.573166   0.318893  -0.254274 
      348.5000  -0.567083   0.324814  -0.242269 
      349.0000  -0.568781   0.324000  -0.244781 
      349.5000  -0.519239   0.269709  -0.249530 
      350.0000  -0.550160   0.293444  -0.256717 
      350.5000  -0.549052   0.296991  -0.252061 
      351.0000  -0.548624   0.307900  -0.240725 
      351.5000  -0.551752   0.317531  -0.234221 
      352.0000  -0.536704   0.302214  -0.234491 
      352.5000  -0.515718   0.283999  -0.231719 
      353.0000  -0.553936   0.318985  -0.234951 
      353.5000  -0.557965   0.323922  -0.234043 
      354.0000  -0.544371   0.309894  -0.234477 
      354.5000  -0.557429   0.323471  -0.233958 
      355.0000  -0.563222   0.329507  -0.233715 
      355.5000  -0.549466   0.318579  -0.230886 
      356.0000  -0.531041   0.300603  -0.230438 
      356.5000  -0.543891   0.306937  -0.236954 
      357.0000  -0.535634   0.304306  -0.231329 
      357.5000  -0.545683   0.314893  -0.230790 
      358.0000  -0.577733   0.359014  -0.218719 
      358.5000  -0.518759   0.297268  -0.221492 
      359.0000  -0.539366   0.316090  -0.223276 
      359.5000  -0.537399   0.308977  -0.228422 
      360.0000  -0.545101   0.317452  -0.227649 
      360.5000  -0.554461   0.325781  -0.228680 
      361.0000  -0.562896   0.324509  -0.238387 
      361.5000  -0.540229   0.295439  -0.244791 
      362.0000  -0.546349   0.290554  -0.255795 
      362.5000  -0.586567   0.330522  -0.256045 
      363.0000  -0.520357   0.270316  -0.250042 
      363.5000  -0.545204   0.293054  -0.252149 
      364.0000  -0.562773   0.317600  -0.245173 
      364.5000  -0.545170   0.298606  -0.246565 
      365.0000  -0.559158   0.312980  -0.246178 
      365.5000  -0.588622   0.347525  -0.241097 
      366.0000  -0.580044   0.348733  -0.231310 
      366.5000  -0.548655   0.312931  -0.235724 
      367.0000  -0.574929   0.332936  -0.241993 
      367.5000  -0.582178   0.343809  -0.238369 
      368.0000  -0.572531   0.320092  -0.252440 
      368.5000  -0.582035   0.319942  -0.262093 
      369.0000  -0.541636   0.274065  -0.267571 
      369.5000  -0.581717   0.313768  -0.267949 
      370.0000  -0.561960   0.296535  -0.265426 
      370.5000  -0.558712   0.288386  -0.270326 
      371.0000  -0.562216   0.302504  -0.259712 
      371.5000  -0.534942   0.284923  -0.250019 
      372.0000  -0.529122   0.286023  -0.243099 
      372.5000  -0.533509   0.285457  -0.248052 
      373.0000  -0.555024   0.310325  -0.244699 
      373.5000  -0.559773   0.312744  -0.247028 
      374.0000  -0.547002   0.296691  -0.250311 
      374.5000  -0.528909   0.272542  -0.256367 
      375.0000  -0.573090   0.329408  -0.243682 
      375.5000  -0.583589   0.346243  -0.237346 
      376.0000  -0.521596   0.283029  -0.238567 
      376.5000  -0.532878   0.293288  -0.239590 
      377.0000  -0.580901   0.344718  -0.236183 
      377.5000  -0.537332   0.307301  -0.230031 
      378.0000  -0.556075   0.328136  -0.227938 
      378.5000  -0.523876   0.293130  -0.230746 
      379.0000  -0.536976   0.318984  -0.217992 
      379.5000  -0.494987   0.278953  -0.216034 
      380.0000  -0.511935   0.301749  -0.210185 
      380.5000  -0.507512   0.307130  -0.200383 
      381.0000  -0.503620   0.301237  -0.202382 
      381.5000  -0.502748   0.297386  -0.205361 
      382.0000  -0.520288   0.317797  -0.202492 
      382.5000  -0.513523   0.305191  -0.208333 
      383.0000  -0.515455   0.304245  -0.211210 
      383.5000  -0.548066   0.333701  -0.214364 
      384.0000  -0.552491   0.330350  -0.222141 
      384.5000  -0.533866   0.305120  -0.228746 
      385.0000  -0.530764   0.291462  -0.239302 
      385.5000  -0.520633   0.283040  -0.237594 
      386.0000  -0.555002   0.317510  -0.237493 
      386.5000  -0.529049   0.295948  -0.233102 
      387.0000  -0.540798   0.315872  -0.224926 
      387.5000  -0.552668   0.332972  -0.219696 
      388.0000  -0.536071   0.316155  -0.219916 
      388.5000  -0.546324   0.319429  -0.226895 
      389.0000  -0.557678   0.325971  -0.231707 
      389.5000  -0.547009   0.311292  -0.235717 
      390.0000  -0.549336   0.312119  -0.237216 
      390.5000  -0.566301   0.333421  -0.232880 
      391.0000  -0.552530   0.330186  -0.222344 
      391.5000  -0.537956   0.314287  -0.223668 
      392.0000  -0.541219   0.314559  -0.226660 
      392.5000  -0.559636   0.327408  -0.232228 
      393.0000  -0.507039   0.276310  -0.230729 
      393.5000  -0.546552   0.313276  -0.233276 
      394.0000  -0.556470   0.318145  -0.238325 
      394.5000  -0.527673   0.286540  -0.241134 
      395.0000  -0.549600   0.301912  -0.247688 
      395.5000  -0.538393   0.286793  -0.251600 
      396.0000  -0.539623   0.291452  -0.248171 
      396.5000  -0.549450   0.299876  -0.249574 
      397.0000  -0.545237   0.301728  -0.243509 
      397.5000  -0.532801   0.282456  -0.250345 
      398.0000  -0.554727   0.294836  -0.259891 
      398.5000  -0.559033   0.302763  -0.256270 
      399.0000  -0.563226   0.312663  -0.250563 
      399.5000  -0.560081   0.313544  -0.246537 
      400.0000  -0.522127   0.278916  -0.243210 
      400.5000  -0.551853   0.313639  -0.238214 
      401.0000  -0.556522   0.322293  -0.234228 
      401.5000  -0.532914   0.304287  -0.228627 
      402.0000  -0.537507   0.304290  -0.233216 
      402.5000  -0.518891   0.282160  -0.236732 
      403.0000  -0.532167   0.295055  -0.237112 
      403.5000  -0.531354   0.296916  -0.234438 
      404.0000  -0.540862   0.297140  -0.243722 
      404.5000  -0.544389   0.302134  -0.242256 
      405.0000  -0.555624   0.312924  -0.242700 
      405.5000  -0.581738   0.335927  -0.245812 
      406.0000  -0.552466   0.306864  -0.245602 
      406.5000  -0.558477   0.328511  -0.229966 
      407.0000  -0.567586   0.345150  -0.222436 
      407.5000  -0.537678   0.315161  -0.222517 
      408.0000  -0.572411   0.354218  -0.218193 
      408.5000  -0.554042   0.332825  -0.221217 
      409.0000  -0.555720   0.334347  -0.221373 
      409.5000  -0.564607   0.336380  -0.228227 
      410.0000  -0.565582   0.331312  -0.234270 
      410.5000  -0.564715   0.321877  -0.242838 
      411.0000  -0.540135   0.295502  -0.244633 
      411.5000  -0.560783   0.305998  -0.254786 
      412.0000  -0.525466   0.274607  -0.250859 
      412.5000  -0.566745   0.322855  -0.243890 
      413.0000  -0.539723   0.296877  -0.242846 
      413.5000  -0.526816   0.280863  -0.245953 
      414.0000  -0.577655   0.327951  -0.249704 
      414.5000  -0.548771   0.306073  -0.242698 
      415.0000  -0.560982   0.318547  -0.242435 
      415.5000  -0.557770   0.326711  -0.231059 
      416.0000  -0.545498   0.321491  -0.224007 
      416.5000  -0.582431   0.360695  -0.221735 
      417.0000  -0.574681   0.350540  -0.224141 
      417.5000  -0.559646   0.342277  -0.217369 
      418.0000  -0.553038   0.337877  -0.215161 
      418.5000  -0.567666   0.344436  -0.223230 
      419.0000  -0.577133   0.363154  -0.213979 
      419.5000  -0.532096   0.315908  -0.216188 
      420.0000  -0.549654   0.332119  -0.217535 
      420.5000  -0.535209   0.309921  -0.225288 
      421.0000  -0.509442   0.291106  -0.218336 
      421.5000  -0.509158   0.294771  -0.214386 
      422.0000  -0.531471   0.324729  -0.206743 
      422.5000  -0.507690   0.302823  -0.204867 
      423.0000  -0.535903   0.323978  -0.211925 
      423.5000  -0.508542   0.302704  -0.205838 
      424.0000  -0.565563   0.362369  -0.203194 
      424.5000  -0.535730   0.336375  -0.199355 
      425.0000  -0.548159   0.354760  -0.193399 
      425.5000  -0.553519   0.359322  -0.194197 
      426.0000  -0.556138   0.348721  -0.207416 
      426.5000  -0.530463   0.320980  -0.209483 
      427.0000  -0.576140   0.364754  -0.211386 
      427.5000  -0.509639   0.297325  -0.212314 
      428.0000  -0.545079   0.338487  -0.206591 
      428.5000  -0.588863   0.371503  -0.217361 
      429.0000  -0.530723   0.317136  -0.213587 
      429.5000  -0.565846   0.352608  -0.213238 
      430.0000  -0.545150   0.335239  -0.209911 
      430.5000  -0.588439   0.372502  -0.215937 
      431.0000  -0.536297   0.322166  -0.214131 
      431.5000  -0.560145   0.347378  -0.212767 
      432.0000  -0.546418   0.327971  -0.218447 
      432.5000  -0.558045   0.326835  -0.231210 
      433.0000  -0.543869   0.323754  -0.220115 
      433.5000  -0.569048   0.352677  -0.216372 
      434.0000  -0.556262   0.334059  -0.222202 
      434.5000  -0.552833   0.334614  -0.218218 
      435.0000  -0.546625   0.331697  -0.214927 
      435.5000  -0.546631   0.324797  -0.221834 
      436.0000  -0.566395   0.343056  -0.223338 
      436.5000  -0.540280   0.312482  -0.227798 
      437.0000  -0.557218   0.331830  -0.225388 
      437.5000  -0.505375   0.275134  -0.230241 
      438.0000  -0.566953   0.335082  -0.231871 
      438.5000  -0.535716   0.305899  -0.229817 
      439.0000  -0.539018   0.307265  -0.231754 
      439.5000  -0.513495   0.287052  -0.226444 
      440.0000  -0.537148   0.311375  -0.225773 
      440.5000  -0.564021   0.339342  -0.224680 
      441.0000  -0.558457   0.322856  -0.235601 
      441.5000  -0.568052   0.327368  -0.240685 
      442.0000  -0.570982   0.340730  -0.230252 
      442.5000  -0.525025   0.298144  -0.226881 
      443.0000  -0.527432   0.300411  -0.227021 
      443.5000  -0.513164   0.277588  -0.235576 
      444.0000  -0.566759   0.327743  -0.239016 
      444.5000  -0.558166   0.314885  -0.243281 
      445.0000  -0.558962   0.306289  -0.252673 
      445.5000  -0.556878   0.299930  -0.256948 
      446.0000  -0.540267   0.279282  -0.260985 
      446.5000  -0.533833   0.274427  -0.259405 
      447.0000  -0.573134   0.319002  -0.254131 
      447.5000  -0.542385   0.298828  -0.243558 
      448.0000  -0.537135   0.287687  -0.249448 
      448.5000  -0.524201   0.280315  -0.243886 
      449.0000  -0.548824   0.295831  -0.252993 
      449.5000  -0.574713   0.330748  -0.243965 
      450.0000  -0.516536   0.271914  -0.244622 
      450.5000  -0.544499   0.298249  -0.246250 
      451.0000  -0.551300   0.307314  -0.243986 
      451.5000  -0.540188   0.298151  -0.242037 
      452.0000  -0.511205   0.268430  -0.242775 
      452.5000  -0.532546   0.294370  -0.238176 
      453.0000  -0.552805   0.312271  -0.240533 
      453.5000  -0.527371   0.291692  -0.235679 
      454.0000  -0.535033   0.290206  -0.244828 
      454.5000  -0.549087   0.293821  -0.255266 
      455.0000  -0.558476   0.307066  -0.251410 
      455.5000  -0.570628   0.320409  -0.250219 
      456.0000  -0.564946   0.317486  -0.247460 
      456.5000  -0.534634   0.291679  -0.242955 
      457.0000  -0.567747   0.313371  -0.254376 
      457.5000  -0.560544   0.297605  -0.262939 
      458.0000  -0.583337   0.325814  -0.257523 
      458.5000  -0.554469   0.297299  -0.257170 
      459.0000  -0.564794   0.307432  -0.257362 
      459.5000  -0.588513   0.330191  -0.258322 
      460.0000  -0.584124   0.316886  -0.267238 
      460.5000  -0.566628   0.291854  -0.274774 
      461.0000  -0.580994   0.317518  -0.263476 
      461.5000  -0.588612   0.327932  -0.260680 
      462.0000  -0.560266   0.303796  -0.256470 
      462.5000  -0.563277   0.317130  -0.246146 
      463.0000  -0.539134   0.294431  -0.244703 
      463.5000  -0.568460   0.325090  -0.243370 
      464.0000  -0.566206   0.325071  -0.241135 
      464.5000  -0.542121   0.310728  -0.231393 
      465.0000  -0.554207   0.325528  -0.228679 
      465.5000  -0.565523   0.336535  -0.228987 
      466.0000  -0.568573   0.327328  -0.241245 
      466.5000  -0.607057   0.354493  -0.252564 
      467.0000  -0.571502   0.313268  -0.258235 
      467.5000  -0.569195   0.310252  -0.258943 
      468.0000  -0.574100   0.310794  -0.263307 
      468.5000  -0.544559   0.281947  -0.262612 
      469.0000  -0.578376   0.310594  -0.267782 
      469.5000  -0.562800   0.310130  -0.252670 
      470.0000  -0.564369   0.305449  -0.258921 
      470.5000  -0.580073   0.316278  -0.263795 
      471.0000  -0.569290   0.311924  -0.257365 
      471.5000  -0.572087   0.319349  -0.252739 
      472.0000  -0.597310   0.347587  -0.249723 
      472.5000  -0.564888   0.317699  -0.247189 
      473.0000  -0.594559   0.351503  -0.243056 
      473.5000  -0.572018   0.331087  -0.240931 
      474.0000  -0.580470   0.340563  -0.239908 
      474.5000  -0.556347   0.310264  -0.246083 
      475.0000  -0.561008   0.313744  -0.247264 
      475.5000  -0.559162   0.304391  -0.254771 
      476.0000  -0.568643   0.305185  -0.263458 
      476.5000  -0.601455   0.342090  -0.259365 
      477.0000  -0.598387   0.352335  -0.246053 
      477.5000  -0.538262   0.280969  -0.257293 
      478.0000  -0.570095   0.293824  -0.276271 
      478.5000  -0.575458   0.305404  -0.270054 
      479.0000  -0.547591   0.271065  -0.276526 
      479.5000  -0.584922   0.309691  -0.275232 
      480.0000  -0.561752   0.287189  -0.274564 
      480.5000  -0.580735   0.294127  -0.286608 
      481.0000  -0.569803   0.281680  -0.288123 
      481.5000  -0.579085   0.292974  -0.286110 
      482.0000  -0.598536   0.307351  -0.291184 
      482.5000  -0.616208   0.329061  -0.287147 
      483.0000  -0.577395   0.289868  -0.287527 
      483.5000  -0.588268   0.293862  -0.294406 
      484.0000  -0.586912   0.293635  -0.293278 
      484.5000  -0.571098   0.288413  -0.282686 
      485.0000  -0.574854   0.291188  -0.283665 
      485.5000  -0.590204   0.309042  -0.281161 
      486.0000  -0.559412   0.279430  -0.279983 
      486.5000  -0.577273   0.292170  -0.285103 
      487.0000  -0.584156   0.297130  -0.287026 
      487.5000  -0.548501   0.251725  -0.296776 
      488.0000  -0.585115   0.286840  -0.298275 
      488.5000  -0.579666   0.283713  -0.295953 
      489.0000  -0.563811   0.275197  -0.288614 
      489.5000  -0.576126   0.285349  -0.290777 
      490.0000  -0.565379   0.272809  -0.292570 
      490.5000  -0.627722   0.336102  -0.291620 
      491.0000  -0.562391   0.278132  -0.284259 
      491.5000  -0.599961   0.312670  -0.287292 
      492.0000  -0.580748   0.296123  -0.284625 
      492.5000  -0.561885   0.279027  -0.282858 
      493.0000  -0.614197   0.330218  -0.283978 
      493.5000  -0.565211   0.289087  -0.276124 
      494.0000  -0.562467   0.287884  -0.274583 
      494.5000  -0.591862   0.319732  -0.272130 
      495.0000  -0.584362   0.300482  -0.283881 
      495.5000  -0.561972   0.282076  -0.279896 
      496.0000  -0.581546   0.303591  -0.277954 
      496.5000  -0.594277   0.310489  -0.283788 
      497.0000  -0.613896   0.331058  -0.282838 
      497.5000  -0.591699   0.312034  -0.279665 
      498.0000  -0.606922   0.325408  -0.281514 
      498.5000  -0.580791   0.298645  -0.282146 
      499.0000  -0.586929   0.306762  -0.280167 
      499.5000  -0.576330   0.296709  -0.279620 
      500.0000  -0.578071   0.292690  -0.285381 
