        0.0000  -1.014680   0.308693  -0.705988 
        0.5000  -0.880858   1.941643   1.060785 
        1.0000  -0.759923   4.527336   3.767412 
        1.5000  -0.743557   3.776759   3.033202 
        2.0000  -0.752299   2.014889   1.262589 
        2.5000  -0.745771   1.508667   0.762896 
        3.0000  -0.756577   2.983930   2.227353 
        3.5000  -0.755123   3.902440   3.147317 
        4.0000  -0.727437   3.115654   2.388218 
        4.5000  -0.728881   1.943575   1.214694 
        5.0000  -0.726741   2.255428   1.528687 
        5.5000  -0.715832   3.378963   2.663131 
        6.0000  -0.739572   3.498426   2.758854 
        6.5000  -0.762495   2.105051   1.342555 
        7.0000  -0.760463   1.210286   0.449823 
        7.5000  -0.750314   2.259568   1.509254 
        8.0000  -0.743701   3.397468   2.653766 
        8.5000  -0.801845   3.351560   2.549715 
        9.0000  -0.758741   1.724238   0.965498 
        9.5000  -0.763952   1.970824   1.206873 
       10.0000  -0.751440   3.497083   2.745643 
       10.5000  -0.768337   4.614949   3.846612 
       11.0000  -0.797183   3.693176   2.895993 
       11.5000  -0.798987   3.065654   2.266667 
       12.0000  -0.778361   3.707163   2.928802 
       12.5000  -0.750501   4.424099   3.673598 
       13.0000  -0.741185   5.083203   4.342018 
       13.5000  -0.746964   3.605757   2.858793 
       14.0000  -0.729374   3.321368   2.591994 
       14.5000  -0.752218   4.605978   3.853760 
       15.0000  -0.769185   5.229608   4.460424 
       15.5000  -0.756863   4.380791   3.623929 
       16.0000  -0.720119   3.090464   2.370344 
       16.5000  -0.766972   3.485628   2.718656 
       17.0000  -0.745569   4.692340   3.946771 
       17.5000  -0.711476   4.622386   3.910910 
       18.0000  -0.744876   4.188564   3.443688 
       18.5000  -0.727088   3.876533   3.149445 
       19.0000  -0.747210   4.176790   3.429580 
       19.5000  -0.744133   4.405309   3.661176 
       20.0000  -0.796611   4.202917   3.406306 
       20.5000  -0.800468   3.462179   2.661711 
       21.0000  -0.779774   3.215187   2.435412 
       21.5000  -0.798918   3.868187   3.069269 
       22.0000  -0.777206   5.183264   4.406059 
       22.5000  -0.798086   3.370626   2.572540 
       23.0000  -0.786271   1.209384   0.423113 
       23.5000  -0.791895   2.221540   1.429644 
       24.0000  -0.776399   4.449196   3.672797 
       24.5000  -0.778540   6.515408   5.736868 
       25.0000  -0.761811   3.271325   2.509514 
       25.5000  -0.776294   2.471153   1.694860 
       26.0000  -0.785195   5.282715   4.497519 
       26.5000  -0.751013   6.711165   5.960152 
       27.0000  -0.744577   4.772422   4.027845 
       27.5000  -0.683344   2.124356   1.441012 
       28.0000  -0.721135   3.110418   2.389283 
       28.5000  -0.602797   5.649829   5.047033 
       29.0000  -0.642969   5.832724   5.189755 
       29.5000  -0.475924   4.431310   3.955386 
       30.0000  -0.370061   3.664330   3.294269 
       30.5000  -0.372253   4.548100   4.175847 
       31.0000  -0.323937   5.237744   4.913807 
       31.5000  -0.289321   4.733833   4.444512 
       32.0000  -0.248960   3.530972   3.282012 
       32.5000  -0.216861   3.376088   3.159227 
       33.0000  -0.237897   4.322739   4.084842 
       33.5000  -0.212453   4.634098   4.421646 
       34.0000  -0.247867   3.906214   3.658347 
       34.5000  -0.203380   2.962535   2.759154 
       35.0000  -0.185443   3.264154   3.078711 
       35.5000  -0.178374   4.103236   3.924861 
       36.0000  -0.131296   4.063021   3.931725 
       36.5000  -0.120556   3.160434   3.039878 
       37.0000  -0.117386   2.607805   2.490418 
       37.5000  -0.114022   3.185989   3.071967 
       38.0000  -0.127365   3.802523   3.675158 
       38.5000  -0.127941   3.538542   3.410601 
       39.0000  -0.146149   2.673541   2.527392 
       39.5000  -0.105027   2.440415   2.335388 
       40.0000  -0.117223   3.150232   3.033009 
       40.5000  -0.092795   3.482530   3.389735 
       41.0000  -0.102611   3.044596   2.941984 
       41.5000  -0.057852   2.259331   2.201480 
       42.0000   0.020249   2.105204   2.125454 
       42.5000   0.075493   2.683569   2.759062 
       43.0000   0.166061   2.920328   3.086389 
       43.5000   0.273098   2.748855   3.021953 
       44.0000   0.270369   2.648579   2.918948 
       44.5000   0.370577   2.444005   2.814582 
       45.0000   0.441917   2.352648   2.794565 
       45.5000   0.412567   2.341408   2.753976 
       46.0000   0.400152   2.314066   2.714218 
       46.5000   0.472038   2.164516   2.636554 
       47.0000   0.455913   2.072135   2.528048 
       47.5000   0.405044   2.111896   2.516940 
       48.0000   0.450682   2.077827   2.528509 
       48.5000   0.465990   2.022082   2.488072 
       49.0000   0.451453   1.970226   2.421679 
       49.5000   0.475287   1.846458   2.321745 
       50.0000   0.458908   1.851730   2.310638 
       50.5000   0.493904   1.824737   2.318641 
       51.0000   0.520215   1.769240   2.289455 
       51.5000   0.558854   1.668103   2.226958 
       52.0000   0.534950   1.634277   2.169227 
       52.5000   0.518652   1.610241   2.128893 
       53.0000   0.534560   1.599853   2.134413 
       53.5000   0.558309   1.575475   2.133783 
       54.0000   0.549832   1.566688   2.116520 
       54.5000   0.548213   1.512214   2.060427 
       55.0000   0.571040   1.422363   1.993402 
       55.5000   0.568763   1.409843   1.978606 
       56.0000   0.543843   1.438542   1.982385 
       56.5000   0.571983   1.406645   1.978628 
       57.0000   0.535692   1.407982   1.943674 
       57.5000   0.538160   1.341648   1.879808 
       58.0000   0.515258   1.319860   1.835118 
       58.5000   0.530674   1.302194   1.832869 
       59.0000   0.588221   1.242957   1.831178 
       59.5000   0.558892   1.244967   1.803858 
       60.0000   0.536736   1.231887   1.768622 
       60.5000   0.525263   1.208104   1.733367 
       61.0000   0.513761   1.216015   1.729777 
       61.5000   0.468192   1.250375   1.718568 
       62.0000   0.491157   1.219515   1.710672 
       62.5000   0.540648   1.123932   1.664580 
       63.0000   0.550768   1.072242   1.623010 
       63.5000   0.539832   1.070503   1.610335 
       64.0000   0.542254   1.063034   1.605288 
       64.5000   0.556229   1.050009   1.606238 
       65.0000   0.569214   1.028283   1.597497 
       65.5000   0.523826   1.051422   1.575248 
       66.0000   0.471239   1.053958   1.525197 
       66.5000   0.509481   0.989230   1.498711 
       67.0000   0.508793   1.019699   1.528492 
       67.5000   0.498392   1.026820   1.525212 
       68.0000   0.494580   0.992730   1.487310 
       68.5000   0.505468   0.966234   1.471702 
       69.0000   0.524358   0.929734   1.454092 
       69.5000   0.496819   0.936394   1.433213 
       70.0000   0.516535   0.916916   1.433451 
       70.5000   0.521024   0.916815   1.437839 
       71.0000   0.547960   0.860042   1.408003 
       71.5000   0.516606   0.871466   1.388073 
       72.0000   0.541994   0.830864   1.372858 
       72.5000   0.541584   0.826311   1.367895 
       73.0000   0.510900   0.867711   1.378611 
       73.5000   0.545180   0.843354   1.388534 
       74.0000   0.541235   0.841591   1.382826 
       74.5000   0.495191   0.875383   1.370574 
       75.0000   0.499498   0.845240   1.344738 
       75.5000   0.557042   0.780509   1.337550 
       76.0000   0.489068   0.841802   1.330869 
       76.5000   0.491819   0.824946   1.316764 
       77.0000   0.490855   0.825474   1.316329 
       77.5000   0.529594   0.771905   1.301499 
       78.0000   0.486320   0.802197   1.288518 
       78.5000   0.494887   0.799154   1.294041 
       79.0000   0.533286   0.766808   1.300095 
       79.5000   0.501712   0.799416   1.301128 
       80.0000   0.504558   0.783084   1.287641 
       80.5000   0.525306   0.756440   1.281746 
       81.0000   0.515079   0.765004   1.280083 
       81.5000   0.485848   0.781555   1.267402 
       82.0000   0.495637   0.778883   1.274519 
       82.5000   0.472828   0.804375   1.277203 
       83.0000   0.490124   0.790360   1.280484 
       83.5000   0.462311   0.810575   1.272886 
       84.0000   0.463326   0.787114   1.250441 
       84.5000   0.492781   0.764975   1.257756 
       85.0000   0.472758   0.776836   1.249594 
       85.5000   0.455656   0.779653   1.235309 
       86.0000   0.440585   0.797534   1.238119 
       86.5000   0.452400   0.770390   1.222790 
       87.0000   0.452127   0.752274   1.204401 
       87.5000   0.417535   0.771985   1.189520 
       88.0000   0.433076   0.759534   1.192610 
       88.5000   0.410816   0.774263   1.185079 
       89.0000   0.423072   0.739032   1.162104 
       89.5000   0.386696   0.778239   1.164935 
       90.0000   0.354410   0.808265   1.162675 
       90.5000   0.395890   0.750325   1.146215 
       91.0000   0.352285   0.792391   1.144675 
       91.5000   0.343654   0.794702   1.138356 
       92.0000   0.329450   0.788839   1.118289 
       92.5000   0.322697   0.777700   1.100397 
       93.0000   0.323969   0.765711   1.089680 
       93.5000   0.351823   0.734443   1.086266 
       94.0000   0.329189   0.757395   1.086584 
       94.5000   0.379792   0.715137   1.094928 
       95.0000   0.365686   0.712170   1.077855 
       95.5000   0.361814   0.679989   1.041804 
       96.0000   0.350120   0.679191   1.029310 
       96.5000   0.371922   0.676784   1.048706 
       97.0000   0.366148   0.703705   1.069853 
       97.5000   0.359367   0.688973   1.048340 
       98.0000   0.326323   0.677844   1.004167 
       98.5000   0.319825   0.658602   0.978427 
       99.0000   0.327045   0.662308   0.989353 
       99.5000   0.329407   0.669454   0.998860 
      100.0000   0.364874   0.621510   0.986384 
      100.5000   0.309284   0.614127   0.923411 
      101.0000   0.315948   0.536562   0.852511 
      101.5000   0.317158   0.551878   0.869036 
      102.0000   0.331761   0.596013   0.927775 
      102.5000   0.270525   0.663572   0.934096 
      103.0000   0.315780   0.608384   0.924164 
      103.5000   0.300003   0.555423   0.855427 
      104.0000   0.337449   0.500557   0.838006 
      104.5000   0.329090   0.554551   0.883642 
      105.0000   0.337648   0.582880   0.920528 
      105.5000   0.339235   0.549932   0.889167 
      106.0000   0.309667   0.527755   0.837422 
      106.5000   0.295078   0.552410   0.847488 
      107.0000   0.299138   0.602721   0.901859 
      107.5000   0.358406   0.561626   0.920032 
      108.0000   0.326125   0.557602   0.883727 
      108.5000   0.301312   0.508838   0.810150 
      109.0000   0.326211   0.478661   0.804871 
      109.5000   0.319374   0.556757   0.876132 
      110.0000   0.283548   0.612390   0.895939 
      110.5000   0.293531   0.600452   0.893983 
      111.0000   0.304630   0.533619   0.838249 
      111.5000   0.285894   0.512894   0.798788 
      112.0000   0.309619   0.519825   0.829444 
      112.5000   0.289479   0.581491   0.870970 
      113.0000   0.295422   0.556947   0.852369 
      113.5000   0.289479   0.520020   0.809499 
      114.0000   0.306667   0.483711   0.790377 
      114.5000   0.268184   0.550720   0.818904 
      115.0000   0.249971   0.582713   0.832684 
      115.5000   0.297333   0.514261   0.811594 
      116.0000   0.268253   0.524774   0.793027 
      116.5000   0.260064   0.478736   0.738800 
      117.0000   0.292793   0.443360   0.736153 
      117.5000   0.280535   0.474405   0.754940 
      118.0000   0.288652   0.481365   0.770017 
      118.5000   0.278468   0.485440   0.763908 
      119.0000   0.251680   0.483983   0.735663 
      119.5000   0.278494   0.424249   0.702743 
      120.0000   0.249504   0.458135   0.707640 
      120.5000   0.234939   0.497451   0.732390 
      121.0000   0.253284   0.479019   0.732302 
      121.5000   0.242586   0.490637   0.733222 
      122.0000   0.224606   0.478014   0.702620 
      122.5000   0.234440   0.448375   0.682814 
      123.0000   0.235815   0.470789   0.706604 
      123.5000   0.241263   0.478128   0.719392 
      124.0000   0.227125   0.480310   0.707435 
      124.5000   0.239080   0.470111   0.709191 
      125.0000   0.234191   0.456983   0.691174 
      125.5000   0.221603   0.449119   0.670722 
      126.0000   0.221250   0.456917   0.678167 
      126.5000   0.196833   0.492121   0.688954 
      127.0000   0.236640   0.439339   0.675979 
      127.5000   0.231926   0.431355   0.663281 
      128.0000   0.238597   0.427071   0.665668 
      128.5000   0.226944   0.438216   0.665159 
      129.0000   0.225270   0.447620   0.672890 
      129.5000   0.224292   0.432487   0.656779 
      130.0000   0.229984   0.417882   0.647866 
      130.5000   0.202194   0.438738   0.640932 
      131.0000   0.209245   0.435817   0.645061 
      131.5000   0.169558   0.470047   0.639605 
      132.0000   0.182054   0.458491   0.640545 
      132.5000   0.212365   0.426208   0.638574 
      133.0000   0.209773   0.417103   0.626876 
      133.5000   0.207831   0.419141   0.626972 
      134.0000   0.169066   0.450360   0.619426 
      134.5000   0.182544   0.437321   0.619864 
      135.0000   0.208052   0.403275   0.611327 
      135.5000   0.154967   0.448273   0.603240 
      136.0000   0.198363   0.406083   0.604446 
      136.5000   0.199363   0.401071   0.600434 
      137.0000   0.200091   0.393279   0.593370 
      137.5000   0.175527   0.415456   0.590983 
      138.0000   0.168964   0.420865   0.589829 
      138.5000   0.163522   0.419424   0.582947 
      139.0000   0.166323   0.415692   0.582015 
      139.5000   0.170078   0.407103   0.577182 
      140.0000   0.164694   0.412371   0.577065 
      140.5000   0.160846   0.417199   0.578046 
      141.0000   0.186590   0.383795   0.570385 
      141.5000   0.165313   0.390439   0.555752 
      142.0000   0.172946   0.390306   0.563252 
      142.5000   0.138325   0.434550   0.572876 
      143.0000   0.167459   0.409026   0.576485 
      143.5000   0.113383   0.456341   0.569724 
      144.0000   0.115159   0.445730   0.560890 
      144.5000   0.097936   0.465132   0.563069 
      145.0000   0.108644   0.461023   0.569667 
      145.5000   0.115149   0.446594   0.561743 
      146.0000   0.136368   0.422508   0.558876 
      146.5000   0.084132   0.484508   0.568639 
      147.0000   0.136811   0.431093   0.567905 
      147.5000   0.116133   0.457147   0.573280 
      148.0000   0.095650   0.480703   0.576352 
      148.5000   0.154081   0.422434   0.576515 
      149.0000   0.108887   0.467580   0.576467 
      149.5000   0.123285   0.439867   0.563152 
      150.0000   0.122962   0.431445   0.554407 
      150.5000   0.103359   0.451189   0.554548 
      151.0000   0.140478   0.419994   0.560472 
      151.5000   0.129668   0.435824   0.565492 
      152.0000   0.092155   0.473478   0.565633 
      152.5000   0.095731   0.481104   0.576835 
      153.0000   0.101505   0.471488   0.572994 
      153.5000   0.095361   0.464075   0.559437 
      154.0000   0.046090   0.493578   0.539669 
      154.5000   0.029654   0.494100   0.523754 
      155.0000   0.052191   0.484187   0.536379 
      155.5000   0.026038   0.502298   0.528336 
      156.0000   0.054662   0.459653   0.514314 
      156.5000   0.025165   0.481655   0.506820 
      157.0000   0.049326   0.453156   0.502482 
      157.5000   0.038698   0.458677   0.497375 
      158.0000   0.002530   0.492968   0.495498 
      158.5000   0.047072   0.457419   0.504491 
      159.0000   0.014135   0.472802   0.486937 
      159.5000   0.035072   0.437761   0.472833 
      160.0000   0.033335   0.446279   0.479614 
      160.5000   0.004286   0.468092   0.472378 
      161.0000   0.020823   0.435878   0.456701 
      161.5000   0.029844   0.419744   0.449588 
      162.0000   0.038739   0.409745   0.448484 
      162.5000  -0.016018   0.452419   0.436401 
      163.0000   0.048843   0.380081   0.428924 
      163.5000   0.001928   0.428273   0.430202 
      164.0000   0.040017   0.399283   0.439299 
      164.5000   0.009915   0.427532   0.437448 
      165.0000   0.015451   0.419841   0.435291 
      165.5000  -0.005472   0.431456   0.425983 
      166.0000  -0.001384   0.424764   0.423381 
      166.5000   0.004482   0.420356   0.424838 
      167.0000   0.026407   0.391493   0.417900 
      167.5000   0.017640   0.393826   0.411466 
      168.0000  -0.005426   0.410554   0.405128 
      168.5000   0.012028   0.397799   0.409826 
      169.0000  -0.011547   0.427024   0.415476 
      169.5000  -0.004021   0.407789   0.403768 
      170.0000   0.007082   0.395756   0.402837 
      170.5000   0.006845   0.398159   0.405004 
      171.0000   0.021503   0.385490   0.406993 
      171.5000  -0.011073   0.418486   0.407413 
      172.0000   0.008440   0.402381   0.410820 
      172.5000  -0.047175   0.451264   0.404089 
      173.0000  -0.022170   0.408948   0.386777 
      173.5000  -0.021548   0.399377   0.377829 
      174.0000  -0.027580   0.402592   0.375011 
      174.5000  -0.020281   0.400703   0.380422 
      175.0000  -0.018034   0.382498   0.364464 
      175.5000  -0.005604   0.361275   0.355671 
      176.0000   0.002588   0.353678   0.356266 
      176.5000  -0.013890   0.368149   0.354259 
      177.0000  -0.010192   0.355349   0.345157 
      177.5000  -0.003124   0.337073   0.333949 
      178.0000  -0.006570   0.344435   0.337865 
      178.5000  -0.034138   0.368880   0.334742 
      179.0000  -0.014919   0.354061   0.339143 
      179.5000  -0.009535   0.346397   0.336861 
      180.0000  -0.026747   0.361103   0.334356 
      180.5000  -0.023424   0.348001   0.324577 
      181.0000  -0.038858   0.359702   0.320843 
      181.5000  -0.010875   0.344006   0.333131 
      182.0000  -0.042338   0.374107   0.331769 
      182.5000  -0.016187   0.343753   0.327566 
      183.0000   0.003431   0.328511   0.331942 
      183.5000  -0.022460   0.355126   0.332666 
      184.0000  -0.018916   0.345952   0.327036 
      184.5000  -0.033191   0.371898   0.338706 
      185.0000  -0.008008   0.354831   0.346823 
      185.5000  -0.013019   0.355584   0.342564 
      186.0000  -0.008709   0.348406   0.339697 
      186.5000  -0.048727   0.387878   0.339151 
      187.0000  -0.043416   0.367837   0.324420 
      187.5000  -0.059913   0.388202   0.328289 
      188.0000  -0.052602   0.386325   0.333723 
      188.5000  -0.027175   0.371501   0.344325 
      189.0000  -0.001674   0.348568   0.346894 
      189.5000  -0.009868   0.352621   0.342753 
      190.0000  -0.004116   0.353541   0.349424 
      190.5000  -0.057973   0.402069   0.344097 
      191.0000  -0.046616   0.396343   0.349727 
      191.5000  -0.026327   0.377299   0.350972 
      192.0000  -0.040586   0.395280   0.354694 
      192.5000   0.004881   0.350547   0.355428 
      193.0000  -0.027903   0.369862   0.341959 
      193.5000  -0.023690   0.351887   0.328198 
      194.0000  -0.028436   0.342845   0.314408 
      194.5000  -0.017764   0.331419   0.313654 
      195.0000  -0.018633   0.340401   0.321769 
      195.5000  -0.024199   0.345476   0.321277 
      196.0000   0.002609   0.332504   0.335113 
      196.5000  -0.058356   0.381305   0.322949 
      197.0000  -0.017885   0.342986   0.325101 
      197.5000  -0.022813   0.338483   0.315670 
      198.0000  -0.040931   0.365842   0.324911 
      198.5000  -0.053071   0.374161   0.321091 
      199.0000  -0.051233   0.381429   0.330196 
      199.5000  -0.047622   0.382489   0.334867 
      200.0000  -0.078218   0.415586   0.337368 
      200.5000  -0.063051   0.399848   0.336797 
      201.0000  -0.059675   0.394461   0.334786 
      201.5000  -0.046651   0.378925   0.332274 
      202.0000  -0.054039   0.386697   0.332658 
      202.5000  -0.043503   0.368525   0.325022 
      203.0000  -0.069423   0.388482   0.319059 
      203.5000  -0.025907   0.339437   0.313530 
      204.0000  -0.066899   0.381946   0.315048 
      204.5000  -0.101823   0.408863   0.307041 
      205.0000  -0.074878   0.380866   0.305989 
      205.5000  -0.081186   0.392508   0.311322 
      206.0000  -0.101393   0.402814   0.301422 
      206.5000  -0.072572   0.366887   0.294316 
      207.0000  -0.088358   0.393047   0.304689 
      207.5000  -0.112769   0.404928   0.292159 
      208.0000  -0.121381   0.406073   0.284692 
      208.5000  -0.115937   0.388349   0.272412 
      209.0000  -0.125217   0.395374   0.270157 
      209.5000  -0.101840   0.358924   0.257084 
      210.0000  -0.096604   0.353777   0.257174 
      210.5000  -0.097301   0.349143   0.251841 
      211.0000  -0.102078   0.350238   0.248160 
      211.5000  -0.128020   0.380785   0.252765 
      212.0000  -0.141698   0.392142   0.250444 
      212.5000  -0.129722   0.378960   0.249238 
      213.0000  -0.126994   0.380059   0.253065 
      213.5000  -0.126988   0.376974   0.249986 
      214.0000  -0.143467   0.391868   0.248401 
      214.5000  -0.111382   0.354753   0.243371 
      215.0000  -0.144366   0.391251   0.246885 
      215.5000  -0.136752   0.370715   0.233963 
      216.0000  -0.138739   0.371743   0.233004 
      216.5000  -0.110253   0.330567   0.220315 
      217.0000  -0.157124   0.373934   0.216810 
      217.5000  -0.169349   0.385016   0.215667 
      218.0000  -0.160001   0.367905   0.207904 
      218.5000  -0.196098   0.393719   0.197621 
      219.0000  -0.178786   0.371888   0.193102 
      219.5000  -0.175691   0.367572   0.191881 
      220.0000  -0.148755   0.330228   0.181473 
      220.5000  -0.165617   0.342780   0.177163 
      221.0000  -0.197014   0.367033   0.170019 
      221.5000  -0.193373   0.363527   0.170154 
      222.0000  -0.209602   0.378525   0.168923 
      222.5000  -0.205589   0.378645   0.173057 
      223.0000  -0.196961   0.372497   0.175536 
      223.5000  -0.211039   0.379030   0.167992 
      224.0000  -0.179618   0.343344   0.163725 
      224.5000  -0.219151   0.370668   0.151518 
      225.0000  -0.208196   0.361144   0.152948 
      225.5000  -0.229611   0.377279   0.147668 
      226.0000  -0.189889   0.342435   0.152545 
      226.5000  -0.225677   0.361830   0.136153 
      227.0000  -0.244721   0.386892   0.142171 
      227.5000  -0.195661   0.335328   0.139667 
      228.0000  -0.222055   0.368876   0.146821 
      228.5000  -0.199889   0.331187   0.131298 
      229.0000  -0.210333   0.344207   0.133875 
      229.5000  -0.230690   0.363404   0.132714 
      230.0000  -0.246090   0.385799   0.139709 
      230.5000  -0.236681   0.378029   0.141348 
      231.0000  -0.218397   0.350677   0.132280 
      231.5000  -0.212724   0.341627   0.128903 
      232.0000  -0.217956   0.344244   0.126288 
      232.5000  -0.225727   0.351375   0.125648 
      233.0000  -0.219873   0.341564   0.121692 
      233.5000  -0.233831   0.359159   0.125327 
      234.0000  -0.246438   0.361617   0.115179 
      234.5000  -0.242330   0.346917   0.104587 
      235.0000  -0.221970   0.318506   0.096537 
      235.5000  -0.221011   0.314729   0.093718 
      236.0000  -0.270519   0.352828   0.082309 
      236.5000  -0.250165   0.332280   0.082115 
      237.0000  -0.238704   0.322302   0.083599 
      237.5000  -0.234990   0.313139   0.078149 
      238.0000  -0.225966   0.302667   0.076701 
      238.5000  -0.244314   0.318701   0.074386 
      239.0000  -0.279397   0.355390   0.075993 
      239.5000  -0.256705   0.336985   0.080280 
      240.0000  -0.256705   0.326239   0.069535 
      240.5000  -0.255336   0.321106   0.065770 
      241.0000  -0.279664   0.337069   0.057404 
      241.5000  -0.289687   0.349752   0.060066 
      242.0000  -0.247281   0.312345   0.065063 
      242.5000  -0.264761   0.336073   0.071313 
      243.0000  -0.274237   0.345028   0.070792 
      243.5000  -0.248091   0.325123   0.077032 
      244.0000  -0.267786   0.340573   0.072787 
      244.5000  -0.260305   0.335722   0.075417 
      245.0000  -0.247675   0.320760   0.073085 
      245.5000  -0.285727   0.355657   0.069929 
      246.0000  -0.249969   0.316753   0.066784 
      246.5000  -0.273723   0.335590   0.061867 
      247.0000  -0.283167   0.341424   0.058258 
      247.5000  -0.262582   0.320800   0.058218 
      248.0000  -0.280741   0.342966   0.062225 
      248.5000  -0.279506   0.341263   0.061757 
      249.0000  -0.295247   0.346896   0.051649 
      249.5000  -0.276863   0.329235   0.052372 
      250.0000  -0.253858   0.308427   0.054570 
      250.5000  -0.295341   0.345560   0.050219 
      251.0000  -0.316910   0.354488   0.037578 
      251.5000  -0.302784   0.337835   0.035051 
      252.0000  -0.282751   0.320544   0.037793 
      252.5000  -0.304747   0.335007   0.030261 
      253.0000  -0.284712   0.308147   0.023435 
      253.5000  -0.300161   0.327446   0.027285 
      254.0000  -0.343573   0.372979   0.029406 
      254.5000  -0.289080   0.314057   0.024976 
      255.0000  -0.261692   0.277524   0.015832 
      255.5000  -0.286122   0.306699   0.020577 
      256.0000  -0.302583   0.322236   0.019653 
      256.5000  -0.299570   0.312758   0.013188 
      257.0000  -0.281068   0.297843   0.016775 
      257.5000  -0.308118   0.335641   0.027523 
      258.0000  -0.304469   0.334095   0.029626 
      258.5000  -0.272298   0.309752   0.037455 
      259.0000  -0.295287   0.341014   0.045727 
      259.5000  -0.276412   0.313754   0.037342 
      260.0000  -0.286768   0.326416   0.039648 
      260.5000  -0.311325   0.340521   0.029195 
      261.0000  -0.256060   0.292834   0.036774 
      261.5000  -0.304233   0.334519   0.030286 
      262.0000  -0.289910   0.319637   0.029727 
      262.5000  -0.299114   0.327661   0.028547 
      263.0000  -0.272858   0.299084   0.026226 
      263.5000  -0.272831   0.300768   0.027937 
      264.0000  -0.299426   0.326529   0.027102 
      264.5000  -0.319337   0.344984   0.025646 
      265.0000  -0.301940   0.329906   0.027967 
      265.5000  -0.290399   0.308838   0.018439 
      266.0000  -0.287496   0.311017   0.023520 
      266.5000  -0.299688   0.314626   0.014938 
      267.0000  -0.302503   0.319873   0.017370 
      267.5000  -0.279059   0.294170   0.015111 
      268.0000  -0.327665   0.339956   0.012290 
      268.5000  -0.281423   0.286399   0.004977 
      269.0000  -0.319388   0.325832   0.006444 
      269.5000  -0.292864   0.298046   0.005181 
      270.0000  -0.325169   0.328761   0.003592 
      270.5000  -0.291941   0.303464   0.011523 
      271.0000  -0.292059   0.303753   0.011694 
      271.5000  -0.304010   0.313094   0.009084 
      272.0000  -0.343971   0.346345   0.002374 
      272.5000  -0.302544   0.307774   0.005230 
      273.0000  -0.300875   0.298816  -0.002059 
      273.5000  -0.310726   0.304849  -0.005877 
      274.0000  -0.335041   0.336108   0.001067 
      274.5000  -0.307400   0.308391   0.000991 
      275.0000  -0.289320   0.296796   0.007477 
      275.5000  -0.304855   0.311972   0.007117 
      276.0000  -0.283429   0.290636   0.007207 
      276.5000  -0.319657   0.328220   0.008564 
      277.0000  -0.308794   0.320873   0.012080 
      277.5000  -0.285985   0.299651   0.013666 
      278.0000  -0.301428   0.313541   0.012113 
      278.5000  -0.294201   0.302044   0.007843 
      279.0000  -0.282804   0.292433   0.009628 
      279.5000  -0.315658   0.323702   0.008044 
      280.0000  -0.318325   0.330524   0.012199 
      280.5000  -0.314659   0.321350   0.006691 
      281.0000  -0.286765   0.297021   0.010256 
      281.5000  -0.286784   0.304193   0.017408 
      282.0000  -0.328532   0.352810   0.024277 
      282.5000  -0.313061   0.340064   0.027004 
      283.0000  -0.270065   0.301100   0.031034 
      283.5000  -0.316121   0.344959   0.028838 
      284.0000  -0.294513   0.319878   0.025365 
      284.5000  -0.285744   0.306866   0.021122 
      285.0000  -0.312915   0.344726   0.031810 
      285.5000  -0.306316   0.334633   0.028317 
      286.0000  -0.313059   0.334050   0.020991 
      286.5000  -0.303064   0.332762   0.029698 
      287.0000  -0.294232   0.321962   0.027730 
      287.5000  -0.305307   0.335080   0.029773 
      288.0000  -0.303196   0.330957   0.027761 
      288.5000  -0.320953   0.356625   0.035671 
      289.0000  -0.293510   0.335535   0.042025 
      289.5000  -0.272850   0.309429   0.036579 
      290.0000  -0.342909   0.373520   0.030611 
      290.5000  -0.298326   0.323434   0.025107 
      291.0000  -0.295527   0.322843   0.027316 
      291.5000  -0.287765   0.310073   0.022309 
      292.0000  -0.305930   0.322463   0.016533 
      292.5000  -0.311044   0.327134   0.016090 
      293.0000  -0.287273   0.307381   0.020108 
      293.5000  -0.315783   0.333402   0.017619 
      294.0000  -0.312973   0.332214   0.019241 
      294.5000  -0.306655   0.322057   0.015402 
      295.0000  -0.310920   0.332088   0.021168 
      295.5000  -0.304027   0.329926   0.025899 
      296.0000  -0.327662   0.346492   0.018830 
      296.5000  -0.314228   0.344539   0.030311 
      297.0000  -0.309149   0.342163   0.033014 
      297.5000  -0.303838   0.342531   0.038693 
      298.0000  -0.306333   0.348842   0.042509 
      298.5000  -0.287473   0.330122   0.042649 
      299.0000  -0.277989   0.311164   0.033174 
      299.5000  -0.295385   0.327100   0.031714 
      300.0000  -0.314188   0.357649   0.043461 
      300.5000  -0.299928   0.344619   0.044691 
      301.0000  -0.312770   0.359355   0.046585 
      301.5000  -0.326503   0.372080   0.045577 
      302.0000  -0.291620   0.336119   0.044499 
      302.5000  -0.299170   0.336599   0.037429 
      303.0000  -0.299553   0.333534   0.033982 
      303.5000  -0.282490   0.311119   0.028629 
      304.0000  -0.274434   0.293866   0.019432 
      304.5000  -0.281444   0.301365   0.019921 
      305.0000  -0.314712   0.342002   0.027290 
      305.5000  -0.291056   0.308321   0.017265 
      306.0000  -0.305022   0.318465   0.013442 
      306.5000  -0.303555   0.306841   0.003287 
      307.0000  -0.288166   0.292941   0.004775 
      307.5000  -0.322211   0.329453   0.007242 
      308.0000  -0.301926   0.310556   0.008631 
      308.5000  -0.322962   0.328415   0.005453 
      309.0000  -0.292227   0.304385   0.012157 
      309.5000  -0.283419   0.298657   0.015238 
      310.0000  -0.326098   0.340361   0.014262 
      310.5000  -0.255274   0.284490   0.029216 
      311.0000  -0.281216   0.307568   0.026351 
      311.5000  -0.302138   0.329046   0.026908 
      312.0000  -0.275836   0.312207   0.036371 
      312.5000  -0.301126   0.330968   0.029841 
      313.0000  -0.247542   0.274915   0.027373 
      313.5000  -0.275515   0.297515   0.022000 
      314.0000  -0.280169   0.300121   0.019952 
      314.5000  -0.291491   0.312315   0.020824 
      315.0000  -0.298362   0.318765   0.020402 
      315.5000  -0.249021   0.268797   0.019776 
      316.0000  -0.285494   0.300025   0.014531 
      316.5000  -0.277298   0.291134   0.013836 
      317.0000  -0.324010   0.344239   0.020229 
      317.5000  -0.288977   0.308533   0.019556 
      318.0000  -0.288444   0.310107   0.021663 
      318.5000  -0.308880   0.331791   0.022911 
      319.0000  -0.311476   0.331896   0.020420 
      319.5000  -0.324453   0.336234   0.011781 
      320.0000  -0.321967   0.340206   0.018239 
      320.5000  -0.289199   0.310046   0.020848 
      321.0000  -0.325187   0.341948   0.016762 
      321.5000  -0.306593   0.325018   0.018425 
      322.0000  -0.316497   0.335989   0.019492 
      322.5000  -0.335064   0.355476   0.020412 
      323.0000  -0.305073   0.330472   0.025399 
      323.5000  -0.295343   0.322613   0.027270 
      324.0000  -0.290541   0.314083   0.023542 
      324.5000  -0.319395   0.348379   0.028985 
      325.0000  -0.302117   0.327432   0.025315 
      325.5000  -0.312453   0.331107   0.018653 
      326.0000  -0.323869   0.344276   0.020407 
      326.5000  -0.273185   0.299129   0.025944 
      327.0000  -0.298645   0.326488   0.027843 
      327.5000  -0.324018   0.344725   0.020707 
      328.0000  -0.289088   0.303918   0.014830 
      328.5000  -0.295065   0.308291   0.013225 
      329.0000  -0.306469   0.322414   0.015945 
      329.5000  -0.308044   0.318164   0.010119 
      330.0000  -0.286202   0.300058   0.013856 
      330.5000  -0.356882   0.375654   0.018772 
      331.0000  -0.315810   0.329346   0.013536 
      331.5000  -0.321765   0.335219   0.013454 
      332.0000  -0.294460   0.305720   0.011260 
      332.5000  -0.298399   0.309986   0.011587 
      333.0000  -0.294755   0.308779   0.014024 
      333.5000  -0.300314   0.315957   0.015643 
      334.0000  -0.321570   0.339348   0.017778 
      334.5000  -0.298642   0.329402   0.030760 
      335.0000  -0.288711   0.312395   0.023684 
      335.5000  -0.286160   0.309040   0.022880 
      336.0000  -0.326728   0.356116   0.029389 
      336.5000  -0.272021   0.301235   0.029215 
      337.0000  -0.312093   0.342548   0.030455 
      337.5000  -0.305546   0.342852   0.037306 
      338.0000  -0.287642   0.328786   0.041144 
      338.5000  -0.291662   0.328257   0.036595 
      339.0000  -0.314593   0.337138   0.022545 
      339.5000  -0.331245   0.353313   0.022068 
      340.0000  -0.275099   0.289140   0.014041 
      340.5000  -0.274774   0.286277   0.011503 
      341.0000  -0.293361   0.315469   0.022108 
      341.5000  -0.297368   0.319571   0.022203 
      342.0000  -0.287446   0.308815   0.021369 
      342.5000  -0.313317   0.328487   0.015170 
      343.0000  -0.287838   0.301450   0.013612 
      343.5000  -0.293262   0.312642   0.019381 
      344.0000  -0.311743   0.344293   0.032550 
      344.5000  -0.301238   0.317757   0.016519 
      345.0000  -0.305334   0.330513   0.025179 
      345.5000  -0.296692   0.317958   0.021266 
      346.0000  -0.283446   0.302963   0.019517 
      346.5000  -0.306872   0.324786   0.017914 
      347.0000  -0.274595   0.291610   0.017015 
      347.5000  -0.309167   0.326798   0.017631 
      348.0000  -0.309672   0.321668   0.011995 
      348.5000  -0.293357   0.308262   0.014904 
      349.0000  -0.294504   0.307994   0.013490 
      349.5000  -0.294732   0.306732   0.011999 
      350.0000  -0.304205   0.320883   0.016678 
      350.5000  -0.285763   0.308810   0.023046 
      351.0000  -0.322351   0.346775   0.024424 
      351.5000  -0.295836   0.311723   0.015887 
      352.0000  -0.300522   0.320741   0.020219 
      352.5000  -0.281312   0.291068   0.009755 
      353.0000  -0.300216   0.307552   0.007336 
      353.5000  -0.311856   0.316188   0.004332 
      354.0000  -0.274947   0.278209   0.003262 
      354.5000  -0.290292   0.300576   0.010284 
      355.0000  -0.287763   0.284542  -0.003222 
      355.5000  -0.306643   0.309090   0.002447 
      356.0000  -0.293840   0.301473   0.007633 
      356.5000  -0.303776   0.313567   0.009791 
      357.0000  -0.297838   0.311506   0.013668 
      357.5000  -0.293657   0.311281   0.017624 
      358.0000  -0.292070   0.312259   0.020189 
      358.5000  -0.307358   0.324653   0.017295 
      359.0000  -0.286257   0.303773   0.017516 
      359.5000  -0.288727   0.315542   0.026815 
      360.0000  -0.268794   0.286806   0.018012 
      360.5000  -0.290755   0.303834   0.013079 
      361.0000  -0.317219   0.318453   0.001234 
      361.5000  -0.302613   0.303977   0.001364 
      362.0000  -0.293161   0.293303   0.000142 
      362.5000  -0.300156   0.298069  -0.002087 
      363.0000  -0.265828   0.269534   0.003705 
      363.5000  -0.304152   0.305246   0.001094 
      364.0000  -0.313579   0.323441   0.009862 
      364.5000  -0.309665   0.316429   0.006764 
      365.0000  -0.295291   0.305942   0.010652 
      365.5000  -0.290925   0.302490   0.011566 
      366.0000  -0.310553   0.326536   0.015982 
      366.5000  -0.290010   0.307157   0.017147 
      367.0000  -0.300883   0.313071   0.012188 
      367.5000  -0.309319   0.320879   0.011560 
      368.0000  -0.318324   0.318785   0.000461 
      368.5000  -0.291370   0.295357   0.003987 
      369.0000  -0.314262   0.310208  -0.004054 
      369.5000  -0.313520   0.299168  -0.014351 
      370.0000  -0.326745   0.313400  -0.013345 
      370.5000  -0.308075   0.300895  -0.007179 
      371.0000  -0.329401   0.320439  -0.008962 
      371.5000  -0.335654   0.326737  -0.008917 
      372.0000  -0.312968   0.299527  -0.013441 
      372.5000  -0.316085   0.303022  -0.013063 
      373.0000  -0.335925   0.321469  -0.014456 
      373.5000  -0.313436   0.283772  -0.029664 
      374.0000  -0.316545   0.282831  -0.033714 
      374.5000  -0.322420   0.279044  -0.043376 
      375.0000  -0.334868   0.305590  -0.029278 
      375.5000  -0.331707   0.293088  -0.038619 
      376.0000  -0.344068   0.306656  -0.037412 
      376.5000  -0.331901   0.290790  -0.041111 
      377.0000  -0.329855   0.284535  -0.045320 
      377.5000  -0.324477   0.284220  -0.040257 
      378.0000  -0.333605   0.299379  -0.034226 
      378.5000  -0.301542   0.261611  -0.039931 
      379.0000  -0.342409   0.299555  -0.042854 
      379.5000  -0.354377   0.305436  -0.048942 
      380.0000  -0.330813   0.298912  -0.031901 
      380.5000  -0.296279   0.274337  -0.021942 
      381.0000  -0.324733   0.311961  -0.012772 
      381.5000  -0.354026   0.335186  -0.018840 
      382.0000  -0.306827   0.288348  -0.018479 
      382.5000  -0.322885   0.292274  -0.030611 
      383.0000  -0.333607   0.310977  -0.022630 
      383.5000  -0.306556   0.276721  -0.029835 
      384.0000  -0.325010   0.291206  -0.033804 
      384.5000  -0.341472   0.310979  -0.030493 
      385.0000  -0.329993   0.302947  -0.027046 
      385.5000  -0.333496   0.309157  -0.024339 
      386.0000  -0.336599   0.316639  -0.019961 
      386.5000  -0.366227   0.349865  -0.016362 
      387.0000  -0.315229   0.296530  -0.018699 
      387.5000  -0.335059   0.313768  -0.021291 
      388.0000  -0.358025   0.329073  -0.028952 
      388.5000  -0.307124   0.272758  -0.034365 
      389.0000  -0.343602   0.308985  -0.034617 
      389.5000  -0.357402   0.314815  -0.042588 
      390.0000  -0.349663   0.306731  -0.042931 
      390.5000  -0.334551   0.288809  -0.045742 
      391.0000  -0.384639   0.338381  -0.046258 
      391.5000  -0.334104   0.285454  -0.048650 
      392.0000  -0.356439   0.312998  -0.043441 
      392.5000  -0.349256   0.288509  -0.060747 
      393.0000  -0.364792   0.306086  -0.058706 
      393.5000  -0.336360   0.275962  -0.060398 
      394.0000  -0.366501   0.311005  -0.055496 
      394.5000  -0.359284   0.297005  -0.062279 
      395.0000  -0.352843   0.298218  -0.054625 
      395.5000  -0.348197   0.282883  -0.065314 
      396.0000  -0.372650   0.306950  -0.065700 
      396.5000  -0.359975   0.294273  -0.065702 
      397.0000  -0.355707   0.294152  -0.061555 
      397.5000  -0.375174   0.318508  -0.056666 
      398.0000  -0.333984   0.279410  -0.054574 
      398.5000  -0.350530   0.300064  -0.050466 
      399.0000  -0.369876   0.317701  -0.052175 
      399.5000  -0.344267   0.306300  -0.037966 
      400.0000  -0.340241   0.306135  -0.034107 
      400.5000  -0.327400   0.293865  -0.033535 
      401.0000  -0.375038   0.330393  -0.044645 
      401.5000  -0.316803   0.274487  -0.042316 
      402.0000  -0.348094   0.305474  -0.042620 
      402.5000  -0.332726   0.283155  -0.049570 
      403.0000  -0.335868   0.282345  -0.053523 
      403.5000  -0.354985   0.293324  -0.061660 
      404.0000  -0.361605   0.303775  -0.057831 
      404.5000  -0.344019   0.297826  -0.046193 
      405.0000  -0.343827   0.295103  -0.048724 
      405.5000  -0.383467   0.335524  -0.047943 
      406.0000  -0.360282   0.318030  -0.042252 
      406.5000  -0.354526   0.318620  -0.035906 
      407.0000  -0.356130   0.328763  -0.027366 
      407.5000  -0.334371   0.299452  -0.034919 
      408.0000  -0.333692   0.293529  -0.040162 
      408.5000  -0.377213   0.323859  -0.053354 
      409.0000  -0.361864   0.304594  -0.057269 
      409.5000  -0.347682   0.288324  -0.059358 
      410.0000  -0.359052   0.300449  -0.058603 
      410.5000  -0.354589   0.291859  -0.062730 
      411.0000  -0.340708   0.268845  -0.071863 
      411.5000  -0.352981   0.280716  -0.072265 
      412.0000  -0.351222   0.276883  -0.074338 
      412.5000  -0.330684   0.259641  -0.071043 
      413.0000  -0.343207   0.279819  -0.063387 
      413.5000  -0.335756   0.272390  -0.063367 
      414.0000  -0.349448   0.285643  -0.063805 
      414.5000  -0.359035   0.297582  -0.061453 
      415.0000  -0.349772   0.289922  -0.059850 
      415.5000  -0.341409   0.299123  -0.042286 
      416.0000  -0.344495   0.303233  -0.041262 
      416.5000  -0.311919   0.276273  -0.035646 
      417.0000  -0.341820   0.299091  -0.042730 
      417.5000  -0.358756   0.311638  -0.047118 
      418.0000  -0.353578   0.313731  -0.039848 
      418.5000  -0.326169   0.284501  -0.041668 
      419.0000  -0.348709   0.304343  -0.044365 
      419.5000  -0.342538   0.298789  -0.043749 
      420.0000  -0.351761   0.312777  -0.038983 
      420.5000  -0.350369   0.301060  -0.049308 
      421.0000  -0.337932   0.280440  -0.057492 
      421.5000  -0.355757   0.304804  -0.050953 
      422.0000  -0.351524   0.304386  -0.047138 
      422.5000  -0.385514   0.336607  -0.048907 
      423.0000  -0.357626   0.315119  -0.042507 
      423.5000  -0.353652   0.311973  -0.041680 
      424.0000  -0.354189   0.305562  -0.048628 
      424.5000  -0.362628   0.311679  -0.050949 
      425.0000  -0.338599   0.290992  -0.047607 
      425.5000  -0.348451   0.293379  -0.055072 
      426.0000  -0.352458   0.298271  -0.054187 
      426.5000  -0.350315   0.290711  -0.059604 
      427.0000  -0.343599   0.288630  -0.054969 
      427.5000  -0.362092   0.309006  -0.053086 
      428.0000  -0.365858   0.307811  -0.058047 
      428.5000  -0.388274   0.319461  -0.068813 
      429.0000  -0.372447   0.296308  -0.076139 
      429.5000  -0.366487   0.286524  -0.079963 
      430.0000  -0.380513   0.305462  -0.075051 
      430.5000  -0.365467   0.301929  -0.063538 
      431.0000  -0.375656   0.316219  -0.059436 
      431.5000  -0.379137   0.307397  -0.071741 
      432.0000  -0.371618   0.300591  -0.071026 
      432.5000  -0.361590   0.284435  -0.077155 
      433.0000  -0.371548   0.301447  -0.070101 
      433.5000  -0.350069   0.286861  -0.063208 
      434.0000  -0.363725   0.297849  -0.065876 
      434.5000  -0.362506   0.299553  -0.062953 
      435.0000  -0.370900   0.314548  -0.056353 
      435.5000  -0.374842   0.313344  -0.061498 
      436.0000  -0.352639   0.294523  -0.058116 
      436.5000  -0.364891   0.301355  -0.063535 
      437.0000  -0.364762   0.309927  -0.054835 
      437.5000  -0.343083   0.290758  -0.052325 
      438.0000  -0.329212   0.285575  -0.043637 
      438.5000  -0.371891   0.335254  -0.036637 
      439.0000  -0.356054   0.315828  -0.040226 
      439.5000  -0.358915   0.308804  -0.050111 
      440.0000  -0.356492   0.310128  -0.046364 
      440.5000  -0.345141   0.299018  -0.046123 
      441.0000  -0.357648   0.315269  -0.042378 
      441.5000  -0.353721   0.311806  -0.041916 
      442.0000  -0.363644   0.333387  -0.030258 
      442.5000  -0.335869   0.300146  -0.035723 
      443.0000  -0.373810   0.336476  -0.037334 
      443.5000  -0.352251   0.307262  -0.044988 
      444.0000  -0.374545   0.326304  -0.048241 
      444.5000  -0.356912   0.307330  -0.049582 
      445.0000  -0.361243   0.310777  -0.050466 
      445.5000  -0.379696   0.324540  -0.055156 
      446.0000  -0.365455   0.309990  -0.055466 
      446.5000  -0.367133   0.318195  -0.048937 
      447.0000  -0.362360   0.314448  -0.047911 
      447.5000  -0.360704   0.304337  -0.056367 
      448.0000  -0.369430   0.310588  -0.058842 
      448.5000  -0.372955   0.320974  -0.051981 
      449.0000  -0.404133   0.352134  -0.051999 
      449.5000  -0.363208   0.307018  -0.056190 
      450.0000  -0.364067   0.313386  -0.050681 
      450.5000  -0.367549   0.324341  -0.043208 
      451.0000  -0.373127   0.331306  -0.041822 
      451.5000  -0.338882   0.299871  -0.039011 
      452.0000  -0.358658   0.315347  -0.043312 
      452.5000  -0.398126   0.346049  -0.052077 
      453.0000  -0.352058   0.294208  -0.057850 
      453.5000  -0.389949   0.322884  -0.067064 
      454.0000  -0.393351   0.323971  -0.069380 
      454.5000  -0.393138   0.317781  -0.075356 
      455.0000  -0.405914   0.327101  -0.078813 
      455.5000  -0.394772   0.309854  -0.084918 
      456.0000  -0.399460   0.318770  -0.080689 
      456.5000  -0.389781   0.308198  -0.081583 
      457.0000  -0.374570   0.292621  -0.081950 
      457.5000  -0.403402   0.330406  -0.072997 
      458.0000  -0.389351   0.319680  -0.069671 
      458.5000  -0.358423   0.285866  -0.072557 
      459.0000  -0.386034   0.314428  -0.071606 
      459.5000  -0.386753   0.308808  -0.077945 
      460.0000  -0.362271   0.283684  -0.078587 
      460.5000  -0.369983   0.297202  -0.072781 
      461.0000  -0.393301   0.314657  -0.078643 
      461.5000  -0.368114   0.292509  -0.075604 
      462.0000  -0.428712   0.347179  -0.081533 
      462.5000  -0.412857   0.331231  -0.081626 
      463.0000  -0.411780   0.321861  -0.089919 
      463.5000  -0.417175   0.326119  -0.091055 
      464.0000  -0.412199   0.320700  -0.091499 
      464.5000  -0.416236   0.323870  -0.092367 
      465.0000  -0.393699   0.299284  -0.094416 
      465.5000  -0.421573   0.331453  -0.090119 
      466.0000  -0.413075   0.320465  -0.092611 
      466.5000  -0.404697   0.311193  -0.093504 
      467.0000  -0.414513   0.319492  -0.095022 
      467.5000  -0.421849   0.324193  -0.097656 
      468.0000  -0.392970   0.293429  -0.099541 
      468.5000  -0.415823   0.320544  -0.095279 
      469.0000  -0.395702   0.316454  -0.079248 
      469.5000  -0.380726   0.307429  -0.073297 
      470.0000  -0.383324   0.309144  -0.074180 
      470.5000  -0.386644   0.314435  -0.072209 
      471.0000  -0.397012   0.317426  -0.079586 
      471.5000  -0.417702   0.335982  -0.081720 
      472.0000  -0.446392   0.368938  -0.077454 
      472.5000  -0.416427   0.333922  -0.082506 
      473.0000  -0.421987   0.334060  -0.087927 
      473.5000  -0.411369   0.317405  -0.093964 
      474.0000  -0.395996   0.308176  -0.087820 
      474.5000  -0.450022   0.356893  -0.093129 
      475.0000  -0.445408   0.346137  -0.099271 
      475.5000  -0.431877   0.326458  -0.105419 
      476.0000  -0.443065   0.339694  -0.103371 
      476.5000  -0.453256   0.337540  -0.115715 
      477.0000  -0.416651   0.309555  -0.107096 
      477.5000  -0.471839   0.367904  -0.103935 
      478.0000  -0.446535   0.339638  -0.106897 
      478.5000  -0.394994   0.287411  -0.107583 
      479.0000  -0.463802   0.355572  -0.108230 
      479.5000  -0.417876   0.313143  -0.104733 
      480.0000  -0.427686   0.312051  -0.115635 
      480.5000  -0.433110   0.324737  -0.108372 
      481.0000  -0.441166   0.343434  -0.097732 
      481.5000  -0.436933   0.341635  -0.095298 
      482.0000  -0.425726   0.329903  -0.095823 
      482.5000  -0.443880   0.336533  -0.107347 
      483.0000  -0.461171   0.346278  -0.114893 
      483.5000  -0.422182   0.299816  -0.122366 
      484.0000  -0.424417   0.304787  -0.119630 
      484.5000  -0.420026   0.307834  -0.112192 
      485.0000  -0.421063   0.308556  -0.112508 
      485.5000  -0.458609   0.331910  -0.126699 
      486.0000  -0.475299   0.339651  -0.135649 
      486.5000  -0.451754   0.316997  -0.134757 
      487.0000  -0.478209   0.352387  -0.125822 
      487.5000  -0.454684   0.324972  -0.129711 
      488.0000  -0.451074   0.327133  -0.123940 
      488.5000  -0.435259   0.312924  -0.122335 
      489.0000  -0.470194   0.343775  -0.126419 
      489.5000  -0.457464   0.318918  -0.138546 
      490.0000  -0.430041   0.282567  -0.147474 
      490.5000  -0.435629   0.289249  -0.146380 
      491.0000  -0.454178   0.305919  -0.148260 
      491.5000  -0.441104   0.303239  -0.137865 
      492.0000  -0.458727   0.320120  -0.138607 
      492.5000  -0.438082   0.297458  -0.140624 
      493.0000  -0.426724   0.281137  -0.145587 
      493.5000  -0.456289   0.299440  -0.156849 
      494.0000  -0.441232   0.272478  -0.168753 
      494.5000  -0.478549   0.305506  -0.173043 
      495.0000  -0.481910   0.298322  -0.183588 
      495.5000  -0.470265   0.289080  -0.181185 
      496.0000  -0.452244   0.269380  -0.182864 
      496.5000  -0.500873   0.305366  -0.195507 
      497.0000  -0.463732   0.271057  -0.192675 
      497.5000  -0.466919   0.263497  -0.203423 
      498.0000  -0.482065   0.267656  -0.214409 
      498.5000  -0.476024   0.261650  -0.214375 
      499.0000  -0.496800   0.275394  -0.221406 
      499.5000  -0.453008   0.235775  -0.217233 
      500.0000  -0.496586   0.266671  -0.229915 
