t = 0
b =  30.0 30.0 30.0
E = 0. 0. 0.
19.69531439487645 25.020594044759807 15.34503782917295 -0.16496599228485045 0.7393107459193 -0.6528444243138812 0.30977652429184066 0.6672557099647386 0.6773539123066459 0.0 0.0 0.0 0.0 0.0 0.0
20.12669541967936 25.333090047741308 15.415335493991478 -0.6827020626891454 0.6519365586465675 -0.3299948743542188 0.30977652429184066 0.6672557099647386 0.6773539123066459 0.0 0.0 0.0 0.0 0.0 0.0
20.40245448781103 25.794195009779507 15.410410816817656 -0.9410682053080374 0.31688077294600503 0.11822524559268965 0.30977652429184066 0.6672557099647386 0.6773539123066459 0.0 0.0 0.0 0.0 0.0 0.0
20.463697028931982 26.327532953981414 15.432435588096652 -0.8419068029090621 -0.13856331636074004 0.5215296181182376 0.30977652429184066 0.6672557099647386 0.6773539123066459 0.0 0.0 0.0 0.0 0.0 0.0
20.333026887839175 26.82928538585899 15.573343052235655 -0.42289093015382684 -0.5413648851269324 0.7266961692104437 0.30977652429184066 0.6672557099647386 0.6773539123066459 0.0 0.0 0.0 0.0 0.0 0.0
20.10595874591152 27.207633675137814 15.879900931011706 0.15678827732615305 -0.7384928828952003 0.6557786959075695 0.30977652429184066 0.6672557099647386 0.6773539123066459 0.0 0.0 0.0 0.0 0.0 0.0
19.91463049673371 27.417642488523963 16.335943584153995 0.6769009968897217 -0.655055087509014 0.33571993199430117 0.30977652429184066 0.6672557099647386 0.6773539123066459 0.0 0.0 0.0 0.0 0.0 0.0
19.877601851095637 27.478331474101093 16.868513606357826 0.9398477105537365 -0.32275091244113197 -0.11188444702153999 0.30977652429184066 0.6672557099647386 0.6773539123066459 0.0 0.0 0.0 0.0 0.0 0.0
20.054811520650638 27.4654493790319 17.375579565342647 0.8457305655626269 0.1321717303706299 -0.5169820540056991 0.30977652429184066 0.6672557099647386 0.6773539123066459 0.0 0.0 0.0 0.0 0.0 0.0
20.424805499236587 27.482695834059477 17.764799448850006 0.43030623885326585 0.5368801230211008 -0.7256695351940872 0.30977652429184066 0.6672557099647386 0.6773539123066459 0.0 0.0 0.0 0.0 0.0 0.0
20.892887798508745 27.622324130022673 17.988602938976648 -0.14859862233310686 0.7376187807788765 -0.6586630274146144 0.30977652429184066 0.6672557099647386 0.6773539123066459 0.0 0.0 0.0 0.0 0.0 0.0
21.32709703714441 27.93009265027362 18.062264171279267 -0.6710483824586562 0.6581237313903976 -0.3414194232617699 0.30977652429184066 0.6672557099647386 0.6773539123066459 0.0 0.0 0.0 0.0 0.0 0.0
21.608340775884056 28.387880495802904 18.05809883530659 -0.9385556427575086 0.3285964732046955 0.10553512801657106 0.30977652429184066 0.6672557099647386 0.6773539123066459 0.0 0.0 0.0 0.0 0.0 0.0
21.67564072632543 28.9205719177385 18.077990235085956 -0.8494899225592454 -0.12577007899152834 0.5123951197081704 0.30977652429184066 0.6672557099647386 0.6773539123066459 0.0 0.0 0.0 0.0 0.0 0.0
21.549299422190188 29.424594046210615 18.214682118525335 -0.4376887780666181 -0.5323544754152854 0.7245876386330816 0.30977652429184066 0.6672557099647386 0.6773539123066459 0.0 0.0 0.0 0.0 0.0 0.0
21.323186947322764 29.807265955261258 18.51654377699031 0.1403976509796468 -0.7366885061365895 0.6614971991820037 0.30977652429184066 0.6672557099647386 0.6773539123066459 0.0 0.0 0.0 0.0 0.0 0.0
21.129078121413766 30.02200969615813 18.96919374282286 0.6651446650951969 -0.6611422566016063 0.3470929141182978 0.30977652429184066 0.6672557099647386 0.6773539123066459 0.0 0.0 0.0 0.0 0.0 0.0
21.08658904284203 30.08604603885979 19.50096354934997 0.9371921003153187 -0.3344170100746116 -0.09917777210300815 0.30977652429184066 0.6672557099647386 0.6773539123066459 0.0 0.0 0.0 0.0 0.0 0.0
21.257732933025956 30.073852013592504 20.010125779605566 0.8531845876093268 0.11935884973397287 -0.5077691645384578 0.30977652429184066 0.6672557099647386 0.6773539123066459 0.0 0.0 0.0 0.0 0.0 0.0
21.623360276800923 30.088865841877702 20.403542012827643 0.44503798558493923 0.5277882869550728 -0.7234505619180391 0.30977652429184066 0.6672557099647386 0.6773539123066459 0.0 0.0 0.0 0.0 0.0 0.0
22.090434043393117 30.224189026781193 20.632047667697094 -0.13218598780149332 0.7357021298123545 -0.6642809953765848 0.30977652429184066 0.6672557099647386 0.6773539123066459 0.0 0.0 0.0 0.0 0.0 0.0
22.52737600990672 30.527215535324313 20.709130448768825 -0.6591902943902785 0.6641104332702583 -0.35273997250559086 0.30977652429184066 0.6672557099647386 0.6773539123066459 0.0 0.0 0.0 0.0 0.0 0.0
22.81405552807261 30.981626038027652 20.705806142008928 -0.9357571870662035 0.3402120797944622 0.09281286341811718 0.30977652429184066 0.6672557099647386 0.6773539123066459 0.0 0.0 0.0 0.0 0.0 0.0
22.887429166003116 31.513587895024926 20.72363853038555 -0.8568142793498235 -0.11293853083789386 0.5031045407809573 0.30977652429184066 0.6672557099647386 0.6773539123066459 0.0 0.0 0.0 0.0 0.0 0.0
22.765491961996133 32.019805410364086 20.8561536146634 -0.45235330173762356 -0.5231819053733935 0.7222583916417538 0.30977652429184066 0.6672557099647386 0.6773539123066459 0.0 0.0 0.0 0.0 0.0 0.0
5.323169037551274 4.872625906996777 29.599381087174972 -0.3693983923269381 0.9260324701851967 -0.07751575265051855 0.9220821779951238 0.37561900228579503 0.09313872527360893 0.0 0.0 0.0 0.0 0.0 0.0
5.681048647815523 5.111530502548247 29.277617383659713 -0.36687543883375917 0.7718620355529312 0.519260445684651 0.9220821779951238 0.37561900228579503 0.09313872527360893 0.0 0.0 0.0 0.0 0.0 0.0
5.955298990253864 5.526381073390681 29.074219115076822 -0.22497037229740105 0.3244483087690586 0.9187609191325381 0.9220821779951238 0.37561900228579503 0.09313872527360893 0.0 0.0 0.0 0.0 0.0 0.0
6.1782673292483095 6.015189646425802 29.080252426919046 0.0024046999787826207 -0.24622875500262636 0.969208758538566 0.9220821779951238 0.37561900228579503 0.09313872527360893 0.0 0.0 0.0 0.0 0.0 0.0
6.401783819678582 6.447870367010477 29.30721690576633 0.22886618652858703 -0.7233593980235655 0.6514379862694888 0.9220821779951238 0.37561900228579503 0.09313872527360893 0.0 0.0 0.0 0.0 0.0 0.0
6.677470364529332 6.715661290055143 29.682676694081277 0.36837758237759766 -0.9256737118111587 0.08617503155431921 0.9220821779951238 0.37561900228579503 0.09313872527360893 0.0 0.0 0.0 0.0 0.0 0.0
7.0371285908740715 6.7724448613660915 30.077780083550525 0.367936175736624 -0.7763091060425544 -0.5118272584180308 0.9220821779951238 0.37561900228579503 0.09313872527360893 0.0 0.0 0.0 0.0 0.0 0.0
7.480657880055103 6.652268747528038 30.35621243335872 0.2277096643684975 -0.33201169169228184 -0.9153778156219512 0.9220821779951238 0.37561900228579503 0.09313872527360893 0.0 0.0 0.0 0.0 0.0 0.0
7.976093594393829 6.456410558121967 30.425984381293485 0.0009724444042145675 0.23842251527135466 -0.9711610363701587 0.9220821779951238 0.37561900228579503 0.09313872527360893 0.0 0.0 0.0 0.0 0.0 0.0
8.471750977465094 6.314900788573976 30.274380140430047 -0.22613422344763295 0.7182760224715238 -0.6579839424546943 0.9220821779951238 0.37561900228579503 0.09313872527360893 0.0 0.0 0.0 0.0 0.0 0.0
8.915861057186147 6.337122060948956 29.97278843918057 -0.3673287190491282 0.9252444598000742 -0.09482774789582687 0.9220821779951238 0.37561900228579503 0.09313872527360893 0.0 0.0 0.0 0.0 0.0 0.0
9.276238543841938 6.570252837048222 29.649580749814476 -0.3689688928751846 0.7806970575881491 0.5043550935240622 0.9220821779951238 0.37561900228579503 0.09313872527360893 0.0 0.0 0.0 0.0 0.0 0.0
9.552509559757207 6.981343531989374 29.44134081988675 -0.23043161546703927 0.3395497906397466 0.9119250025466751 0.9220821779951238 0.37561900228579503 0.09313872527360893 0.0 0.0 0.0 0.0 0.0 0.0
9.776253681676224 7.469834612390806 29.4409742229833 -0.004349514731806281 -0.23059811874245523 0.9730393565288286 0.9220821779951238 0.37561900228579503 0.09313872527360893 0.0 0.0 0.0 0.0 0.0 0.0
9.999006331575268 7.905760844369115 29.66241197801732 0.2233850393700481 -0.7131379474194524 0.664479790615193 0.9220821779951238 0.37561900228579503 0.09313872527360893 0.0 0.0 0.0 0.0 0.0 0.0
10.272679608227536 8.179127258794242 30.035317922229964 0.36625188221653115 -0.9247447468411468 0.1034732427371915 0.9220821779951238 0.37561900228579503 0.09313872527360893 0.0 0.0 0.0 0.0 0.0 0.0
10.629840012955192 8.241698079079795 30.431810595380338 0.36997351160403047 -0.7850255560302174 -0.4968445200370316 0.9220821779951238 0.37561900228579503 0.09313872527360893 0.0 0.0 0.0 0.0 0.0 0.0
11.071335891294222 8.125322299167395 30.715047544555038 0.23313601830590996 -0.3470620315560342 -0.908402742851794 0.9220821779951238 0.37561900228579503 0.09313872527360893 0.0 0.0 0.0 0.0 0.0 0.0
11.565975132341718 7.929833718241476 30.791214059913735 0.007726253827010282 0.22275616127401615 -0.9748435759732239 0.9220821779951238 0.37561900228579503 0.09313872527360893 0.0 0.0 0.0 0.0 0.0 0.0
12.062375573192188 7.785122411287001 30.645164951455843 -0.22061884365684595 0.7079455641516588 -0.6709250360669985 0.9220821779951238 0.37561900228579503 0.09313872527360893 0.0 0.0 0.0 0.0 0.0 0.0
12.5084859416893 7.801787317956435 30.34617845991579 -0.3651471538851025 0.9241746109894521 -0.11211085769050882 0.9220821779951238 0.37561900228579503 0.09313872527360893 0.0 0.0 0.0 0.0 0.0 0.0
12.871361004968929 8.029117856280111 30.021636294837613 -0.370949955417558 0.7892942717368435 0.48929610991618844 0.9220821779951238 0.37561900228579503 0.09313872527360893 0.0 0.0 0.0 0.0 0.0 0.0
13.14967801423917 8.43636804868138 29.808629193410553 -0.23582266693436474 0.3545478423549132 0.9048113047710205 0.9220821779951238 0.37561900228579503 0.09313872527360893 0.0 0.0 0.0 0.0 0.0 0.0
13.374239239161552 8.924437432903316 29.801873857375977 -0.011102404538072874 -0.21489724006146083 0.9765735573050485 0.9220821779951238 0.37561900228579503 0.09313872527360893 0.0 0.0 0.0 0.0 0.0 0.0
13.596269670620142 9.363520984491489 30.017728494457018 0.21783584696453784 -0.7026992680882326 0.6773191879797157 0.9220821779951238 0.37561900228579503 0.09313872527360893 0.0 0.0 0.0 0.0 0.0 0.0
