#id1 id2 FENE BEXC STCK NEXC HB CRSTCK CXSTCK total, t = 100000
0 1 0.00302085 0 -0.00233618 0 0 0 0 0.000684669
1 2 0.0846426 0 0 0 0 0 0 0.0846426
2 3 0.0463821 0 0 0 0 0 0 0.0463821
3 4 0.0135943 0 0 0 0 0 0 0.0135943
4 5 0.0887927 0 -1.38687 0 0 0 0 -1.29808
5 6 0.00442689 0 -1.38845 0 0 0 0 -1.38402
6 7 0.000190935 0 0 0 0 0 0 0.000190935
2 8 0 0 0 0.0235353 0 0 0 0.0235353
7 8 0.0452707 0 -1.29625 0 0 0 0 -1.25098
8 9 0.0742769 0 -1.18387 0 0 0 0 -1.10959
9 10 0.026901 0 -0 0 0 0 0 0.026901
10 11 0.0328501 0 0 0 0 0 0 0.0328501
11 12 0.0087297 0 -1.09506 0 0 0 0 -1.08633
12 13 0.0375777 0 -1.28508 0 0 0 0 -1.2475
13 14 0.0295054 0 -1.29546 0 0 0 0 -1.26595
14 15 5.59056e-05 0 0 0 0 0 0 5.59056e-05
15 16 0.000426724 0 -1.37568 0 0 0 0 -1.37525
16 17 0.118602 0 0 0 0 0 0 0.118602
17 18 0.00490539 0 -1.17249 0 0 0 0 -1.16758
18 19 0.448522 0 -1.37586 0 0 0 0 -0.927335
19 20 0.0261609 0 0 0 0 0 0 0.0261609
20 21 0.0493543 0 0 0 0 0 0 0.0493543
21 22 0.204289 0 -1.09133 0 0 0 0 -0.887038
22 23 0.000226612 0 -1.33637 0 0 0 0 -1.33614
23 24 0.0679183 0 -0.801711 0 0 0 0 -0.733793
25 26 0.0876968 0 -1.07409 0 0 0 0 -0.986389
26 27 0.0267473 0 -1.30011 0 0 0 0 -1.27336
25 28 0 0 0 0 0 -0.000871207 0 -0.000871207
27 28 0.0960095 0 -0 0 0 0 0 0.0960095
28 29 0.0391413 0 -0 0 0 0 0 0.0391413
29 30 0.0907377 0 -1.15027 0 0 0 0 -1.05953
30 31 0.0264608 0 0 0 0 0 0 0.0264608
31 32 0.00796857 0 0 0 0 0 0 0.00796857
32 33 0.0348694 0 0 0 0 0 0 0.0348694
33 34 0.0621613 0 0 0 0 0 0 0.0621613
34 35 0.00591408 0 -1.10214 0 0 0 0 -1.09622
35 36 0.0319959 0 0 0 0 0 0 0.0319959
36 37 0.00109985 0 -0 0 0 0 0 0.00109985
37 38 0.013256 0 0 0 0 0 0 0.013256
38 39 0.105797 0 -1.23509 0 0 0 0 -1.1293
39 40 2.42432e-06 0 -1.21032 0 0 0 0 -1.21032
40 41 0.000101508 0 0 0 0 0 0 0.000101508
41 42 0.0208804 0 0 0 0 0 0 0.0208804
42 43 0.000145539 0 0 0 0 0 0 0.000145539
43 44 0.123928 0 -1.01244 0 0 0 0 -0.88851
44 45 0.0580304 0 -0.934046 0 0 0 0 -0.876016
45 46 0.0478789 0 -1.00662 0 0 0 0 -0.95874
46 47 0.107409 0 -1.16977 0 0 0 0 -1.06236
47 48 0.000802168 0 0 0 0 0 0 0.000802168
48 49 0.0240994 0 0 0 0 0 0 0.0240994
#Total energy per particle is  -0.496586 and should be -0.49658610

