t = 100000
b = 30 30 30
E = -0.346356809963218 -0.496585633101804 0.150228823138587
30.6849715999663 35.7803788088843 37.6240039148035 0.224519876238932 -0.96951325412446 -0.0981562145976484 0.945910398777236 0.192624042741913 0.261054323408382 0.138731510851001 -0.138680247415255 -0.16568725822898 -0.281467535455899 -0.33681070456858 -0.279298650154376
30.7102105557757 35.8129232941077 38.3581971270706 0.834776748859435 -0.546572041791993 -0.0663829456538581 0.418300982715235 0.551185183523209 0.721955049439464 -0.125106767358013 0.589426907271312 -0.136015455443439 -0.352239244279855 0.376398404832753 -0.00614924679684901
30.3859740218393 37.213578273416 38.1700742204783 -0.0995634338895421 0.992279150156482 0.0739529487095053 0.995029425846565 0.0991492105409758 0.00926057165649645 -0.227014615120248 0.0505830732558167 -0.244464953638544 -0.00488015264162549 0.03886997307234 -0.324698278727562
31.261626510902 37.0404661341409 37.64734000671 0.839546528804653 -0.535073741262055 -0.094114805337831 -0.0658591993599418 0.0717204119495436 -0.9952480397968 -0.154062240019041 -0.13405766666601 0.179822990148173 0.267238990582231 -0.203942426510937 -0.73348597173129
31.1680885606946 38.1525165707382 37.3385518111963 0.454389515238095 0.848061866086847 0.272618994295345 -0.856104443233689 0.500320617178748 -0.129477406022473 0.251622064050556 0.111179549843959 0.305038285264064 0.262697541619686 -0.302182193417821 -0.388316783848458
30.779899289285 38.3531636337586 37.553278243594 0.452908689650824 0.765005131909901 -0.45786534831774 -0.878519593973549 0.470442045990273 -0.0829906472407483 -0.415385822957896 -0.440646772682253 -0.0435171382901136 0.183091236725826 0.101143039901573 -0.147944399531513
30.4981527115806 38.7111647052037 37.6897277847726 0.158544796988827 0.0897907206131061 -0.983260446285154 -0.88818402512802 0.447953388094597 -0.102307476992575 0.17129830337503 0.00883094044568282 0.412599965853334 0.400781687636422 0.165441154290904 0.362974739093405
31.0910379321209 38.094562922292 38.3960590932377 0.593054041850783 -0.598383576739985 -0.538724307275063 0.208673933371899 -0.531997341614428 0.820630200628456 0.0532923847463892 0.3405719459428 -0.095200064892481 -0.370603649464517 -0.0718795168399602 -0.0753158296160728
31.0305239624238 37.7125639703392 38.6001990450021 0.991534619085266 0.107160725868846 -0.0733183492868863 0.10705977804615 -0.355246498197795 0.928621575544674 0.579977143095493 0.115651773258532 0.18404054780145 0.310833872978833 -0.251166709299515 -0.115518650046693
31.2764905748861 37.3874606709158 38.8527807373435 0.327672424482107 0.880215699085344 0.343294291967911 0.247561742689767 -0.430650001345787 0.867901861593866 0.126823491343444 0.370222888469858 -0.228667580698789 -0.139697890827266 0.0149775650549203 -0.338490749685855
31.5839955333339 37.1367511178353 39.3468815951051 0.84496204041656 0.50893372260594 -0.164394209546738 -0.38788189610562 0.794766074476332 0.466791524016123 -0.123525722785918 0.111695097770978 -0.483079443524062 0.0144880271593892 -0.250990071980065 -0.675605674151751
31.5755666851395 36.0225676539064 39.7161727074322 -0.220268368515333 -0.90289281182827 0.369142648134441 0.828990320954373 0.026161941739724 0.558650637087557 -0.313822307839318 0.291507798262809 0.432640635170242 -0.333815465682892 -0.271178803837294 0.0470215940958186
31.7356626795514 36.0415699001796 40.2698687898468 0.132367522196277 -0.974367527914684 -0.181897201672324 0.704985225756602 -0.0364521772200505 0.708284536066874 -0.313206546335889 0.095070641315285 -0.0694012371002756 -0.0196870263947618 -0.549023959034086 0.0695661038215421
31.7680615205761 35.9395710788206 40.735700227979 0.670171508283901 -0.496059855592365 -0.552082108046796 0.646119059918115 0.0238835871070826 0.762862794898272 -0.314389351831826 0.487900550737717 0.236304351683655 0.161104372243225 -0.226925368789028 0.0801881173177917
31.9984200887216 35.6573226786428 41.0549401305872 0.627672584012058 0.481612611845114 -0.611617794754688 0.708536299747477 -0.0279574457731095 0.705120285857494 -0.191099554284796 0.11048838956135 0.102536714348079 1.02584078217001 0.793763044483817 0.917276445718261
30.9970840286847 35.0730887519844 40.8648711472796 -0.0555772703883744 -0.55845593690122 -0.82767021520588 -0.875951048485253 -0.370566659824329 0.308852660836224 -0.165986482031387 -0.222787052606187 0.12523775379854 -0.271114326101117 -0.10050568485917 -0.194158183977011
30.5444612888438 35.089822820307 40.7118933093289 0.215580757747796 -0.974385224997923 -0.0640175009779601 -0.943989024036108 -0.224730275258949 0.24162151793533 0.0654771108369527 0.451300159593971 0.0230802683358873 0.213628661181039 0.222735259904612 -0.00839760563050718
29.992748120452 36.2140299307905 40.7969010563714 0.147164082891682 0.395301900514829 0.906685758592596 0.861074368057863 0.399867152512132 -0.314097236353906 -0.265227001744665 0.0140804488299957 -0.142473566138967 0.282829148853292 -0.230404335630084 -0.141505997691323
30.1572518668427 36.6879124879259 40.6396526985786 0.572712828615177 -0.330300200051913 0.750267747838609 0.816802710322136 0.307547723534209 -0.488106163564898 0.281431262306345 0.703021858684488 -0.358142287623174 -0.196721016742462 -0.0228030113393247 -0.681824967921518
30.5231735837468 36.9432892529486 40.4854277773576 0.447627804406618 -0.720798867396101 0.52922417048339 0.868521756386163 0.209584765426615 -0.449159357067769 -0.107690004991488 -0.168529411450151 -0.0199193600211397 -0.433494373742743 -0.420853613243711 0.352599036813637
30.5856713299716 37.9349895587428 39.6428711166349 -0.293756924061837 0.391596538253412 -0.871985602488433 0.726234014260514 -0.501711665329787 -0.469967453426883 -0.10484824759484 0.515121390155833 0.0734664342845097 0.000469760441988315 0.247244432560003 0.5953746880061
31.0821802406735 38.5411817462247 40.322460011074 -0.179710919015042 0.975889636010184 -0.123867971501285 -0.520957935312767 -0.20122496868849 -0.829524726111133 -0.122986160552374 0.213096881314521 0.126294792531559 -0.208536238606157 -0.0111266326121331 0.517004409173093
30.5745986891853 38.6955484086422 40.0848199296477 0.556072653146386 0.598063870271639 -0.577150496633645 -0.655355554429648 -0.111570363784104 -0.747034850744401 0.367943539063905 -0.0388983275141808 -0.251197884970659 -0.643477529599088 -0.322234415483081 -0.267745888985279
30.187559899484 38.9249246327915 39.8376113135398 0.759514497915859 -0.196858886562347 -0.61998726552101 -0.634898947384846 -0.0169191778747868 -0.772409850697908 0.0890558317700935 -0.159907506613226 -0.0795370062708975 -0.0640571934166778 -0.201352698089903 -0.176806146726148
30.1496483064714 39.0082369992565 39.3641173755378 0.612888757202279 -0.746404954408649 -0.259320089715301 -0.326954944039917 0.0592161857087395 -0.943182802841409 0.234046287663459 -0.152772885158495 0.413814504991038 -0.384167545579356 0.0511317601128909 -0.180876519344106
26.8568803340079 34.3809353101948 39.3727263022554 -0.514174602517254 0.728394544360731 -0.452841786265873 0.85216501685702 0.493662936176815 -0.173526776864244 0.0878429856072227 -0.520228602323646 0.0341940769631166 -0.498487653052807 0.108272671667805 0.0820229298652261
27.1146909633098 34.5770355957811 39.0742310665983 -0.218760848189595 0.876297079207992 0.42924001783574 0.846139436430653 0.389450923194481 -0.363835019281953 -0.0233564188619479 -0.0648650792622142 -0.0604818455460498 -0.319383563592471 -0.395306818332903 0.0447489378538831
27.4035858776476 34.9183134466632 38.7777351971153 0.104031594080707 0.261508357937436 0.959578395491805 0.908663312186735 0.36727116909333 -0.198601995363541 0.290325608970573 0.57967989845405 -0.21283374552761 -0.172004258506903 -0.408751180645983 0.0655241653033713
26.765604318288 34.6367686461194 38.2389104364934 -0.0843931680237325 0.25095994640323 0.964311557110306 0.153000583095216 0.959551080945913 -0.236330993656774 -0.217452717475172 0.160854603670951 -0.081812283763251 -0.356347070796154 0.493653165034239 0.136966109091305
26.7015001199992 33.9993628055494 37.7284370902505 0.607869443256622 0.099219878182996 0.787813481962589 0.275723383324041 -0.956800772216548 -0.092242852248908 0.0477578929059614 -0.235330911530231 0.206471416316184 0.148098348272512 0.0611109061370718 0.148663425236789
27.0595807037721 33.6426664211013 37.5477574677889 -0.345702890393418 -0.092249873895435 0.933798345811732 0.0938438964522441 -0.993565288732207 -0.063412167624819 0.0757763175622873 0.410681626888527 0.255328961311061 0.275164475678605 0.274640656185967 -0.0825914221539009
27.9173857149093 34.0996571613008 37.1604222515185 0.864307469397541 -0.454091677576086 -0.216271187492692 0.293420484312509 0.804467562335432 -0.516465143931636 -0.17733127227054 0.323679777896837 -0.00232007248806099 -0.0238250064164975 0.205944514671491 0.395807413795891
27.1242251616277 35.1606673009548 36.9394840726011 0.23160947684153 0.963675974397299 -0.132986711604593 0.418439937841224 -0.2220995938172 -0.880670018486577 0.231558491368883 -0.18690059785565 0.141210695118304 -0.669207577178478 -0.140943038970135 0.205682702983287
26.7677361174717 34.2714674536113 36.6475518516647 -0.853281530090636 0.207440707652305 0.478412870023647 0.0984854117855596 -0.836842526461392 0.538511861746415 -0.170188467728034 -0.145875330479842 -0.364472619601452 0.482177343032019 0.0919370897895729 -0.536213482853785
26.2497376371598 35.0218343196934 36.3253099219833 -0.590205279640901 0.806134079918441 -0.0424903696580093 0.796569389419926 0.573051610139859 -0.192584883228487 -0.0862369404408583 0.395890603332828 -0.292679348844245 -0.89496126364885 0.169691505147451 0.0597200242893804
26.3788099947416 35.2431299076807 35.8732323643638 -0.135538931330222 0.746215518510982 0.651760240723191 0.8685716247221 0.405979882156072 -0.284189250787502 -0.485966632081215 0.0885166750011385 0.544313718110357 -0.164811439542291 -0.194433849289731 0.0322934655972233
26.5457723788562 35.8613067987482 35.3376821157521 -0.40029896344674 0.65879285683641 -0.636987139145816 -0.87838630031819 -0.077754459792743 0.471584194812934 0.0017554944394752 -0.177468575149827 0.0490232393348806 -0.393607453755841 0.296896838581685 0.221870926864915
26.3124422507906 36.5502626552904 35.5921101538214 -0.511507979304092 0.665367272278156 -0.543733234481139 -0.285368124688949 -0.728402514893863 -0.62289216706532 0.222655576589127 0.173676939322833 0.467323909818058 0.241481740553337 0.0117588108265081 -0.0266612225950171
27.4108508094408 36.2502376352676 36.145487707044 0.690835612072948 0.669838326832054 0.272144482959559 -0.687776296595358 0.724909788913035 -0.0383327868542495 0.342967833789714 0.147559288509999 -0.427223916319862 -0.153460366885121 0.223390643615642 -0.325570138695317
27.1106176507226 36.4552483180245 36.4298747814167 0.616891485156501 0.639183345033708 -0.459226990771129 -0.727898623756083 0.68526425243397 -0.0240076111701957 -0.339269374117049 0.152211621180478 0.229687366535686 0.0335301786221631 0.130454942445826 0.00464165440715727
27.1043115997977 36.9108584675662 36.5943942139799 0.0281502928940686 0.242784130217047 -0.96967174790823 -0.682703372853234 0.713239929969884 0.158759968887058 -0.0419389604399909 0.337343629759966 -0.359526332087802 -0.028442152675914 0.22311287911196 -0.0197807349409557
27.1007197181777 36.0535820616372 37.8298253717621 -0.197418689500059 -0.569969617188984 0.797596655226828 0.663774797710033 -0.676445805317689 -0.319098680131201 -0.139638483354795 0.498810509611362 0.00500192706006459 -0.0996605776131509 -0.129983698194639 -0.12948967753605
27.1364056627962 37.2430989042212 38.0167424574537 -0.0221144659090206 0.472366392800092 0.881124745924254 0.480877095199142 0.777717435285394 -0.404861264617696 -0.06280792871635 -0.296727412013655 0.447738116674047 0.492397446262699 -0.00959075260077398 0.400331961548515
27.0256530742345 37.9546230684366 36.980689430429 -0.293092046478201 0.720115603165524 -0.62891208018087 0.794823096512894 0.549110182540455 0.258329471764193 0.0524546664727006 0.227971007784368 -0.56459287788133 0.335267187575377 0.435957922460129 -0.103918365845933
27.3367284898327 38.1432333751278 36.7360859041875 -0.302262502902846 0.930520440335965 0.206806521132089 0.951660257826691 0.282154224824713 0.12137395250686 0.248318454916666 -0.342822394219746 -0.60879539722867 0.261964545761755 -0.214085900180726 0.308619664829244
27.6920981734654 38.4408391141239 36.6249591127389 -0.221617671299197 0.128483465377995 0.966632031041626 0.961497097031555 -0.136407036859065 0.238571441970602 0.450329563117225 -0.273689409373187 0.149318006975809 -0.256386878552653 -0.276044437867554 0.00784986494690233
28.1496148833162 38.5445889056144 36.7879828726928 -0.42083523643211 -0.528453211007725 0.737315896599169 0.863088612640903 0.016946410417214 0.504768006312432 0.0969674145575869 0.0437422682786549 0.0295961452617023 0.04040436229197 -0.267726945101473 0.234524226065609
28.4257636209571 38.7085303725267 37.0996240842354 -0.00642117346346209 -0.994205194822477 0.107306075095511 0.84737179863688 0.0515678868127371 0.528490002072 -0.30862064395123 -0.139128608335492 0.0929546697947614 -0.421491975065424 0.376710850964003 -0.292580077182085
28.3592430064304 39.5196114808995 37.3927572550323 -0.863383956450629 -0.0608101394066957 -0.500869409671049 0.359434490316052 -0.770798314584965 -0.526000600929692 -0.241748392397952 0.726408240867865 -0.36810292934375 -0.0813581799642628 0.27317478293853 -0.0126444179480681
29.0214544253489 38.9991034793516 38.3045121634317 -0.359546142653409 -0.349748022372773 0.865102778117188 -0.279605661039349 -0.844120557213424 -0.45747242891909 0.293365982693163 -0.368928488202526 0.182163055410138 -0.431157878148046 0.00650140049241468 0.209945814344743
