t = 0
b =  30.0 30.0 30.0
E = 0. 0. 0.
18.824086313666207 29.557738629859298 6.178748837434917 0.46536589675265383 -0.32459998093445247 0.8234497158399847 0.26880152095146886 0.9382176072739865 0.2179299514414042 0.0 0.0 0.0 0.0 0.0 0.0
18.685197256714716 29.928617971585382 6.541851365460144 0.8714624054541631 -0.3332615949035305 0.3598471692849603 0.26880152095146886 0.9382176072739865 0.2179299514414042 0.0 0.0 0.0 0.0 0.0 0.0
18.744958082507107 30.22353032226712 6.986981067046485 0.9464757762492055 -0.21531155713202393 -0.2404673332052541 0.26880152095146886 0.9382176072739865 0.2179299514414042 0.0 0.0 0.0 0.0 0.0 0.0
19.020468091276406 30.469362396725824 7.377296232462372 0.6619071754160661 -0.01556105898879636 -0.7494242754113799 0.26880152095146886 0.9382176072739865 0.2179299514414042 0.0 0.0 0.0 0.0 0.0 0.0
19.446859861508738 30.7116473272984 7.596780110717567 0.1258689721445415 0.19010134563130707 -0.9736624056830183 0.26880152095146886 0.9382176072739865 0.2179299514414042 0.0 0.0 0.0 0.0 0.0 0.0
19.901943467901887 30.997265865589185 7.594317612960988 -0.4579889580616849 0.3235410707210708 -0.8279899092683646 0.26880152095146886 0.9382176072739865 0.2179299514414042 0.0 0.0 0.0 0.0 0.0 0.0
20.252628476894234 31.356635601131067 7.403114789333944 -0.8678492259332375 0.33406213372566385 -0.36775020306960554 0.26880152095146886 0.9382176072739865 0.2179299514414042 0.0 0.0 0.0 0.0 0.0 0.0
20.405487227528187 31.792154810567 7.128083295345908 -0.9479990632074631 0.21766740690684844 0.2322039537308087 0.26880152095146886 0.9382176072739865 0.2179299514414042 0.0 0.0 0.0 0.0 0.0 0.0
20.342249561875164 32.27729131225626 6.905982699917117 -0.6679882066700651 0.018577192999148374 0.7439399462658135 0.26880152095146886 0.9382176072739865 0.2179299514414042 0.0 0.0 0.0 0.0 0.0 0.0
20.126743963493418 32.7666624856742 6.8534632386477226 -0.13419746225146684 -0.18757080712303184 0.973040715201825 0.26880152095146886 0.9382176072739865 0.2179299514414042 0.0 0.0 0.0 0.0 0.0 0.0
19.880648049368926 33.213276887706535 7.022748439025354 0.45057714173838304 -0.3224575216025138 0.8324670480594604 0.26880152095146886 0.9382176072739865 0.2179299514414042 0.0 0.0 0.0 0.0 0.0 0.0
19.737261208881126 33.58638708754343 7.381794529201751 0.8641699563337423 -0.3348372324229401 0.3756252312524842 0.26880152095146886 0.9382176072739865 0.2179299514414042 0.0 0.0 0.0 0.0 0.0 0.0
19.79086193713075 33.88317112971385 7.826464402661218 0.9494501563667299 -0.22000668046590363 -0.22392289102627272 0.26880152095146886 0.9382176072739865 0.2179299514414042 0.0 0.0 0.0 0.0 0.0 0.0
20.06088985839866 34.129804642149544 8.220091046065502 0.6740183680359046 -0.021591912284329207 -0.7383989632130585 0.26880152095146886 0.9382176072739865 0.2179299514414042 0.0 0.0 0.0 0.0 0.0 0.0
20.484560287868373 34.37151627750064 8.445399622571612 0.14251573270207502 0.18502598437158405 -0.972344923902889 0.26880152095146886 0.9382176072739865 0.2179299514414042 0.0 0.0 0.0 0.0 0.0 0.0
20.940717183091788 34.655404591811084 8.449062143079182 -0.44313101222125767 0.3213494160952415 -0.8368807912618192 0.26880152095146886 0.9382176072739865 0.2179299514414042 0.0 0.0 0.0 0.0 0.0 0.0
21.29586235013623 35.01254451563171 8.261957660886129 -0.8604248768463023 0.33558683196859207 -0.38347165411971074 0.26880152095146886 0.9382176072739865 0.2179299514414042 0.0 0.0 0.0 0.0 0.0 0.0
21.45487363943025 35.44618146835884 7.987440803070534 -0.9508289452206437 0.22232919966445053 0.21562477572663247 0.26880152095146886 0.9382176072739865 0.2179299514414042 0.0 0.0 0.0 0.0 0.0 0.0
21.39714344074335 35.93049836914507 7.762075619666468 -0.6799972002934498 0.024604987261792784 0.7328017482204271 0.26880152095146886 0.9382176072739865 0.2179299514414042 0.0 0.0 0.0 0.0 0.0 0.0
21.184407858853415 36.42042397755183 7.703752617826889 -0.15082315002786556 -0.18246707117506944 0.9715750847734113 0.26880152095146886 0.9382176072739865 0.2179299514414042 0.0 0.0 0.0 0.0 0.0 0.0
20.93729213516897 36.8687562113429 7.866900187132062 0.43565113656190035 -0.3202168385857789 0.8412308027518076 0.26880152095146886 0.9382176072739865 0.2179299514414042 0.0 0.0 0.0 0.0 0.0 0.0
20.789483101771594 37.24409500670269 8.221806344393876 0.85661427267322 -0.33631087527771253 0.391288874135805 0.26880152095146886 0.9382176072739865 0.2179299514414042 0.0 0.0 0.0 0.0 0.0 0.0
20.836939318783486 37.5427717274609 8.665906812826867 0.9521353247690947 -0.22463478763366065 -0.20731023976549534 0.26880152095146886 0.9382176072739865 0.2179299514414042 0.0 0.0 0.0 0.0 0.0 0.0
21.10143481303547 37.79024294130988 9.062750905582288 0.6859242481314765 -0.027616188474214497 -0.727148727537511 0.26880152095146886 0.9382176072739865 0.2179299514414042 0.0 0.0 0.0 0.0 0.0 0.0
21.522286761231666 38.031419044127205 9.293841423015765 0.15911908158684634 0.17989426240463463 -0.9707312564396219 0.26880152095146886 0.9382176072739865 0.2179299514414042 0.0 0.0 0.0 0.0 0.0 0.0
7.169759743772145 19.02438312912617 17.862017381808876 0.31188702771649857 0.6233833391615224 -0.7170214044210942 0.7807203358657857 0.2619421907725611 0.5673288692274403 0.0 0.0 0.0 0.0 0.0 0.0
7.700108737681717 18.93832771968182 17.858933020800507 -0.06486831685721245 0.9369679151597781 -0.34334126962724876 0.7807203358657857 0.2619421907725611 0.5673288692274403 0.0 0.0 0.0 0.0 0.0 0.0
8.215670996722602 19.065854175979876 17.77758400657736 -0.41697910331644683 0.8945827149206855 0.16077995385789617 0.7807203358657857 0.2619421907725611 0.5673288692274403 0.0 0.0 0.0 0.0 0.0 0.0
8.636182856042238 19.39730079029219 17.73288478789507 -0.6106725569069309 0.5123305846578339 0.6038181847749478 0.7807203358657857 0.2619421907725611 0.5673288692274403 0.0 0.0 0.0 0.0 0.0 0.0
8.917491886800098 19.845533177497757 17.825825943431393 -0.5723612962277913 -0.06456450042711445 0.8174557919943066 0.7807203358657857 0.2619421907725611 0.5673288692274403 0.0 0.0 0.0 0.0 0.0 0.0
9.068331142073461 20.27904808479944 18.105106172474102 -0.3166004097411538 -0.6169304523389201 0.7205282767030232 0.7807203358657857 0.2619421907725611 0.5673288692274403 0.0 0.0 0.0 0.0 0.0 0.0
9.14700132398448 20.571933676078725 18.54863084486272 0.059442265682720374 -0.934914210880057 0.3498600225018919 0.7807203358657857 0.2619421907725611 0.5673288692274403 0.0 0.0 0.0 0.0 0.0 0.0
9.23922137222823 20.651705543570785 19.07190612038901 0.41290183055204494 -0.8977084297758164 -0.15372590359535193 0.7807203358657857 0.2619421907725611 0.5673288692274403 0.0 0.0 0.0 0.0 0.0 0.0
9.425562405738292 20.526844746249008 19.56013957135374 0.6094930866441806 -0.519448207315187 -0.5989087887566743 0.7807203358657857 0.2619421907725611 0.5673288692274403 0.0 0.0 0.0 0.0 0.0 0.0
9.750837407526623 20.283575713725273 19.9118517450767 0.5745277289392023 0.056159073815372246 -0.8165562118483705 0.7807203358657857 0.2619421907725611 0.5673288692274403 0.0 0.0 0.0 0.0 0.0 0.0
10.207076023204186 20.0531081438448 20.077429904615844 0.3212896814188375 0.6104305838738284 -0.7239802779670436 0.7807203358657857 0.2619421907725611 0.5673288692274403 0.0 0.0 0.0 0.0 0.0 0.0
10.736552631870568 19.961788244765593 20.077976737012328 -0.054011687749557835 0.9327893092635097 -0.3563521321812843 0.7807203358657857 0.2619421907725611 0.5673288692274403 0.0 0.0 0.0 0.0 0.0 0.0
11.253717274614958 20.08309769808326 19.99729308966545 -0.4087931137146334 0.9007657806584001 0.14666014651007409 0.7807203358657857 0.2619421907725611 0.5673288692274403 0.0 0.0 0.0 0.0 0.0 0.0
11.677697514225402 20.409736739444643 19.950040627330218 -0.6082672011231351 0.5265262719804273 0.5939537835153665 0.7807203358657857 0.2619421907725611 0.5673288692274403 0.0 0.0 0.0 0.0 0.0 0.0
11.963023226200676 20.85639746107114 20.038179948636092 -0.5766504091396814 -0.04774937047273067 0.8155944477854753 0.7807203358657857 0.2619421907725611 0.5673288692274403 0.0 0.0 0.0 0.0 0.0 0.0
12.116901459268226 21.292173712195943 20.31223404997738 -0.3259544856433588 -0.6038842287563969 0.7273771453298924 0.7807203358657857 0.2619421907725611 0.5673288692274403 0.0 0.0 0.0 0.0 0.0 0.0
12.1964783570772 21.59029453437448 20.752093794483574 0.04857699661725723 -0.9305933721296216 0.362817104266137 0.7807203358657857 0.2619421907725611 0.5673288692274403 0.0 0.0 0.0 0.0 0.0 0.0
12.287128382793556 21.676286568094906 21.27465770932329 0.4046532656989046 -0.9037545347393305 -0.13958322068682238 0.7807203358657857 0.2619421907725611 0.5673288692274403 0.0 0.0 0.0 0.0 0.0 0.0
12.47001913315841 21.556267727184824 21.765403624615452 0.6069949936997211 -0.5335642396315272 -0.5889535463938593 0.7807203358657857 0.2619421907725611 0.5673288692274403 0.0 0.0 0.0 0.0 0.0 0.0
12.791274411436241 21.314622901062116 22.121897560475684 0.5787291751789106 0.039336030830658175 -0.8145705730476798 0.7807203358657857 0.2619421907725611 0.5673288692274403 0.0 0.0 0.0 0.0 0.0 0.0
13.244451023405844 21.081944724404963 22.292710108579197 0.3305944671718132 0.5972918855169127 -0.7307186201069699 0.7807203358657857 0.2619421907725611 0.5673288692274403 0.0 0.0 0.0 0.0 0.0 0.0
13.772986654569431 20.985419251845208 22.296955324237235 -0.04313860615859186 0.9283265667075067 -0.3692544464237969 0.7807203358657857 0.2619421907725611 0.5673288692274403 0.0 0.0 0.0 0.0 0.0 0.0
14.291688839101809 21.100505849376265 22.21702897721436 -0.4004826017703149 0.9066744644134122 0.13249566506089622 0.7807203358657857 0.2619421907725611 0.5673288692274403 0.0 0.0 0.0 0.0 0.0 0.0
14.71910100195944 21.422268919598913 22.167305021211096 -0.6056765612574609 0.540561574300001 0.583908458179567 0.7807203358657857 0.2619421907725611 0.5673288692274403 0.0 0.0 0.0 0.0 0.0 0.0
15.008449173620795 21.86725301769204 22.25068301662257 -0.5807638687508097 -0.030919695597542513 0.8134846656070076 0.7807203358657857 0.2619421907725611 0.5673288692274403 0.0 0.0 0.0 0.0 0.0 0.0
