        0.0000  -1.014680   0.306620  -0.708060 
        0.5000  -0.728347   1.787795   1.059448 
        1.0000  -0.532445   4.894233   4.361788 
        1.5000  -0.428818   5.341339   4.912521 
        2.0000  -0.440571   2.647583   2.207012 
        2.5000  -0.350674   0.697739   0.347066 
        3.0000  -0.373593   2.700694   2.327101 
        3.5000  -0.434041   4.917930   4.483890 
        4.0000  -0.465790   4.094242   3.628452 
        4.5000  -0.467314   1.329991   0.862677 
        5.0000  -0.422848   0.898278   0.475429 
        5.5000  -0.384171   3.308439   2.924269 
        6.0000  -0.384934   4.455817   4.070883 
        6.5000  -0.378126   2.948489   2.570363 
        7.0000  -0.362119   0.928900   0.566781 
        7.5000  -0.338669   1.564609   1.225940 
        8.0000  -0.375675   3.671590   3.295915 
        8.5000  -0.342683   3.558850   3.216167 
        9.0000  -0.390631   1.740801   1.350170 
        9.5000  -0.348904   0.630098   0.281194 
       10.0000  -0.393241   2.084889   1.691648 
       10.5000  -0.350050   5.035364   4.685315 
       11.0000  -0.324186   3.782133   3.457948 
       11.5000  -0.363304   1.695177   1.331872 
       12.0000  -0.347842   1.938662   1.590820 
       12.5000  -0.327128   3.969740   3.642612 
       13.0000  -0.347401   4.270410   3.923009 
       13.5000  -0.363917   2.711035   2.347117 
       14.0000  -0.360208   1.361398   1.001190 
       14.5000  -0.371381   2.288848   1.917468 
       15.0000  -0.340108   3.765043   3.424934 
       15.5000  -0.334449   3.504255   3.169806 
       16.0000  -0.350382   1.909385   1.559003 
       16.5000  -0.343938   1.290611   0.946673 
       17.0000  -0.386264   2.660118   2.273854 
       17.5000  -0.354553   3.659907   3.305354 
       18.0000  -0.373805   2.630897   2.257092 
       18.5000  -0.356751   1.125831   0.769080 
       19.0000  -0.358078   1.420968   1.062890 
       19.5000  -0.366854   2.902260   2.535406 
       20.0000  -0.409246   3.221003   2.811757 
       20.5000  -0.353512   1.846009   1.492497 
       21.0000  -0.393126   1.014576   0.621450 
       21.5000  -0.424295   1.866426   1.442131 
       22.0000  -0.368810   2.571004   2.202194 
       22.5000  -0.365013   2.472445   2.107432 
       23.0000  -0.253588   1.947193   1.693604 
       23.5000  -0.247182   1.643089   1.395907 
       24.0000  -0.161471   1.758113   1.596643 
       24.5000  -0.157908   2.202866   2.044958 
       25.0000  -0.143973   2.079209   1.935236 
       25.5000  -0.135313   1.666730   1.531416 
       26.0000  -0.116691   1.387025   1.270334 
       26.5000  -0.107865   1.629613   1.521748 
       27.0000  -0.132762   2.022685   1.889923 
       27.5000  -0.108342   1.807216   1.698874 
       28.0000  -0.119505   1.399373   1.279868 
       28.5000  -0.121947   1.270818   1.148871 
       29.0000  -0.102210   1.601148   1.498938 
       29.5000  -0.129699   1.950107   1.820408 
       30.0000  -0.132831   1.684628   1.551797 
       30.5000  -0.091175   1.217276   1.126101 
       31.0000  -0.115405   1.246285   1.130880 
       31.5000  -0.133791   1.646081   1.512290 
       32.0000  -0.120252   1.807493   1.687241 
       32.5000  -0.131984   1.487180   1.355196 
       33.0000  -0.168155   1.120476   0.952321 
       33.5000  -0.121788   1.154805   1.033017 
       34.0000  -0.166430   1.630722   1.464292 
       34.5000  -0.125220   1.657177   1.531956 
       35.0000  -0.147344   1.327447   1.180103 
       35.5000  -0.140693   1.006412   0.865720 
       36.0000  -0.184142   1.215301   1.031159 
       36.5000  -0.147785   1.557010   1.409225 
       37.0000  -0.123769   1.518375   1.394607 
       37.5000  -0.187418   1.231858   1.044440 
       38.0000  -0.163619   0.938118   0.774499 
       38.5000  -0.119838   1.123810   1.003972 
       39.0000  -0.137577   1.494854   1.357277 
       39.5000  -0.155875   1.457261   1.301386 
       40.0000  -0.163720   1.090275   0.926555 
       40.5000  -0.128363   0.855296   0.726933 
       41.0000  -0.088875   1.060415   0.971540 
       41.5000  -0.117835   1.380831   1.262996 
       42.0000  -0.130924   1.347992   1.217068 
       42.5000  -0.117218   0.978239   0.861021 
       43.0000  -0.131397   0.813030   0.681633 
       43.5000  -0.123342   1.050928   0.927586 
       44.0000  -0.111057   1.280183   1.169126 
       44.5000  -0.147440   1.232818   1.085378 
       45.0000  -0.108691   0.885404   0.776713 
       45.5000  -0.106997   0.725617   0.618620 
       46.0000  -0.112399   0.945261   0.832862 
       46.5000  -0.109303   1.186599   1.077296 
       47.0000  -0.125125   1.137963   1.012838 
       47.5000  -0.135490   0.921627   0.786137 
       48.0000  -0.105950   0.802526   0.696576 
       48.5000  -0.151869   1.031617   0.879748 
       49.0000  -0.152255   1.161437   1.009182 
       49.5000  -0.127006   1.091119   0.964113 
       50.0000  -0.130869   0.827046   0.696177 
       50.5000  -0.110262   0.689083   0.578820 
       51.0000  -0.156318   0.946610   0.790292 
       51.5000  -0.163563   1.131945   0.968382 
       52.0000  -0.117286   1.016899   0.899613 
       52.5000  -0.136548   0.809556   0.673008 
       53.0000  -0.131245   0.699786   0.568542 
       53.5000  -0.162361   0.899160   0.736799 
       54.0000  -0.148510   1.027942   0.879432 
       54.5000  -0.129629   0.990973   0.861344 
       55.0000  -0.117728   0.757252   0.639524 
       55.5000  -0.139099   0.677801   0.538702 
       56.0000  -0.135655   0.804425   0.668770 
       56.5000  -0.159028   0.955878   0.796851 
       57.0000  -0.139990   0.899797   0.759807 
       57.5000  -0.178629   0.752030   0.573401 
       58.0000  -0.183149   0.619199   0.436051 
       58.5000  -0.156472   0.695779   0.539308 
       59.0000  -0.185786   0.860123   0.674337 
       59.5000  -0.167530   0.832630   0.665100 
       60.0000  -0.178171   0.724983   0.546812 
       60.5000  -0.199638   0.626406   0.426768 
       61.0000  -0.173955   0.654849   0.480894 
       61.5000  -0.195649   0.795133   0.599485 
       62.0000  -0.207287   0.825242   0.617955 
       62.5000  -0.196297   0.745867   0.549571 
       63.0000  -0.217794   0.698436   0.480642 
       63.5000  -0.156979   0.655156   0.498177 
       64.0000  -0.093558   0.647350   0.553792 
       64.5000  -0.124339   0.710498   0.586159 
       65.0000  -0.087139   0.667402   0.580262 
       65.5000  -0.123691   0.682781   0.559090 
       66.0000  -0.104751   0.628415   0.523664 
       66.5000  -0.138602   0.653291   0.514688 
       67.0000  -0.111317   0.640421   0.529105 
       67.5000  -0.142673   0.676560   0.533887 
       68.0000  -0.151885   0.667460   0.515575 
       68.5000  -0.124514   0.613929   0.489415 
       69.0000  -0.128824   0.599271   0.470448 
       69.5000  -0.143722   0.650444   0.506721 
       70.0000  -0.122819   0.653109   0.530290 
       70.5000  -0.135777   0.661622   0.525845 
       71.0000  -0.107916   0.601844   0.493928 
       71.5000  -0.163711   0.620227   0.456516 
       72.0000  -0.112621   0.556300   0.443679 
       72.5000  -0.149009   0.641171   0.492161 
       73.0000  -0.135611   0.636965   0.501354 
       73.5000  -0.131909   0.637175   0.505266 
       74.0000  -0.130389   0.599961   0.469571 
       74.5000  -0.109010   0.561999   0.452989 
       75.0000  -0.163893   0.634694   0.470801 
       75.5000  -0.138831   0.637939   0.499108 
       76.0000  -0.122122   0.619710   0.497588 
       76.5000  -0.176602   0.648477   0.471876 
       77.0000  -0.120350   0.574182   0.453832 
       77.5000  -0.144845   0.581308   0.436463 
       78.0000  -0.156711   0.611020   0.454309 
       78.5000  -0.152529   0.618158   0.465628 
       79.0000  -0.171285   0.633718   0.462433 
       79.5000  -0.171124   0.602486   0.431362 
       80.0000  -0.177087   0.585719   0.408632 
       80.5000  -0.130121   0.555625   0.425505 
       81.0000  -0.182142   0.629598   0.447456 
       81.5000  -0.144291   0.596642   0.452351 
       82.0000  -0.188784   0.629656   0.440872 
       82.5000  -0.163854   0.559407   0.395553 
       83.0000  -0.192141   0.573561   0.381420 
       83.5000  -0.223523   0.616280   0.392757 
       84.0000  -0.225801   0.631695   0.405894 
       84.5000  -0.201960   0.604515   0.402555 
       85.0000  -0.181471   0.564206   0.382734 
       85.5000  -0.194299   0.546979   0.352680 
       86.0000  -0.208629   0.540874   0.332245 
       86.5000  -0.230770   0.578516   0.347746 
       87.0000  -0.218458   0.571319   0.352861 
       87.5000  -0.218613   0.549664   0.331051 
       88.0000  -0.186702   0.480272   0.293569 
       88.5000  -0.223652   0.517887   0.294235 
       89.0000  -0.224243   0.527484   0.303241 
       89.5000  -0.230441   0.526792   0.296351 
       90.0000  -0.201203   0.506864   0.305661 
       90.5000  -0.164299   0.474572   0.310273 
       91.0000  -0.179536   0.490757   0.311221 
       91.5000  -0.173946   0.479994   0.306048 
       92.0000  -0.147049   0.447033   0.299984 
       92.5000  -0.162942   0.456593   0.293651 
       93.0000  -0.177213   0.463142   0.285930 
       93.5000  -0.183272   0.453880   0.270609 
       94.0000  -0.243729   0.496719   0.252990 
       94.5000  -0.245366   0.501861   0.256495 
       95.0000  -0.222908   0.505365   0.282458 
       95.5000  -0.171309   0.448718   0.277409 
       96.0000  -0.216381   0.489886   0.273505 
       96.5000  -0.215291   0.464438   0.249147 
       97.0000  -0.214001   0.460758   0.246757 
       97.5000  -0.184281   0.438541   0.254260 
       98.0000  -0.219546   0.486945   0.267399 
       98.5000  -0.206294   0.468121   0.261827 
       99.0000  -0.204424   0.446236   0.241812 
       99.5000  -0.161347   0.400338   0.238991 
      100.0000  -0.128313   0.376603   0.248290 
      100.5000  -0.195092   0.460255   0.265163 
      101.0000  -0.169538   0.434236   0.264698 
      101.5000  -0.214579   0.470827   0.256248 
      102.0000  -0.206760   0.439615   0.232854 
      102.5000  -0.216640   0.452659   0.236019 
      103.0000  -0.209202   0.472821   0.263619 
      103.5000  -0.218753   0.475624   0.256871 
      104.0000  -0.239747   0.493658   0.253911 
      104.5000  -0.204891   0.446558   0.241666 
      105.0000  -0.221525   0.455126   0.233601 
      105.5000  -0.205635   0.443779   0.238144 
      106.0000  -0.259682   0.488779   0.229098 
      106.5000  -0.275817   0.506523   0.230706 
      107.0000  -0.264870   0.480704   0.215834 
      107.5000  -0.286626   0.475215   0.188590 
      108.0000  -0.239995   0.439041   0.199045 
      108.5000  -0.280052   0.471663   0.191611 
      109.0000  -0.296630   0.484554   0.187924 
      109.5000  -0.292049   0.484556   0.192507 
      110.0000  -0.272298   0.462497   0.190199 
      110.5000  -0.317442   0.516626   0.199184 
      111.0000  -0.320279   0.507752   0.187473 
      111.5000  -0.322235   0.498085   0.175850 
      112.0000  -0.297516   0.468027   0.170511 
      112.5000  -0.273649   0.439613   0.165964 
      113.0000  -0.323878   0.490161   0.166282 
      113.5000  -0.261674   0.432661   0.170987 
      114.0000  -0.255605   0.414914   0.159309 
      114.5000  -0.275746   0.413592   0.137846 
      115.0000  -0.264907   0.404029   0.139123 
      115.5000  -0.312213   0.456933   0.144720 
      116.0000  -0.293050   0.440072   0.147022 
      116.5000  -0.295414   0.447152   0.151737 
      117.0000  -0.233505   0.369196   0.135691 
      117.5000  -0.289328   0.435035   0.145707 
      118.0000  -0.224889   0.365705   0.140816 
      118.5000  -0.247357   0.390006   0.142649 
      119.0000  -0.274949   0.406357   0.131409 
      119.5000  -0.262517   0.389208   0.126692 
      120.0000  -0.277729   0.395745   0.118016 
      120.5000  -0.316319   0.428794   0.112475 
      121.0000  -0.231012   0.347299   0.116288 
      121.5000  -0.310291   0.412672   0.102381 
      122.0000  -0.293011   0.386627   0.093617 
      122.5000  -0.269723   0.358570   0.088847 
      123.0000  -0.306578   0.392576   0.085999 
      123.5000  -0.276744   0.370347   0.093603 
      124.0000  -0.261101   0.349330   0.088229 
      124.5000  -0.276707   0.356641   0.079934 
      125.0000  -0.287096   0.370484   0.083387 
      125.5000  -0.297763   0.383605   0.085842 
      126.0000  -0.273367   0.357450   0.084083 
      126.5000  -0.277442   0.365228   0.087786 
      127.0000  -0.279963   0.367365   0.087402 
      127.5000  -0.288826   0.379490   0.090665 
      128.0000  -0.300026   0.385594   0.085568 
      128.5000  -0.265028   0.346726   0.081698 
      129.0000  -0.303658   0.365480   0.061822 
      129.5000  -0.270717   0.330905   0.060188 
      130.0000  -0.274798   0.347543   0.072745 
      130.5000  -0.275911   0.342186   0.066275 
      131.0000  -0.290434   0.345449   0.055015 
      131.5000  -0.257199   0.315758   0.058558 
      132.0000  -0.237340   0.304826   0.067486 
      132.5000  -0.275399   0.332889   0.057490 
      133.0000  -0.263825   0.319036   0.055211 
      133.5000  -0.294200   0.341533   0.047333 
      134.0000  -0.268125   0.321933   0.053808 
      134.5000  -0.282662   0.344650   0.061988 
      135.0000  -0.280048   0.342394   0.062346 
      135.5000  -0.299005   0.367682   0.068678 
      136.0000  -0.285426   0.350665   0.065239 
      136.5000  -0.268440   0.318111   0.049671 
      137.0000  -0.292889   0.346656   0.053767 
      137.5000  -0.272399   0.332183   0.059784 
      138.0000  -0.282709   0.341924   0.059215 
      138.5000  -0.261352   0.326396   0.065044 
      139.0000  -0.294073   0.347161   0.053088 
      139.5000  -0.281127   0.334737   0.053610 
      140.0000  -0.291350   0.342444   0.051094 
      140.5000  -0.296264   0.344794   0.048531 
      141.0000  -0.265885   0.302433   0.036548 
      141.5000  -0.271908   0.303766   0.031858 
      142.0000  -0.294759   0.319025   0.024266 
      142.5000  -0.286566   0.311233   0.024667 
      143.0000  -0.317247   0.327222   0.009975 
      143.5000  -0.311387   0.326078   0.014691 
      144.0000  -0.317782   0.333782   0.016000 
      144.5000  -0.321707   0.337265   0.015558 
      145.0000  -0.334316   0.346887   0.012572 
      145.5000  -0.305779   0.316026   0.010247 
      146.0000  -0.307658   0.318021   0.010363 
      146.5000  -0.322600   0.334637   0.012038 
      147.0000  -0.300138   0.310424   0.010286 
      147.5000  -0.315077   0.329495   0.014417 
      148.0000  -0.329996   0.349392   0.019396 
      148.5000  -0.321531   0.335584   0.014053 
      149.0000  -0.322908   0.333778   0.010871 
      149.5000  -0.319752   0.304777  -0.014975 
      150.0000  -0.353594   0.331976  -0.021618 
      150.5000  -0.314327   0.291337  -0.022990 
      151.0000  -0.317558   0.299214  -0.018344 
      151.5000  -0.332151   0.327630  -0.004521 
      152.0000  -0.365277   0.360400  -0.004878 
      152.5000  -0.404631   0.396527  -0.008104 
      153.0000  -0.345928   0.332223  -0.013705 
      153.5000  -0.370319   0.355139  -0.015179 
      154.0000  -0.343780   0.327615  -0.016165 
      154.5000  -0.328504   0.307565  -0.020938 
      155.0000  -0.365624   0.341394  -0.024230 
      155.5000  -0.365551   0.352588  -0.012963 
      156.0000  -0.366843   0.348993  -0.017850 
      156.5000  -0.350169   0.318096  -0.032072 
      157.0000  -0.377572   0.348075  -0.029497 
      157.5000  -0.379740   0.363058  -0.016683 
      158.0000  -0.347989   0.339116  -0.008873 
      158.5000  -0.360353   0.359706  -0.000646 
      159.0000  -0.345749   0.331968  -0.013781 
      159.5000  -0.362657   0.346056  -0.016601 
      160.0000  -0.366332   0.343867  -0.022464 
      160.5000  -0.399130   0.375910  -0.023219 
      161.0000  -0.399931   0.376170  -0.023761 
      161.5000  -0.348184   0.320844  -0.027340 
      162.0000  -0.368532   0.335901  -0.032631 
      162.5000  -0.363230   0.325848  -0.037383 
      163.0000  -0.358972   0.324595  -0.034377 
      163.5000  -0.339648   0.310544  -0.029104 
      164.0000  -0.347018   0.325594  -0.021424 
      164.5000  -0.361332   0.335323  -0.026009 
      165.0000  -0.366740   0.343848  -0.022892 
      165.5000  -0.367321   0.335805  -0.031516 
      166.0000  -0.362742   0.328150  -0.034592 
      166.5000  -0.358552   0.325963  -0.032588 
      167.0000  -0.361320   0.319100  -0.042220 
      167.5000  -0.387470   0.341034  -0.046436 
      168.0000  -0.354786   0.296065  -0.058720 
      168.5000  -0.372337   0.314619  -0.057717 
      169.0000  -0.346497   0.271376  -0.075121 
      169.5000  -0.371791   0.295677  -0.076114 
      170.0000  -0.369560   0.294127  -0.075432 
      170.5000  -0.379115   0.308419  -0.070696 
      171.0000  -0.388157   0.322078  -0.066078 
      171.5000  -0.386731   0.316953  -0.069778 
      172.0000  -0.407072   0.332253  -0.074819 
      172.5000  -0.374946   0.293927  -0.081020 
      173.0000  -0.401517   0.314598  -0.086919 
      173.5000  -0.379584   0.302404  -0.077181 
      174.0000  -0.415689   0.339050  -0.076639 
      174.5000  -0.365797   0.293629  -0.072167 
      175.0000  -0.407159   0.337046  -0.070114 
      175.5000  -0.382267   0.293986  -0.088281 
      176.0000  -0.394377   0.310661  -0.083716 
      176.5000  -0.390464   0.304930  -0.085534 
      177.0000  -0.371722   0.285777  -0.085945 
      177.5000  -0.369986   0.284872  -0.085114 
      178.0000  -0.398022   0.302883  -0.095139 
      178.5000  -0.383688   0.288235  -0.095453 
      179.0000  -0.410522   0.320140  -0.090381 
      179.5000  -0.380589   0.283002  -0.097587 
      180.0000  -0.399517   0.293992  -0.105525 
      180.5000  -0.378961   0.277662  -0.101300 
      181.0000  -0.375172   0.270011  -0.105161 
      181.5000  -0.388669   0.279480  -0.109189 
      182.0000  -0.407775   0.295081  -0.112694 
      182.5000  -0.390589   0.277766  -0.112823 
      183.0000  -0.386618   0.263942  -0.122676 
      183.5000  -0.406443   0.282010  -0.124433 
      184.0000  -0.396320   0.263847  -0.132473 
      184.5000  -0.379661   0.253946  -0.125715 
      185.0000  -0.405798   0.285658  -0.120140 
      185.5000  -0.401476   0.278128  -0.123348 
      186.0000  -0.392790   0.274408  -0.118381 
      186.5000  -0.399012   0.288369  -0.110643 
      187.0000  -0.392888   0.283218  -0.109670 
      187.5000  -0.400427   0.297473  -0.102954 
      188.0000  -0.389090   0.291357  -0.097733 
      188.5000  -0.385833   0.285239  -0.100594 
      189.0000  -0.372282   0.269425  -0.102857 
      189.5000  -0.408966   0.305437  -0.103529 
      190.0000  -0.401091   0.290696  -0.110395 
      190.5000  -0.395416   0.289155  -0.106261 
      191.0000  -0.403317   0.297393  -0.105923 
      191.5000  -0.427051   0.314066  -0.112985 
      192.0000  -0.399920   0.290621  -0.109299 
      192.5000  -0.388973   0.276646  -0.112327 
      193.0000  -0.416341   0.307755  -0.108587 
      193.5000  -0.400425   0.297607  -0.102818 
      194.0000  -0.377667   0.273527  -0.104140 
      194.5000  -0.409528   0.305776  -0.103752 
      195.0000  -0.419764   0.317011  -0.102754 
      195.5000  -0.389637   0.270594  -0.119044 
      196.0000  -0.405128   0.286747  -0.118381 
      196.5000  -0.402250   0.287063  -0.115187 
      197.0000  -0.402877   0.285780  -0.117097 
      197.5000  -0.391054   0.270814  -0.120240 
      198.0000  -0.409129   0.292205  -0.116923 
      198.5000  -0.393615   0.277237  -0.116378 
      199.0000  -0.406389   0.295019  -0.111370 
      199.5000  -0.389240   0.275873  -0.113367 
      200.0000  -0.406318   0.288378  -0.117939 
      200.5000  -0.395811   0.280735  -0.115077 
      201.0000  -0.417522   0.304407  -0.113115 
      201.5000  -0.439453   0.328039  -0.111414 
      202.0000  -0.399809   0.290154  -0.109655 
      202.5000  -0.398304   0.287414  -0.110890 
      203.0000  -0.409605   0.307235  -0.102370 
      203.5000  -0.440160   0.339236  -0.100923 
      204.0000  -0.392539   0.291779  -0.100760 
      204.5000  -0.416129   0.315316  -0.100813 
      205.0000  -0.386437   0.284466  -0.101971 
      205.5000  -0.430777   0.328332  -0.102445 
      206.0000  -0.398461   0.299937  -0.098524 
      206.5000  -0.415061   0.314908  -0.100153 
      207.0000  -0.387390   0.286753  -0.100638 
      207.5000  -0.436383   0.346398  -0.089985 
      208.0000  -0.401439   0.313889  -0.087549 
      208.5000  -0.391507   0.308178  -0.083329 
      209.0000  -0.405368   0.324231  -0.081137 
      209.5000  -0.420563   0.338554  -0.082009 
      210.0000  -0.369866   0.283923  -0.085944 
      210.5000  -0.385592   0.300719  -0.084873 
      211.0000  -0.350366   0.265228  -0.085137 
      211.5000  -0.388196   0.310009  -0.078186 
      212.0000  -0.387089   0.308966  -0.078123 
      212.5000  -0.403549   0.313500  -0.090049 
      213.0000  -0.411722   0.330206  -0.081516 
      213.5000  -0.372270   0.293153  -0.079117 
      214.0000  -0.416717   0.336876  -0.079842 
      214.5000  -0.409613   0.321492  -0.088120 
      215.0000  -0.418062   0.327570  -0.090492 
      215.5000  -0.427395   0.332769  -0.094627 
      216.0000  -0.423156   0.331850  -0.091306 
      216.5000  -0.401916   0.317618  -0.084297 
      217.0000  -0.414662   0.333617  -0.081045 
      217.5000  -0.416860   0.321466  -0.095394 
      218.0000  -0.440733   0.342213  -0.098519 
      218.5000  -0.442235   0.337721  -0.104514 
      219.0000  -0.425761   0.320836  -0.104925 
      219.5000  -0.412120   0.311683  -0.100437 
      220.0000  -0.403496   0.305695  -0.097801 
      220.5000  -0.424321   0.331232  -0.093089 
      221.0000  -0.421188   0.327087  -0.094102 
      221.5000  -0.402032   0.310482  -0.091551 
      222.0000  -0.422039   0.326914  -0.095125 
      222.5000  -0.393592   0.304630  -0.088962 
      223.0000  -0.443349   0.348980  -0.094369 
      223.5000  -0.456295   0.354164  -0.102131 
      224.0000  -0.421829   0.308553  -0.113275 
      224.5000  -0.431740   0.311855  -0.119885 
      225.0000  -0.416425   0.296371  -0.120054 
      225.5000  -0.473096   0.358573  -0.114523 
      226.0000  -0.403691   0.299038  -0.104653 
      226.5000  -0.454810   0.344318  -0.110492 
      227.0000  -0.419671   0.311923  -0.107748 
      227.5000  -0.439082   0.326502  -0.112580 
      228.0000  -0.479335   0.362088  -0.117247 
      228.5000  -0.451364   0.334285  -0.117079 
      229.0000  -0.467256   0.352265  -0.114991 
      229.5000  -0.442919   0.321152  -0.121767 
      230.0000  -0.462382   0.338669  -0.123714 
      230.5000  -0.472952   0.357347  -0.115605 
      231.0000  -0.445455   0.326288  -0.119167 
      231.5000  -0.469194   0.338647  -0.130547 
      232.0000  -0.483330   0.346415  -0.136915 
      232.5000  -0.472274   0.330826  -0.141449 
      233.0000  -0.502538   0.369280  -0.133258 
      233.5000  -0.506630   0.369475  -0.137155 
      234.0000  -0.486026   0.335253  -0.150773 
      234.5000  -0.516909   0.363807  -0.153103 
      235.0000  -0.515121   0.359777  -0.155344 
      235.5000  -0.499932   0.343930  -0.156002 
      236.0000  -0.516233   0.360745  -0.155488 
      236.5000  -0.502823   0.348099  -0.154724 
      237.0000  -0.513191   0.341407  -0.171784 
      237.5000  -0.482308   0.325711  -0.156597 
      238.0000  -0.492528   0.335121  -0.157407 
      238.5000  -0.486609   0.332476  -0.154133 
      239.0000  -0.487901   0.318190  -0.169711 
      239.5000  -0.462341   0.283605  -0.178737 
      240.0000  -0.510295   0.334247  -0.176048 
      240.5000  -0.497235   0.313935  -0.183300 
      241.0000  -0.491793   0.308886  -0.182906 
      241.5000  -0.499274   0.311023  -0.188251 
      242.0000  -0.484316   0.299909  -0.184408 
      242.5000  -0.489230   0.297666  -0.191564 
      243.0000  -0.487580   0.291157  -0.196424 
      243.5000  -0.499399   0.296171  -0.203229 
      244.0000  -0.500877   0.300976  -0.199901 
      244.5000  -0.483527   0.289649  -0.193879 
      245.0000  -0.521102   0.336192  -0.184910 
      245.5000  -0.527589   0.343077  -0.184512 
      246.0000  -0.493820   0.306919  -0.186901 
      246.5000  -0.492478   0.317654  -0.174824 
      247.0000  -0.506563   0.330024  -0.176539 
      247.5000  -0.491921   0.322350  -0.169571 
      248.0000  -0.519853   0.332770  -0.187083 
      248.5000  -0.500519   0.309273  -0.191246 
      249.0000  -0.538295   0.346856  -0.191439 
      249.5000  -0.493691   0.308984  -0.184707 
      250.0000  -0.529968   0.343140  -0.186828 
      250.5000  -0.501724   0.313344  -0.188380 
      251.0000  -0.526597   0.343649  -0.182948 
      251.5000  -0.528238   0.341455  -0.186783 
      252.0000  -0.549076   0.367494  -0.181581 
      252.5000  -0.523371   0.346246  -0.177125 
      253.0000  -0.503740   0.345548  -0.158192 
      253.5000  -0.534826   0.375143  -0.159682 
      254.0000  -0.524061   0.364726  -0.159335 
      254.5000  -0.522158   0.358456  -0.163702 
      255.0000  -0.550923   0.366971  -0.183952 
      255.5000  -0.548013   0.356474  -0.191539 
      256.0000  -0.574633   0.378356  -0.196278 
      256.5000  -0.540264   0.344955  -0.195309 
      257.0000  -0.552175   0.354015  -0.198160 
      257.5000  -0.535038   0.336124  -0.198914 
      258.0000  -0.545555   0.352660  -0.192895 
      258.5000  -0.522541   0.324948  -0.197592 
      259.0000  -0.542205   0.337755  -0.204450 
      259.5000  -0.536023   0.325562  -0.210462 
      260.0000  -0.581343   0.356364  -0.224978 
      260.5000  -0.577307   0.345866  -0.231441 
      261.0000  -0.569794   0.331947  -0.237847 
      261.5000  -0.574567   0.332870  -0.241697 
      262.0000  -0.561896   0.328395  -0.233501 
      262.5000  -0.558224   0.326272  -0.231952 
      263.0000  -0.553144   0.324507  -0.228637 
      263.5000  -0.567801   0.329212  -0.238589 
      264.0000  -0.559996   0.312910  -0.247086 
      264.5000  -0.551078   0.305898  -0.245180 
      265.0000  -0.550142   0.305452  -0.244690 
      265.5000  -0.536207   0.293548  -0.242658 
      266.0000  -0.555876   0.314133  -0.241743 
      266.5000  -0.562647   0.320774  -0.241873 
      267.0000  -0.576046   0.338233  -0.237813 
      267.5000  -0.564674   0.325391  -0.239282 
      268.0000  -0.595117   0.357436  -0.237681 
      268.5000  -0.541300   0.304701  -0.236599 
      269.0000  -0.560575   0.335734  -0.224841 
      269.5000  -0.548686   0.330081  -0.218605 
      270.0000  -0.571428   0.350137  -0.221291 
      270.5000  -0.556466   0.332727  -0.223739 
      271.0000  -0.571326   0.348655  -0.222670 
      271.5000  -0.555636   0.324698  -0.230937 
      272.0000  -0.561758   0.333345  -0.228413 
      272.5000  -0.572744   0.334062  -0.238681 
      273.0000  -0.625893   0.379452  -0.246441 
      273.5000  -0.560398   0.317876  -0.242522 
      274.0000  -0.588934   0.347195  -0.241739 
      274.5000  -0.552963   0.303885  -0.249078 
      275.0000  -0.568079   0.325419  -0.242660 
      275.5000  -0.570762   0.321998  -0.248764 
      276.0000  -0.574009   0.326793  -0.247216 
      276.5000  -0.533787   0.292666  -0.241121 
      277.0000  -0.553976   0.301913  -0.252063 
      277.5000  -0.546896   0.293248  -0.253648 
      278.0000  -0.573327   0.319643  -0.253684 
      278.5000  -0.559956   0.317105  -0.242852 
      279.0000  -0.554860   0.298453  -0.256408 
      279.5000  -0.553125   0.305195  -0.247930 
      280.0000  -0.570920   0.318265  -0.252655 
      280.5000  -0.548754   0.286514  -0.262240 
      281.0000  -0.584089   0.320052  -0.264037 
      281.5000  -0.560883   0.297920  -0.262963 
      282.0000  -0.566769   0.305936  -0.260833 
      282.5000  -0.567901   0.306716  -0.261185 
      283.0000  -0.560922   0.301017  -0.259905 
      283.5000  -0.564377   0.309034  -0.255343 
      284.0000  -0.588240   0.324666  -0.263573 
      284.5000  -0.573124   0.320908  -0.252217 
      285.0000  -0.563158   0.326553  -0.236605 
      285.5000  -0.564209   0.327770  -0.236438 
      286.0000  -0.577329   0.336639  -0.240689 
      286.5000  -0.549379   0.318043  -0.231337 
      287.0000  -0.559653   0.326874  -0.232779 
      287.5000  -0.576534   0.349155  -0.227379 
      288.0000  -0.543206   0.309126  -0.234079 
      288.5000  -0.562284   0.323026  -0.239258 
      289.0000  -0.560254   0.328799  -0.231455 
      289.5000  -0.535458   0.306188  -0.229269 
      290.0000  -0.551956   0.328899  -0.223057 
      290.5000  -0.563902   0.338718  -0.225184 
      291.0000  -0.520684   0.286235  -0.234449 
      291.5000  -0.548123   0.311692  -0.236431 
      292.0000  -0.505717   0.273472  -0.232245 
      292.5000  -0.545188   0.308139  -0.237049 
      293.0000  -0.514851   0.274938  -0.239912 
      293.5000  -0.560177   0.323044  -0.237133 
      294.0000  -0.546673   0.315256  -0.231417 
      294.5000  -0.560375   0.332566  -0.227809 
      295.0000  -0.512045   0.291215  -0.220830 
      295.5000  -0.543580   0.322375  -0.221206 
      296.0000  -0.557246   0.346795  -0.210452 
      296.5000  -0.528498   0.324596  -0.203902 
      297.0000  -0.552682   0.348383  -0.204298 
      297.5000  -0.555232   0.353564  -0.201668 
      298.0000  -0.510694   0.303991  -0.206703 
      298.5000  -0.562039   0.360195  -0.201844 
      299.0000  -0.511516   0.299951  -0.211565 
      299.5000  -0.528495   0.309450  -0.219044 
      300.0000  -0.562367   0.345050  -0.217317 
      300.5000  -0.534677   0.309787  -0.224890 
      301.0000  -0.544178   0.319210  -0.224968 
      301.5000  -0.535227   0.310917  -0.224310 
      302.0000  -0.551008   0.331936  -0.219072 
      302.5000  -0.561779   0.344566  -0.217214 
      303.0000  -0.522920   0.307387  -0.215533 
      303.5000  -0.537693   0.314201  -0.223492 
      304.0000  -0.572182   0.353769  -0.218413 
      304.5000  -0.555759   0.340794  -0.214965 
      305.0000  -0.563200   0.345897  -0.217303 
      305.5000  -0.521817   0.304830  -0.216988 
      306.0000  -0.570167   0.354132  -0.216035 
      306.5000  -0.529706   0.314086  -0.215619 
      307.0000  -0.545397   0.325359  -0.220038 
      307.5000  -0.521364   0.296254  -0.225110 
      308.0000  -0.567176   0.342276  -0.224901 
      308.5000  -0.581136   0.356263  -0.224873 
      309.0000  -0.517131   0.302258  -0.214873 
      309.5000  -0.522695   0.299842  -0.222853 
      310.0000  -0.539233   0.314932  -0.224301 
      310.5000  -0.561671   0.343792  -0.217879 
      311.0000  -0.549786   0.334900  -0.214886 
      311.5000  -0.536852   0.324169  -0.212683 
      312.0000  -0.555830   0.347803  -0.208026 
      312.5000  -0.564435   0.354884  -0.209551 
      313.0000  -0.582481   0.356973  -0.225508 
      313.5000  -0.583295   0.366656  -0.216639 
      314.0000  -0.580706   0.374083  -0.206622 
      314.5000  -0.554073   0.351376  -0.202697 
      315.0000  -0.566734   0.355895  -0.210838 
      315.5000  -0.557176   0.345082  -0.212094 
      316.0000  -0.593492   0.370755  -0.222737 
      316.5000  -0.608688   0.382799  -0.225888 
      317.0000  -0.553841   0.334026  -0.219815 
      317.5000  -0.542131   0.319969  -0.222162 
      318.0000  -0.554386   0.330356  -0.224030 
      318.5000  -0.568672   0.342195  -0.226476 
      319.0000  -0.583533   0.359795  -0.223738 
      319.5000  -0.604267   0.371369  -0.232898 
      320.0000  -0.550346   0.317346  -0.233000 
      320.5000  -0.539554   0.310973  -0.228581 
      321.0000  -0.546010   0.328836  -0.217175 
      321.5000  -0.541704   0.325980  -0.215724 
      322.0000  -0.558974   0.340848  -0.218126 
      322.5000  -0.545965   0.330852  -0.215113 
      323.0000  -0.545866   0.326675  -0.219191 
      323.5000  -0.502390   0.273647  -0.228743 
      324.0000  -0.542784   0.309320  -0.233464 
      324.5000  -0.538442   0.303248  -0.235194 
      325.0000  -0.554349   0.313717  -0.240632 
      325.5000  -0.568979   0.330391  -0.238588 
      326.0000  -0.554560   0.312059  -0.242501 
      326.5000  -0.587024   0.340456  -0.246567 
      327.0000  -0.565912   0.305174  -0.260738 
      327.5000  -0.570508   0.312309  -0.258199 
      328.0000  -0.579355   0.328874  -0.250482 
      328.5000  -0.577204   0.322509  -0.254694 
      329.0000  -0.578778   0.323425  -0.255353 
      329.5000  -0.540179   0.276952  -0.263228 
      330.0000  -0.601242   0.338332  -0.262910 
      330.5000  -0.570811   0.309554  -0.261257 
      331.0000  -0.579704   0.318303  -0.261401 
      331.5000  -0.581072   0.326845  -0.254227 
      332.0000  -0.578100   0.318940  -0.259160 
      332.5000  -0.547847   0.285585  -0.262262 
      333.0000  -0.554359   0.286095  -0.268264 
      333.5000  -0.586146   0.318561  -0.267585 
      334.0000  -0.590777   0.327460  -0.263318 
      334.5000  -0.586726   0.318822  -0.267904 
      335.0000  -0.586494   0.326264  -0.260230 
      335.5000  -0.572750   0.302430  -0.270320 
      336.0000  -0.578360   0.313700  -0.264659 
      336.5000  -0.567748   0.307132  -0.260616 
      337.0000  -0.531029   0.276974  -0.254055 
      337.5000  -0.568607   0.322240  -0.246368 
      338.0000  -0.524821   0.284723  -0.240098 
      338.5000  -0.568007   0.331006  -0.237002 
      339.0000  -0.549999   0.320927  -0.229072 
      339.5000  -0.556409   0.335192  -0.221217 
      340.0000  -0.579623   0.355708  -0.223915 
      340.5000  -0.552899   0.325253  -0.227645 
      341.0000  -0.542284   0.320231  -0.222053 
      341.5000  -0.562573   0.344131  -0.218441 
      342.0000  -0.553954   0.330112  -0.223842 
      342.5000  -0.543592   0.319222  -0.224370 
      343.0000  -0.554332   0.325279  -0.229053 
      343.5000  -0.526378   0.295892  -0.230486 
      344.0000  -0.570491   0.342675  -0.227816 
      344.5000  -0.549540   0.316743  -0.232797 
      345.0000  -0.562442   0.335534  -0.226908 
      345.5000  -0.555382   0.319501  -0.235881 
      346.0000  -0.572016   0.333945  -0.238071 
      346.5000  -0.559538   0.325471  -0.234067 
      347.0000  -0.567513   0.339702  -0.227811 
      347.5000  -0.603631   0.363650  -0.239981 
      348.0000  -0.577784   0.335956  -0.241828 
      348.5000  -0.563209   0.313073  -0.250136 
      349.0000  -0.591237   0.339939  -0.251298 
      349.5000  -0.596253   0.356438  -0.239815 
      350.0000  -0.578048   0.328698  -0.249350 
      350.5000  -0.579031   0.331401  -0.247631 
      351.0000  -0.579812   0.327633  -0.252179 
      351.5000  -0.589738   0.350013  -0.239725 
      352.0000  -0.570107   0.326576  -0.243531 
      352.5000  -0.580305   0.328863  -0.251442 
      353.0000  -0.564828   0.316606  -0.248222 
      353.5000  -0.563738   0.313025  -0.250712 
      354.0000  -0.621798   0.378608  -0.243190 
      354.5000  -0.586843   0.332973  -0.253870 
      355.0000  -0.556865   0.307254  -0.249611 
      355.5000  -0.576616   0.326541  -0.250075 
      356.0000  -0.585856   0.338293  -0.247563 
      356.5000  -0.595322   0.347967  -0.247355 
      357.0000  -0.588995   0.339239  -0.249756 
      357.5000  -0.566051   0.317477  -0.248574 
      358.0000  -0.574114   0.321311  -0.252804 
      358.5000  -0.596846   0.346836  -0.250010 
      359.0000  -0.537184   0.272995  -0.264190 
      359.5000  -0.583839   0.311870  -0.271968 
      360.0000  -0.579616   0.307475  -0.272142 
      360.5000  -0.562262   0.296117  -0.266145 
      361.0000  -0.587033   0.326721  -0.260312 
      361.5000  -0.566953   0.317265  -0.249688 
      362.0000  -0.560972   0.316844  -0.244128 
      362.5000  -0.572065   0.331687  -0.240379 
      363.0000  -0.582303   0.340742  -0.241561 
      363.5000  -0.558205   0.317403  -0.240802 
      364.0000  -0.581414   0.345698  -0.235715 
      364.5000  -0.581971   0.333091  -0.248880 
      365.0000  -0.568582   0.323194  -0.245389 
      365.5000  -0.595897   0.351311  -0.244586 
      366.0000  -0.560408   0.321411  -0.238997 
      366.5000  -0.590953   0.347912  -0.243040 
      367.0000  -0.577990   0.332828  -0.245162 
      367.5000  -0.569844   0.325418  -0.244426 
      368.0000  -0.592213   0.348798  -0.243414 
      368.5000  -0.602778   0.350162  -0.252616 
      369.0000  -0.566014   0.310028  -0.255986 
      369.5000  -0.643314   0.391130  -0.252183 
      370.0000  -0.603825   0.340380  -0.263446 
      370.5000  -0.620133   0.361928  -0.258205 
      371.0000  -0.583109   0.311606  -0.271503 
      371.5000  -0.636627   0.351334  -0.285293 
      372.0000  -0.608029   0.305847  -0.302182 
      372.5000  -0.588882   0.295911  -0.292971 
      373.0000  -0.638636   0.342271  -0.296366 
      373.5000  -0.655134   0.360240  -0.294894 
      374.0000  -0.616142   0.311096  -0.305046 
      374.5000  -0.600033   0.297495  -0.302538 
      375.0000  -0.617131   0.303986  -0.313146 
      375.5000  -0.606581   0.300382  -0.306199 
      376.0000  -0.614454   0.308407  -0.306047 
      376.5000  -0.615012   0.308093  -0.306919 
      377.0000  -0.587113   0.275566  -0.311547 
      377.5000  -0.625849   0.306838  -0.319011 
      378.0000  -0.655206   0.334828  -0.320378 
      378.5000  -0.653991   0.334086  -0.319905 
      379.0000  -0.603849   0.266634  -0.337215 
      379.5000  -0.654726   0.314401  -0.340325 
      380.0000  -0.656798   0.321408  -0.335390 
      380.5000  -0.650273   0.310824  -0.339448 
      381.0000  -0.651153   0.306824  -0.344329 
      381.5000  -0.635862   0.290574  -0.345287 
      382.0000  -0.673006   0.312919  -0.360088 
      382.5000  -0.686106   0.319372  -0.366734 
      383.0000  -0.672017   0.301049  -0.370968 
      383.5000  -0.635254   0.264850  -0.370404 
      384.0000  -0.633788   0.262696  -0.371092 
      384.5000  -0.683941   0.311082  -0.372860 
      385.0000  -0.637387   0.269163  -0.368224 
      385.5000  -0.652881   0.278442  -0.374438 
      386.0000  -0.659775   0.277946  -0.381829 
      386.5000  -0.685034   0.309433  -0.375601 
      387.0000  -0.661809   0.284232  -0.377577 
      387.5000  -0.648804   0.267979  -0.380824 
      388.0000  -0.649050   0.275477  -0.373573 
      388.5000  -0.681619   0.322126  -0.359493 
      389.0000  -0.640055   0.281741  -0.358314 
      389.5000  -0.646645   0.299052  -0.347594 
      390.0000  -0.645135   0.288585  -0.356550 
      390.5000  -0.659153   0.309354  -0.349799 
      391.0000  -0.662428   0.309869  -0.352559 
      391.5000  -0.650422   0.297729  -0.352693 
      392.0000  -0.668205   0.311520  -0.356686 
      392.5000  -0.653643   0.300820  -0.352823 
      393.0000  -0.650072   0.301729  -0.348343 
      393.5000  -0.666499   0.321195  -0.345303 
      394.0000  -0.630572   0.281309  -0.349263 
      394.5000  -0.658857   0.307953  -0.350905 
      395.0000  -0.647151   0.300288  -0.346863 
      395.5000  -0.638076   0.285887  -0.352189 
      396.0000  -0.644955   0.291480  -0.353475 
      396.5000  -0.637623   0.283875  -0.353747 
      397.0000  -0.696411   0.331807  -0.364605 
      397.5000  -0.660660   0.296152  -0.364508 
      398.0000  -0.637399   0.283496  -0.353903 
      398.5000  -0.646511   0.293641  -0.352870 
      399.0000  -0.620082   0.267071  -0.353011 
      399.5000  -0.663852   0.300909  -0.362944 
      400.0000  -0.676188   0.312417  -0.363771 
      400.5000  -0.677093   0.309768  -0.367325 
      401.0000  -0.679497   0.302322  -0.377175 
      401.5000  -0.660205   0.294960  -0.365245 
      402.0000  -0.673521   0.311305  -0.362215 
      402.5000  -0.683097   0.329299  -0.353798 
      403.0000  -0.650316   0.298992  -0.351324 
      403.5000  -0.671624   0.318294  -0.353330 
      404.0000  -0.636464   0.289935  -0.346528 
      404.5000  -0.656800   0.313448  -0.343352 
      405.0000  -0.642625   0.310880  -0.331745 
      405.5000  -0.682402   0.340852  -0.341550 
      406.0000  -0.673235   0.323902  -0.349334 
      406.5000  -0.656687   0.310232  -0.346455 
      407.0000  -0.681738   0.329850  -0.351888 
      407.5000  -0.664202   0.311510  -0.352692 
      408.0000  -0.669530   0.314167  -0.355364 
      408.5000  -0.644958   0.286952  -0.358006 
      409.0000  -0.654547   0.299026  -0.355521 
      409.5000  -0.673523   0.322228  -0.351295 
      410.0000  -0.684532   0.337688  -0.346844 
      410.5000  -0.667848   0.320800  -0.347048 
      411.0000  -0.659733   0.317623  -0.342110 
      411.5000  -0.648952   0.307595  -0.341357 
      412.0000  -0.706670   0.366507  -0.340162 
      412.5000  -0.655669   0.310728  -0.344941 
      413.0000  -0.690534   0.350982  -0.339552 
      413.5000  -0.657098   0.312968  -0.344129 
      414.0000  -0.694763   0.351800  -0.342962 
      414.5000  -0.693939   0.349401  -0.344538 
      415.0000  -0.653931   0.302883  -0.351048 
      415.5000  -0.655068   0.296066  -0.359001 
      416.0000  -0.690874   0.331658  -0.359216 
      416.5000  -0.685489   0.326102  -0.359387 
      417.0000  -0.657919   0.304697  -0.353223 
      417.5000  -0.683436   0.323985  -0.359451 
      418.0000  -0.667492   0.306965  -0.360527 
      418.5000  -0.685241   0.333060  -0.352181 
      419.0000  -0.660311   0.305444  -0.354867 
      419.5000  -0.675880   0.315056  -0.360824 
      420.0000  -0.668933   0.320958  -0.347976 
      420.5000  -0.679114   0.329669  -0.349445 
      421.0000  -0.644482   0.285200  -0.359282 
      421.5000  -0.688932   0.321332  -0.367601 
      422.0000  -0.683735   0.307155  -0.376580 
      422.5000  -0.641646   0.268382  -0.373263 
      423.0000  -0.687237   0.316021  -0.371216 
      423.5000  -0.695092   0.332002  -0.363090 
      424.0000  -0.648442   0.284621  -0.363821 
      424.5000  -0.676148   0.312543  -0.363605 
      425.0000  -0.656534   0.294795  -0.361739 
      425.5000  -0.699061   0.330844  -0.368216 
      426.0000  -0.659406   0.289657  -0.369749 
      426.5000  -0.678533   0.302712  -0.375822 
      427.0000  -0.689152   0.309567  -0.379584 
      427.5000  -0.671273   0.291088  -0.380185 
      428.0000  -0.679825   0.307196  -0.372629 
      428.5000  -0.694523   0.325056  -0.369467 
      429.0000  -0.688245   0.319005  -0.369240 
      429.5000  -0.659306   0.289374  -0.369933 
      430.0000  -0.667871   0.294524  -0.373347 
      430.5000  -0.662842   0.290745  -0.372097 
      431.0000  -0.690402   0.323574  -0.366828 
      431.5000  -0.687054   0.310458  -0.376596 
      432.0000  -0.694452   0.321391  -0.373061 
      432.5000  -0.718150   0.354616  -0.363534 
      433.0000  -0.683303   0.310381  -0.372922 
      433.5000  -0.706338   0.334297  -0.372041 
      434.0000  -0.675673   0.301786  -0.373888 
      434.5000  -0.720248   0.343751  -0.376497 
      435.0000  -0.698250   0.320274  -0.377976 
      435.5000  -0.672552   0.306765  -0.365787 
      436.0000  -0.698176   0.336786  -0.361390 
      436.5000  -0.682253   0.323313  -0.358940 
      437.0000  -0.690284   0.318943  -0.371341 
      437.5000  -0.711145   0.338649  -0.372495 
      438.0000  -0.690833   0.321010  -0.369823 
      438.5000  -0.675565   0.304857  -0.370708 
      439.0000  -0.709675   0.345761  -0.363914 
      439.5000  -0.673714   0.308135  -0.365580 
      440.0000  -0.690198   0.328468  -0.361730 
      440.5000  -0.700918   0.334920  -0.365998 
      441.0000  -0.732423   0.345967  -0.386456 
      441.5000  -0.654091   0.272653  -0.381438 
      442.0000  -0.703644   0.326370  -0.377274 
      442.5000  -0.701520   0.324934  -0.376585 
      443.0000  -0.691226   0.314301  -0.376924 
      443.5000  -0.711842   0.336342  -0.375499 
      444.0000  -0.703765   0.325871  -0.377895 
      444.5000  -0.679246   0.312613  -0.366633 
      445.0000  -0.643761   0.292417  -0.351345 
      445.5000  -0.686166   0.338722  -0.347444 
      446.0000  -0.691460   0.342722  -0.348738 
      446.5000  -0.658931   0.316478  -0.342454 
      447.0000  -0.635861   0.297296  -0.338565 
      447.5000  -0.693835   0.354748  -0.339087 
      448.0000  -0.667383   0.333815  -0.333568 
      448.5000  -0.664748   0.327923  -0.336826 
      449.0000  -0.689663   0.360031  -0.329632 
      449.5000  -0.653453   0.325637  -0.327815 
      450.0000  -0.714556   0.386765  -0.327791 
      450.5000  -0.666367   0.351560  -0.314807 
      451.0000  -0.645899   0.337122  -0.308777 
      451.5000  -0.685912   0.372841  -0.313071 
      452.0000  -0.686555   0.374921  -0.311633 
      452.5000  -0.642128   0.324043  -0.318085 
      453.0000  -0.636394   0.326421  -0.309973 
      453.5000  -0.657769   0.353996  -0.303773 
      454.0000  -0.670875   0.377842  -0.293033 
      454.5000  -0.671308   0.379761  -0.291547 
      455.0000  -0.656978   0.354283  -0.302695 
      455.5000  -0.670024   0.375950  -0.294074 
      456.0000  -0.614919   0.318181  -0.296738 
      456.5000  -0.582831   0.292983  -0.289847 
      457.0000  -0.668959   0.375601  -0.293358 
      457.5000  -0.635364   0.341831  -0.293534 
      458.0000  -0.615568   0.320441  -0.295127 
      458.5000  -0.623669   0.320751  -0.302917 
      459.0000  -0.627843   0.314494  -0.313349 
      459.5000  -0.627838   0.316909  -0.310929 
      460.0000  -0.652863   0.340768  -0.312094 
      460.5000  -0.597897   0.278625  -0.319272 
      461.0000  -0.666495   0.328067  -0.338428 
      461.5000  -0.678111   0.334816  -0.343295 
      462.0000  -0.669385   0.316891  -0.352494 
      462.5000  -0.668243   0.320831  -0.347412 
      463.0000  -0.667461   0.303691  -0.363770 
      463.5000  -0.689037   0.317672  -0.371365 
      464.0000  -0.677467   0.302320  -0.375147 
      464.5000  -0.675634   0.294293  -0.381342 
      465.0000  -0.704855   0.316883  -0.387972 
      465.5000  -0.675243   0.295154  -0.380089 
      466.0000  -0.693092   0.308165  -0.384927 
      466.5000  -0.689877   0.298866  -0.391011 
      467.0000  -0.712786   0.316796  -0.395990 
      467.5000  -0.687516   0.288381  -0.399135 
      468.0000  -0.685358   0.287367  -0.397991 
      468.5000  -0.693074   0.287526  -0.405548 
      469.0000  -0.695151   0.293085  -0.402066 
      469.5000  -0.714830   0.307673  -0.407156 
      470.0000  -0.688645   0.283842  -0.404802 
      470.5000  -0.682872   0.286256  -0.396616 
      471.0000  -0.703973   0.315143  -0.388830 
      471.5000  -0.690900   0.302540  -0.388360 
      472.0000  -0.668042   0.271507  -0.396535 
      472.5000  -0.722139   0.322448  -0.399692 
      473.0000  -0.699606   0.298770  -0.400836 
      473.5000  -0.728711   0.325253  -0.403458 
      474.0000  -0.703574   0.301175  -0.402399 
      474.5000  -0.727319   0.324590  -0.402729 
      475.0000  -0.662705   0.274147  -0.388558 
      475.5000  -0.673338   0.293965  -0.379373 
      476.0000  -0.707927   0.325969  -0.381957 
      476.5000  -0.667028   0.278347  -0.388682 
      477.0000  -0.702074   0.308346  -0.393729 
      477.5000  -0.658364   0.268629  -0.389735 
      478.0000  -0.672494   0.292292  -0.380202 
      478.5000  -0.710765   0.328754  -0.382011 
      479.0000  -0.677694   0.309699  -0.367995 
      479.5000  -0.709195   0.335712  -0.373483 
      480.0000  -0.693163   0.312831  -0.380332 
      480.5000  -0.698621   0.325121  -0.373500 
      481.0000  -0.715377   0.341532  -0.373845 
      481.5000  -0.685518   0.313580  -0.371938 
      482.0000  -0.698809   0.322133  -0.376676 
      482.5000  -0.716554   0.338608  -0.377946 
      483.0000  -0.709064   0.332662  -0.376402 
      483.5000  -0.737632   0.356974  -0.380658 
      484.0000  -0.707868   0.318889  -0.388980 
      484.5000  -0.740316   0.350552  -0.389764 
      485.0000  -0.707780   0.316947  -0.390833 
      485.5000  -0.732490   0.346816  -0.385675 
      486.0000  -0.708049   0.321357  -0.386692 
      486.5000  -0.710908   0.320624  -0.390284 
      487.0000  -0.735495   0.341820  -0.393675 
      487.5000  -0.705513   0.315306  -0.390207 
      488.0000  -0.741324   0.351344  -0.389981 
      488.5000  -0.734677   0.339101  -0.395576 
      489.0000  -0.724343   0.331110  -0.393234 
      489.5000  -0.707850   0.321284  -0.386565 
      490.0000  -0.711320   0.331553  -0.379766 
      490.5000  -0.702884   0.332507  -0.370377 
      491.0000  -0.706107   0.338236  -0.367871 
      491.5000  -0.746679   0.385666  -0.361013 
      492.0000  -0.705438   0.340270  -0.365168 
      492.5000  -0.718693   0.362274  -0.356418 
      493.0000  -0.711051   0.355352  -0.355699 
      493.5000  -0.717614   0.361680  -0.355935 
      494.0000  -0.716237   0.359857  -0.356380 
      494.5000  -0.686092   0.334460  -0.351632 
      495.0000  -0.672980   0.327161  -0.345819 
      495.5000  -0.675502   0.330234  -0.345268 
      496.0000  -0.672922   0.331390  -0.341532 
      496.5000  -0.715393   0.375147  -0.340246 
      497.0000  -0.691777   0.339529  -0.352248 
      497.5000  -0.709753   0.351181  -0.358572 
      498.0000  -0.694759   0.333701  -0.361058 
      498.5000  -0.694790   0.337554  -0.357236 
      499.0000  -0.672168   0.324029  -0.348140 
      499.5000  -0.708433   0.368516  -0.339917 
      500.0000  -0.707063   0.369252  -0.337810 
