t = 100000
b = 30 30 30
E = -0.526127383907954 -0.707062625221726 0.180935241313773
6.27841653617878 14.7397647181183 17.0844076651861 -0.801215545720726 0.444031708324365 0.401110248482876 -0.573705191706527 -0.760533766635883 -0.304056990617283 0.0201218752957879 0.0950907558267778 -0.0836558327720241 -0.53028112065158 0.279536262777387 0.0498047430700001
5.99941322101005 14.471236582111 17.3175125288281 -0.750884641140913 0.4405262952047 -0.492045427365733 -0.368447957401734 -0.897739574217451 -0.241473694105715 -0.558912682865616 -0.0378829616880433 0.633212156791073 -0.715059615266004 0.581959492957615 -0.024655628394377
5.7158303863479 14.0091875046709 17.3793572485455 -0.0657278659317012 0.465083250139885 -0.882823459941956 -0.336403929773706 -0.84326960745576 -0.419199896467101 0.110317772390293 0.243820038245165 -0.175134809021532 0.134181388039019 -0.511301030278221 -0.248572157729363
5.07967430193761 14.024299985032 17.4675569375378 0.189804519980715 -0.378798396821723 -0.905806788360697 -0.858960072047059 0.382803294221494 -0.340072286019362 -0.0329252278313224 -0.230522861080051 0.219708903475237 -0.172052667510026 -0.0673891411114033 -0.326997850778792
4.91797677569568 14.3791257124125 17.0806259364522 -0.0697918085123785 -0.845380187729926 -0.52958590448558 -0.760092285547791 0.388882411063123 -0.520605458240208 0.00484283022936944 0.118636318273201 -0.180758634863276 0.586682983287895 -0.261504641837072 0.409329879110414
4.80567862829334 14.657301954982 16.6145006380165 -0.52944292596155 -0.842397468661896 0.100282584576501 -0.715706352602002 0.380066519887255 -0.585929852972913 -0.733249051271353 0.191410269073115 0.0100478526775994 0.489024945564751 -0.0629989675536353 0.0924554744320418
4.46934295639754 14.7146281217546 16.2636664944272 -0.642119458160414 -0.387018226145595 0.661739643602128 -0.73806782155308 0.545433232558588 -0.397188031726093 0.241189732400563 -0.0777952707965696 0.231322313119923 -0.356987108670482 -0.325051271475633 -0.270825937399141
4.17820279242696 14.5466350858778 16.0228492724459 -0.445298158732171 0.656844595825714 0.608493671792069 -0.526051847047678 0.358011058433637 -0.771425559873705 -0.272908362380039 0.416399467770474 -0.3678964474981 -0.164777101865473 0.0577085968558004 0.418561741824179
3.71693325713089 14.6566372929583 15.9989967376257 0.406300367111715 0.893404780612179 -0.191697131742198 -0.555081030381906 0.0746813155149547 -0.82843689069851 0.602715501052606 -0.267227130153961 0.0591972589755997 0.0530890054589901 -0.528580933222113 -0.711617430925477
3.38283389731907 14.9491383476929 15.7276314283543 0.881682787226493 0.296553310632431 -0.367003348498111 -0.414332774909764 0.11445807559884 -0.902899539466786 0.254168581364055 -0.667067967136626 0.470535024358493 -0.0066315456623863 -0.0648893951081109 0.391073958272143
3.234859130192 15.0919427208813 15.2794820099069 0.786807809848623 -0.602267466003251 -0.134934443011981 -0.247852810465388 -0.108099259774517 -0.962747863736989 -0.0692891348107539 0.522328562404628 -0.0853069149692435 0.954608699721806 0.255484964185724 -0.0579773259128671
2.13045510312239 14.6444850841153 14.9997141518257 -0.89120292330739 -0.330960452123 0.310197374621748 -0.453591357819333 0.644971917415806 -0.615033277647112 0.0848571825553793 0.275074151246968 0.637097890849084 0.48275471091366 -0.234751183428888 -0.00959350062582001
1.83788729728592 14.8328598546711 14.1164352338741 -0.382244685202055 -0.752763832838635 -0.535943484091968 -0.557618642729509 0.650389027575566 -0.515805570670288 0.116536362575482 -0.666632178030606 -0.640327011583404 -0.081320403896829 -0.517435205007885 0.405097272662684
1.63639215993339 15.4298035169672 15.1036400506278 0.0676124247283865 -0.478680987841548 0.875381623576835 0.276101086187388 -0.834147208072401 -0.477458387441552 0.213602252532254 -0.271781862235825 -0.0909608128972214 0.280766302823607 0.451361377332828 -0.956345653469774
1.82731284687188 16.1601978127567 15.0382293483503 0.599560726407828 0.203111968574634 -0.774126821367414 0.199291000617639 0.898902734831218 0.390200905054013 0.1212494147763 -0.0832578300287178 0.126483167612168 -0.147923848025378 -0.736342644122884 -0.498104724935318
2.29667060417359 16.3558842550241 15.1433502120323 -0.282509122810721 0.607539646579238 -0.742350373443081 0.547476877066343 0.737576432973927 0.395284688737237 -0.204305771559706 -0.28934756363014 0.29397028238176 -0.219453132973668 0.163420586661317 -0.0461234702087468
2.45020485336946 15.5863547158078 16.2302382662605 -0.694274398226512 -0.682212866709442 0.22927821293486 -0.696289693098587 0.717294386911898 0.0258699753452567 -0.255120605979111 0.112465335739677 0.225574261603803 -0.0521649959087852 -0.149112310268051 0.0844377407612047
2.70410890210013 16.205819081575 17.2178045166001 0.228864072096682 0.0340948346618603 0.972861063532999 -0.902037449711531 0.383167083357578 0.198774468834643 0.00269784700194146 -0.298319286862747 -0.742315726896195 -0.437622562634382 -0.43850883813829 0.229854312704746
2.29345189310364 16.056499956998 17.3666955202673 0.203849289391126 0.941148184481735 0.269602366787324 -0.977519740781523 0.210819968130458 0.00316711031121227 0.313705591050162 -0.196052647847333 0.0584171610027703 -0.316157480879312 -0.054291551920841 0.329679373003197
1.86938176474344 16.2572340338858 17.6771636346268 0.252073474848787 0.894126582832882 -0.370130238993343 -0.966373961953032 0.212508823962201 -0.14477993571034 -0.509815799981439 0.70057276721334 -0.363757018085866 -0.266928322925217 -0.0352806878687702 0.23637060019002
1.43163510087838 16.5136978712244 17.868354075503 0.107573843679873 0.26637086329639 -0.957848808416044 -0.983939252620414 -0.109516497740507 -0.140959747408053 0.185869328736233 0.0346695622744544 -0.433309217866659 -0.57857713891449 -0.393205407708146 0.00675608179658294
0.936266698062603 16.7250204946488 17.7162694660674 0.381063621522142 -0.380729803867248 -0.842517170494693 -0.921075706849505 -0.235245463201622 -0.310288584640212 -0.0795046280211077 -0.453851492478792 0.0613125655902297 0.737764260183494 0.935778326797395 0.478177822045349
0.44118442633333 16.6472119187175 17.4811999646593 0.75161144805303 -0.191758801177893 -0.631116999106192 -0.658639420683932 -0.269966402307996 -0.702361817314766 0.232072443692046 0.297522178592779 -0.321321524478139 -0.439384407357488 0.344046786284099 -0.0213938234156141
0.396966439903576 16.689279481657 16.9640389497202 0.365600613918144 -0.924892140767488 -0.10445379621375 -0.509759553323345 -0.105069252466436 -0.853876795335217 -0.294354069152215 -0.0681190641302643 0.89218920423962 0.220865353716052 -0.460013028670114 -0.129683216375361
0.459354930262271 16.6361787544859 16.4285080455194 -0.337810797908691 -0.911795789737307 0.233478209679967 -0.611407222848361 0.0239854130356915 -0.790952454284148 -0.293257050435923 0.436142229518756 -0.189845498941428 -0.229436607149804 0.0241687726360398 0.0295284472188344
3.62922640512691 12.8849869656766 19.9970779378535 -0.620811067299408 -0.539581161609984 -0.568722841550653 0.626970361122117 0.0937892365973226 -0.773376784645462 -0.279611426680148 -0.445237232706724 0.407893817121065 -0.0748999688931736 0.276598327639436 0.108553498580568
4.07421853884936 12.700611067831 19.6401647175534 -0.870063577346456 0.0660764603971884 -0.488490741277896 0.491597646596645 0.189379218417216 -0.849980708860042 0.453108024468878 0.544191178423765 0.0502885965186478 0.123561945331052 -0.123128370647264 -0.180132046507094
4.12985153563621 12.5316021168247 19.2521351359533 -0.49483549412997 0.847842058204234 -0.19052967430385 0.534043425809961 0.1237420096344 -0.836352483530452 -0.00221363322721909 -0.191687265816767 0.62779015476227 0.073196637780929 -0.156936608534962 -0.504366751393763
4.04457476435637 12.5277106970584 18.7540654781644 0.415605309173711 0.888105035030492 0.196319875305155 0.517628728088733 -0.0534680320267276 -0.853933005444402 -0.336953263570514 -0.390804354835879 0.575577566900767 -0.213956269945831 -0.193748154633579 0.252294233065617
4.08447455433094 12.7384118439357 18.2636198878041 0.679657607432699 0.463130999946245 0.568836597341114 0.553412326881893 0.185241571759021 -0.812046942374291 -0.435399741557691 0.201602739342903 0.391241649979257 0.0216548680845067 -0.443815484627373 -0.11651319951308
4.20234058031208 13.1551717969745 17.930270463611 0.872879756985426 -0.310631549395023 0.376282970470148 0.429907259324104 0.124861902955439 -0.894197492104466 -0.47570791069515 0.872128626692884 -0.376274097865132 0.0764879810772219 -0.148213708973181 -0.283518533526748
3.75443837355399 13.8775668318881 16.9039129791647 0.515478017972106 0.466327234356643 -0.718902809345732 0.856873884016279 -0.287401480303235 0.427980679750076 -0.0746617273010057 -0.0231103585375443 0.173797266333698 0.271022993875128 -0.127784504584622 0.0484042973437204
4.2057561024275 13.6019992861811 16.7064108598857 0.452611735844611 0.874884350640982 -0.172394508640159 0.877690879695297 -0.402948150276393 0.259405882165749 0.0542845950031962 0.93922802340132 -0.253055971895129 -0.281596035436118 -0.18297350379116 -0.0363186623004095
4.68371102621509 13.3903292576633 16.549297442133 0.204162355722601 0.857539627304894 0.47216877436789 0.943230315761367 -0.301400687889539 0.139549536549278 0.700613604956095 -0.0255435715573248 0.0812831092514226 -0.0536377155895775 -0.283726138718072 -0.464567572208065
5.18497416866636 13.3244695085769 16.436575908568 -0.0589228800627321 0.535214071368426 0.842658793400719 0.837015142618613 -0.43351325864893 0.333873884562541 0.525041100331442 -0.0974478232063346 0.152937535008805 -0.0420265936225458 0.162606768680096 -0.245751388276072
5.64672947086212 13.4329860295221 16.5864016127971 -0.432981915760479 -0.207166961297032 0.877273280825713 0.813440362959915 -0.509131936419364 0.281246039723146 -0.487851677474522 0.365525938987367 -0.570172059988586 0.0971387647716605 -0.175576298902937 0.703023718000008
6.07611895210544 13.3310559925057 16.8957070581855 -0.757208723938862 -0.48479620411905 0.43772994758749 0.61725959890426 -0.750268325579737 0.236828894263641 0.178683948051866 0.0730479768201235 0.532607700096104 -0.388273382681551 0.114852634632718 -0.0573245760438075
6.25285465154421 12.9660069546944 17.2948435493493 -0.532608422126412 -0.598742933426286 -0.598193179146649 0.676321480807092 -0.726008110033779 0.12450447946641 -0.346328824686664 0.146753206287312 0.11354094781436 -0.151259584502243 0.353781545240341 0.0434010641157636
6.27900936101838 12.4970803291986 17.4880426800857 0.0247956997461009 -0.177449096313592 -0.983817517311377 0.655088761620785 -0.740497652359313 0.150072586439395 0.115365288997168 -0.0675184718614035 -0.186055785176701 0.388459761516036 -0.105888812405203 -0.561922135039917
6.30223379238858 12.0924049039533 17.3872184592616 0.760858553364113 0.423749969218754 -0.49145710965886 0.638470187787976 -0.624202053418099 0.450252658603803 -0.0298049742909841 0.0498586713655618 -0.168583535945354 -0.0724935691353531 -0.665655724670317 0.0272640125470833
6.69686754758968 11.7346442541786 17.3760276936996 0.599183808448157 0.798322643717148 -0.0604943814503747 0.756166367060676 -0.539477493855379 0.370373246725931 -0.473459031163466 -0.0151558523333802 0.534523897155735 -0.255993626894803 -0.364719753023498 -1.0561142475267
7.09070600705884 10.9891225063647 17.2363619974503 -0.470250761438318 -0.81287577957839 -0.343652559872918 -0.690334150040285 0.581399600840031 -0.430596304809629 0.406686317482117 -0.0383504138662228 0.384648708830793 0.076707980994763 -0.140489306532274 0.120174188689643
7.9797579194805 11.7548247554678 17.7397885207311 0.968715333362655 -0.00395666081847239 -0.248142819223579 -0.201439515300628 0.571484598734921 -0.795504495397415 0.070592977483766 -0.167886578661845 -0.352421640164474 0.0893501282922235 -0.138316760659613 0.156662767074255
8.08633663442123 12.2216790731981 17.304330488769 0.592360401196404 -0.752068784266623 -0.288966330620337 0.0391600148840893 0.38511681323883 -0.922036569952029 0.457272322220797 -0.0774792553251422 -0.245010117983241 -0.301700037853103 0.191178184454727 -0.553944894765165
8.01741541804043 12.8638756658537 18.1162660526448 -0.649974100167543 0.655198642202677 0.385030186646805 0.579176248280826 0.0990502646664834 0.809162407407724 0.145443557157156 0.430812434944471 -0.382095004631198 -0.23953797384317 0.0493485809061579 0.27730083047943
8.82762553437156 13.1922907575189 18.1192512622293 -0.654865170228105 0.754856004119596 0.0366589419230781 0.0800675309805702 0.117532044234327 -0.989835999527731 -0.0205128881841689 0.105755816252674 0.591568780432169 -0.00795176626690001 0.572566055570322 -0.194691399385569
8.6940089165082 13.1743198103631 17.5955205237275 -0.103499372835185 0.883894495594473 0.456090219935515 0.170384463897352 0.467530570994745 -0.86740084653152 0.385536323260967 -0.548293296544751 -0.174476478521348 -0.405651521640468 -0.195927661145048 0.344233213962611
8.45995725084848 13.6283618869343 16.9746706267545 -0.76589946638569 0.598898063797768 -0.2339209547779 -0.171117711195037 0.160829440194456 0.972035274948239 -0.343201619066377 -0.378015194419181 0.132173407480345 0.0333104591829498 -0.346447140235074 -0.250659270126401
8.29670641465393 13.7385067519589 17.1649221352842 0.506485771811697 0.722482728572546 -0.470628006508531 0.535106684137131 -0.691363187527098 -0.485466408904247 0.474693666400898 0.309522210677871 0.224076234342917 0.345815170406992 0.151678779039117 -0.301348097329177
7.35866904812483 14.1052694719906 17.1115376368646 -0.191695549036174 0.960465738161543 -0.201886505446458 0.672256461103034 0.278365844454804 0.685990949741085 -0.311483633214897 -0.418119761705718 0.0250854212453107 -0.295169906339515 -0.511439460514685 0.127072699790234
