t = 100000
b = 30 30 30
E = -0.60897064382773 -0.768120624946497 0.159149981118767
14.1593566770291 15.0719108150404 14.8751328102638 -0.387281595302541 0.580793856375782 -0.716024653926548 0.113329677381443 0.800731417757217 0.588205226110473 -0.79575477896245 -0.885559977553967 0.143988485351686 -0.277471532091968 -0.460106499094079 0.154777147348746
13.5821762233668 14.4902819990101 15.2245496198373 -0.438413965427531 0.109652038725336 0.892059146730977 -0.740703772460002 0.518092564738923 -0.427712416201357 -0.23786816232364 -0.318379820649205 0.373894244838399 -0.022225111531493 0.572842006710562 0.192704902227832
13.0955906509626 14.4607679850084 15.1991412803495 0.112558653228342 0.916763038749301 0.383243866559015 -0.800975912118775 0.311959981060841 -0.510997472718199 -0.318135176915392 0.357371996612025 0.686726189137192 -0.226037987664456 0.705037057878037 -0.614471604888417
12.6755526828037 14.6709033987434 15.3254081625867 0.461789553469243 0.789847231095475 -0.403598371000245 -0.87929562179162 0.347845913460106 -0.325334237531893 -0.00492823737669641 -0.154080120942095 0.109549929720407 0.329980350260828 -0.202536025867577 -0.283049101958614
12.3002452490833 14.8506194842087 15.3239953202613 0.769814056246336 -0.33349167230418 -0.544214577586022 -0.637656956128386 -0.364534023360915 -0.678607715786378 -0.248262183457066 -0.0961673553662504 0.172996705335328 -0.0943932785756533 -0.191414153710682 0.00333764719734604
12.2173896903917 15.0264615265011 14.893889147113 0.222300784090639 -0.972289277779151 -0.0723580938515593 -0.672781186864411 -0.0992608433195388 -0.73315253600179 -0.174735958037076 0.113699833386051 -0.258797794342643 -0.133046751720195 0.133899967737412 -0.119273417403482
12.0927173571984 14.9491876516206 14.3323465386042 0.291585232540838 -0.91429660716789 0.281139825800749 -0.284269569196607 -0.363460035695336 -0.887179517917968 -0.0712320059985504 -0.47920427590362 -0.363800848600189 0.242927802225663 0.0370409433925594 0.344928023433802
12.3981846039497 14.7245310031779 14.0353780887721 -0.717994451610427 -0.655696831969199 0.233549670160819 0.103550049669112 -0.43242503169336 -0.895704110740186 -0.102590044883222 -0.521294154316822 0.0730754117939146 0.124900246431938 -0.569519948443897 -0.183685064235022
13.5553251347142 14.2392294274776 13.806502738791 0.865132995362419 -0.501536841333293 -0.00237205179441668 -0.470168664607892 -0.809359304098145 -0.351964243270749 -0.344771136241346 -0.390001911818145 0.431915107330533 0.293518095440742 0.0452151454560053 0.11712645854295
13.5124726800558 13.8949686006212 13.4101543232085 0.519551298344443 -0.524031443755018 0.674875810242462 -0.350096168219125 -0.851060688009173 -0.391315980081747 0.665882111697713 0.570535649353026 0.274050613068577 -0.0663369951489931 -0.0941918721104427 0.0839186650869267
13.6603534085598 13.4475210577922 13.1792379807542 -0.331355375655443 -0.210864929953143 0.919640947603931 -0.332695206335744 -0.885985816686781 -0.323021396843974 -0.381156604880972 -0.369920406434607 -0.0870339031409486 0.0952980575470638 -0.0252324475283935 -0.0867202736349852
14.464331209157 14.4766714073252 13.2624245049492 0.548897927964352 0.759339946500405 0.349447810108967 -0.614333877575925 0.649960553636479 -0.447375727006783 -0.377007561032496 0.105990933809785 -0.186332811222906 0.0990116621475378 0.284313015047145 0.0209847268357913
14.0883109531817 14.8667931218975 13.2904070189316 0.842340302413227 0.534357885277204 -0.0701733095675856 -0.530604608534274 0.799424483064135 -0.281742865259366 -0.265965628130513 -0.445519761238037 0.0502148254086434 0.232449018211839 0.475363482767936 0.146553043429795
13.9953565137756 15.3571073221233 13.4186367155686 0.696174802912285 0.105245885831969 -0.710115395849438 -0.525191698765902 0.749043258842657 -0.403866027912211 -0.353104912464636 0.241661953143894 -0.0445853702808002 0.369986081240876 0.186372730526185 0.370491839780815
13.9833516497937 15.7953196632997 13.2691377498078 0.0533118011684395 -0.500040229707963 -0.864359581788491 -0.728689962174303 0.57235614659684 -0.376057498626413 0.296119563878454 -0.552990607320346 -0.00050428134898461 -0.108258970279712 -0.162631249087492 -0.449696014217714
13.8967576748277 16.1399366432019 12.8990189939183 -0.577668370892417 -0.78053189653631 -0.238891236934873 -0.745538708778899 0.623677311147341 -0.234943573688382 0.416837773996305 -0.325912376576377 -0.271372473384133 -0.326563820226426 0.543180055229095 -0.491821071573403
13.5853042981868 16.3545428852963 12.5796095810785 -0.552947639182586 -0.439998368362783 0.707566414946414 -0.692239363298179 0.715226195100033 -0.0962082470088119 0.159633499986351 0.78459353837622 0.570583915885714 -0.143963193459735 0.658062416856027 0.0412411660786889
13.072803216861 16.4665260933473 12.4443119870501 -0.104859578394641 0.0401039042671164 0.993678039851554 -0.583760673476282 0.806448432568093 -0.0941498479417281 -0.307594899222197 0.180541438417777 0.322407655614765 -0.728566888789939 -0.312341553138557 -0.0483542919049479
12.6654656372667 16.5516416654499 12.4076840615023 0.499179281094971 0.732992215749027 0.462106427063501 -0.735901849322468 0.640176151590309 -0.2205059557415 -0.446306644449184 0.150046196001356 0.0711714149769585 0.410285763346339 -0.413964497620333 -0.179010577305879
12.2945680840336 17.0369390573216 12.4966852832692 0.739940460193806 0.666918090136534 -0.0877965098786033 -0.672620906136387 0.735168053453141 -0.0843142347634862 0.76126812688653 0.160618825797577 0.425507148739355 -0.142246289603676 0.0480010653758727 -0.419411967242731
12.167721977651 17.5218546774916 12.7108325012297 0.421661320610745 0.384312277734517 -0.821282940408694 -0.633955267847254 0.772530545103979 0.0360151072784251 -0.157562637814303 0.306464430362169 -0.327972821126322 0.693559267843788 0.369653191706753 -0.393000795864321
12.0790430370757 18.0388458192852 12.7615922202077 -0.0586388216278029 -0.269627678343087 -0.961177551732012 -0.495396803979703 0.843772330430581 -0.206470601032825 0.492218336589007 -0.796957959671252 1.0409576815715 0.0626523921684695 -0.476733852835874 -0.229114365855687
12.2465009789475 18.5354253834877 12.5520095817231 -0.597048292993809 -0.566593398464903 -0.567895320815448 -0.331310326640963 0.818881380540516 -0.468685984117967 -0.414547285627592 0.0605233444038771 0.0178916018844704 -0.32446804732202 0.0545593781347367 -0.405789156186154
12.1727490748513 18.7919420990029 12.1609234232155 -0.932706887246163 -0.307089948899548 0.189086146009656 -0.341852686028462 0.919860045829868 -0.192338530388722 0.102882640343116 -0.0349790120741599 -0.201554033612689 -0.0522507031212878 0.0179540627184605 -0.132195115106884
12.6123864793799 19.5204067843058 12.2200949570475 0.744547746749664 -0.369200364195838 0.556183087114288 -0.184705991429386 0.686690030488073 0.703093410310717 0.0379673989349338 0.285561334769011 0.199092324921327 -0.0565475156252566 0.379007145827572 -0.657096649339247
12.4233588092016 19.8435623097596 11.4575692245393 0.808447050505259 -0.349531069215404 0.473541198369865 0.51368549708392 0.811757573147073 -0.277806870686478 -0.0695604381416104 -0.11823414756503 0.182724565990091 -0.502894416113812 0.23018978283834 -0.0448130766484427
11.2160937346406 19.6365779559531 11.3499530727217 -0.867799998519704 0.376676257068749 -0.324095771084645 0.484768579342234 0.498425970867906 -0.718728638277081 0.428433713473065 -0.0383350250616929 0.0575211240212579 -0.0175641926245821 -0.630413851767185 0.310917297832371
