#id1 id2 FENE BEXC STCK NEXC HB CRSTCK CXSTCK total, t = 100000
0 1 0.0016995 0 0 0 0 0 0 0.0016995
1 2 0.0538666 0 -1.20158 0 0 0 0 -1.14771
2 3 0.000645206 0 -1.26109 0 0 0 0 -1.26044
2 4 0 0 0 0 -0 -0 -9.39003e-16 -9.39003e-16
3 4 0.0442407 0 -0.0060173 0 0 0 0 0.0382234
4 5 0.00315875 0 -1.21096 0 0 0 0 -1.2078
5 6 0.0110839 0 -0.638797 0 0 0 0 -0.627713
6 7 0.0995532 0 -0.883832 0 0 0 0 -0.784279
7 8 0.00449144 0 0 0 0 0 0 0.00449144
8 9 1.5053e-06 0 -1.38409 0 0 0 0 -1.38409
9 10 0.0787182 0 -1.43668 0 0 0 0 -1.35796
10 11 0.14324 0 0 0 0 0 0 0.14324
11 12 0.0218438 0 -1.23134 0 0 0 0 -1.20949
12 13 0.0029879 0 -1.26435 0 0 0 0 -1.26136
13 14 0.00929326 0 -1.20747 0 0 0 0 -1.19818
14 15 0.0203726 0 -1.36086 0 0 0 0 -1.34049
15 16 0.00635534 0 -1.19767 0 0 0 0 -1.19132
16 17 0.00259073 0 -1.17042 0 0 0 0 -1.16783
17 18 0.0463728 0 -0.902534 0 0 0 0 -0.856161
18 19 0.00061188 0 -0.737619 0 0 0 0 -0.737007
19 20 0.0163294 0 -1.21147 0 0 0 0 -1.19514
20 21 0.0260988 0 -1.19649 0 0 0 0 -1.1704
21 22 0.0589296 0 -0.829342 0 0 0 0 -0.770413
22 23 0.0252061 0 -1.19539 0 0 0 0 -1.17018
23 24 0.0264219 0 0 0 0 0 0 0.0264219
24 25 0.0832373 0 -0 0 0 0 0 0.0832373
25 26 0.00137675 0 0 0 0 0 0 0.00137675
#Total energy per particle is  -0.768121 and should be -0.76812110

