t = 0
b =  30.0 30.0 30.0
E = 0. 0. 0.
10.128390133013253 26.366559411564662 4.145454055147052 -0.07990429112306982 -0.47011967977555175 0.8789782653444012 0.7140763485172742 0.5882549296486421 0.3795406516202285 0.0 0.0 0.0 0.0 0.0 0.0
10.152912815632057 26.773751793699677 4.495136917304675 0.34309196514412393 -0.7666404484600216 0.5427249084375625 0.7140763485172742 0.5882549296486421 0.3795406516202285 0.0 0.0 0.0 0.0 0.0 0.0
10.255643322500868 27.006188461485856 4.9685339394175045 0.6357418476613057 -0.7719016932297614 0.00028128493871382165 0.7140763485172742 0.5882549296486421 0.3795406516202285 0.0 0.0 0.0 0.0 0.0 0.0
10.50329120354772 27.062670114012388 5.441995080440964 0.6868627732150869 -0.4839045792334255 -0.5422692034111856 0.7140763485172742 0.5882549296486421 0.3795406516202285 0.0 0.0 0.0 0.0 0.0 0.0
10.907509475361119 27.00884570247658 5.791845939484318 0.4770330474912897 -0.012064025133191991 -0.8788025551275774 0.7140763485172742 0.5882549296486421 0.3795406516202285 0.0 0.0 0.0 0.0 0.0 0.0
11.420467445360023 26.95227129603207 5.94137372843478 0.08597049145831626 0.46435985381488515 -0.8814641233558143 0.7140763485172742 0.5882549296486421 0.3795406516202285 0.0 0.0 0.0 0.0 0.0 0.0
11.953022391591917 27.001547732875764 5.8899717427309755 -0.33775369162963814 0.764365660615951 -0.549242733826941 0.7140763485172742 0.5882549296486421 0.3795406516202285 0.0 0.0 0.0 0.0 0.0 0.0
12.408586373189397 27.225061346107665 5.713369858569372 -0.6331596003269073 0.7739761734366739 -0.00835484686840382 0.7140763485172742 0.5882549296486421 0.3795406516202285 0.0 0.0 0.0 0.0 0.0 0.0
12.719821603969967 27.62500285242765 5.534863486801231 -0.688017590995987 0.4895401977772555 0.5357071861010304 0.7140763485172742 0.5882549296486421 0.3795406516202285 0.0 0.0 0.0 0.0 0.0 0.0
12.874223203234495 28.136535062234366 5.478471584960871 -0.48148619580500085 0.019119716306620987 0.8762451025241638 0.7140763485172742 0.5882549296486421 0.3795406516202285 0.0 0.0 0.0 0.0 0.0 0.0
12.918870009015288 28.652425611974778 5.621819781811984 -0.09203014480779026 -0.45856466505350846 0.8838828544615063 0.7140763485172742 0.5882549296486421 0.3795406516202285 0.0 0.0 0.0 0.0 0.0 0.0
12.942538540391414 29.063786331887485 5.966649103149013 0.3323896968638677 -0.762032663367463 0.5557187322556587 0.7140763485172742 0.5882549296486421 0.3795406516202285 0.0 0.0 0.0 0.0 0.0 0.0
13.041975313626315 29.301441682208186 6.438154526989433 0.6305291354375667 -0.775991712361409 0.01642777254415745 0.7140763485172742 0.5882549296486421 0.3795406516202285 0.0 0.0 0.0 0.0 0.0 0.0
13.285141223123837 29.36220969727949 6.913404662098195 0.6891200135735643 -0.49513853593969304 -0.5291043726145792 0.7140763485172742 0.5882549296486421 0.3795406516202285 0.0 0.0 0.0 0.0 0.0 0.0
13.685392061398645 29.310110867503784 7.26804543882117 0.48590267708075163 -0.026173951439628362 -0.8736209204636723 0.7140763485172742 0.5882549296486421 0.3795406516202285 0.0 0.0 0.0 0.0 0.0 0.0
14.196404430202959 29.252045684673853 7.42354429923593 0.09808278970542766 0.4527345548174826 -0.8862342744657397 0.7140763485172742 0.5882549296486421 0.3795406516202285 0.0 0.0 0.0 0.0 0.0 0.0
14.729774774006806 29.297181357859877 7.377026028900824 -0.3270003893357824 0.7596416343813299 -0.5621524105513628 0.7140763485172742 0.5882549296486421 0.3795406516202285 0.0 0.0 0.0 0.0 0.0 0.0
15.188605368772478 29.515477365505287 7.202365098892383 -0.62785065331337 0.7779481565128734 -0.024499447181429324 0.7140763485172742 0.5882549296486421 0.3795406516202285 0.0 0.0 0.0 0.0 0.0 0.0
15.50431738736002 29.911106679905977 7.02211951912806 -0.6901699569940715 0.5006991673856117 0.5224612657816423 0.7140763485172742 0.5882549296486421 0.3795406516202285 0.0 0.0 0.0 0.0 0.0 0.0
15.662705142534534 30.420870385266742 6.960969001337928 -0.49028215498639427 0.03322619332489679 0.8709302087877264 0.7140763485172742 0.5882549296486421 0.3795406516202285 0.0 0.0 0.0 0.0 0.0 0.0
15.70933306505315 30.938208002441378 7.098347052044818 -0.10412796521888629 -0.44686996709227456 0.8885182042987767 0.7140763485172742 0.5882549296486421 0.3795406516202285 0.0 0.0 0.0 0.0 0.0 0.0
15.732225014623728 31.353681596556548 7.438262855378879 0.32158617946201534 -0.7571927557436666 0.5685432787645415 0.7140763485172742 0.5882549296486421 0.3795406516202285 0.0 0.0 0.0 0.0 0.0 0.0
15.828422543921398 31.596553078174843 7.907778116996556 0.6251243579311003 -0.7798453569002707 0.03256925609094469 0.7140763485172742 0.5882549296486421 0.3795406516202285 0.0 0.0 0.0 0.0 0.0 0.0
16.067117190279028 31.661658786149854 8.384717541564957 0.6911673413002514 -0.5062216686513985 -0.5157783715005252 0.7140763485172742 0.5882549296486421 0.3795406516202285 0.0 0.0 0.0 0.0 0.0 0.0
16.463363453833665 31.611371248827492 8.744085270120825 0.4946242960077297 -0.04027590490690347 -0.8681731724044379 0.7140763485172742 0.5882549296486421 0.3795406516202285 0.0 0.0 0.0 0.0 0.0 0.0
16.972359341226635 31.551902817714318 8.905552896709992 0.11016521098464538 0.44097134848894454 -0.8907344700305183 0.7140763485172742 0.5882549296486421 0.3795406516202285 0.0 0.0 0.0 0.0 0.0 0.0
17.506467391929913 31.59295381936438 8.863977572828704 -0.316147479555611 0.7546862139460622 -0.5748908502058376 0.7140763485172742 0.5882549296486421 0.3795406516202285 0.0 0.0 0.0 0.0 0.0 0.0
