        0.0000  -1.017812   0.269074  -0.748738 
        0.5000  -0.878561   1.761503   0.882942 
        1.0000  -0.752499   4.780323   4.027824 
        1.5000  -0.655299   4.875749   4.220450 
        2.0000  -0.421616   2.878993   2.457377 
        2.5000  -0.253454   2.598051   2.344597 
        3.0000  -0.210835   4.383800   4.172965 
        3.5000  -0.152765   5.019697   4.866932 
        4.0000  -0.128822   3.558824   3.430002 
        4.5000  -0.086996   1.948529   1.861533 
        5.0000  -0.063764   2.726148   2.662384 
        5.5000   0.016189   4.300525   4.316715 
        6.0000   0.030916   4.085667   4.116583 
        6.5000   0.044224   2.308205   2.352429 
        7.0000   0.027094   1.653310   1.680405 
        7.5000   0.094054   2.955999   3.050054 
        8.0000   0.061264   3.956855   4.018119 
        8.5000   0.119276   3.092520   3.211797 
        9.0000   0.074233   1.614384   1.688617 
        9.5000   0.071429   1.769960   1.841389 
       10.0000   0.120537   3.165883   3.286421 
       10.5000   0.154910   3.449175   3.604085 
       11.0000   0.154295   2.259245   2.413540 
       11.5000   0.202971   1.201172   1.404143 
       12.0000   0.209976   1.941692   2.151668 
       12.5000   0.184359   3.136064   3.320423 
       13.0000   0.246774   2.863256   3.110030 
       13.5000   0.210161   1.559505   1.769666 
       14.0000   0.243264   1.084263   1.327527 
       14.5000   0.237921   2.205282   2.443203 
       15.0000   0.256438   2.930501   3.186939 
       15.5000   0.269718   2.248987   2.518705 
       16.0000   0.285187   1.082106   1.367293 
       16.5000   0.310310   1.235157   1.545467 
       17.0000   0.303741   2.366873   2.670614 
       17.5000   0.284606   2.645330   2.929936 
       18.0000   0.346188   1.619761   1.965949 
       18.5000   0.322156   0.840668   1.162824 
       19.0000   0.313560   1.473451   1.787011 
       19.5000   0.293964   2.403667   2.697631 
       20.0000   0.289563   2.233497   2.523060 
       20.5000   0.319232   1.162248   1.481480 
       21.0000   0.331203   0.811134   1.142337 
       21.5000   0.349561   1.662738   2.012300 
       22.0000   0.318399   2.264262   2.582661 
       22.5000   0.338241   1.723748   2.061989 
       23.0000   0.342947   0.783349   1.126296 
       23.5000   0.284757   0.969136   1.253893 
       24.0000   0.357673   1.786167   2.143840 
       24.5000   0.372811   2.005377   2.378188 
       25.0000   0.375835   1.299623   1.675458 
       25.5000   0.365502   0.649520   1.015022 
       26.0000   0.353866   1.107400   1.461266 
       26.5000   0.390596   1.806996   2.197591 
       27.0000   0.377324   1.731736   2.109060 
       27.5000   0.360195   0.949387   1.309582 
       28.0000   0.352124   0.637657   0.989780 
       28.5000   0.345479   1.271129   1.616608 
       29.0000   0.363441   1.736228   2.099669 
       29.5000   0.372253   1.432745   1.804999 
       30.0000   0.395020   0.685331   1.080351 
       30.5000   0.389908   0.657883   1.047791 
       31.0000   0.352376   1.348711   1.701088 
       31.5000   0.367503   1.572665   1.940168 
       32.0000   0.365858   1.155464   1.521322 
       32.5000   0.364321   0.561973   0.926294 
       33.0000   0.366076   0.759213   1.125290 
       33.5000   0.345854   1.371290   1.717144 
       34.0000   0.377904   1.405299   1.783204 
       34.5000   0.354807   0.945039   1.299846 
       35.0000   0.340754   0.564187   0.904941 
       35.5000   0.343100   0.881305   1.224405 
       36.0000   0.341920   1.360495   1.702415 
       36.5000   0.307895   1.320389   1.628284 
       37.0000   0.335357   0.777136   1.112493 
       37.5000   0.324415   0.553539   0.877953 
       38.0000   0.325228   0.965762   1.290990 
       38.5000   0.341404   1.278508   1.619912 
       39.0000   0.366025   1.089752   1.455777 
       39.5000   0.337049   0.633918   0.970967 
       40.0000   0.346824   0.571490   0.918313 
       40.5000   0.345714   0.996359   1.342073 
       41.0000   0.317429   1.210765   1.528194 
       41.5000   0.348646   0.921693   1.270339 
       42.0000   0.323196   0.548203   0.871399 
       42.5000   0.324109   0.613776   0.937885 
       43.0000   0.307717   1.026280   1.333998 
       43.5000   0.304004   1.141659   1.445663 
       44.0000   0.315665   0.826957   1.142622 
       44.5000   0.288141   0.519644   0.807785 
       45.0000   0.284884   0.688954   0.973838 
       45.5000   0.258371   1.076971   1.335342 
       46.0000   0.283738   1.057412   1.341151 
       46.5000   0.274265   0.746567   1.020833 
       47.0000   0.242594   0.559278   0.801872 
       47.5000   0.258794   0.773580   1.032375 
       48.0000   0.254448   1.061485   1.315933 
       48.5000   0.255045   1.035330   1.290374 
       49.0000   0.261747   0.727241   0.988989 
       49.5000   0.262941   0.561667   0.824608 
       50.0000   0.272190   0.793735   1.065925 
       50.5000   0.247795   1.044203   1.291999 
       51.0000   0.249637   0.959273   1.208910 
       51.5000   0.218900   0.680428   0.899328 
       52.0000   0.247455   0.560059   0.807514 
       52.5000   0.257977   0.792134   1.050111 
       53.0000   0.264456   0.934604   1.199060 
       53.5000   0.253987   0.865792   1.119779 
       54.0000   0.256262   0.600411   0.856673 
       54.5000   0.215430   0.578553   0.793983 
       55.0000   0.236614   0.777993   1.014607 
       55.5000   0.225024   0.890293   1.115317 
       56.0000   0.216157   0.808173   1.024331 
       56.5000   0.236392   0.539729   0.776122 
       57.0000   0.198253   0.531357   0.729610 
       57.5000   0.195355   0.745961   0.941315 
       58.0000   0.187701   0.860433   1.048134 
       58.5000   0.172852   0.796971   0.969823 
       59.0000   0.154269   0.608085   0.762354 
       59.5000   0.184493   0.566573   0.751067 
       60.0000   0.191408   0.741220   0.932628 
       60.5000   0.160329   0.846353   1.006682 
       61.0000   0.146348   0.799015   0.945363 
       61.5000   0.177705   0.571204   0.748909 
       62.0000   0.126243   0.602240   0.728483 
       62.5000   0.123364   0.792918   0.916282 
       63.0000   0.094637   0.883608   0.978244 
       63.5000   0.150160   0.735968   0.886128 
       64.0000   0.165101   0.530818   0.695919 
       64.5000   0.113477   0.572024   0.685500 
       65.0000   0.104461   0.722020   0.826482 
       65.5000   0.097683   0.790043   0.887726 
       66.0000   0.135567   0.672868   0.808436 
       66.5000   0.098606   0.559145   0.657751 
       67.0000   0.088475   0.536917   0.625392 
       67.5000   0.082681   0.684322   0.767004 
       68.0000   0.097149   0.731455   0.828604 
       68.5000   0.081807   0.685604   0.767411 
       69.0000   0.085749   0.534084   0.619833 
       69.5000   0.072254   0.514093   0.586347 
       70.0000   0.046553   0.663171   0.709724 
       70.5000   0.054688   0.728334   0.783022 
       71.0000   0.063281   0.688363   0.751644 
       71.5000   0.068917   0.552138   0.621055 
       72.0000   0.100168   0.492571   0.592739 
       72.5000   0.092558   0.614159   0.706717 
       73.0000   0.095658   0.670070   0.765728 
       73.5000   0.082478   0.656611   0.739089 
       74.0000   0.064791   0.558950   0.623741 
       74.5000   0.042770   0.525156   0.567926 
       75.0000   0.082073   0.565597   0.647669 
       75.5000   0.085077   0.628272   0.713349 
       76.0000  -0.020848   0.707509   0.686662 
       76.5000   0.039727   0.540555   0.580282 
       77.0000  -0.035357   0.559878   0.524521 
       77.5000   0.038802   0.544565   0.583367 
       78.0000  -0.002307   0.661521   0.659213 
       78.5000   0.008707   0.641211   0.649918 
       79.0000  -0.016770   0.586694   0.569924 
       79.5000   0.013955   0.471941   0.485896 
       80.0000  -0.011187   0.526725   0.515537 
       80.5000   0.024482   0.567250   0.591732 
       81.0000  -0.005540   0.606676   0.601135 
       81.5000  -0.020435   0.569376   0.548941 
       82.0000   0.014013   0.457323   0.471337 
       82.5000  -0.008083   0.498081   0.489998 
       83.0000   0.004646   0.571022   0.575668 
       83.5000  -0.008565   0.586603   0.578038 
       84.0000   0.013514   0.506815   0.520329 
       84.5000   0.016389   0.451995   0.468384 
       85.0000   0.000605   0.501226   0.501831 
       85.5000  -0.031674   0.563284   0.531610 
       86.0000   0.010597   0.511086   0.521683 
       86.5000   0.003289   0.494379   0.497667 
       87.0000   0.003267   0.453088   0.456355 
       87.5000  -0.001987   0.463177   0.461190 
       88.0000   0.016380   0.484537   0.500917 
       88.5000  -0.003681   0.509307   0.505626 
       89.0000  -0.023467   0.507793   0.484326 
       89.5000  -0.021626   0.475025   0.453400 
       90.0000  -0.028147   0.450366   0.422219 
       90.5000  -0.016456   0.469923   0.453468 
       91.0000  -0.037602   0.517060   0.479458 
       91.5000  -0.081016   0.551085   0.470069 
       92.0000  -0.073971   0.528998   0.455027 
       92.5000  -0.066357   0.474000   0.407643 
       93.0000  -0.051268   0.454436   0.403168 
       93.5000  -0.040615   0.478165   0.437551 
       94.0000  -0.043204   0.489072   0.445869 
       94.5000  -0.054973   0.483628   0.428655 
       95.0000  -0.085001   0.479197   0.394195 
       95.5000  -0.064091   0.427340   0.363249 
       96.0000  -0.059074   0.431131   0.372057 
       96.5000  -0.083983   0.469094   0.385111 
       97.0000  -0.050213   0.425991   0.375777 
       97.5000  -0.078653   0.428535   0.349882 
       98.0000  -0.050904   0.388229   0.337326 
       98.5000  -0.069504   0.408013   0.338509 
       99.0000  -0.040534   0.401400   0.360866 
       99.5000  -0.059294   0.416564   0.357270 
      100.0000  -0.062736   0.412518   0.349782 
      100.5000  -0.081535   0.412230   0.330695 
      101.0000  -0.060234   0.399038   0.338804 
      101.5000  -0.074102   0.418159   0.344057 
      102.0000  -0.093505   0.440051   0.346546 
      102.5000  -0.065164   0.410230   0.345066 
      103.0000  -0.096049   0.427120   0.331071 
      103.5000  -0.098365   0.420713   0.322348 
      104.0000  -0.093484   0.422181   0.328697 
      104.5000  -0.142623   0.470839   0.328216 
      105.0000  -0.111575   0.430096   0.318521 
      105.5000  -0.138699   0.456304   0.317604 
      106.0000  -0.095056   0.397918   0.302862 
      106.5000  -0.103507   0.404693   0.301186 
      107.0000  -0.124676   0.427064   0.302388 
      107.5000  -0.152701   0.457591   0.304890 
      108.0000  -0.127504   0.423309   0.295804 
      108.5000  -0.109620   0.396584   0.286964 
      109.0000  -0.137640   0.432549   0.294909 
      109.5000  -0.113026   0.414171   0.301145 
      110.0000  -0.084336   0.395102   0.310767 
      110.5000  -0.102729   0.403595   0.300866 
      111.0000  -0.077469   0.378989   0.301521 
      111.5000  -0.062820   0.364080   0.301259 
      112.0000  -0.085595   0.382223   0.296628 
      112.5000  -0.096014   0.387293   0.291279 
      113.0000  -0.119486   0.403237   0.283752 
      113.5000  -0.107813   0.383078   0.275265 
      114.0000  -0.106721   0.373880   0.267159 
      114.5000  -0.102132   0.377627   0.275495 
      115.0000  -0.054231   0.325727   0.271496 
      115.5000  -0.065533   0.331317   0.265784 
      116.0000  -0.092949   0.356931   0.263983 
      116.5000  -0.085582   0.344433   0.258850 
      117.0000  -0.084234   0.343273   0.259038 
      117.5000  -0.125212   0.373364   0.248152 
      118.0000  -0.094858   0.333807   0.238949 
      118.5000  -0.097792   0.340317   0.242525 
      119.0000  -0.109273   0.359331   0.250058 
      119.5000  -0.107779   0.349783   0.242004 
      120.0000  -0.093002   0.337807   0.244804 
      120.5000  -0.076252   0.330279   0.254027 
      121.0000  -0.055476   0.314912   0.259436 
      121.5000  -0.092316   0.363883   0.271567 
      122.0000  -0.100049   0.367323   0.267274 
      122.5000  -0.071974   0.327063   0.255089 
      123.0000  -0.106615   0.367601   0.260986 
      123.5000  -0.092515   0.355668   0.263153 
      124.0000  -0.080571   0.345505   0.264933 
      124.5000  -0.097190   0.370661   0.273471 
      125.0000  -0.092210   0.376422   0.284212 
      125.5000  -0.094831   0.380733   0.285903 
      126.0000  -0.106430   0.380072   0.273642 
      126.5000  -0.131050   0.397429   0.266379 
      127.0000  -0.135695   0.399294   0.263599 
      127.5000  -0.116152   0.371646   0.255494 
      128.0000  -0.116005   0.359693   0.243687 
      128.5000  -0.129420   0.370587   0.241167 
      129.0000  -0.144727   0.368837   0.224110 
      129.5000  -0.159589   0.380251   0.220663 
      130.0000  -0.146185   0.366078   0.219893 
      130.5000  -0.168706   0.385040   0.216334 
      131.0000  -0.165104   0.370226   0.205122 
      131.5000  -0.161361   0.364959   0.203599 
      132.0000  -0.153316   0.348881   0.195565 
      132.5000  -0.165223   0.358635   0.193412 
      133.0000  -0.150716   0.336785   0.186069 
      133.5000  -0.178219   0.354117   0.175898 
      134.0000  -0.171006   0.346425   0.175419 
      134.5000  -0.192383   0.368604   0.176221 
      135.0000  -0.166242   0.350455   0.184213 
      135.5000  -0.139266   0.323144   0.183877 
      136.0000  -0.169223   0.347190   0.177967 
      136.5000  -0.192185   0.375026   0.182841 
      137.0000  -0.148300   0.331649   0.183349 
      137.5000  -0.155930   0.330051   0.174121 
      138.0000  -0.142515   0.319165   0.176650 
      138.5000  -0.181000   0.346011   0.165011 
      139.0000  -0.184471   0.344979   0.160508 
      139.5000  -0.174695   0.344422   0.169727 
      140.0000  -0.188574   0.361083   0.172509 
      140.5000  -0.174081   0.341025   0.166944 
      141.0000  -0.191592   0.359852   0.168260 
      141.5000  -0.163987   0.320836   0.156849 
      142.0000  -0.194531   0.351072   0.156541 
      142.5000  -0.183157   0.334678   0.151521 
      143.0000  -0.185081   0.337777   0.152696 
      143.5000  -0.201797   0.348550   0.146753 
      144.0000  -0.190555   0.347300   0.156745 
      144.5000  -0.238093   0.391398   0.153305 
      145.0000  -0.212731   0.368271   0.155541 
      145.5000  -0.208071   0.358679   0.150608 
      146.0000  -0.190409   0.334260   0.143851 
      146.5000  -0.172022   0.321816   0.149794 
      147.0000  -0.235753   0.381508   0.145756 
      147.5000  -0.211041   0.361774   0.150733 
      148.0000  -0.172448   0.327963   0.155516 
      148.5000  -0.189060   0.341281   0.152221 
      149.0000  -0.215872   0.360650   0.144778 
      149.5000  -0.212050   0.356479   0.144429 
      150.0000  -0.196199   0.345822   0.149623 
      150.5000  -0.224588   0.368403   0.143815 
      151.0000  -0.208345   0.348225   0.139881 
      151.5000  -0.216587   0.353523   0.136936 
      152.0000  -0.205253   0.338513   0.133260 
      152.5000  -0.205249   0.340261   0.135012 
      153.0000  -0.229516   0.354283   0.124767 
      153.5000  -0.241478   0.369672   0.128194 
      154.0000  -0.248649   0.371133   0.122483 
      154.5000  -0.237030   0.355565   0.118536 
      155.0000  -0.230526   0.348948   0.118422 
      155.5000  -0.244527   0.365291   0.120765 
      156.0000  -0.251792   0.365063   0.113272 
      156.5000  -0.252158   0.360564   0.108406 
      157.0000  -0.275055   0.391378   0.116323 
      157.5000  -0.281945   0.387409   0.105464 
      158.0000  -0.276090   0.389086   0.112996 
      158.5000  -0.234557   0.336357   0.101800 
      159.0000  -0.270188   0.370183   0.099995 
      159.5000  -0.276754   0.379040   0.102286 
      160.0000  -0.249775   0.350307   0.100532 
      160.5000  -0.245290   0.348795   0.103505 
      161.0000  -0.259443   0.358170   0.098727 
      161.5000  -0.229559   0.334202   0.104642 
      162.0000  -0.247665   0.343005   0.095340 
      162.5000  -0.251714   0.343512   0.091798 
      163.0000  -0.260325   0.348938   0.088614 
      163.5000  -0.241671   0.321360   0.079688 
      164.0000  -0.278319   0.343280   0.064961 
      164.5000  -0.327744   0.389853   0.062109 
      165.0000  -0.287985   0.350921   0.062936 
      165.5000  -0.305685   0.363623   0.057938 
      166.0000  -0.277773   0.334178   0.056405 
      166.5000  -0.273901   0.329263   0.055362 
      167.0000  -0.269315   0.321239   0.051924 
      167.5000  -0.286638   0.331384   0.044746 
      168.0000  -0.305187   0.348190   0.043003 
      168.5000  -0.307687   0.344349   0.036662 
      169.0000  -0.298190   0.330858   0.032667 
      169.5000  -0.288085   0.321905   0.033820 
      170.0000  -0.309536   0.349846   0.040310 
      170.5000  -0.295203   0.350434   0.055231 
      171.0000  -0.270487   0.331472   0.060984 
      171.5000  -0.320422   0.382579   0.062156 
      172.0000  -0.305859   0.359537   0.053679 
      172.5000  -0.318290   0.363394   0.045104 
      173.0000  -0.315258   0.362037   0.046779 
      173.5000  -0.299373   0.343260   0.043887 
      174.0000  -0.333554   0.368079   0.034525 
      174.5000  -0.338606   0.381696   0.043090 
      175.0000  -0.301912   0.337832   0.035920 
      175.5000  -0.323679   0.348785   0.025107 
      176.0000  -0.324624   0.363980   0.039356 
      176.5000  -0.306581   0.351360   0.044779 
      177.0000  -0.325513   0.364651   0.039138 
      177.5000  -0.310661   0.340919   0.030257 
      178.0000  -0.319654   0.344119   0.024465 
      178.5000  -0.328590   0.340252   0.011662 
      179.0000  -0.326496   0.345666   0.019169 
      179.5000  -0.321268   0.330472   0.009204 
      180.0000  -0.307521   0.313067   0.005546 
      180.5000  -0.328332   0.323889  -0.004443 
      181.0000  -0.323780   0.334900   0.011120 
      181.5000  -0.345401   0.362824   0.017423 
      182.0000  -0.315726   0.333174   0.017447 
      182.5000  -0.328783   0.354247   0.025464 
      183.0000  -0.355507   0.374938   0.019431 
      183.5000  -0.314206   0.333228   0.019022 
      184.0000  -0.326841   0.335534   0.008694 
      184.5000  -0.361839   0.363392   0.001553 
      185.0000  -0.330611   0.327795  -0.002816 
      185.5000  -0.368200   0.364242  -0.003958 
      186.0000  -0.327013   0.327508   0.000495 
      186.5000  -0.389191   0.387266  -0.001925 
      187.0000  -0.321311   0.319953  -0.001358 
      187.5000  -0.358367   0.359745   0.001378 
      188.0000  -0.339376   0.338489  -0.000887 
      188.5000  -0.344417   0.334326  -0.010091 
      189.0000  -0.372312   0.364192  -0.008120 
      189.5000  -0.369195   0.365568  -0.003628 
      190.0000  -0.359830   0.348095  -0.011735 
      190.5000  -0.367504   0.348731  -0.018773 
      191.0000  -0.333573   0.303931  -0.029643 
      191.5000  -0.354614   0.324700  -0.029914 
      192.0000  -0.332583   0.309562  -0.023021 
      192.5000  -0.358340   0.336703  -0.021637 
      193.0000  -0.359912   0.340550  -0.019363 
      193.5000  -0.331403   0.311459  -0.019944 
      194.0000  -0.353407   0.338395  -0.015011 
      194.5000  -0.337214   0.318747  -0.018467 
      195.0000  -0.345402   0.318800  -0.026603 
      195.5000  -0.375926   0.336522  -0.039405 
      196.0000  -0.348635   0.321346  -0.027289 
      196.5000  -0.339161   0.308304  -0.030857 
      197.0000  -0.374303   0.333449  -0.040854 
      197.5000  -0.341306   0.294435  -0.046872 
      198.0000  -0.383827   0.340333  -0.043494 
      198.5000  -0.355737   0.314553  -0.041184 
      199.0000  -0.358583   0.311818  -0.046765 
      199.5000  -0.366801   0.304868  -0.061933 
      200.0000  -0.374364   0.315157  -0.059207 
      200.5000  -0.368439   0.311978  -0.056460 
      201.0000  -0.383178   0.328783  -0.054395 
      201.5000  -0.390170   0.343995  -0.046176 
      202.0000  -0.377364   0.333109  -0.044255 
      202.5000  -0.389374   0.339153  -0.050221 
      203.0000  -0.381395   0.333521  -0.047873 
      203.5000  -0.401584   0.350981  -0.050603 
      204.0000  -0.373471   0.317032  -0.056439 
      204.5000  -0.392057   0.341138  -0.050918 
      205.0000  -0.355774   0.299698  -0.056076 
      205.5000  -0.353747   0.309836  -0.043911 
      206.0000  -0.370462   0.316410  -0.054052 
      206.5000  -0.386693   0.328441  -0.058252 
      207.0000  -0.354516   0.301211  -0.053305 
      207.5000  -0.373125   0.325155  -0.047969 
      208.0000  -0.404319   0.343805  -0.060514 
      208.5000  -0.370918   0.306587  -0.064331 
      209.0000  -0.378134   0.308646  -0.069488 
      209.5000  -0.371792   0.298274  -0.073518 
      210.0000  -0.364148   0.282300  -0.081848 
      210.5000  -0.390016   0.304348  -0.085668 
      211.0000  -0.388209   0.300196  -0.088012 
      211.5000  -0.397510   0.307051  -0.090459 
      212.0000  -0.366124   0.287590  -0.078534 
      212.5000  -0.376494   0.298647  -0.077847 
      213.0000  -0.385929   0.318993  -0.066935 
      213.5000  -0.379550   0.316487  -0.063063 
      214.0000  -0.365488   0.310145  -0.055343 
      214.5000  -0.378890   0.318888  -0.060002 
      215.0000  -0.377780   0.317220  -0.060560 
      215.5000  -0.364536   0.307651  -0.056885 
      216.0000  -0.381840   0.325439  -0.056400 
      216.5000  -0.424004   0.363984  -0.060020 
      217.0000  -0.377114   0.311837  -0.065278 
      217.5000  -0.392157   0.322403  -0.069754 
      218.0000  -0.379409   0.318531  -0.060878 
      218.5000  -0.367372   0.302040  -0.065332 
      219.0000  -0.390325   0.322818  -0.067507 
      219.5000  -0.407220   0.338883  -0.068337 
      220.0000  -0.369005   0.302125  -0.066880 
      220.5000  -0.361909   0.293460  -0.068449 
      221.0000  -0.385376   0.318055  -0.067321 
      221.5000  -0.380604   0.315000  -0.065604 
      222.0000  -0.398224   0.332318  -0.065906 
      222.5000  -0.397449   0.327408  -0.070041 
      223.0000  -0.403038   0.330728  -0.072310 
      223.5000  -0.403436   0.337215  -0.066221 
      224.0000  -0.429321   0.355878  -0.073443 
      224.5000  -0.416794   0.341256  -0.075538 
      225.0000  -0.430799   0.341194  -0.089604 
      225.5000  -0.438699   0.351718  -0.086981 
      226.0000  -0.430118   0.339419  -0.090698 
      226.5000  -0.449562   0.344334  -0.105228 
      227.0000  -0.424316   0.329753  -0.094563 
      227.5000  -0.472657   0.377213  -0.095444 
      228.0000  -0.433846   0.333644  -0.100202 
      228.5000  -0.451024   0.351795  -0.099229 
      229.0000  -0.438090   0.354879  -0.083212 
      229.5000  -0.446899   0.364280  -0.082619 
      230.0000  -0.437178   0.364605  -0.072573 
      230.5000  -0.441397   0.383453  -0.057943 
      231.0000  -0.424632   0.343824  -0.080807 
      231.5000  -0.432580   0.351223  -0.081357 
      232.0000  -0.464365   0.383910  -0.080454 
      232.5000  -0.404634   0.329801  -0.074833 
      233.0000  -0.415235   0.340981  -0.074254 
      233.5000  -0.452059   0.378671  -0.073388 
      234.0000  -0.417792   0.333787  -0.084005 
      234.5000  -0.445128   0.362267  -0.082861 
      235.0000  -0.425070   0.343730  -0.081339 
      235.5000  -0.407501   0.320925  -0.086576 
      236.0000  -0.417858   0.318987  -0.098871 
      236.5000  -0.430236   0.331217  -0.099019 
      237.0000  -0.400503   0.308113  -0.092391 
      237.5000  -0.430559   0.331268  -0.099291 
      238.0000  -0.446754   0.347583  -0.099171 
      238.5000  -0.415622   0.316335  -0.099286 
      239.0000  -0.408540   0.312940  -0.095600 
      239.5000  -0.443381   0.345571  -0.097810 
      240.0000  -0.444075   0.341695  -0.102380 
      240.5000  -0.435649   0.326045  -0.109604 
      241.0000  -0.424292   0.315934  -0.108357 
      241.5000  -0.422267   0.310244  -0.112024 
      242.0000  -0.433233   0.300304  -0.132930 
      242.5000  -0.452635   0.316772  -0.135863 
      243.0000  -0.432150   0.299837  -0.132313 
      243.5000  -0.442995   0.312433  -0.130562 
      244.0000  -0.443089   0.312469  -0.130620 
      244.5000  -0.468285   0.337890  -0.130395 
      245.0000  -0.454757   0.327400  -0.127357 
      245.5000  -0.445545   0.313137  -0.132408 
      246.0000  -0.441205   0.310378  -0.130826 
      246.5000  -0.461015   0.327731  -0.133284 
      247.0000  -0.455167   0.323654  -0.131513 
      247.5000  -0.438598   0.309819  -0.128779 
      248.0000  -0.462650   0.338054  -0.124596 
      248.5000  -0.466675   0.347232  -0.119443 
      249.0000  -0.462526   0.334736  -0.127790 
      249.5000  -0.462649   0.336361  -0.126287 
      250.0000  -0.454734   0.314802  -0.139932 
      250.5000  -0.437299   0.295643  -0.141657 
      251.0000  -0.441948   0.300576  -0.141373 
      251.5000  -0.474656   0.332616  -0.142040 
      252.0000  -0.438954   0.302678  -0.136276 
      252.5000  -0.447635   0.303603  -0.144032 
      253.0000  -0.451352   0.304387  -0.146964 
      253.5000  -0.447801   0.295281  -0.152520 
      254.0000  -0.455935   0.307948  -0.147988 
      254.5000  -0.466016   0.321055  -0.144961 
      255.0000  -0.448653   0.308306  -0.140347 
      255.5000  -0.439879   0.302703  -0.137177 
      256.0000  -0.457158   0.309229  -0.147929 
      256.5000  -0.460201   0.297672  -0.162529 
      257.0000  -0.463025   0.299028  -0.163997 
      257.5000  -0.461425   0.294564  -0.166861 
      258.0000  -0.478901   0.311359  -0.167542 
      258.5000  -0.463791   0.305037  -0.158754 
      259.0000  -0.449730   0.299646  -0.150084 
      259.5000  -0.462738   0.310457  -0.152281 
      260.0000  -0.468027   0.315333  -0.152694 
      260.5000  -0.457144   0.305752  -0.151393 
      261.0000  -0.439069   0.287660  -0.151409 
      261.5000  -0.452463   0.308957  -0.143506 
      262.0000  -0.453555   0.302964  -0.150591 
      262.5000  -0.477471   0.329457  -0.148014 
      263.0000  -0.468403   0.313386  -0.155017 
      263.5000  -0.453308   0.299895  -0.153413 
      264.0000  -0.447230   0.296487  -0.150743 
      264.5000  -0.459850   0.302761  -0.157089 
      265.0000  -0.462981   0.306821  -0.156159 
      265.5000  -0.455893   0.295268  -0.160625 
      266.0000  -0.473892   0.301401  -0.172490 
      266.5000  -0.468473   0.290757  -0.177716 
      267.0000  -0.450909   0.277562  -0.173347 
      267.5000  -0.451701   0.282528  -0.169174 
      268.0000  -0.462685   0.300283  -0.162402 
      268.5000  -0.487653   0.334526  -0.153127 
      269.0000  -0.459064   0.291534  -0.167530 
      269.5000  -0.442588   0.274649  -0.167939 
      270.0000  -0.460386   0.292472  -0.167914 
      270.5000  -0.467034   0.299199  -0.167835 
      271.0000  -0.454865   0.292896  -0.161969 
      271.5000  -0.478408   0.327706  -0.150702 
      272.0000  -0.459014   0.302871  -0.156144 
      272.5000  -0.510510   0.346581  -0.163929 
      273.0000  -0.468066   0.296542  -0.171524 
      273.5000  -0.476625   0.304307  -0.172318 
      274.0000  -0.461935   0.292452  -0.169483 
      274.5000  -0.484627   0.312617  -0.172009 
      275.0000  -0.467095   0.295845  -0.171250 
      275.5000  -0.465256   0.294410  -0.170845 
      276.0000  -0.497684   0.331098  -0.166586 
      276.5000  -0.474328   0.306745  -0.167583 
      277.0000  -0.456827   0.293261  -0.163566 
      277.5000  -0.504116   0.338301  -0.165815 
      278.0000  -0.511993   0.342786  -0.169207 
      278.5000  -0.492179   0.319923  -0.172256 
      279.0000  -0.498754   0.340693  -0.158062 
      279.5000  -0.472080   0.309023  -0.163057 
      280.0000  -0.497787   0.336720  -0.161067 
      280.5000  -0.519656   0.343890  -0.175766 
      281.0000  -0.487166   0.310303  -0.176864 
      281.5000  -0.467649   0.299001  -0.168648 
      282.0000  -0.452908   0.291558  -0.161350 
      282.5000  -0.464985   0.303695  -0.161290 
      283.0000  -0.490013   0.322613  -0.167400 
      283.5000  -0.482860   0.314017  -0.168843 
      284.0000  -0.464260   0.295519  -0.168740 
      284.5000  -0.487788   0.314077  -0.173711 
      285.0000  -0.475118   0.299543  -0.175575 
      285.5000  -0.475052   0.292287  -0.182765 
      286.0000  -0.512315   0.322923  -0.189392 
      286.5000  -0.516356   0.332387  -0.183970 
      287.0000  -0.527748   0.345292  -0.182456 
      287.5000  -0.530146   0.340730  -0.189416 
      288.0000  -0.523253   0.318928  -0.204325 
      288.5000  -0.527899   0.312417  -0.215482 
      289.0000  -0.525146   0.311297  -0.213849 
      289.5000  -0.534914   0.329404  -0.205510 
      290.0000  -0.539670   0.340507  -0.199164 
      290.5000  -0.498900   0.305513  -0.193387 
      291.0000  -0.521687   0.334229  -0.187459 
      291.5000  -0.540638   0.352686  -0.187951 
      292.0000  -0.561693   0.372076  -0.189617 
      292.5000  -0.506894   0.322220  -0.184674 
      293.0000  -0.545904   0.354585  -0.191319 
      293.5000  -0.487549   0.291157  -0.196391 
      294.0000  -0.538178   0.351686  -0.186491 
      294.5000  -0.536743   0.350321  -0.186422 
      295.0000  -0.538564   0.344987  -0.193577 
      295.5000  -0.547818   0.357882  -0.189936 
      296.0000  -0.504038   0.311258  -0.192780 
      296.5000  -0.550080   0.356427  -0.193653 
      297.0000  -0.533439   0.347352  -0.186087 
      297.5000  -0.553354   0.363286  -0.190067 
      298.0000  -0.499050   0.305306  -0.193743 
      298.5000  -0.524084   0.334878  -0.189207 
      299.0000  -0.528584   0.341000  -0.187584 
      299.5000  -0.502457   0.315524  -0.186933 
      300.0000  -0.529659   0.353559  -0.176100 
      300.5000  -0.485966   0.305127  -0.180839 
      301.0000  -0.515478   0.332743  -0.182735 
      301.5000  -0.546098   0.351727  -0.194371 
      302.0000  -0.515516   0.312270  -0.203246 
      302.5000  -0.532170   0.343612  -0.188558 
      303.0000  -0.546660   0.364557  -0.182103 
      303.5000  -0.530687   0.352546  -0.178141 
      304.0000  -0.527542   0.344964  -0.182578 
      304.5000  -0.529701   0.342301  -0.187401 
      305.0000  -0.534259   0.333540  -0.200720 
      305.5000  -0.527993   0.324814  -0.203179 
      306.0000  -0.551294   0.354776  -0.196518 
      306.5000  -0.523463   0.322302  -0.201161 
      307.0000  -0.538012   0.333346  -0.204666 
      307.5000  -0.564950   0.358282  -0.206669 
      308.0000  -0.511563   0.298898  -0.212665 
      308.5000  -0.528233   0.319384  -0.208849 
      309.0000  -0.570120   0.359496  -0.210624 
      309.5000  -0.538979   0.328498  -0.210481 
      310.0000  -0.563613   0.353433  -0.210180 
      310.5000  -0.541769   0.333670  -0.208099 
      311.0000  -0.516134   0.299885  -0.216250 
      311.5000  -0.522575   0.302982  -0.219593 
      312.0000  -0.551028   0.327359  -0.223669 
      312.5000  -0.555486   0.322903  -0.232584 
      313.0000  -0.539206   0.293961  -0.245245 
      313.5000  -0.575371   0.324830  -0.250542 
      314.0000  -0.544865   0.294131  -0.250734 
      314.5000  -0.541663   0.292329  -0.249334 
      315.0000  -0.536142   0.272165  -0.263977 
      315.5000  -0.549493   0.277590  -0.271903 
      316.0000  -0.555075   0.265176  -0.289900 
      316.5000  -0.591089   0.311330  -0.279759 
      317.0000  -0.562945   0.290231  -0.272714 
      317.5000  -0.616946   0.342661  -0.274285 
      318.0000  -0.591769   0.320681  -0.271088 
      318.5000  -0.570101   0.296854  -0.273247 
      319.0000  -0.584391   0.316776  -0.267616 
      319.5000  -0.579276   0.320671  -0.258605 
      320.0000  -0.561761   0.304926  -0.256835 
      320.5000  -0.588648   0.336833  -0.251815 
      321.0000  -0.563105   0.310041  -0.253064 
      321.5000  -0.598776   0.349581  -0.249195 
      322.0000  -0.586506   0.341025  -0.245481 
      322.5000  -0.584740   0.343902  -0.240838 
      323.0000  -0.570321   0.341005  -0.229316 
      323.5000  -0.544473   0.318503  -0.225970 
      324.0000  -0.566069   0.337516  -0.228554 
      324.5000  -0.565907   0.338621  -0.227287 
      325.0000  -0.561883   0.327484  -0.234398 
      325.5000  -0.554116   0.319906  -0.234210 
      326.0000  -0.577846   0.336744  -0.241103 
      326.5000  -0.585663   0.337705  -0.247958 
      327.0000  -0.596980   0.348551  -0.248428 
      327.5000  -0.593030   0.347058  -0.245973 
      328.0000  -0.566178   0.323923  -0.242255 
      328.5000  -0.558536   0.303268  -0.255267 
      329.0000  -0.538162   0.282488  -0.255675 
      329.5000  -0.551986   0.289805  -0.262181 
      330.0000  -0.537143   0.283509  -0.253634 
      330.5000  -0.554437   0.293663  -0.260774 
      331.0000  -0.577384   0.321007  -0.256378 
      331.5000  -0.567506   0.311469  -0.256038 
      332.0000  -0.566119   0.308964  -0.257155 
      332.5000  -0.561312   0.295273  -0.266039 
      333.0000  -0.563612   0.302960  -0.260651 
      333.5000  -0.566206   0.311824  -0.254382 
      334.0000  -0.583828   0.328377  -0.255451 
      334.5000  -0.542008   0.283907  -0.258101 
      335.0000  -0.583698   0.322758  -0.260940 
      335.5000  -0.598326   0.332473  -0.265853 
      336.0000  -0.589294   0.320518  -0.268776 
      336.5000  -0.589116   0.313733  -0.275383 
      337.0000  -0.567877   0.302722  -0.265155 
      337.5000  -0.599682   0.324942  -0.274740 
      338.0000  -0.592439   0.322804  -0.269635 
      338.5000  -0.580044   0.306782  -0.273262 
      339.0000  -0.594063   0.319122  -0.274941 
      339.5000  -0.546817   0.267878  -0.278940 
      340.0000  -0.580689   0.314323  -0.266365 
      340.5000  -0.558733   0.297560  -0.261173 
      341.0000  -0.580166   0.324827  -0.255339 
      341.5000  -0.557156   0.296423  -0.260733 
      342.0000  -0.562824   0.297462  -0.265362 
      342.5000  -0.569703   0.311496  -0.258207 
      343.0000  -0.534392   0.282505  -0.251887 
      343.5000  -0.564808   0.307810  -0.256998 
      344.0000  -0.600787   0.343986  -0.256801 
      344.5000  -0.564998   0.306615  -0.258383 
      345.0000  -0.565688   0.310958  -0.254730 
      345.5000  -0.577664   0.323662  -0.254002 
      346.0000  -0.566625   0.311919  -0.254706 
      346.5000  -0.570974   0.309103  -0.261871 
      347.0000  -0.601860   0.332971  -0.268889 
      347.5000  -0.563871   0.297453  -0.266418 
      348.0000  -0.559621   0.293194  -0.266427 
      348.5000  -0.593895   0.327007  -0.266888 
      349.0000  -0.589812   0.325049  -0.264764 
      349.5000  -0.565004   0.303721  -0.261283 
      350.0000  -0.575804   0.309903  -0.265902 
      350.5000  -0.574909   0.306455  -0.268454 
      351.0000  -0.549530   0.276851  -0.272679 
      351.5000  -0.561505   0.271998  -0.289507 
      352.0000  -0.561912   0.277163  -0.284749 
      352.5000  -0.593710   0.313612  -0.280098 
      353.0000  -0.572402   0.287339  -0.285063 
      353.5000  -0.616034   0.331412  -0.284622 
      354.0000  -0.584679   0.302728  -0.281951 
      354.5000  -0.588167   0.314695  -0.273472 
      355.0000  -0.568453   0.291744  -0.276709 
      355.5000  -0.597487   0.319846  -0.277641 
      356.0000  -0.574869   0.302814  -0.272055 
      356.5000  -0.609878   0.339029  -0.270849 
      357.0000  -0.600206   0.324312  -0.275894 
      357.5000  -0.574961   0.304720  -0.270241 
      358.0000  -0.587237   0.319596  -0.267641 
      358.5000  -0.592857   0.321243  -0.271614 
      359.0000  -0.582012   0.321981  -0.260031 
      359.5000  -0.603830   0.346315  -0.257516 
      360.0000  -0.602638   0.340018  -0.262620 
      360.5000  -0.603946   0.335602  -0.268344 
      361.0000  -0.595176   0.320994  -0.274182 
      361.5000  -0.569201   0.286870  -0.282331 
      362.0000  -0.607045   0.319987  -0.287058 
      362.5000  -0.604979   0.315586  -0.289393 
      363.0000  -0.599972   0.314812  -0.285161 
      363.5000  -0.596670   0.307551  -0.289120 
      364.0000  -0.605399   0.305442  -0.299957 
      364.5000  -0.603826   0.309442  -0.294384 
      365.0000  -0.606042   0.321246  -0.284796 
      365.5000  -0.624608   0.343091  -0.281516 
      366.0000  -0.613288   0.321890  -0.291398 
      366.5000  -0.599128   0.308279  -0.290849 
      367.0000  -0.604357   0.312942  -0.291415 
      367.5000  -0.622106   0.337017  -0.285090 
      368.0000  -0.596143   0.311804  -0.284340 
      368.5000  -0.604516   0.309636  -0.294881 
      369.0000  -0.605057   0.297092  -0.307965 
      369.5000  -0.615810   0.316479  -0.299331 
      370.0000  -0.587453   0.282952  -0.304501 
      370.5000  -0.591496   0.287857  -0.303639 
      371.0000  -0.612082   0.295749  -0.316333 
      371.5000  -0.586798   0.263750  -0.323048 
      372.0000  -0.615774   0.299075  -0.316699 
      372.5000  -0.611378   0.288752  -0.322625 
      373.0000  -0.627506   0.310944  -0.316562 
      373.5000  -0.622911   0.300417  -0.322493 
      374.0000  -0.599638   0.276153  -0.323486 
      374.5000  -0.591815   0.273449  -0.318365 
      375.0000  -0.628193   0.308236  -0.319957 
      375.5000  -0.617609   0.298772  -0.318837 
      376.0000  -0.601048   0.280687  -0.320361 
      376.5000  -0.611798   0.281220  -0.330578 
      377.0000  -0.610040   0.274826  -0.335214 
      377.5000  -0.604041   0.268567  -0.335475 
      378.0000  -0.630119   0.306923  -0.323196 
      378.5000  -0.623029   0.299260  -0.323770 
      379.0000  -0.598808   0.275117  -0.323691 
      379.5000  -0.569529   0.248634  -0.320895 
      380.0000  -0.600727   0.282840  -0.317887 
      380.5000  -0.615062   0.301270  -0.313792 
      381.0000  -0.623945   0.306390  -0.317554 
      381.5000  -0.581572   0.280469  -0.301103 
      382.0000  -0.579163   0.285458  -0.293705 
      382.5000  -0.596292   0.300821  -0.295470 
      383.0000  -0.606237   0.292698  -0.313539 
      383.5000  -0.609999   0.300955  -0.309044 
      384.0000  -0.608159   0.301030  -0.307129 
      384.5000  -0.585475   0.274431  -0.311044 
      385.0000  -0.591201   0.289299  -0.301902 
      385.5000  -0.602333   0.299947  -0.302386 
      386.0000  -0.566420   0.264309  -0.302111 
      386.5000  -0.604424   0.301364  -0.303060 
      387.0000  -0.608883   0.301684  -0.307200 
      387.5000  -0.608294   0.304874  -0.303420 
      388.0000  -0.622782   0.327534  -0.295248 
      388.5000  -0.598902   0.303331  -0.295571 
      389.0000  -0.604438   0.314618  -0.289820 
      389.5000  -0.615004   0.310685  -0.304319 
      390.0000  -0.601698   0.292162  -0.309537 
      390.5000  -0.585317   0.274443  -0.310873 
      391.0000  -0.606187   0.305550  -0.300637 
      391.5000  -0.592139   0.297588  -0.294551 
      392.0000  -0.591052   0.282367  -0.308685 
      392.5000  -0.594591   0.295466  -0.299126 
      393.0000  -0.592165   0.282604  -0.309561 
      393.5000  -0.600621   0.297565  -0.303056 
      394.0000  -0.590853   0.283784  -0.307069 
      394.5000  -0.606269   0.296286  -0.309983 
      395.0000  -0.597851   0.282094  -0.315757 
      395.5000  -0.615716   0.292401  -0.323315 
      396.0000  -0.607544   0.289132  -0.318412 
      396.5000  -0.601861   0.279475  -0.322386 
      397.0000  -0.614148   0.291097  -0.323050 
      397.5000  -0.597699   0.273237  -0.324462 
      398.0000  -0.594399   0.276188  -0.318211 
      398.5000  -0.649643   0.322278  -0.327365 
      399.0000  -0.583183   0.255683  -0.327499 
      399.5000  -0.618951   0.299195  -0.319756 
      400.0000  -0.596614   0.274267  -0.322347 
      400.5000  -0.610377   0.291327  -0.319050 
      401.0000  -0.614780   0.300317  -0.314463 
      401.5000  -0.654784   0.348282  -0.306502 
      402.0000  -0.627645   0.323493  -0.304152 
      402.5000  -0.636500   0.333969  -0.302532 
      403.0000  -0.649634   0.341776  -0.307858 
      403.5000  -0.606816   0.296708  -0.310107 
      404.0000  -0.596190   0.282593  -0.313597 
      404.5000  -0.637258   0.327576  -0.309682 
      405.0000  -0.635117   0.323698  -0.311419 
      405.5000  -0.651476   0.344596  -0.306880 
      406.0000  -0.633639   0.321595  -0.312044 
      406.5000  -0.661977   0.352045  -0.309932 
      407.0000  -0.625422   0.321907  -0.303515 
      407.5000  -0.628989   0.332318  -0.296671 
      408.0000  -0.626249   0.330408  -0.295841 
      408.5000  -0.672170   0.375072  -0.297098 
      409.0000  -0.669913   0.374435  -0.295478 
      409.5000  -0.608407   0.313301  -0.295107 
      410.0000  -0.620319   0.315685  -0.304634 
      410.5000  -0.659617   0.350100  -0.309518 
      411.0000  -0.610740   0.303212  -0.307529 
      411.5000  -0.623248   0.318513  -0.304735 
      412.0000  -0.606468   0.305851  -0.300618 
      412.5000  -0.658044   0.360120  -0.297924 
      413.0000  -0.633035   0.341013  -0.292022 
      413.5000  -0.647399   0.356419  -0.290980 
      414.0000  -0.609372   0.317537  -0.291835 
      414.5000  -0.629949   0.326775  -0.303174 
      415.0000  -0.647603   0.347760  -0.299843 
      415.5000  -0.648421   0.349178  -0.299243 
      416.0000  -0.642675   0.332184  -0.310491 
      416.5000  -0.641837   0.331633  -0.310203 
      417.0000  -0.640738   0.330403  -0.310335 
      417.5000  -0.649593   0.323510  -0.326083 
      418.0000  -0.621462   0.297909  -0.323553 
      418.5000  -0.624309   0.297793  -0.326516 
      419.0000  -0.667121   0.336261  -0.330860 
      419.5000  -0.658482   0.346492  -0.311989 
      420.0000  -0.641530   0.333284  -0.308247 
      420.5000  -0.600788   0.290435  -0.310353 
      421.0000  -0.602124   0.306201  -0.295923 
      421.5000  -0.641198   0.346806  -0.294393 
      422.0000  -0.626645   0.319436  -0.307209 
      422.5000  -0.598046   0.295612  -0.302434 
      423.0000  -0.648072   0.346088  -0.301984 
      423.5000  -0.612199   0.311489  -0.300710 
      424.0000  -0.613712   0.312532  -0.301180 
      424.5000  -0.632414   0.326132  -0.306281 
      425.0000  -0.620500   0.311749  -0.308751 
      425.5000  -0.614693   0.303542  -0.311151 
      426.0000  -0.654084   0.344342  -0.309742 
      426.5000  -0.620599   0.306834  -0.313765 
      427.0000  -0.633542   0.325917  -0.307624 
      427.5000  -0.642645   0.334228  -0.308417 
      428.0000  -0.649878   0.335213  -0.314665 
      428.5000  -0.645288   0.332760  -0.312528 
      429.0000  -0.602026   0.290284  -0.311742 
      429.5000  -0.626346   0.318087  -0.308259 
      430.0000  -0.622901   0.317548  -0.305353 
      430.5000  -0.616687   0.306994  -0.309694 
      431.0000  -0.632510   0.320758  -0.311752 
      431.5000  -0.641912   0.325206  -0.316706 
      432.0000  -0.639944   0.316673  -0.323271 
      432.5000  -0.639303   0.317527  -0.321776 
      433.0000  -0.672114   0.352595  -0.319519 
      433.5000  -0.655498   0.343592  -0.311906 
      434.0000  -0.613565   0.300542  -0.313023 
      434.5000  -0.672332   0.354524  -0.317809 
      435.0000  -0.655104   0.344939  -0.310165 
      435.5000  -0.636462   0.326496  -0.309966 
      436.0000  -0.646685   0.339556  -0.307129 
      436.5000  -0.639820   0.334340  -0.305480 
      437.0000  -0.650766   0.341548  -0.309217 
      437.5000  -0.617998   0.312449  -0.305549 
      438.0000  -0.642897   0.336601  -0.306296 
      438.5000  -0.635994   0.334500  -0.301494 
      439.0000  -0.652867   0.348668  -0.304199 
      439.5000  -0.647456   0.331975  -0.315481 
      440.0000  -0.618235   0.298766  -0.319469 
      440.5000  -0.663065   0.335836  -0.327229 
      441.0000  -0.641897   0.312333  -0.329563 
      441.5000  -0.644942   0.321084  -0.323857 
      442.0000  -0.646241   0.326443  -0.319798 
      442.5000  -0.665458   0.337936  -0.327523 
      443.0000  -0.653552   0.327944  -0.325608 
      443.5000  -0.642829   0.313848  -0.328981 
      444.0000  -0.640970   0.313091  -0.327878 
      444.5000  -0.654230   0.322680  -0.331551 
      445.0000  -0.669381   0.335809  -0.333571 
      445.5000  -0.685055   0.349439  -0.335616 
      446.0000  -0.653487   0.320491  -0.332996 
      446.5000  -0.659362   0.320857  -0.338505 
      447.0000  -0.629082   0.292629  -0.336453 
      447.5000  -0.681347   0.350389  -0.330958 
      448.0000  -0.629097   0.293357  -0.335740 
      448.5000  -0.648351   0.303683  -0.344669 
      449.0000  -0.650087   0.305951  -0.344136 
      449.5000  -0.655635   0.308983  -0.346653 
      450.0000  -0.634688   0.283264  -0.351424 
      450.5000  -0.640102   0.288100  -0.352002 
      451.0000  -0.628473   0.282171  -0.346302 
      451.5000  -0.648297   0.301574  -0.346723 
      452.0000  -0.621283   0.274858  -0.346426 
      452.5000  -0.650306   0.296757  -0.353549 
      453.0000  -0.629890   0.280035  -0.349855 
      453.5000  -0.664643   0.322026  -0.342617 
      454.0000  -0.648817   0.307418  -0.341399 
      454.5000  -0.646421   0.306143  -0.340278 
      455.0000  -0.645945   0.310227  -0.335718 
      455.5000  -0.637878   0.302265  -0.335613 
      456.0000  -0.658572   0.325250  -0.333322 
      456.5000  -0.638199   0.302926  -0.335274 
      457.0000  -0.642132   0.309212  -0.332920 
      457.5000  -0.657840   0.331980  -0.325860 
      458.0000  -0.667267   0.344009  -0.323258 
      458.5000  -0.657471   0.341112  -0.316358 
      459.0000  -0.628082   0.317828  -0.310255 
      459.5000  -0.618106   0.308044  -0.310062 
      460.0000  -0.661145   0.355177  -0.305968 
      460.5000  -0.646610   0.348173  -0.298436 
      461.0000  -0.622785   0.325365  -0.297419 
      461.5000  -0.618054   0.322316  -0.295738 
      462.0000  -0.640904   0.340583  -0.300321 
      462.5000  -0.631085   0.324683  -0.306402 
      463.0000  -0.618143   0.298166  -0.319977 
      463.5000  -0.664797   0.343988  -0.320809 
      464.0000  -0.640094   0.315883  -0.324210 
      464.5000  -0.639129   0.314939  -0.324190 
      465.0000  -0.660019   0.331727  -0.328292 
      465.5000  -0.673938   0.351875  -0.322063 
      466.0000  -0.658025   0.342208  -0.315817 
      466.5000  -0.644637   0.326011  -0.318626 
      467.0000  -0.617527   0.300385  -0.317142 
      467.5000  -0.641763   0.329573  -0.312191 
      468.0000  -0.673768   0.365862  -0.307906 
      468.5000  -0.650520   0.346753  -0.303766 
      469.0000  -0.648570   0.337205  -0.311365 
      469.5000  -0.625123   0.299101  -0.326022 
      470.0000  -0.668070   0.345779  -0.322290 
      470.5000  -0.616138   0.284278  -0.331860 
      471.0000  -0.653303   0.314519  -0.338784 
      471.5000  -0.642166   0.305718  -0.336448 
      472.0000  -0.648274   0.304574  -0.343699 
      472.5000  -0.636981   0.298852  -0.338129 
      473.0000  -0.610579   0.282563  -0.328016 
      473.5000  -0.640006   0.314264  -0.325742 
      474.0000  -0.607909   0.280927  -0.326982 
      474.5000  -0.669031   0.337799  -0.331231 
      475.0000  -0.642947   0.303856  -0.339091 
      475.5000  -0.642859   0.305438  -0.337420 
      476.0000  -0.647589   0.310243  -0.337346 
      476.5000  -0.652134   0.320991  -0.331143 
      477.0000  -0.655060   0.319286  -0.335773 
      477.5000  -0.648581   0.313402  -0.335179 
      478.0000  -0.647843   0.311219  -0.336624 
      478.5000  -0.651190   0.314483  -0.336707 
      479.0000  -0.645541   0.310579  -0.334962 
      479.5000  -0.675079   0.333888  -0.341191 
      480.0000  -0.660237   0.318762  -0.341476 
      480.5000  -0.650087   0.301785  -0.348302 
      481.0000  -0.681234   0.337987  -0.343247 
      481.5000  -0.651365   0.306482  -0.344883 
      482.0000  -0.678440   0.322251  -0.356189 
      482.5000  -0.661776   0.303698  -0.358077 
      483.0000  -0.646136   0.294741  -0.351396 
      483.5000  -0.666018   0.322841  -0.343176 
      484.0000  -0.645800   0.306065  -0.339735 
      484.5000  -0.669477   0.327722  -0.341755 
      485.0000  -0.644185   0.310942  -0.333243 
      485.5000  -0.668676   0.332206  -0.336470 
      486.0000  -0.645551   0.319155  -0.326396 
      486.5000  -0.665536   0.337858  -0.327678 
      487.0000  -0.651958   0.320498  -0.331460 
      487.5000  -0.636197   0.294323  -0.341874 
      488.0000  -0.682120   0.338667  -0.343453 
      488.5000  -0.671401   0.322951  -0.348450 
      489.0000  -0.709257   0.350851  -0.358405 
      489.5000  -0.653378   0.299580  -0.353798 
      490.0000  -0.680771   0.322129  -0.358642 
      490.5000  -0.666500   0.304953  -0.361547 
      491.0000  -0.652993   0.290064  -0.362929 
      491.5000  -0.655564   0.296545  -0.359019 
      492.0000  -0.668814   0.315403  -0.353411 
      492.5000  -0.633422   0.295669  -0.337753 
      493.0000  -0.641261   0.305616  -0.335645 
      493.5000  -0.680177   0.341922  -0.338255 
      494.0000  -0.662946   0.338504  -0.324442 
      494.5000  -0.662212   0.332687  -0.329524 
      495.0000  -0.678082   0.338263  -0.339820 
      495.5000  -0.706230   0.357358  -0.348873 
      496.0000  -0.651779   0.305125  -0.346654 
      496.5000  -0.645254   0.293898  -0.351357 
      497.0000  -0.669364   0.324316  -0.345048 
      497.5000  -0.668138   0.327244  -0.340895 
      498.0000  -0.632955   0.289551  -0.343404 
      498.5000  -0.655887   0.308539  -0.347347 
      499.0000  -0.668109   0.314816  -0.353293 
      499.5000  -0.644548   0.294802  -0.349746 
      500.0000  -0.650776   0.298230  -0.352546 
