t = 0
b =  30.0 30.0 30.0
E = 0. 0. 0.
1.2451840414817807 10.46505737032342 9.14161516430543 0.9260005542514379 -0.26888333586297025 -0.2649994815489856 0.37689573308844615 0.6180126983768317 0.6899347150453513 0.0 0.0 0.0 0.0 0.0 0.0
1.4899766711478537 10.415377735802101 9.617318437883988 0.7628460998329577 0.21538004471612987 -0.6096533968639255 0.37689573308844615 0.6180126983768317 0.6899347150453513 0.0 0.0 0.0 0.0 0.0 0.0
1.908660093273836 10.414793989250768 9.954051200464642 0.3098736579812952 0.6178169453452556 -0.7226897938490267 0.37689573308844615 0.6180126983768317 0.6899347150453513 0.0 0.0 0.0 0.0 0.0 0.0
2.3979792254868433 10.555041634830523 10.126046801797946 -0.26082496734874194 0.785534859089233 -0.561164255421874 0.37689573308844615 0.6180126983768317 0.6899347150453513 0.0 0.0 0.0 0.0 0.0 0.0
2.8278432981858352 10.874351976256559 10.170124993450774 -0.7324318268220873 0.6548149464227435 -0.18644303419393038 0.37689573308844615 0.6180126983768317 0.6899347150453513 0.0 0.0 0.0 0.0 0.0 0.0
3.0907495129147327 11.34292740532344 10.171703489592657 -0.9257755896786075 0.2753198876881773 0.2591110128855879 0.37689573308844615 0.6180126983768317 0.6899347150453513 0.0 0.0 0.0 0.0 0.0 0.0
3.1426251528468203 11.874262011451794 10.23234634927475 -0.7674017278737795 -0.20877379948217667 0.606224454064757 0.37689573308844615 0.6180126983768317 0.6899347150453513 0.0 0.0 0.0 0.0 0.0 0.0
3.019571544763751 12.35800662341911 10.431178092335783 -0.317479119377022 -0.6135508297174653 0.7230230896123577 0.37689573308844615 0.6180126983768317 0.6899347150453513 0.0 0.0 0.0 0.0 0.0 0.0
2.8241485614291943 12.701892304446924 10.794822971423907 0.2530591145388803 -0.7852296417202531 0.565133165114807 0.37689573308844615 0.6180126983768317 0.6899347150453513 0.0 0.0 0.0 0.0 0.0 0.0
2.686410411216292 12.86678486393732 11.287289973281892 0.7274559599186923 -0.6585865844940118 0.1925397026674886 0.37689573308844615 0.6180126983768317 0.6899347150453513 0.0 0.0 0.0 0.0 0.0 0.0
2.71449586995629 12.881552590769852 11.823646406421203 0.9254801237103372 -0.28173547283799305 -0.25320281191537064 0.37689573308844615 0.6180126983768317 0.6899347150453513 0.0 0.0 0.0 0.0 0.0 0.0
2.953544552016333 12.832098707704143 12.302285250617366 0.7718989153019071 0.20215165531509188 -0.6027493449263189 0.37689573308844615 0.6180126983768317 0.6899347150453513 0.0 0.0 0.0 0.0 0.0 0.0
3.36854761610728 12.82872530082822 12.643527362672039 0.3250604035086375 0.6092379898185333 -0.723301324368118 0.37689573308844615 0.6180126983768317 0.6899347150453513 0.0 0.0 0.0 0.0 0.0 0.0
3.8576482094060607 12.964227712901131 12.819892915078292 -0.24527399029768884 0.7848646260739157 -0.5690590377292154 0.37689573308844615 0.6180126983768317 0.6899347150453513 0.0 0.0 0.0 0.0 0.0 0.0
4.290838588898926 13.278640041183394 12.866541441928701 -0.7224246944274897 0.6623080686470486 -0.19862170849724153 0.37689573308844615 0.6180126983768317 0.6899347150453513 0.0 0.0 0.0 0.0 0.0 0.0
4.55935223656592 13.744025514553304 12.867914144077524 -0.9251141788475045 0.2881296027407685 0.2472753285707108 0.37689573308844615 0.6180126983768317 0.6899347150453513 0.0 0.0 0.0 0.0 0.0 0.0
4.6169860780558665 14.275090139933983 12.92565326515457 -0.7763373196391065 -0.19551411651679335 0.599228334091625 0.37689573308844615 0.6180126983768317 0.6899347150453513 0.0 0.0 0.0 0.0 0.0 0.0
4.497653803106589 14.761587316302798 13.119986503842547 -0.3326169330320037 -0.6048787540879161 0.723524476927652 0.37689573308844615 0.6180126983768317 0.6899347150453513 0.0 0.0 0.0 0.0 0.0 0.0
4.30250148780686 15.110202361644737 13.479247169811915 0.23747018749251894 -0.7844398399475764 0.5729415742946983 0.37689573308844615 0.6180126983768317 0.6899347150453513 0.0 0.0 0.0 0.0 0.0 0.0
4.161480509218062 15.280004320788189 13.96910988566939 0.7173384134988252 -0.6659791154764286 0.20468858851489652 0.37689573308844615 0.6180126983768317 0.6899347150453513 0.0 0.0 0.0 0.0 0.0 0.0
4.183976844557406 15.297996319603728 14.505631371719371 0.9246777829582272 -0.2945017904587566 -0.24132901425241574 0.37689573308844615 0.6180126983768317 0.6899347150453513 0.0 0.0 0.0 0.0 0.0 0.0
4.417253509617105 15.24885662601768 14.987141901377086 0.7807166028837028 0.18886168856155802 -0.5956616896992839 0.37689573308844615 0.6180126983768317 0.6899347150453513 0.0 0.0 0.0 0.0 0.0 0.0
4.828494548869427 15.242767960281782 15.332871330125329 0.34014813248814013 0.6004734544982914 -0.7236925302970296 0.37689573308844615 0.6180126983768317 0.6899347150453513 0.0 0.0 0.0 0.0 0.0 0.0
5.317272365625198 15.373557237392694 15.513635023821344 -0.22964830041316878 0.7839553156903418 -0.5767804791410657 0.37689573308844615 0.6180126983768317 0.6899347150453513 0.0 0.0 0.0 0.0 0.0 0.0
5.753701845075892 15.68304915338241 15.562921589148731 -0.7121975044726845 0.6695994454177214 -0.21073988070405264 0.37689573308844615 0.6180126983768317 0.6899347150453513 0.0 0.0 0.0 0.0 0.0 0.0
6.027785880972711 16.14517628402407 15.564169992038687 -0.9241709692757422 0.3008515507251906 0.2353643217953413 0.37689573308844615 0.6180126983768317 0.6899347150453513 0.0 0.0 0.0 0.0 0.0 0.0
6.091205115344045 16.67588253511985 15.619069699487643 -0.7850364315363225 -0.18219487805753135 0.5920496833630735 0.37689573308844615 0.6180126983768317 0.6899347150453513 0.0 0.0 0.0 0.0 0.0 0.0
8.572138380492099 25.43636546789449 27.811275161657225 0.8937840370020692 -0.017444617208640247 0.448158209264014 0.004669200361727853 0.9995510475756386 0.029595639179203458 0.0 0.0 0.0 0.0 0.0 0.0
8.518043906285827 25.81539482065774 28.188230914660917 0.9869746287861266 0.00015291177190434593 -0.16087591103231552 0.004669200361727853 0.9995510475756386 0.029595639179203458 0.0 0.0 0.0 0.0 0.0 0.0
8.688930329766555 26.194459029664205 28.528514998682823 0.7051970577585199 0.017692347013753978 -0.7087905830256717 0.004669200361727853 0.9995510475756386 0.029595639179203458 0.0 0.0 0.0 0.0 0.0 0.0
9.020566444752394 26.57755620972915 28.7072302470019 0.15550333422239399 0.028510163824810753 -0.9874238621809789 0.004669200361727853 0.9995510475756386 0.029595639179203458 0.0 0.0 0.0 0.0 0.0 0.0
9.387649549667145 26.96715228253503 28.660862194867487 -0.4532687058619221 0.0284964927343022 -0.8909183072471358 0.004669200361727853 0.9995510475756386 0.029595639179203458 0.0 0.0 0.0 0.0 0.0 0.0
9.651410038818554 27.36324413175634 28.411409286563305 -0.8898363863406626 0.017656527618080963 -0.4559379920303444 0.004669200361727853 0.9995510475756386 0.029595639179203458 0.0 0.0 0.0 0.0 0.0 0.0
9.712332295704865 27.76336078700375 28.058025298629694 -0.9883403463775768 0.00010855245835141199 0.15226078923549086 0.004669200361727853 0.9995510475756386 0.029595639179203458 0.0 0.0 0.0 0.0 0.0 0.0
9.547962339536236 28.16350218678746 27.73934916239321 -0.7113572846562545 -0.017480663595206166 0.7026131510061217 0.004669200361727853 0.9995510475756386 0.029595639179203458 0.0 0.0 0.0 0.0 0.0 0.0
9.221438467947323 28.559658868754617 27.580833716036324 -0.16411769723446218 -0.02842868328783523 0.9860310296440862 0.004669200361727853 0.9995510475756386 0.029595639179203458 0.0 0.0 0.0 0.0 0.0 0.0
8.857503962109844 28.9493352314718 27.647084073912318 0.445472947268274 -0.02857617089717791 0.894839234560584 0.004669200361727853 0.9995510475756386 0.029595639179203458 0.0 0.0 0.0 0.0 0.0 0.0
8.595115028618995 29.332497655133817 27.917313063462554 0.8858209711932947 -0.017867093414583594 0.46368305335334575 0.004669200361727853 0.9995510475756386 0.029595639179203458 0.0 0.0 0.0 0.0 0.0 0.0
8.534649013384055 29.711587274289794 28.293238619614492 0.9896307980251351 -0.0003700084219172401 -0.14363407219006447 0.004669200361727853 0.9995510475756386 0.029595639179203458 0.0 0.0 0.0 0.0 0.0 0.0
8.69976936969772 30.090592550014353 28.636422784491252 0.7174633389426307 0.017267648956446384 -0.6963822122748451 0.004669200361727853 0.9995510475756386 0.029595639179203458 0.0 0.0 0.0 0.0 0.0 0.0
9.028435516698375 30.47353398686186 28.820866602168266 0.17271956204847844 0.028345037796561164 -0.9845631070267116 0.004669200361727853 0.9995510475756386 0.029595639179203458 0.0 0.0 0.0 0.0 0.0 0.0
9.396473093302609 30.86293667596697 28.780879228619217 -0.43764326418497285 0.028653672874002608 -0.8986920164018094 0.004669200361727853 0.9995510475756386 0.029595639179203458 0.0 0.0 0.0 0.0 0.0 0.0
9.664749874065413 31.2588709707053 28.53603498165399 -0.8817380973493749 0.018076298562747388 -0.4713928034166122 0.004669200361727853 0.9995510475756386 0.029595639179203458 0.0 0.0 0.0 0.0 0.0 0.0
9.732034427793499 31.65892575826978 28.183736730317552 -0.9908458854559123 0.0006314362079091471 0.13499641685393887 0.004669200361727853 0.9995510475756386 0.029595639179203458 0.0 0.0 0.0 0.0 0.0 0.0
9.573455630754898 32.05912448173772 27.86221091645064 -0.7235147556179742 -0.017053319319364192 0.6900982413419505 0.004669200361727853 0.9995510475756386 0.029595639179203458 0.0 0.0 0.0 0.0 0.0 0.0
9.249951622407757 32.455435900530226 27.697993018411594 -0.18130827359913365 -0.02825923372091666 0.9830202061168459 0.004669200361727853 0.9995510475756386 0.029595639179203458 0.0 0.0 0.0 0.0 0.0 0.0
8.885118387388822 32.84530562610687 27.75785460728766 0.42978025287269916 -0.028728992762700786 0.9024763593665582 0.004669200361727853 0.9995510475756386 0.029595639179203458 0.0 0.0 0.0 0.0 0.0 0.0
8.618253574535272 33.22862657687929 28.02343571067779 0.8775880757355541 -0.018284127130790435 0.4790666550928272 0.004669200361727853 0.9995510475756386 0.029595639179203458 0.0 0.0 0.0 0.0 0.0 0.0
8.551434991158988 33.60777966029695 28.398220073170187 0.9919855161362962 -0.0008928159075891594 -0.12634848101800977 0.004669200361727853 0.9995510475756386 0.029595639179203458 0.0 0.0 0.0 0.0 0.0 0.0
8.710739537398844 33.98672922630037 28.744203295438965 0.729511073843476 0.016837691005991178 -0.6837617167561534 0.004669200361727853 0.9995510475756386 0.029595639179203458 0.0 0.0 0.0 0.0 0.0 0.0
9.036336155875418 34.36951694449841 28.934323012858584 0.18988317782279102 0.028171277595214195 -0.9814024444123667 0.004669200361727853 0.9995510475756386 0.029595639179203458 0.0 0.0 0.0 0.0 0.0 0.0
9.405216650711381 34.758726306310685 28.900732012194535 -0.421884512130207 0.028802124827371225 -0.9061919752624619 0.004669200361727853 0.9995510475756386 0.029595639179203458 0.0 0.0 0.0 0.0 0.0 0.0
9.677928557732647 35.154501113383624 28.660574522256034 -0.8733712223920453 0.01849056329176256 -0.4867040239884749 0.004669200361727853 0.9995510475756386 0.029595639179203458 0.0 0.0 0.0 0.0 0.0 0.0
9.751555467128982 35.55449084494073 28.3094728347352 -0.9930496032789979 0.001154127615881103 0.11769092325607322 0.004669200361727853 0.9995510475756386 0.029595639179203458 0.0 0.0 0.0 0.0 0.0 0.0
