#id1 id2 FENE BEXC STCK NEXC HB CRSTCK CXSTCK total, t = 100000
0 1 0.0445686 0 -0 0 0 0 0 0.0445686
1 2 1.55252e-05 0 -1.23732 0 0 0 0 -1.2373
2 3 0.00468906 0 0 0 0 0 0 0.00468906
3 4 0.000385062 0 -1.40162 0 0 0 0 -1.40124
4 5 0.18857 0 0 0 0 0 0 0.18857
5 6 0.00852214 0 -1.16625 0 0 0 0 -1.15773
6 7 0.0196633 0 -0.973579 0 0 0 0 -0.953916
7 8 0.00516546 0 0 0 0 0 0 0.00516546
8 9 0.0137206 0 -0 0 0 0 0 0.0137206
9 10 0.00854967 0 0 0 0 0 0 0.00854967
10 11 0.120992 0 -1.10517 0 0 0 0 -0.984183
11 12 0.0172771 0 0 0 0 0 0 0.0172771
12 13 0.0132565 0 0 0 0 0 0 0.0132565
13 14 0.066889 0 -1.35566 0 0 0 0 -1.28878
14 15 0.000259549 0 0 0 0 0 0 0.000259549
15 16 0.0180786 0 0 0 0 0 0 0.0180786
16 17 0.20699 0 -1.0074 0 0 0 0 -0.80041
17 18 0.0222978 0 -1.06128 0 0 0 0 -1.03898
18 19 0.0152998 0 0 0 0 0 0 0.0152998
19 20 0.0114708 0 -1.14884 0 0 0 0 -1.13737
20 21 0.0262731 0 0 0 0 0 0 0.0262731
21 22 0.0091061 0 -1.36026 0 0 0 0 -1.35116
22 23 0.00709047 0 -0.986558 0 0 0 0 -0.979468
23 24 0.115409 0 0 0 0 0 0 0.115409
24 25 0.0351327 0 0 0 0 0 0 0.0351327
25 26 0.00330267 0 -1.17293 0 0 0 0 -1.16963
27 28 0.0157542 0 -0.730278 0 0 0 0 -0.714524
28 29 0.0154532 0 -1.31079 0 0 0 0 -1.29533
29 30 0.00255068 0 -1.23748 0 0 0 0 -1.23493
30 31 0.0351725 0 -1.15618 0 0 0 0 -1.12101
31 32 0.0215112 0 -0.750549 0 0 0 0 -0.729038
32 33 0.0346444 0 0 0 0 0 0 0.0346444
33 34 0.00758668 0 0 0 0 0 0 0.00758668
34 35 0.00953099 0 -1.21379 0 0 0 0 -1.20426
35 36 0.106569 0 0 0 0 0 0 0.106569
36 37 0.00078748 0 0 0 0 0 0 0.00078748
37 38 0.0901389 0 0 0 0 0 0 0.0901389
38 39 0.106785 0 0 0 0 0 0 0.106785
23 40 0 0 0 0 0 -0.0655406 0 -0.0655406
22 40 0 0 0 0 -0.531072 0 -0 -0.531072
21 40 0 0 0 0 -1.15546e-33 -0.171366 0 -0.171366
39 40 0.00412218 0 0 0 0 0 0 0.00412218
22 41 0 0 0 0 -0 -0.167853 0 -0.167853
21 41 0 0 0 0 -0.842503 0 -0 -0.842503
40 41 0.00425609 0 -1.144 0 0 0 0 -1.13974
41 42 0.0101846 0 0 0 0 0 0 0.0101846
42 43 0.00115274 0 0 0 0 0 0 0.00115274
43 44 0.00131793 0 0 0 0 0 0 0.00131793
44 45 0.00519055 0 -1.37227 0 0 0 0 -1.36708
45 46 0.00363313 0 0 0 0 0 0 0.00363313
46 47 0.0137353 0 -1.37584 0 0 0 0 -1.3621
47 48 0.0856254 0 0 0 0 0 0 0.0856254
48 49 0.00597043 0 0 0 0 0 0 0.00597043
49 50 0.0436139 0 0 0 0 0 0 0.0436139
50 51 3.5047e-05 0 0 0 0 0 0 3.5047e-05
51 52 0.000355089 0 -1.06506 0 0 0 0 -1.0647
52 53 0.000513404 0 0 0 0 0 0 0.000513404
#Total energy per particle is  -0.472264 and should be -0.47226410

