        0.0000  -1.017812   0.243334  -0.774478 
        0.5000  -0.765211   1.211618   0.446406 
        1.0000  -0.396045   3.215893   2.819848 
        1.5000  -0.121155   4.354118   4.232963 
        2.0000  -0.008056   3.981241   3.973185 
        2.5000   0.094223   2.894053   2.988277 
        3.0000   0.259023   2.453097   2.712120 
        3.5000   0.261232   3.217422   3.478654 
        4.0000   0.287427   3.641162   3.928589 
        4.5000   0.271135   3.183669   3.454804 
        5.0000   0.307168   2.216766   2.523934 
        5.5000   0.344892   2.151161   2.496052 
        6.0000   0.397806   2.876395   3.274201 
        6.5000   0.382152   3.120096   3.502248 
        7.0000   0.431897   2.551282   2.983179 
        7.5000   0.439271   1.789371   2.228642 
        8.0000   0.439976   1.945774   2.385751 
        8.5000   0.451356   2.667418   3.118774 
        9.0000   0.452539   2.736012   3.188551 
        9.5000   0.531622   2.073295   2.604917 
       10.0000   0.465795   1.519486   1.985281 
       10.5000   0.513591   1.771289   2.284880 
       11.0000   0.533088   2.390752   2.923840 
       11.5000   0.507262   2.440560   2.947822 
       12.0000   0.613043   1.708839   2.321882 
       12.5000   0.596336   1.286209   1.882545 
       13.0000   0.575343   1.700332   2.275675 
       13.5000   0.612544   2.163329   2.775873 
       14.0000   0.579973   2.090198   2.670171 
       14.5000   0.616183   1.457288   2.073471 
       15.0000   0.628645   1.145052   1.773697 
       15.5000   0.576723   1.607440   2.184162 
       16.0000   0.599347   1.956695   2.556042 
       16.5000   0.601595   1.841807   2.443402 
       17.0000   0.599089   1.283727   1.882815 
       17.5000   0.618705   1.060484   1.679188 
       18.0000   0.590606   1.515835   2.106441 
       18.5000   0.628740   1.760445   2.389185 
       19.0000   0.651614   1.588879   2.240493 
       19.5000   0.650486   1.126343   1.776829 
       20.0000   0.657838   0.954973   1.612811 
       20.5000   0.699305   1.290222   1.989527 
       21.0000   0.677036   1.568104   2.245139 
       21.5000   0.662787   1.418877   2.081664 
       22.0000   0.664783   0.990297   1.655080 
       22.5000   0.629067   0.944271   1.573339 
       23.0000   0.668552   1.266983   1.935535 
       23.5000   0.637878   1.475229   2.113107 
       24.0000   0.590472   1.313009   1.903481 
       24.5000   0.651385   0.917067   1.568453 
       25.0000   0.599315   0.931035   1.530349 
       25.5000   0.619799   1.190838   1.810637 
       26.0000   0.652317   1.291599   1.943917 
       26.5000   0.637665   1.166539   1.804204 
       27.0000   0.663105   0.858358   1.521463 
       27.5000   0.656828   0.846570   1.503397 
       28.0000   0.646293   1.084911   1.731204 
       28.5000   0.671241   1.133834   1.805076 
       29.0000   0.636659   0.948295   1.584954 
       29.5000   0.645539   0.752558   1.398097 
       30.0000   0.667320   0.849898   1.517217 
       30.5000   0.633854   1.055013   1.688867 
       31.0000   0.665565   1.063229   1.728795 
       31.5000   0.667040   0.842428   1.509468 
       32.0000   0.687115   0.689271   1.376387 
       32.5000   0.685560   0.812202   1.497761 
       33.0000   0.711173   0.971493   1.682666 
       33.5000   0.663363   1.004440   1.667803 
       34.0000   0.667882   0.789675   1.457557 
       34.5000   0.639133   0.688166   1.327299 
       35.0000   0.641602   0.781713   1.423314 
       35.5000   0.628286   0.935490   1.563777 
       36.0000   0.645465   0.935714   1.581179 
       36.5000   0.651183   0.755942   1.407125 
       37.0000   0.647574   0.646279   1.293854 
       37.5000   0.638522   0.741918   1.380440 
       38.0000   0.661797   0.813885   1.475682 
       38.5000   0.630453   0.820120   1.450573 
       39.0000   0.619301   0.707042   1.326343 
       39.5000   0.604481   0.660518   1.264999 
       40.0000   0.610797   0.771969   1.382766 
       40.5000   0.626839   0.805757   1.432596 
       41.0000   0.582156   0.800992   1.383148 
       41.5000   0.610943   0.642380   1.253323 
       42.0000   0.578841   0.626606   1.205447 
       42.5000   0.601770   0.723533   1.325303 
       43.0000   0.554412   0.813779   1.368191 
       43.5000   0.586792   0.745925   1.332717 
       44.0000   0.572704   0.639963   1.212666 
       44.5000   0.575168   0.601341   1.176509 
       45.0000   0.594014   0.679484   1.273498 
       45.5000   0.585172   0.760994   1.346166 
       46.0000   0.563182   0.750767   1.313948 
       46.5000   0.592686   0.628601   1.221287 
       47.0000   0.566062   0.597386   1.163448 
       47.5000   0.590577   0.630023   1.220600 
       48.0000   0.591478   0.724285   1.315763 
       48.5000   0.574548   0.713859   1.288407 
       49.0000   0.560643   0.638450   1.199094 
       49.5000   0.561862   0.589799   1.151661 
       50.0000   0.580540   0.619722   1.200262 
       50.5000   0.516606   0.765834   1.282440 
       51.0000   0.544791   0.742585   1.287376 
       51.5000   0.515300   0.747524   1.262823 
       52.0000   0.557944   0.683997   1.241941 
       52.5000   0.545225   0.701510   1.246734 
       53.0000   0.529365   0.729839   1.259204 
       53.5000   0.516371   0.753985   1.270356 
       54.0000   0.526660   0.736277   1.262937 
       54.5000   0.524567   0.711458   1.236025 
       55.0000   0.513059   0.726076   1.239135 
       55.5000   0.482223   0.761079   1.243303 
       56.0000   0.492660   0.755903   1.248563 
       56.5000   0.465621   0.786422   1.252043 
       57.0000   0.454055   0.784822   1.238877 
       57.5000   0.462984   0.737845   1.200829 
       58.0000   0.493656   0.674564   1.168220 
       58.5000   0.429169   0.721718   1.150887 
       59.0000   0.453782   0.708629   1.162411 
       59.5000   0.457263   0.711181   1.168443 
       60.0000   0.422611   0.735509   1.158119 
       60.5000   0.404909   0.723270   1.128178 
       61.0000   0.442346   0.668589   1.110935 
       61.5000   0.424292   0.692122   1.116414 
       62.0000   0.394206   0.727489   1.121696 
       62.5000   0.409703   0.710549   1.120252 
       63.0000   0.414400   0.685143   1.099543 
       63.5000   0.410443   0.662192   1.072635 
       64.0000   0.398820   0.655496   1.054315 
       64.5000   0.390846   0.643129   1.033974 
       65.0000   0.395548   0.632241   1.027789 
       65.5000   0.407396   0.623262   1.030658 
       66.0000   0.410256   0.613506   1.023763 
       66.5000   0.409306   0.605356   1.014663 
       67.0000   0.372716   0.600157   0.972872 
       67.5000   0.413487   0.567219   0.980706 
       68.0000   0.417792   0.585924   1.003716 
       68.5000   0.369548   0.641946   1.011494 
       69.0000   0.409983   0.582888   0.992872 
       69.5000   0.388270   0.584260   0.972530 
       70.0000   0.409757   0.576871   0.986628 
       70.5000   0.368346   0.624326   0.992672 
       71.0000   0.396025   0.603771   0.999796 
       71.5000   0.371407   0.624090   0.995497 
       72.0000   0.403783   0.580226   0.984008 
       72.5000   0.301435   0.664603   0.966038 
       73.0000   0.360879   0.604869   0.965748 
       73.5000   0.334669   0.629930   0.964599 
       74.0000   0.323123   0.630663   0.953786 
       74.5000   0.353181   0.597578   0.950758 
       75.0000   0.310515   0.627368   0.937883 
       75.5000   0.309909   0.625635   0.935544 
       76.0000   0.287155   0.641421   0.928576 
       76.5000   0.298426   0.620150   0.918577 
       77.0000   0.307006   0.615943   0.922950 
       77.5000   0.278253   0.654929   0.933182 
       78.0000   0.286743   0.638461   0.925204 
       78.5000   0.289538   0.620565   0.910103 
       79.0000   0.275443   0.622698   0.898141 
       79.5000   0.244523   0.637310   0.881833 
       80.0000   0.282818   0.592232   0.875050 
       80.5000   0.262557   0.614340   0.876898 
       81.0000   0.289243   0.575766   0.865009 
       81.5000   0.271351   0.583074   0.854424 
       82.0000   0.261792   0.582082   0.843874 
       82.5000   0.245532   0.584388   0.829920 
       83.0000   0.238436   0.592328   0.830764 
       83.5000   0.248593   0.582010   0.830604 
       84.0000   0.220744   0.603622   0.824366 
       84.5000   0.216236   0.606528   0.822764 
       85.0000   0.215939   0.597017   0.812955 
       85.5000   0.191088   0.608441   0.799530 
       86.0000   0.221975   0.573350   0.795326 
       86.5000   0.196170   0.603590   0.799760 
       87.0000   0.213919   0.570281   0.784200 
       87.5000   0.189700   0.580290   0.769990 
       88.0000   0.179323   0.575539   0.754861 
       88.5000   0.192579   0.551114   0.743692 
       89.0000   0.169126   0.574429   0.743555 
       89.5000   0.179783   0.552881   0.732664 
       90.0000   0.164172   0.537795   0.701967 
       90.5000   0.173568   0.491572   0.665140 
       91.0000   0.167763   0.496145   0.663908 
       91.5000   0.159339   0.511912   0.671251 
       92.0000   0.148798   0.514262   0.663061 
       92.5000   0.165030   0.482410   0.647440 
       93.0000   0.117867   0.503606   0.621473 
       93.5000   0.124508   0.470142   0.594650 
       94.0000   0.111145   0.504339   0.615484 
       94.5000   0.108595   0.519788   0.628384 
       95.0000   0.105422   0.507115   0.612537 
       95.5000   0.115355   0.489137   0.604491 
       96.0000   0.121684   0.460486   0.582170 
       96.5000   0.101648   0.466981   0.568629 
       97.0000   0.133310   0.457757   0.591067 
       97.5000   0.120865   0.471294   0.592159 
       98.0000   0.109211   0.469907   0.579118 
       98.5000   0.117532   0.455175   0.572707 
       99.0000   0.079581   0.493722   0.573303 
       99.5000   0.090650   0.483707   0.574357 
      100.0000   0.099750   0.480997   0.580747 
      100.5000   0.097085   0.479979   0.577064 
      101.0000   0.104565   0.450007   0.554573 
      101.5000   0.064538   0.479774   0.544312 
      102.0000   0.056410   0.485458   0.541868 
      102.5000   0.048242   0.487971   0.536214 
      103.0000   0.041855   0.493933   0.535788 
      103.5000   0.086255   0.445344   0.531599 
      104.0000   0.072950   0.453560   0.526510 
      104.5000   0.050155   0.464649   0.514804 
      105.0000   0.045259   0.472036   0.517295 
      105.5000   0.018868   0.491148   0.510017 
      106.0000   0.012827   0.490582   0.503408 
      106.5000   0.024192   0.473237   0.497429 
      107.0000   0.052138   0.447227   0.499366 
      107.5000   0.031246   0.457948   0.489194 
      108.0000   0.027582   0.463554   0.491136 
      108.5000   0.041454   0.447354   0.488808 
      109.0000   0.039681   0.441642   0.481322 
      109.5000   0.026820   0.471463   0.498283 
      110.0000   0.033833   0.464111   0.497944 
      110.5000   0.078160   0.416663   0.494823 
      111.0000   0.060994   0.439147   0.500141 
      111.5000   0.062460   0.435520   0.497980 
      112.0000   0.054552   0.436312   0.490864 
      112.5000   0.067752   0.428712   0.496463 
      113.0000   0.039798   0.454283   0.494081 
      113.5000   0.045989   0.436095   0.482083 
      114.0000   0.045316   0.414359   0.459676 
      114.5000   0.060480   0.391289   0.451769 
      115.0000   0.070073   0.399904   0.469976 
      115.5000   0.025920   0.466201   0.492120 
      116.0000   0.059881   0.432361   0.492242 
      116.5000   0.061305   0.414470   0.475775 
      117.0000   0.063248   0.412041   0.475289 
      117.5000   0.070349   0.400209   0.470558 
      118.0000   0.083854   0.377604   0.461458 
      118.5000   0.053796   0.404837   0.458633 
      119.0000   0.056421   0.408903   0.465324 
      119.5000   0.030240   0.430765   0.461005 
      120.0000   0.031807   0.423558   0.455365 
      120.5000  -0.000764   0.443549   0.442785 
      121.0000   0.000550   0.446847   0.447397 
      121.5000  -0.029114   0.460008   0.430894 
      122.0000  -0.004921   0.431789   0.426868 
      122.5000  -0.013205   0.446094   0.432889 
      123.0000  -0.029687   0.459574   0.429886 
      123.5000   0.026021   0.392259   0.418280 
      124.0000   0.002354   0.405437   0.407791 
      124.5000  -0.022554   0.448806   0.426251 
      125.0000   0.008782   0.410720   0.419502 
      125.5000  -0.002626   0.421848   0.419222 
      126.0000   0.011716   0.396331   0.408047 
      126.5000  -0.008903   0.402214   0.393310 
      127.0000   0.003049   0.381629   0.384678 
      127.5000  -0.026540   0.384782   0.358241 
      128.0000  -0.020477   0.393327   0.372850 
      128.5000   0.003095   0.372649   0.375745 
      129.0000   0.018091   0.358959   0.377050 
      129.5000   0.010451   0.362559   0.373009 
      130.0000  -0.009235   0.378435   0.369200 
      130.5000   0.016096   0.346382   0.362478 
      131.0000   0.041013   0.326164   0.367177 
      131.5000   0.029094   0.328754   0.357848 
      132.0000   0.018448   0.340673   0.359120 
      132.5000   0.015784   0.346663   0.362447 
      133.0000   0.009389   0.349886   0.359275 
      133.5000  -0.020747   0.379668   0.358921 
      134.0000  -0.002334   0.345575   0.343241 
      134.5000  -0.004903   0.349316   0.344413 
      135.0000  -0.011285   0.349305   0.338020 
      135.5000  -0.000926   0.343836   0.342910 
      136.0000  -0.050581   0.401131   0.350550 
      136.5000  -0.053657   0.402923   0.349266 
      137.0000  -0.069054   0.415579   0.346525 
      137.5000  -0.005678   0.356355   0.350677 
      138.0000   0.020448   0.329235   0.349683 
      138.5000  -0.001031   0.349925   0.348894 
      139.0000  -0.023649   0.373453   0.349804 
      139.5000  -0.004474   0.346789   0.342315 
      140.0000  -0.036255   0.385511   0.349256 
      140.5000  -0.013984   0.366938   0.352954 
      141.0000   0.025666   0.332487   0.358153 
      141.5000   0.012019   0.349486   0.361505 
      142.0000   0.024010   0.335742   0.359752 
      142.5000   0.020513   0.332654   0.353167 
      143.0000  -0.016168   0.365779   0.349611 
      143.5000  -0.051543   0.388880   0.337337 
      144.0000  -0.005305   0.344380   0.339075 
      144.5000  -0.038853   0.372045   0.333193 
      145.0000  -0.042271   0.380039   0.337768 
      145.5000  -0.067053   0.401348   0.334295 
      146.0000  -0.029318   0.363175   0.333858 
      146.5000  -0.042709   0.386802   0.344093 
      147.0000  -0.065666   0.408211   0.342544 
      147.5000  -0.054326   0.394255   0.339929 
      148.0000  -0.050550   0.379486   0.328935 
      148.5000  -0.081296   0.402107   0.320811 
      149.0000  -0.079837   0.409638   0.329800 
      149.5000  -0.047877   0.388563   0.340685 
      150.0000  -0.044387   0.381200   0.336813 
      150.5000  -0.049169   0.371781   0.322612 
      151.0000  -0.059097   0.388443   0.329346 
      151.5000  -0.082047   0.418381   0.336334 
      152.0000  -0.074129   0.407146   0.333017 
      152.5000  -0.066518   0.400944   0.334427 
      153.0000  -0.059746   0.392691   0.332945 
      153.5000  -0.063845   0.390735   0.326890 
      154.0000  -0.068609   0.382138   0.313529 
      154.5000  -0.013128   0.324165   0.311037 
      155.0000  -0.036433   0.347872   0.311439 
      155.5000  -0.070063   0.377123   0.307060 
      156.0000  -0.062741   0.374789   0.312049 
      156.5000  -0.085168   0.395452   0.310284 
      157.0000  -0.079316   0.375926   0.296610 
      157.5000  -0.092675   0.380944   0.288269 
      158.0000  -0.098291   0.391454   0.293163 
      158.5000  -0.071451   0.365937   0.294486 
      159.0000  -0.095075   0.388576   0.293501 
      159.5000  -0.065907   0.350169   0.284262 
      160.0000  -0.109613   0.390649   0.281037 
      160.5000  -0.079759   0.374776   0.295017 
      161.0000  -0.120878   0.415022   0.294145 
      161.5000  -0.100446   0.388120   0.287674 
      162.0000  -0.077430   0.357979   0.280549 
      162.5000  -0.102969   0.378547   0.275577 
      163.0000  -0.100467   0.374050   0.273583 
      163.5000  -0.102123   0.373359   0.271236 
      164.0000  -0.090402   0.348359   0.257957 
      164.5000  -0.100346   0.354029   0.253683 
      165.0000  -0.071612   0.329108   0.257496 
      165.5000  -0.096340   0.350089   0.253749 
      166.0000  -0.098700   0.344462   0.245762 
      166.5000  -0.072201   0.315192   0.242991 
      167.0000  -0.092033   0.333092   0.241059 
      167.5000  -0.098823   0.338334   0.239511 
      168.0000  -0.070088   0.309043   0.238955 
      168.5000  -0.098222   0.334956   0.236735 
      169.0000  -0.119407   0.365360   0.245953 
      169.5000  -0.107157   0.353672   0.246515 
      170.0000  -0.126688   0.365560   0.238871 
      170.5000  -0.109491   0.351407   0.241916 
      171.0000  -0.109916   0.354480   0.244565 
      171.5000  -0.112622   0.353583   0.240962 
      172.0000  -0.105537   0.350265   0.244728 
      172.5000  -0.130465   0.374159   0.243694 
      173.0000  -0.124862   0.371602   0.246740 
      173.5000  -0.104102   0.350769   0.246667 
      174.0000  -0.117668   0.364109   0.246440 
      174.5000  -0.096829   0.347483   0.250655 
      175.0000  -0.110503   0.359708   0.249205 
      175.5000  -0.115813   0.364604   0.248791 
      176.0000  -0.128665   0.376375   0.247710 
      176.5000  -0.121522   0.369333   0.247811 
      177.0000  -0.109246   0.370639   0.261393 
      177.5000  -0.083097   0.340388   0.257291 
      178.0000  -0.124683   0.379987   0.255304 
      178.5000  -0.115243   0.377227   0.261984 
      179.0000  -0.117577   0.372433   0.254856 
      179.5000  -0.133295   0.378162   0.244867 
      180.0000  -0.111583   0.356399   0.244815 
      180.5000  -0.108751   0.364241   0.255490 
      181.0000  -0.131524   0.389297   0.257773 
      181.5000  -0.109283   0.358949   0.249666 
      182.0000  -0.111037   0.351616   0.240579 
      182.5000  -0.122493   0.359635   0.237143 
      183.0000  -0.087683   0.319918   0.232235 
      183.5000  -0.128210   0.359337   0.231127 
      184.0000  -0.131294   0.373334   0.242040 
      184.5000  -0.145778   0.386682   0.240904 
      185.0000  -0.150434   0.377579   0.227145 
      185.5000  -0.132178   0.363120   0.230942 
      186.0000  -0.124323   0.357707   0.233384 
      186.5000  -0.134020   0.379384   0.245364 
      187.0000  -0.137630   0.371723   0.234093 
      187.5000  -0.133612   0.374224   0.240612 
      188.0000  -0.117072   0.357005   0.239933 
      188.5000  -0.137555   0.370531   0.232975 
      189.0000  -0.132600   0.372073   0.239473 
      189.5000  -0.139014   0.367152   0.228138 
      190.0000  -0.130021   0.354892   0.224870 
      190.5000  -0.151270   0.366555   0.215286 
      191.0000  -0.131035   0.347708   0.216673 
      191.5000  -0.138654   0.346138   0.207484 
      192.0000  -0.125993   0.345321   0.219328 
      192.5000  -0.161312   0.381960   0.220648 
      193.0000  -0.137085   0.357886   0.220800 
      193.5000  -0.130791   0.344565   0.213774 
      194.0000  -0.155111   0.370444   0.215333 
      194.5000  -0.122149   0.334583   0.212434 
      195.0000  -0.155161   0.368137   0.212976 
      195.5000  -0.133082   0.349067   0.215985 
      196.0000  -0.165260   0.382541   0.217281 
      196.5000  -0.146377   0.358069   0.211692 
      197.0000  -0.123686   0.331291   0.207605 
      197.5000  -0.182950   0.378938   0.195988 
      198.0000  -0.164653   0.378904   0.214251 
      198.5000  -0.145932   0.368412   0.222480 
      199.0000  -0.138996   0.359814   0.220818 
      199.5000  -0.143073   0.356732   0.213659 
      200.0000  -0.143526   0.359589   0.216063 
      200.5000  -0.176042   0.393837   0.217795 
      201.0000  -0.176568   0.399016   0.222448 
      201.5000  -0.170268   0.393570   0.223302 
      202.0000  -0.165119   0.390675   0.225556 
      202.5000  -0.168471   0.391581   0.223111 
      203.0000  -0.148374   0.365780   0.217406 
      203.5000  -0.179915   0.396451   0.216536 
      204.0000  -0.152623   0.363117   0.210494 
      204.5000  -0.156578   0.356892   0.200315 
      205.0000  -0.174634   0.365234   0.190599 
      205.5000  -0.157024   0.354592   0.197567 
      206.0000  -0.203425   0.400384   0.196959 
      206.5000  -0.140146   0.336831   0.196686 
      207.0000  -0.151858   0.338621   0.186764 
      207.5000  -0.172830   0.349550   0.176721 
      208.0000  -0.167735   0.332764   0.165028 
      208.5000  -0.182927   0.336412   0.153486 
      209.0000  -0.175016   0.338293   0.163277 
      209.5000  -0.206777   0.367762   0.160985 
      210.0000  -0.206652   0.367899   0.161247 
      210.5000  -0.195570   0.357750   0.162180 
      211.0000  -0.181471   0.335772   0.154301 
      211.5000  -0.207007   0.362401   0.155395 
      212.0000  -0.211562   0.366889   0.155327 
      212.5000  -0.199699   0.354963   0.155264 
      213.0000  -0.229790   0.381592   0.151802 
      213.5000  -0.198609   0.346244   0.147635 
      214.0000  -0.197151   0.349366   0.152214 
      214.5000  -0.190600   0.345049   0.154449 
      215.0000  -0.185598   0.331662   0.146064 
      215.5000  -0.196947   0.348720   0.151773 
      216.0000  -0.228439   0.384245   0.155806 
      216.5000  -0.193685   0.356529   0.162844 
      217.0000  -0.201932   0.366544   0.164612 
      217.5000  -0.205228   0.365079   0.159851 
      218.0000  -0.215739   0.361727   0.145989 
      218.5000  -0.231044   0.370079   0.139036 
      219.0000  -0.219325   0.355818   0.136493 
      219.5000  -0.212254   0.354608   0.142354 
      220.0000  -0.232254   0.375503   0.143249 
      220.5000  -0.206872   0.345386   0.138514 
      221.0000  -0.188258   0.331525   0.143267 
      221.5000  -0.209424   0.352679   0.143254 
      222.0000  -0.201753   0.346809   0.145056 
      222.5000  -0.193578   0.339063   0.145485 
      223.0000  -0.223513   0.361146   0.137633 
      223.5000  -0.204993   0.336149   0.131155 
      224.0000  -0.215791   0.348305   0.132514 
      224.5000  -0.197877   0.334095   0.136218 
      225.0000  -0.193998   0.317713   0.123715 
      225.5000  -0.215615   0.336084   0.120469 
      226.0000  -0.220786   0.340112   0.119326 
      226.5000  -0.235873   0.349659   0.113786 
      227.0000  -0.185888   0.300301   0.114413 
      227.5000  -0.228039   0.334717   0.106678 
      228.0000  -0.219512   0.315256   0.095744 
      228.5000  -0.234070   0.328267   0.094198 
      229.0000  -0.261169   0.358232   0.097063 
      229.5000  -0.236167   0.341844   0.105677 
      230.0000  -0.230235   0.336657   0.106422 
      230.5000  -0.249376   0.351062   0.101686 
      231.0000  -0.251708   0.353591   0.101882 
      231.5000  -0.243150   0.340816   0.097666 
      232.0000  -0.254379   0.351317   0.096938 
      232.5000  -0.229974   0.330326   0.100353 
      233.0000  -0.244291   0.344863   0.100572 
      233.5000  -0.216809   0.319575   0.102766 
      234.0000  -0.230288   0.334489   0.104202 
      234.5000  -0.234195   0.333754   0.099558 
      235.0000  -0.216563   0.314402   0.097839 
      235.5000  -0.215825   0.311584   0.095759 
      236.0000  -0.225280   0.311679   0.086399 
      236.5000  -0.230533   0.318667   0.088135 
      237.0000  -0.209881   0.295475   0.085594 
      237.5000  -0.209124   0.294060   0.084936 
      238.0000  -0.227112   0.314302   0.087190 
      238.5000  -0.224330   0.311269   0.086939 
      239.0000  -0.218769   0.309940   0.091171 
      239.5000  -0.213196   0.302310   0.089114 
      240.0000  -0.226202   0.301801   0.075599 
      240.5000  -0.207287   0.275627   0.068339 
      241.0000  -0.220272   0.289406   0.069134 
      241.5000  -0.209187   0.282629   0.073442 
      242.0000  -0.209047   0.279035   0.069988 
      242.5000  -0.217469   0.292259   0.074790 
      243.0000  -0.206746   0.275497   0.068751 
      243.5000  -0.227860   0.298901   0.071041 
      244.0000  -0.221032   0.291870   0.070838 
      244.5000  -0.217031   0.291300   0.074269 
      245.0000  -0.238902   0.310535   0.071632 
      245.5000  -0.224327   0.292681   0.068353 
      246.0000  -0.234930   0.311577   0.076647 
      246.5000  -0.234039   0.315318   0.081278 
      247.0000  -0.230168   0.312377   0.082209 
      247.5000  -0.215665   0.302324   0.086659 
      248.0000  -0.232475   0.308208   0.075733 
      248.5000  -0.241066   0.315568   0.074502 
      249.0000  -0.239581   0.326714   0.087134 
      249.5000  -0.224578   0.318538   0.093960 
      250.0000  -0.213226   0.310060   0.096834 
      250.5000  -0.227980   0.323737   0.095757 
      251.0000  -0.264361   0.363557   0.099196 
      251.5000  -0.247986   0.344207   0.096221 
      252.0000  -0.248588   0.351450   0.102862 
      252.5000  -0.247603   0.343860   0.096257 
      253.0000  -0.232963   0.319030   0.086068 
      253.5000  -0.255613   0.345264   0.089651 
      254.0000  -0.239706   0.318335   0.078629 
      254.5000  -0.259504   0.337626   0.078122 
      255.0000  -0.252423   0.332860   0.080437 
      255.5000  -0.267913   0.340248   0.072335 
      256.0000  -0.257399   0.327073   0.069674 
      256.5000  -0.225088   0.294760   0.069671 
      257.0000  -0.269765   0.342324   0.072559 
      257.5000  -0.251753   0.324820   0.073067 
      258.0000  -0.309793   0.375320   0.065527 
      258.5000  -0.262371   0.317800   0.055429 
      259.0000  -0.287261   0.335639   0.048378 
      259.5000  -0.260694   0.311720   0.051026 
      260.0000  -0.292527   0.331610   0.039083 
      260.5000  -0.260547   0.301276   0.040728 
      261.0000  -0.258385   0.305910   0.047525 
      261.5000  -0.281369   0.333851   0.052482 
      262.0000  -0.258634   0.314625   0.055991 
      262.5000  -0.271358   0.327652   0.056294 
      263.0000  -0.252482   0.307075   0.054592 
      263.5000  -0.261598   0.311772   0.050174 
      264.0000  -0.267891   0.311854   0.043963 
      264.5000  -0.275246   0.320339   0.045093 
      265.0000  -0.289633   0.345695   0.056063 
      265.5000  -0.264779   0.316829   0.052050 
      266.0000  -0.264109   0.315442   0.051333 
      266.5000  -0.260420   0.328624   0.068204 
      267.0000  -0.262273   0.333400   0.071127 
      267.5000  -0.242839   0.325291   0.082452 
      268.0000  -0.269680   0.341989   0.072309 
      268.5000  -0.254167   0.312587   0.058420 
      269.0000  -0.249796   0.307485   0.057689 
      269.5000  -0.256589   0.315047   0.058458 
      270.0000  -0.255915   0.319324   0.063410 
      270.5000  -0.276186   0.343000   0.066813 
      271.0000  -0.280059   0.334095   0.054036 
      271.5000  -0.254241   0.304209   0.049968 
      272.0000  -0.273406   0.323224   0.049818 
      272.5000  -0.272919   0.329514   0.056595 
      273.0000  -0.289123   0.344949   0.055826 
      273.5000  -0.300692   0.356414   0.055722 
      274.0000  -0.264412   0.329208   0.064796 
      274.5000  -0.261016   0.316971   0.055955 
      275.0000  -0.291223   0.339120   0.047897 
      275.5000  -0.280813   0.327663   0.046850 
      276.0000  -0.266114   0.309539   0.043424 
      276.5000  -0.309340   0.344341   0.035001 
      277.0000  -0.275011   0.313884   0.038873 
      277.5000  -0.277171   0.310660   0.033490 
      278.0000  -0.309363   0.345396   0.036033 
      278.5000  -0.272725   0.319440   0.046715 
      279.0000  -0.281586   0.328466   0.046880 
      279.5000  -0.275177   0.327077   0.051900 
      280.0000  -0.283400   0.338644   0.055244 
      280.5000  -0.288428   0.347004   0.058576 
      281.0000  -0.282936   0.337955   0.055020 
      281.5000  -0.283148   0.327649   0.044501 
      282.0000  -0.297326   0.338216   0.040890 
      282.5000  -0.292932   0.329271   0.036339 
      283.0000  -0.298299   0.333560   0.035260 
      283.5000  -0.274683   0.311714   0.037030 
      284.0000  -0.318149   0.349144   0.030995 
      284.5000  -0.303337   0.324904   0.021567 
      285.0000  -0.318476   0.333677   0.015201 
      285.5000  -0.298602   0.308815   0.010213 
      286.0000  -0.299295   0.306615   0.007320 
      286.5000  -0.330667   0.343877   0.013210 
      287.0000  -0.305016   0.329976   0.024960 
      287.5000  -0.304787   0.332408   0.027622 
      288.0000  -0.314375   0.350889   0.036514 
      288.5000  -0.327807   0.370525   0.042717 
      289.0000  -0.321016   0.366685   0.045669 
      289.5000  -0.295832   0.334942   0.039111 
      290.0000  -0.336222   0.367682   0.031460 
      290.5000  -0.321564   0.342844   0.021280 
      291.0000  -0.319071   0.357020   0.037950 
      291.5000  -0.321834   0.368211   0.046377 
      292.0000  -0.313553   0.352090   0.038537 
      292.5000  -0.344147   0.382758   0.038611 
      293.0000  -0.328195   0.358775   0.030581 
      293.5000  -0.320909   0.360899   0.039990 
      294.0000  -0.339058   0.375870   0.036811 
      294.5000  -0.296885   0.333439   0.036554 
      295.0000  -0.307798   0.342341   0.034543 
      295.5000  -0.300363   0.338342   0.037979 
      296.0000  -0.331602   0.360268   0.028666 
      296.5000  -0.313495   0.346916   0.033421 
      297.0000  -0.324496   0.364090   0.039594 
      297.5000  -0.310928   0.358478   0.047550 
      298.0000  -0.330555   0.373157   0.042602 
      298.5000  -0.320019   0.359527   0.039508 
      299.0000  -0.321219   0.362151   0.040932 
      299.5000  -0.349286   0.382742   0.033456 
      300.0000  -0.332626   0.361006   0.028380 
      300.5000  -0.360176   0.398608   0.038432 
      301.0000  -0.331756   0.362313   0.030557 
      301.5000  -0.339745   0.381967   0.042221 
      302.0000  -0.340770   0.390211   0.049441 
      302.5000  -0.341820   0.394081   0.052261 
      303.0000  -0.322072   0.373189   0.051117 
      303.5000  -0.342461   0.389500   0.047039 
      304.0000  -0.313704   0.353947   0.040243 
      304.5000  -0.353465   0.391750   0.038284 
      305.0000  -0.362667   0.390217   0.027550 
      305.5000  -0.335783   0.354507   0.018724 
      306.0000  -0.356884   0.377406   0.020523 
      306.5000  -0.380021   0.396993   0.016972 
      307.0000  -0.338764   0.344847   0.006083 
      307.5000  -0.358164   0.364476   0.006312 
      308.0000  -0.389058   0.402392   0.013335 
      308.5000  -0.379987   0.388512   0.008525 
      309.0000  -0.385042   0.395250   0.010208 
      309.5000  -0.345083   0.349717   0.004634 
      310.0000  -0.357757   0.361348   0.003592 
      310.5000  -0.371191   0.372910   0.001720 
      311.0000  -0.365935   0.371027   0.005092 
      311.5000  -0.350221   0.342746  -0.007475 
      312.0000  -0.355464   0.363091   0.007627 
      312.5000  -0.312109   0.319165   0.007056 
      313.0000  -0.339542   0.334874  -0.004668 
      313.5000  -0.373277   0.366347  -0.006929 
      314.0000  -0.361222   0.359998  -0.001223 
      314.5000  -0.353819   0.356041   0.002222 
      315.0000  -0.313850   0.323285   0.009435 
      315.5000  -0.356039   0.372793   0.016754 
      316.0000  -0.343938   0.359742   0.015804 
      316.5000  -0.343052   0.359839   0.016787 
      317.0000  -0.322929   0.348271   0.025342 
      317.5000  -0.328588   0.353269   0.024681 
      318.0000  -0.326932   0.350386   0.023454 
      318.5000  -0.294898   0.325019   0.030120 
      319.0000  -0.346615   0.374905   0.028290 
      319.5000  -0.339448   0.364013   0.024564 
      320.0000  -0.327272   0.360851   0.033578 
      320.5000  -0.324182   0.356508   0.032325 
      321.0000  -0.321905   0.365856   0.043951 
      321.5000  -0.330009   0.377142   0.047133 
      322.0000  -0.317294   0.371225   0.053931 
      322.5000  -0.348021   0.400919   0.052898 
      323.0000  -0.329041   0.381511   0.052470 
      323.5000  -0.337705   0.384683   0.046978 
      324.0000  -0.355769   0.395184   0.039414 
      324.5000  -0.323686   0.358538   0.034852 
      325.0000  -0.365312   0.400460   0.035149 
      325.5000  -0.367660   0.401490   0.033831 
      326.0000  -0.300332   0.338921   0.038589 
      326.5000  -0.376994   0.410361   0.033367 
      327.0000  -0.347114   0.378827   0.031713 
      327.5000  -0.350834   0.384086   0.033252 
      328.0000  -0.354868   0.385222   0.030354 
      328.5000  -0.383040   0.414001   0.030961 
      329.0000  -0.390699   0.409173   0.018474 
      329.5000  -0.384154   0.402886   0.018732 
      330.0000  -0.393882   0.417628   0.023746 
      330.5000  -0.397795   0.412877   0.015083 
      331.0000  -0.411971   0.424839   0.012868 
      331.5000  -0.399443   0.415712   0.016270 
      332.0000  -0.382764   0.397852   0.015087 
      332.5000  -0.395809   0.400604   0.004795 
      333.0000  -0.358665   0.352667  -0.005998 
      333.5000  -0.381536   0.387250   0.005714 
      334.0000  -0.398940   0.412193   0.013253 
      334.5000  -0.410639   0.424966   0.014327 
      335.0000  -0.393473   0.398038   0.004565 
      335.5000  -0.370811   0.379200   0.008389 
      336.0000  -0.404091   0.408037   0.003945 
      336.5000  -0.388077   0.385106  -0.002971 
      337.0000  -0.381059   0.375942  -0.005117 
      337.5000  -0.364621   0.360004  -0.004617 
      338.0000  -0.445366   0.435371  -0.009995 
      338.5000  -0.356982   0.330137  -0.026845 
      339.0000  -0.400819   0.373164  -0.027655 
      339.5000  -0.354785   0.330006  -0.024780 
      340.0000  -0.391037   0.371198  -0.019839 
      340.5000  -0.336698   0.321396  -0.015302 
      341.0000  -0.346817   0.329354  -0.017463 
      341.5000  -0.327145   0.304045  -0.023100 
      342.0000  -0.332434   0.314715  -0.017720 
      342.5000  -0.355157   0.334403  -0.020754 
      343.0000  -0.356956   0.336600  -0.020356 
      343.5000  -0.329854   0.318072  -0.011782 
      344.0000  -0.356382   0.345658  -0.010724 
      344.5000  -0.343910   0.334351  -0.009558 
      345.0000  -0.349533   0.332703  -0.016830 
      345.5000  -0.346937   0.338762  -0.008175 
      346.0000  -0.381373   0.370398  -0.010974 
      346.5000  -0.347209   0.333377  -0.013832 
      347.0000  -0.356880   0.348060  -0.008820 
      347.5000  -0.326066   0.312860  -0.013206 
      348.0000  -0.375505   0.373689  -0.001816 
      348.5000  -0.339333   0.338958  -0.000375 
      349.0000  -0.345546   0.351102   0.005557 
      349.5000  -0.332692   0.346726   0.014033 
      350.0000  -0.339871   0.351660   0.011788 
      350.5000  -0.369837   0.382466   0.012630 
      351.0000  -0.337951   0.346463   0.008512 
      351.5000  -0.365582   0.361736  -0.003846 
      352.0000  -0.328980   0.329438   0.000458 
      352.5000  -0.346667   0.345474  -0.001193 
      353.0000  -0.350098   0.337042  -0.013056 
      353.5000  -0.360377   0.352662  -0.007715 
      354.0000  -0.332048   0.326382  -0.005666 
      354.5000  -0.319877   0.316365  -0.003512 
      355.0000  -0.321175   0.310544  -0.010630 
      355.5000  -0.332288   0.322398  -0.009889 
      356.0000  -0.353028   0.338968  -0.014060 
      356.5000  -0.383487   0.360952  -0.022535 
      357.0000  -0.367340   0.348436  -0.018905 
      357.5000  -0.324235   0.310066  -0.014169 
      358.0000  -0.345106   0.322028  -0.023077 
      358.5000  -0.347537   0.324792  -0.022744 
      359.0000  -0.329508   0.306308  -0.023200 
      359.5000  -0.330968   0.308539  -0.022429 
      360.0000  -0.344228   0.327959  -0.016270 
      360.5000  -0.322753   0.308258  -0.014495 
      361.0000  -0.321204   0.304433  -0.016771 
      361.5000  -0.357352   0.341049  -0.016303 
      362.0000  -0.334737   0.323120  -0.011617 
      362.5000  -0.328123   0.316440  -0.011683 
      363.0000  -0.363194   0.351591  -0.011602 
      363.5000  -0.346319   0.334822  -0.011497 
      364.0000  -0.336439   0.328437  -0.008002 
      364.5000  -0.327453   0.325086  -0.002367 
      365.0000  -0.327109   0.323870  -0.003240 
      365.5000  -0.322726   0.317361  -0.005366 
      366.0000  -0.312701   0.304892  -0.007809 
      366.5000  -0.352434   0.339028  -0.013406 
      367.0000  -0.326035   0.315708  -0.010327 
      367.5000  -0.367427   0.353303  -0.014123 
      368.0000  -0.331130   0.310377  -0.020753 
      368.5000  -0.349493   0.326519  -0.022973 
      369.0000  -0.335131   0.319672  -0.015460 
      369.5000  -0.351756   0.341712  -0.010044 
      370.0000  -0.333724   0.326790  -0.006934 
      370.5000  -0.342383   0.332953  -0.009431 
      371.0000  -0.340468   0.319467  -0.021000 
      371.5000  -0.326137   0.305361  -0.020776 
      372.0000  -0.348862   0.337247  -0.011615 
      372.5000  -0.311675   0.312851   0.001176 
      373.0000  -0.345166   0.358192   0.013026 
      373.5000  -0.362092   0.370131   0.008039 
      374.0000  -0.350684   0.353931   0.003247 
      374.5000  -0.308184   0.301879  -0.006306 
      375.0000  -0.336560   0.321435  -0.015126 
      375.5000  -0.351795   0.334589  -0.017206 
      376.0000  -0.353860   0.336450  -0.017409 
      376.5000  -0.357879   0.329428  -0.028451 
      377.0000  -0.366345   0.344624  -0.021721 
      377.5000  -0.327254   0.300422  -0.026832 
      378.0000  -0.375006   0.342816  -0.032190 
      378.5000  -0.370862   0.340001  -0.030861 
      379.0000  -0.365043   0.326674  -0.038368 
      379.5000  -0.359075   0.326437  -0.032638 
      380.0000  -0.384524   0.339888  -0.044636 
      380.5000  -0.371887   0.331282  -0.040605 
      381.0000  -0.404753   0.354709  -0.050044 
      381.5000  -0.420860   0.367694  -0.053166 
      382.0000  -0.400951   0.342858  -0.058093 
      382.5000  -0.430053   0.370454  -0.059598 
      383.0000  -0.390634   0.343240  -0.047393 
      383.5000  -0.410983   0.367521  -0.043463 
      384.0000  -0.400009   0.347765  -0.052244 
      384.5000  -0.369518   0.323011  -0.046507 
      385.0000  -0.414003   0.370468  -0.043535 
      385.5000  -0.367939   0.324838  -0.043101 
      386.0000  -0.417473   0.375301  -0.042172 
      386.5000  -0.373600   0.338729  -0.034871 
      387.0000  -0.397102   0.372681  -0.024421 
      387.5000  -0.364818   0.331494  -0.033324 
      388.0000  -0.376429   0.353165  -0.023264 
      388.5000  -0.347228   0.334670  -0.012559 
      389.0000  -0.346230   0.332999  -0.013231 
      389.5000  -0.349838   0.336338  -0.013500 
      390.0000  -0.372319   0.352176  -0.020143 
      390.5000  -0.362685   0.336891  -0.025794 
      391.0000  -0.360107   0.330224  -0.029883 
      391.5000  -0.397034   0.359913  -0.037121 
      392.0000  -0.347421   0.299801  -0.047620 
      392.5000  -0.352791   0.304035  -0.048756 
      393.0000  -0.372571   0.323958  -0.048614 
      393.5000  -0.358313   0.310552  -0.047761 
      394.0000  -0.387237   0.341260  -0.045976 
      394.5000  -0.359127   0.326753  -0.032374 
      395.0000  -0.373349   0.342780  -0.030568 
      395.5000  -0.358076   0.329751  -0.028325 
      396.0000  -0.396193   0.352356  -0.043837 
      396.5000  -0.385487   0.345628  -0.039860 
      397.0000  -0.358718   0.315553  -0.043165 
      397.5000  -0.378614   0.332807  -0.045807 
      398.0000  -0.362105   0.320511  -0.041594 
      398.5000  -0.348134   0.307712  -0.040422 
      399.0000  -0.397096   0.363363  -0.033733 
      399.5000  -0.376653   0.344183  -0.032470 
      400.0000  -0.362318   0.326232  -0.036086 
      400.5000  -0.380815   0.350243  -0.030573 
      401.0000  -0.372518   0.345137  -0.027381 
      401.5000  -0.360447   0.332596  -0.027851 
      402.0000  -0.337037   0.305852  -0.031185 
      402.5000  -0.353688   0.321388  -0.032300 
      403.0000  -0.346582   0.308992  -0.037590 
      403.5000  -0.390593   0.349742  -0.040851 
      404.0000  -0.335960   0.305347  -0.030613 
      404.5000  -0.367808   0.338645  -0.029163 
      405.0000  -0.363788   0.337237  -0.026551 
      405.5000  -0.338536   0.306922  -0.031614 
      406.0000  -0.377946   0.353886  -0.024060 
      406.5000  -0.376271   0.341346  -0.034925 
      407.0000  -0.391668   0.348224  -0.043444 
      407.5000  -0.363400   0.329623  -0.033777 
      408.0000  -0.397051   0.356606  -0.040446 
      408.5000  -0.383003   0.333864  -0.049140 
      409.0000  -0.371858   0.332205  -0.039653 
      409.5000  -0.382796   0.341635  -0.041161 
      410.0000  -0.372657   0.331692  -0.040965 
      410.5000  -0.414039   0.360735  -0.053304 
      411.0000  -0.396425   0.339172  -0.057253 
      411.5000  -0.400329   0.347937  -0.052392 
      412.0000  -0.352734   0.307374  -0.045360 
      412.5000  -0.384261   0.345088  -0.039173 
      413.0000  -0.379221   0.346313  -0.032908 
      413.5000  -0.343403   0.316022  -0.027381 
      414.0000  -0.393327   0.364743  -0.028584 
      414.5000  -0.354814   0.329564  -0.025250 
      415.0000  -0.381137   0.358420  -0.022717 
      415.5000  -0.370834   0.337261  -0.033573 
      416.0000  -0.378573   0.331711  -0.046862 
      416.5000  -0.378688   0.328257  -0.050431 
      417.0000  -0.407916   0.375728  -0.032188 
      417.5000  -0.448221   0.407757  -0.040464 
      418.0000  -0.383567   0.330168  -0.053399 
      418.5000  -0.413844   0.354430  -0.059414 
      419.0000  -0.403620   0.335147  -0.068473 
      419.5000  -0.418114   0.358945  -0.059170 
      420.0000  -0.374793   0.321577  -0.053217 
      420.5000  -0.375263   0.307835  -0.067428 
      421.0000  -0.401535   0.331746  -0.069788 
      421.5000  -0.382674   0.310676  -0.071998 
      422.0000  -0.384473   0.315905  -0.068568 
      422.5000  -0.389589   0.316543  -0.073046 
      423.0000  -0.420305   0.342718  -0.077587 
      423.5000  -0.383146   0.299282  -0.083865 
      424.0000  -0.416609   0.337194  -0.079415 
      424.5000  -0.406119   0.325806  -0.080312 
      425.0000  -0.422116   0.335970  -0.086147 
      425.5000  -0.420996   0.328324  -0.092672 
      426.0000  -0.411002   0.322497  -0.088505 
      426.5000  -0.417185   0.322859  -0.094325 
      427.0000  -0.374468   0.279130  -0.095338 
      427.5000  -0.433005   0.333403  -0.099602 
      428.0000  -0.405144   0.309143  -0.096001 
      428.5000  -0.425676   0.328884  -0.096792 
      429.0000  -0.410903   0.317521  -0.093382 
      429.5000  -0.444486   0.338860  -0.105626 
      430.0000  -0.413980   0.304908  -0.109072 
      430.5000  -0.430092   0.320106  -0.109986 
      431.0000  -0.410300   0.298102  -0.112198 
      431.5000  -0.397767   0.281030  -0.116737 
      432.0000  -0.385521   0.266369  -0.119152 
      432.5000  -0.423333   0.302905  -0.120428 
      433.0000  -0.426831   0.310082  -0.116749 
      433.5000  -0.412488   0.292249  -0.120240 
      434.0000  -0.433567   0.318736  -0.114832 
      434.5000  -0.432763   0.322987  -0.109777 
      435.0000  -0.405426   0.288442  -0.116985 
      435.5000  -0.408919   0.298483  -0.110436 
      436.0000  -0.403590   0.282779  -0.120811 
      436.5000  -0.414492   0.298243  -0.116249 
      437.0000  -0.396858   0.278458  -0.118401 
      437.5000  -0.412211   0.291437  -0.120774 
      438.0000  -0.403115   0.282629  -0.120487 
      438.5000  -0.414117   0.293863  -0.120253 
      439.0000  -0.402339   0.281842  -0.120496 
      439.5000  -0.414191   0.288722  -0.125468 
      440.0000  -0.439077   0.309864  -0.129214 
      440.5000  -0.408569   0.285742  -0.122826 
      441.0000  -0.427690   0.304392  -0.123298 
      441.5000  -0.435482   0.325197  -0.110285 
      442.0000  -0.409480   0.305929  -0.103551 
      442.5000  -0.438932   0.333103  -0.105829 
      443.0000  -0.409010   0.317029  -0.091981 
      443.5000  -0.419000   0.319046  -0.099955 
      444.0000  -0.413593   0.310873  -0.102720 
      444.5000  -0.402282   0.305581  -0.096701 
      445.0000  -0.392750   0.295480  -0.097271 
      445.5000  -0.424357   0.325589  -0.098769 
      446.0000  -0.408373   0.309361  -0.099011 
      446.5000  -0.410539   0.312200  -0.098339 
      447.0000  -0.402547   0.308173  -0.094374 
      447.5000  -0.432608   0.339192  -0.093417 
      448.0000  -0.380594   0.294427  -0.086166 
      448.5000  -0.390020   0.306421  -0.083599 
      449.0000  -0.376430   0.288357  -0.088073 
      449.5000  -0.398027   0.310489  -0.087538 
      450.0000  -0.404126   0.321388  -0.082738 
      450.5000  -0.418443   0.334103  -0.084340 
      451.0000  -0.392136   0.311723  -0.080413 
      451.5000  -0.388929   0.300675  -0.088253 
      452.0000  -0.397700   0.303110  -0.094590 
      452.5000  -0.414630   0.313372  -0.101258 
      453.0000  -0.423011   0.320572  -0.102439 
      453.5000  -0.409685   0.307311  -0.102374 
      454.0000  -0.424237   0.324163  -0.100074 
      454.5000  -0.412911   0.306610  -0.106300 
      455.0000  -0.448537   0.340188  -0.108349 
      455.5000  -0.409479   0.291407  -0.118072 
      456.0000  -0.425230   0.311756  -0.113473 
      456.5000  -0.417500   0.307157  -0.110343 
      457.0000  -0.424132   0.317580  -0.106552 
      457.5000  -0.442832   0.328710  -0.114122 
      458.0000  -0.413230   0.309180  -0.104050 
      458.5000  -0.428672   0.322492  -0.106180 
      459.0000  -0.429661   0.319427  -0.110235 
      459.5000  -0.440095   0.334942  -0.105153 
      460.0000  -0.408328   0.305538  -0.102790 
      460.5000  -0.439397   0.328080  -0.111317 
      461.0000  -0.426566   0.324652  -0.101914 
      461.5000  -0.412188   0.307634  -0.104553 
      462.0000  -0.441097   0.342463  -0.098634 
      462.5000  -0.414652   0.318610  -0.096042 
      463.0000  -0.421284   0.320166  -0.101118 
      463.5000  -0.401252   0.292651  -0.108600 
      464.0000  -0.443758   0.322737  -0.121021 
      464.5000  -0.420108   0.297960  -0.122148 
      465.0000  -0.446930   0.315438  -0.131492 
      465.5000  -0.451541   0.315984  -0.135557 
      466.0000  -0.426485   0.293378  -0.133107 
      466.5000  -0.472632   0.339934  -0.132698 
      467.0000  -0.417604   0.283527  -0.134077 
      467.5000  -0.430107   0.297438  -0.132668 
      468.0000  -0.438338   0.310372  -0.127967 
      468.5000  -0.429299   0.306979  -0.122321 
      469.0000  -0.428446   0.300838  -0.127608 
      469.5000  -0.443351   0.310925  -0.132426 
      470.0000  -0.431269   0.294326  -0.136942 
      470.5000  -0.448539   0.313291  -0.135248 
      471.0000  -0.436041   0.302341  -0.133701 
      471.5000  -0.450377   0.303887  -0.146490 
      472.0000  -0.405404   0.263849  -0.141555 
      472.5000  -0.437648   0.295852  -0.141796 
      473.0000  -0.422882   0.269701  -0.153181 
      473.5000  -0.426909   0.279750  -0.147159 
      474.0000  -0.423956   0.285189  -0.138767 
      474.5000  -0.415910   0.289070  -0.126840 
      475.0000  -0.423051   0.292119  -0.130932 
      475.5000  -0.445065   0.302834  -0.142230 
      476.0000  -0.414089   0.263090  -0.150999 
      476.5000  -0.429953   0.276574  -0.153379 
      477.0000  -0.431495   0.274427  -0.157068 
      477.5000  -0.436271   0.280593  -0.155678 
      478.0000  -0.420340   0.270721  -0.149619 
      478.5000  -0.434047   0.282459  -0.151588 
      479.0000  -0.442396   0.286307  -0.156090 
      479.5000  -0.472233   0.312826  -0.159407 
      480.0000  -0.441851   0.281811  -0.160040 
      480.5000  -0.434819   0.270435  -0.164384 
      481.0000  -0.454866   0.290880  -0.163985 
      481.5000  -0.467299   0.300425  -0.166874 
      482.0000  -0.454823   0.285207  -0.169616 
      482.5000  -0.459481   0.288967  -0.170514 
      483.0000  -0.439263   0.270295  -0.168968 
      483.5000  -0.466952   0.288371  -0.178581 
      484.0000  -0.469013   0.290473  -0.178540 
      484.5000  -0.457965   0.273793  -0.184172 
      485.0000  -0.449139   0.269476  -0.179663 
      485.5000  -0.453481   0.281135  -0.172346 
      486.0000  -0.440442   0.270597  -0.169845 
      486.5000  -0.469163   0.306038  -0.163125 
      487.0000  -0.439862   0.278019  -0.161842 
      487.5000  -0.446559   0.293224  -0.153335 
      488.0000  -0.445651   0.294173  -0.151478 
      488.5000  -0.456419   0.306032  -0.150388 
      489.0000  -0.463140   0.304819  -0.158321 
      489.5000  -0.466904   0.298947  -0.167958 
      490.0000  -0.440386   0.269022  -0.171364 
      490.5000  -0.444508   0.275886  -0.168622 
      491.0000  -0.458595   0.287888  -0.170707 
      491.5000  -0.455128   0.280440  -0.174688 
      492.0000  -0.450723   0.277091  -0.173632 
      492.5000  -0.455831   0.280520  -0.175311 
      493.0000  -0.453469   0.276105  -0.177364 
      493.5000  -0.445521   0.266022  -0.179499 
      494.0000  -0.435635   0.256809  -0.178826 
      494.5000  -0.458593   0.278805  -0.179787 
      495.0000  -0.466701   0.296947  -0.169754 
      495.5000  -0.447292   0.286866  -0.160426 
      496.0000  -0.463305   0.310949  -0.152356 
      496.5000  -0.446299   0.296613  -0.149686 
      497.0000  -0.443524   0.296148  -0.147376 
      497.5000  -0.457778   0.302637  -0.155141 
      498.0000  -0.442841   0.283435  -0.159406 
      498.5000  -0.470755   0.296851  -0.173905 
      499.0000  -0.446435   0.270602  -0.175833 
      499.5000  -0.478622   0.300068  -0.178555 
      500.0000  -0.472264   0.293907  -0.178358 
