t = 0
b =  30.0 30.0 30.0
E = 0. 0. 0.
26.60783606157412 26.321549060886298 19.60522105111465 0.7747249113471426 -0.6219899246975475 -0.11370947767403113 0.5694190977905 0.6081252518326394 0.5531234664656184 0.0 0.0 0.0 0.0 0.0 0.0
26.82136185843223 26.314139547267228 20.098208814961176 0.7887459387845435 -0.21459967794721427 -0.5760441148695478 0.5694190977905 0.6081252518326394 0.5531234664656184 0.0 0.0 0.0 0.0 0.0 0.0
27.2146823168542 26.2578120303077 20.459887304697933 0.5031091969488394 0.2743205743705454 -0.819529961882119 0.5694190977905 0.6081252518326394 0.5531234664656184 0.0 0.0 0.0 0.0 0.0 0.0
27.722686532551016 26.264015896907452 20.634753913837113 0.026332859655066376 0.6590218540895134 -0.751662674565397 0.5694190977905 0.6081252518326394 0.5531234664656184 0.0 0.0 0.0 0.0 0.0 0.0
28.236693324434768 26.420443815883058 20.63827899265801 -0.4604477712836017 0.7933497131820534 -0.3982261700515386 0.5694190977905 0.6081252518326394 0.5531234664656184 0.0 0.0 0.0 0.0 0.0 0.0
28.645741032366413 26.757715826941297 20.551028403485457 -0.7722965956354253 0.626270752136871 0.1065031144514072 0.5694190977905 0.6081252518326394 0.5531234664656184 0.0 0.0 0.0 0.0 0.0 0.0
28.878743707022615 27.23774627565477 20.488055202603224 -0.7907370311948452 0.2212610616662936 0.5707700851371469 0.5694190977905 0.6081252518326394 0.5531234664656184 0.0 0.0 0.0 0.0 0.0 0.0
28.93149785053738 27.768213190337068 20.555189060587313 -0.5087632481851969 -0.2678094054189851 0.8181919577123549 0.5694190977905 0.6081252518326394 0.5531234664656184 0.0 0.0 0.0 0.0 0.0 0.0
28.868279395620068 28.237632942627474 20.80882980107638 -0.03350180112209217 -0.6551346018511096 0.7547690261125997 0.5694190977905 0.6081252518326394 0.5531234664656184 0.0 0.0 0.0 0.0 0.0 0.0
28.797424204082837 28.557714741812077 21.234520164816654 0.45448754030754007 -0.7935632097735674 0.40459672242749734 0.5694190977905 0.6081252518326394 0.5531234664656184 0.0 0.0 0.0 0.0 0.0 0.0
28.830169461659185 28.696903782359296 21.752438364164934 0.7698094665478812 -0.6305038866337145 -0.09928864060427506 0.5694190977905 0.6081252518326394 0.5531234664656184 0.0 0.0 0.0 0.0 0.0 0.0
29.03839281135721 28.692369442109523 22.247723714763342 0.7926679059187575 -0.22790559549888129 -0.5654525890529375 0.5694190977905 0.6081252518326394 0.5531234664656184 0.0 0.0 0.0 0.0 0.0 0.0
29.427304835150746 28.635884014194726 22.614114129895146 0.5143785551304473 0.26127784174433466 -0.8167916450572531 0.5694190977905 0.6081252518326394 0.5531234664656184 0.0 0.0 0.0 0.0 0.0 0.0
29.933469466771214 28.638956878526667 22.794316863835764 0.040668191297254075 0.6511974585763171 -0.757817899076258 0.5694190977905 0.6081252518326394 0.5531234664656184 0.0 0.0 0.0 0.0 0.0 0.0
30.448904413877514 28.790470224031033 22.801774983837173 -0.44849269834566496 0.7937162734542516 -0.4109364631965845 0.5694190977905 0.6081252518326394 0.5531234664656184 0.0 0.0 0.0 0.0 0.0 0.0
30.86210543628408 29.12291121904362 22.715560124122785 -0.7672637134890221 0.6346890058184947 0.0920666055427482 0.5694190977905 0.6081252518326394 0.5531234664656184 0.0 0.0 0.0 0.0 0.0 0.0
31.100408671058837 29.600029592903045 22.65033185003875 -0.7945384159126966 0.2345327734379981 0.5600920315648319 0.5694190977905 0.6081252518326394 0.5531234664656184 0.0 0.0 0.0 0.0 0.0 0.0
31.157596848926104 30.13060971984725 22.712776572173237 -0.5199546901572278 -0.2547263807504583 0.8153291305560416 0.5694190977905 0.6081252518326394 0.5531234664656184 0.0 0.0 0.0 0.0 0.0 0.0
31.096261338811637 30.60312496028441 22.96107559527234 -0.04783148443219637 -0.6472107240938415 0.7608090612728892 0.5694190977905 0.6081252518326394 0.5531234664656184 0.0 0.0 0.0 0.0 0.0 0.0
31.02402264031583 30.928108495799865 23.382801067827494 0.4424637019283998 -0.7938088925677155 0.41724490956299287 0.5694190977905 0.6081252518326394 0.5531234664656184 0.0 0.0 0.0 0.0 0.0 0.0
31.052643556596742 31.072143269277277 23.89963753064616 0.7646595303277977 -0.6388257909781845 -0.08483755925276004 0.5694190977905 0.6081252518326394 0.5531234664656184 0.0 0.0 0.0 0.0 0.0 0.0
31.25556863687592 31.070557683600526 24.39713526916374 0.7963484187300823 -0.24114209079838814 -0.5546888209000392 0.5694190977905 0.6081252518326394 0.5531234664656184 0.0 0.0 0.0 0.0 0.0 0.0
31.640021364261763 31.01400375073874 24.76819167350385 0.5254912286212654 0.2481555213564734 -0.8138045255848643 0.5694190977905 0.6081252518326394 0.5531234664656184 0.0 0.0 0.0 0.0 0.0 0.0
32.14425983374643 31.014016876778385 24.95374131063049 0.054991135014411 0.6431747020089469 -0.7637422849139133 0.5694190977905 0.6081252518326394 0.5531234664656184 0.0 0.0 0.0 0.0 0.0 0.0
32.66103353418793 31.16064169637849 24.965195869879825 -0.4364010101871659 0.7938410600606531 -0.42352158111410954 0.5694190977905 0.6081252518326394 0.5531234664656184 0.0 0.0 0.0 0.0 0.0 0.0
33.078329610625886 31.488222610597667 24.88010867138807 -0.7619971153828399 0.6429139270805754 0.07760205225417194 0.5694190977905 0.6081252518326394 0.5531234664656184 0.0 0.0 0.0 0.0 0.0 0.0
33.32192842063605 31.962355774724173 24.8127108631494 -0.7980977765321944 0.2477330442549431 0.549243368533969 0.5694190977905 0.6081252518326394 0.5531234664656184 0.0 0.0 0.0 0.0 0.0 0.0
14.053025976164145 13.312749347980724 15.666364719132742 -0.052310075247246075 -0.5745542968122989 0.8167931292819205 0.6356781771311755 0.6116459417015095 0.47095912467990203 0.0 0.0 0.0 0.0 0.0 0.0
14.023860392126407 13.677001767759148 16.060261463866258 0.4092388002534476 -0.784313548832258 0.4662358432009145 0.6356781771311755 0.6116459417015095 0.47095912467990203 0.0 0.0 0.0 0.0 0.0 0.0
14.08798080548316 13.862469889402798 16.560436683727552 0.7153110134299904 -0.6960989706275935 -0.061452234759725055 0.6356781771311755 0.6116459417015095 0.47095912467990203 0.0 0.0 0.0 0.0 0.0 0.0
14.315156386858572 13.889262228789104 17.04660386474177 0.7496246132421008 -0.3434247553273536 -0.5657935813085702 0.6356781771311755 0.6116459417015095 0.47095912467990203 0.0 0.0 0.0 0.0 0.0 0.0
14.713208922409493 13.837770884392661 17.403798381093978 0.49914328942836306 0.13972226627746226 -0.8551804867540668 0.6356781771311755 0.6116459417015095 0.47095912467990203 0.0 0.0 0.0 0.0 0.0 0.0
15.225041186491175 13.818129234990536 17.566054478582306 0.05902908473002322 0.5697864628917533 -0.819670027426427 0.6356781771311755 0.6116459417015095 0.47095912467990203 0.0 0.0 0.0 0.0 0.0 0.0
15.75032913229442 13.928370427732942 17.541466767527822 -0.4035112561709192 0.7833792559318247 -0.4727532205274403 0.6356781771311755 0.6116459417015095 0.47095912467990203 0.0 0.0 0.0 0.0 0.0 0.0
16.183636674557004 14.217182946514072 17.40911494497891 -0.7127509245040935 0.6993531722406916 0.05377043886226518 0.6356781771311755 0.6116459417015095 0.47095912467990203 0.0 0.0 0.0 0.0 0.0 0.0
16.454472621152142 14.665413042912643 17.28902009566054 -0.751204600058188 0.34963112585381756 0.5598658095343997 0.6356781771311755 0.6116459417015095 0.47095912467990203 0.0 0.0 0.0 0.0 0.0 0.0
16.55407145552733 15.193341565450755 17.29654667524174 -0.504263088579032 -0.13292163076561755 0.8532587987072522 0.6356781771311755 0.6116459417015095 0.47095912467990203 0.0 0.0 0.0 0.0 0.0 0.0
16.538723502994262 15.690970598073456 17.498573624836084 -0.06574359891945752 -0.56497523752604 0.822484504524864 0.6356781771311755 0.6116459417015095 0.47095912467990203 0.0 0.0 0.0 0.0 0.0 0.0
16.508389295018883 16.059813507525128 17.888085943116383 0.39775298314397634 -0.7823853056680757 0.479234595865885 0.6356781771311755 0.6116459417015095 0.47095912467990203 0.0 0.0 0.0 0.0 0.0 0.0
16.56872289206649 16.25031166193197 18.386839802603447 0.7101365568357688 -0.7025541154020671 -0.04608454813770474 0.6356781771311755 0.6116459417015095 0.47095912467990203 0.0 0.0 0.0 0.0 0.0 0.0
16.790932139589287 16.280662583627016 18.875088687892468 0.7527273797355745 -0.3558108706163953 -0.5538954018112241 0.6356781771311755 0.6116459417015095 0.47095912467990203 0.0 0.0 0.0 0.0 0.0 0.0
17.18472561700741 16.22990640616945 19.23707709891028 0.5093444861431721 0.1261108727569636 -0.8512721316993898 0.6356781771311755 0.6116459417015095 0.47095912467990203 0.0 0.0 0.0 0.0 0.0 0.0
17.694624186068413 16.20789720612492 19.4050180007219 0.07245310647929787 0.560120987108599 -0.8252363462439026 0.6356781771311755 0.6116459417015095 0.47095912467990203 0.0 0.0 0.0 0.0 0.0 0.0
18.221038443031116 16.313567602716027 19.384846251441118 -0.39196441968740325 0.7813317737341727 -0.4856794756344217 0.6356781771311755 0.6116459417015095 0.47095912467990203 0.0 0.0 0.0 0.0 0.0 0.0
18.658104398192894 16.597342601714477 19.253963850407548 -0.7074681095192349 0.7057015563475066 0.03839514789638071 0.6356781771311755 0.6116459417015095 0.47095912467990203 0.0 0.0 0.0 0.0 0.0 0.0
18.933902975529247 17.041982292687273 19.131833624545063 -0.7541928363086909 0.3619635190035986 0.5478828128087081 0.6356781771311755 0.6116459417015095 0.47095912467990203 0.0 0.0 0.0 0.0 0.0 0.0
19.037783272098324 17.569131579206136 19.13459330310148 -0.5143870951526843 -0.11929051091709048 0.849220637022865 0.6356781771311755 0.6116459417015095 0.47095912467990203 0.0 0.0 0.0 0.0 0.0 0.0
19.024409014142133 18.06908859000797 19.330932852588024 -0.07915709645456542 -0.5552240813093926 0.8279253430201429 0.6356781771311755 0.6116459417015095 0.47095912467990203 0.0 0.0 0.0 0.0 0.0 0.0
18.992990893558442 18.442482254005174 19.715998010066716 0.38614600662271975 -0.7802187403606502 0.4920873690305049 0.6356781771311755 0.6116459417015095 0.47095912467990203 0.0 0.0 0.0 0.0 0.0 0.0
19.049594767334504 18.63802503158755 20.213234498799466 0.7047457857670877 -0.7087952553871947 -0.03070282371589078 0.6356781771311755 0.6116459417015095 0.47095912467990203 0.0 0.0 0.0 0.0 0.0 0.0
19.26684546515103 18.671997908402144 20.70347227790011 0.7556008581773467 -0.36808860246742997 -0.5418285004087813 0.6356781771311755 0.6116459417015095 0.47095912467990203 0.0 0.0 0.0 0.0 0.0 0.0
19.656335402364093 18.622064976702358 21.070200233283916 0.5193905315933708 0.1124610646429598 -0.8471044709069387 0.6356781771311755 0.6116459417015095 0.47095912467990203 0.0 0.0 0.0 0.0 0.0 0.0
20.164220427596515 18.597767548226532 21.243830697870305 0.08585505831046963 0.5502848930467577 -0.8305512900760681 0.6356781771311755 0.6116459417015095 0.47095912467990203 0.0 0.0 0.0 0.0 0.0 0.0
20.69167611607224 18.69890757843545 21.22813696975052 -0.38029818704460605 0.7790462903093102 -0.49845778806824204 0.6356781771311755 0.6116459417015095 0.47095912467990203 0.0 0.0 0.0 0.0 0.0 0.0
