        0.0000  -1.017812   0.288546  -0.729265 
        0.5000  -0.981457   0.395013  -0.586443 
        1.0000  -0.929617   0.504628  -0.424989 
        1.5000  -0.839932   0.584435  -0.255496 
        2.0000  -0.837178   0.718570  -0.118608 
        2.5000  -0.736391   0.712133  -0.024258 
        3.0000  -0.651342   0.621833  -0.029509 
        3.5000  -0.579803   0.555579  -0.024224 
        4.0000  -0.520994   0.483771  -0.037223 
        4.5000  -0.542784   0.503955  -0.038829 
        5.0000  -0.541742   0.493785  -0.047957 
        5.5000  -0.604824   0.535269  -0.069555 
        6.0000  -0.573049   0.490570  -0.082479 
        6.5000  -0.525280   0.453371  -0.071909 
        7.0000  -0.518443   0.436628  -0.081815 
        7.5000  -0.482191   0.410704  -0.071486 
        8.0000  -0.520949   0.432664  -0.088285 
        8.5000  -0.527867   0.438838  -0.089029 
        9.0000  -0.511704   0.419210  -0.092494 
        9.5000  -0.558682   0.454874  -0.103808 
       10.0000  -0.559170   0.453932  -0.105238 
       10.5000  -0.481191   0.365935  -0.115256 
       11.0000  -0.477812   0.357060  -0.120752 
       11.5000  -0.459144   0.337084  -0.122060 
       12.0000  -0.507249   0.384769  -0.122480 
       12.5000  -0.504457   0.383777  -0.120680 
       13.0000  -0.516444   0.396659  -0.119784 
       13.5000  -0.511781   0.383784  -0.127997 
       14.0000  -0.563067   0.421453  -0.141614 
       14.5000  -0.454219   0.315976  -0.138244 
       15.0000  -0.539819   0.401957  -0.137862 
       15.5000  -0.496541   0.357360  -0.139181 
       16.0000  -0.519917   0.380468  -0.139449 
       16.5000  -0.495488   0.342192  -0.153295 
       17.0000  -0.552617   0.388725  -0.163892 
       17.5000  -0.551492   0.388716  -0.162776 
       18.0000  -0.539318   0.379895  -0.159423 
       18.5000  -0.481552   0.314429  -0.167123 
       19.0000  -0.532057   0.378752  -0.153305 
       19.5000  -0.535746   0.385950  -0.149795 
       20.0000  -0.564353   0.409524  -0.154828 
       20.5000  -0.535822   0.378304  -0.157518 
       21.0000  -0.521781   0.358295  -0.163485 
       21.5000  -0.515315   0.341660  -0.173655 
       22.0000  -0.543337   0.371588  -0.171749 
       22.5000  -0.536718   0.360451  -0.176267 
       23.0000  -0.532459   0.356426  -0.176033 
       23.5000  -0.530179   0.356477  -0.173703 
       24.0000  -0.537508   0.362541  -0.174966 
       24.5000  -0.509361   0.325473  -0.183888 
       25.0000  -0.526819   0.333107  -0.193711 
       25.5000  -0.572275   0.376810  -0.195465 
       26.0000  -0.554290   0.368673  -0.185617 
       26.5000  -0.554852   0.366056  -0.188796 
       27.0000  -0.562386   0.384178  -0.178209 
       27.5000  -0.469045   0.311871  -0.157174 
       28.0000  -0.557787   0.405474  -0.152313 
       28.5000  -0.535449   0.383874  -0.151575 
       29.0000  -0.450698   0.294067  -0.156631 
       29.5000  -0.513833   0.360532  -0.153301 
       30.0000  -0.544998   0.377558  -0.167440 
       30.5000  -0.510909   0.327729  -0.183179 
       31.0000  -0.530575   0.349211  -0.181364 
       31.5000  -0.501460   0.317097  -0.184363 
       32.0000  -0.459317   0.284592  -0.174725 
       32.5000  -0.554148   0.381715  -0.172433 
       33.0000  -0.501898   0.322954  -0.178943 
       33.5000  -0.519111   0.333880  -0.185230 
       34.0000  -0.523163   0.335876  -0.187288 
       34.5000  -0.575226   0.391161  -0.184065 
       35.0000  -0.488802   0.315449  -0.173353 
       35.5000  -0.476830   0.307296  -0.169534 
       36.0000  -0.519754   0.360553  -0.159201 
       36.5000  -0.539845   0.373118  -0.166727 
       37.0000  -0.510395   0.338689  -0.171706 
       37.5000  -0.526317   0.359698  -0.166619 
       38.0000  -0.534345   0.368705  -0.165640 
       38.5000  -0.541348   0.370707  -0.170641 
       39.0000  -0.543705   0.382086  -0.161619 
       39.5000  -0.507547   0.364811  -0.142735 
       40.0000  -0.521446   0.368886  -0.152560 
       40.5000  -0.504955   0.355121  -0.149833 
       41.0000  -0.488246   0.345005  -0.143242 
       41.5000  -0.514133   0.371876  -0.142257 
       42.0000  -0.444718   0.302346  -0.142372 
       42.5000  -0.550740   0.413216  -0.137524 
       43.0000  -0.482422   0.337663  -0.144760 
       43.5000  -0.501635   0.350649  -0.150986 
       44.0000  -0.503087   0.352178  -0.150909 
       44.5000  -0.531981   0.380639  -0.151342 
       45.0000  -0.533787   0.373124  -0.160664 
       45.5000  -0.527124   0.375702  -0.151422 
       46.0000  -0.519158   0.362014  -0.157143 
       46.5000  -0.531673   0.363922  -0.167751 
       47.0000  -0.510635   0.342148  -0.168488 
       47.5000  -0.565360   0.404690  -0.160670 
       48.0000  -0.556376   0.395286  -0.161090 
       48.5000  -0.503935   0.347127  -0.156809 
       49.0000  -0.502863   0.338371  -0.164492 
       49.5000  -0.538033   0.368563  -0.169470 
       50.0000  -0.502909   0.329414  -0.173495 
       50.5000  -0.531811   0.368049  -0.163762 
       51.0000  -0.511382   0.351747  -0.159636 
       51.5000  -0.543966   0.372743  -0.171223 
       52.0000  -0.492070   0.318063  -0.174008 
       52.5000  -0.510883   0.338417  -0.172466 
       53.0000  -0.491212   0.321290  -0.169922 
       53.5000  -0.518575   0.346865  -0.171710 
       54.0000  -0.493666   0.330212  -0.163454 
       54.5000  -0.492633   0.321469  -0.171164 
       55.0000  -0.520085   0.355291  -0.164794 
       55.5000  -0.503838   0.343503  -0.160336 
       56.0000  -0.488138   0.328947  -0.159192 
       56.5000  -0.507107   0.352203  -0.154905 
       57.0000  -0.493538   0.343489  -0.150049 
       57.5000  -0.511820   0.359021  -0.152798 
       58.0000  -0.491158   0.338832  -0.152326 
       58.5000  -0.496924   0.349100  -0.147824 
       59.0000  -0.487675   0.340670  -0.147005 
       59.5000  -0.487965   0.344773  -0.143192 
       60.0000  -0.485259   0.344996  -0.140263 
       60.5000  -0.475119   0.329847  -0.145271 
       61.0000  -0.476455   0.333370  -0.143085 
       61.5000  -0.465943   0.324026  -0.141917 
       62.0000  -0.447058   0.302300  -0.144758 
       62.5000  -0.460952   0.307326  -0.153626 
       63.0000  -0.432260   0.289619  -0.142641 
       63.5000  -0.450111   0.302550  -0.147561 
       64.0000  -0.512315   0.359076  -0.153239 
       64.5000  -0.470559   0.323564  -0.146995 
       65.0000  -0.445112   0.310843  -0.134269 
       65.5000  -0.444649   0.310568  -0.134082 
       66.0000  -0.470756   0.344844  -0.125912 
       66.5000  -0.467386   0.339609  -0.127777 
       67.0000  -0.519780   0.397440  -0.122340 
       67.5000  -0.520365   0.392144  -0.128221 
       68.0000  -0.469470   0.336105  -0.133365 
       68.5000  -0.529556   0.405768  -0.123788 
       69.0000  -0.470355   0.350938  -0.119417 
       69.5000  -0.504936   0.383694  -0.121241 
       70.0000  -0.505261   0.387580  -0.117681 
       70.5000  -0.509105   0.392120  -0.116984 
       71.0000  -0.539987   0.424127  -0.115860 
       71.5000  -0.454663   0.332272  -0.122392 
       72.0000  -0.469762   0.345500  -0.124263 
       72.5000  -0.480685   0.361605  -0.119080 
       73.0000  -0.473630   0.362669  -0.110961 
       73.5000  -0.474312   0.365511  -0.108801 
       74.0000  -0.467242   0.356367  -0.110875 
       74.5000  -0.493188   0.390134  -0.103054 
       75.0000  -0.489972   0.380647  -0.109326 
       75.5000  -0.490953   0.380146  -0.110807 
       76.0000  -0.492448   0.392325  -0.100123 
       76.5000  -0.509509   0.389864  -0.119645 
       77.0000  -0.482758   0.375863  -0.106894 
       77.5000  -0.418973   0.313070  -0.105903 
       78.0000  -0.498540   0.371369  -0.127171 
       78.5000  -0.445964   0.318057  -0.127907 
       79.0000  -0.504696   0.377932  -0.126764 
       79.5000  -0.442817   0.324163  -0.118654 
       80.0000  -0.470343   0.344339  -0.126005 
       80.5000  -0.481433   0.347140  -0.134293 
       81.0000  -0.466243   0.336321  -0.129922 
       81.5000  -0.457940   0.326328  -0.131612 
       82.0000  -0.498274   0.366056  -0.132218 
       82.5000  -0.463695   0.329311  -0.134384 
       83.0000  -0.474340   0.347722  -0.126618 
       83.5000  -0.479163   0.345924  -0.133239 
       84.0000  -0.455006   0.297986  -0.157020 
       84.5000  -0.481287   0.310652  -0.170635 
       85.0000  -0.472041   0.313920  -0.158121 
       85.5000  -0.475986   0.327784  -0.148202 
       86.0000  -0.495054   0.344331  -0.150723 
       86.5000  -0.488394   0.325837  -0.162557 
       87.0000  -0.523687   0.356809  -0.166879 
       87.5000  -0.519012   0.354573  -0.164438 
       88.0000  -0.495836   0.326658  -0.169178 
       88.5000  -0.519694   0.342295  -0.177399 
       89.0000  -0.511967   0.320656  -0.191311 
       89.5000  -0.515967   0.316138  -0.199828 
       90.0000  -0.527072   0.325461  -0.201611 
       90.5000  -0.542738   0.344812  -0.197926 
       91.0000  -0.485520   0.289671  -0.195849 
       91.5000  -0.500483   0.319952  -0.180531 
       92.0000  -0.486541   0.310851  -0.175690 
       92.5000  -0.482620   0.302091  -0.180529 
       93.0000  -0.500049   0.325940  -0.174109 
       93.5000  -0.492252   0.314623  -0.177629 
       94.0000  -0.458749   0.279020  -0.179729 
       94.5000  -0.494233   0.325123  -0.169110 
       95.0000  -0.488157   0.317591  -0.170566 
       95.5000  -0.502819   0.330702  -0.172117 
       96.0000  -0.489028   0.329873  -0.159155 
       96.5000  -0.468653   0.295171  -0.173482 
       97.0000  -0.482408   0.304313  -0.178096 
       97.5000  -0.528018   0.351524  -0.176494 
       98.0000  -0.528787   0.358891  -0.169897 
       98.5000  -0.469823   0.303432  -0.166391 
       99.0000  -0.515470   0.339154  -0.176316 
       99.5000  -0.523035   0.349785  -0.173250 
      100.0000  -0.528793   0.355431  -0.173361 
      100.5000  -0.449704   0.284553  -0.165151 
      101.0000  -0.493741   0.334237  -0.159504 
      101.5000  -0.484063   0.333947  -0.150116 
      102.0000  -0.459795   0.310027  -0.149768 
      102.5000  -0.488011   0.333774  -0.154237 
      103.0000  -0.493059   0.329591  -0.163468 
      103.5000  -0.482358   0.320268  -0.162089 
      104.0000  -0.442982   0.279900  -0.163083 
      104.5000  -0.457493   0.298908  -0.158586 
      105.0000  -0.497511   0.340513  -0.156998 
      105.5000  -0.459416   0.313299  -0.146117 
      106.0000  -0.434387   0.291312  -0.143076 
      106.5000  -0.467105   0.330895  -0.136210 
      107.0000  -0.439056   0.304519  -0.134536 
      107.5000  -0.496958   0.360457  -0.136501 
      108.0000  -0.449430   0.303991  -0.145439 
      108.5000  -0.434205   0.281899  -0.152307 
      109.0000  -0.461204   0.306189  -0.155015 
      109.5000  -0.442931   0.286423  -0.156508 
      110.0000  -0.444058   0.292156  -0.151902 
      110.5000  -0.434502   0.282432  -0.152070 
      111.0000  -0.438905   0.281155  -0.157751 
      111.5000  -0.428192   0.265978  -0.162214 
      112.0000  -0.451791   0.293764  -0.158027 
      112.5000  -0.461495   0.303466  -0.158029 
      113.0000  -0.458805   0.288223  -0.170582 
      113.5000  -0.456861   0.284960  -0.171901 
      114.0000  -0.469731   0.302636  -0.167095 
      114.5000  -0.484035   0.321433  -0.162601 
      115.0000  -0.482520   0.309615  -0.172905 
      115.5000  -0.464332   0.287755  -0.176577 
      116.0000  -0.495887   0.319616  -0.176272 
      116.5000  -0.518372   0.334163  -0.184209 
      117.0000  -0.491807   0.321869  -0.169938 
      117.5000  -0.521052   0.353349  -0.167703 
      118.0000  -0.542597   0.371180  -0.171417 
      118.5000  -0.473960   0.300732  -0.173228 
      119.0000  -0.487845   0.318242  -0.169603 
      119.5000  -0.496771   0.317988  -0.178783 
      120.0000  -0.486433   0.308790  -0.177643 
      120.5000  -0.454941   0.288829  -0.166112 
      121.0000  -0.491752   0.311923  -0.179829 
      121.5000  -0.441556   0.264652  -0.176903 
      122.0000  -0.508507   0.326021  -0.182486 
      122.5000  -0.483238   0.300129  -0.183110 
      123.0000  -0.490892   0.323995  -0.166898 
      123.5000  -0.471053   0.308971  -0.162082 
      124.0000  -0.499731   0.330586  -0.169146 
      124.5000  -0.525001   0.356828  -0.168173 
      125.0000  -0.503918   0.343732  -0.160186 
      125.5000  -0.502692   0.328759  -0.173933 
      126.0000  -0.505452   0.349853  -0.155599 
      126.5000  -0.453693   0.297963  -0.155730 
      127.0000  -0.526708   0.375258  -0.151450 
      127.5000  -0.505883   0.349529  -0.156354 
      128.0000  -0.534136   0.365057  -0.169079 
      128.5000  -0.511829   0.348554  -0.163275 
      129.0000  -0.506937   0.352965  -0.153972 
      129.5000  -0.495856   0.340631  -0.155224 
      130.0000  -0.509694   0.349680  -0.160014 
      130.5000  -0.473793   0.306555  -0.167238 
      131.0000  -0.468322   0.300193  -0.168128 
      131.5000  -0.484482   0.309758  -0.174724 
      132.0000  -0.504143   0.340676  -0.163467 
      132.5000  -0.525958   0.360533  -0.165425 
      133.0000  -0.444488   0.283972  -0.160516 
      133.5000  -0.475455   0.303462  -0.171994 
      134.0000  -0.455133   0.288267  -0.166865 
      134.5000  -0.484349   0.316992  -0.167357 
      135.0000  -0.453972   0.291285  -0.162687 
      135.5000  -0.489790   0.313851  -0.175940 
      136.0000  -0.452772   0.271289  -0.181482 
      136.5000  -0.472764   0.291639  -0.181125 
      137.0000  -0.435633   0.251259  -0.184375 
      137.5000  -0.467944   0.298824  -0.169119 
      138.0000  -0.452911   0.277985  -0.174926 
      138.5000  -0.520587   0.337097  -0.183490 
      139.0000  -0.469792   0.281942  -0.187851 
      139.5000  -0.513525   0.326439  -0.187086 
      140.0000  -0.490251   0.291651  -0.198600 
      140.5000  -0.492133   0.290453  -0.201680 
      141.0000  -0.516647   0.322533  -0.194114 
      141.5000  -0.480831   0.296449  -0.184382 
      142.0000  -0.487199   0.296288  -0.190911 
      142.5000  -0.498226   0.305635  -0.192592 
      143.0000  -0.528290   0.326491  -0.201798 
      143.5000  -0.525065   0.319220  -0.205845 
      144.0000  -0.543057   0.338280  -0.204777 
      144.5000  -0.512590   0.302973  -0.209616 
      145.0000  -0.510969   0.283945  -0.227024 
      145.5000  -0.500256   0.289738  -0.210518 
      146.0000  -0.501945   0.302157  -0.199788 
      146.5000  -0.510013   0.310951  -0.199061 
      147.0000  -0.496686   0.296636  -0.200050 
      147.5000  -0.477381   0.270983  -0.206398 
      148.0000  -0.496056   0.302800  -0.193256 
      148.5000  -0.517913   0.326418  -0.191495 
      149.0000  -0.547052   0.367383  -0.179669 
      149.5000  -0.513192   0.325293  -0.187899 
      150.0000  -0.472186   0.272240  -0.199946 
      150.5000  -0.508132   0.307224  -0.200908 
      151.0000  -0.494265   0.301995  -0.192270 
      151.5000  -0.514572   0.318782  -0.195790 
      152.0000  -0.490738   0.290673  -0.200065 
      152.5000  -0.525686   0.334571  -0.191115 
      153.0000  -0.518601   0.328351  -0.190249 
      153.5000  -0.476948   0.285818  -0.191130 
      154.0000  -0.512347   0.308683  -0.203664 
      154.5000  -0.491300   0.288001  -0.203298 
      155.0000  -0.507880   0.306522  -0.201358 
      155.5000  -0.497264   0.279271  -0.217993 
      156.0000  -0.533452   0.318969  -0.214483 
      156.5000  -0.480999   0.258398  -0.222600 
      157.0000  -0.526798   0.304607  -0.222191 
      157.5000  -0.527673   0.298410  -0.229263 
      158.0000  -0.523897   0.295639  -0.228258 
      158.5000  -0.505098   0.282920  -0.222178 
      159.0000  -0.525020   0.308290  -0.216730 
      159.5000  -0.529116   0.296275  -0.232841 
      160.0000  -0.493649   0.247897  -0.245752 
      160.5000  -0.526118   0.295988  -0.230130 
      161.0000  -0.484609   0.269080  -0.215529 
      161.5000  -0.537091   0.309007  -0.228085 
      162.0000  -0.531722   0.298284  -0.233438 
      162.5000  -0.536569   0.302237  -0.234333 
      163.0000  -0.516070   0.272351  -0.243718 
      163.5000  -0.518255   0.269001  -0.249254 
      164.0000  -0.530519   0.291844  -0.238674 
      164.5000  -0.523602   0.291655  -0.231947 
      165.0000  -0.517312   0.273544  -0.243768 
      165.5000  -0.504010   0.265690  -0.238321 
      166.0000  -0.510917   0.264418  -0.246499 
      166.5000  -0.512021   0.272703  -0.239318 
      167.0000  -0.473151   0.237126  -0.236025 
      167.5000  -0.464522   0.237681  -0.226841 
      168.0000  -0.485320   0.258685  -0.226634 
      168.5000  -0.482470   0.246169  -0.236301 
      169.0000  -0.481960   0.251006  -0.230954 
      169.5000  -0.536266   0.304349  -0.231917 
      170.0000  -0.524729   0.290326  -0.234403 
      170.5000  -0.478184   0.235499  -0.242685 
      171.0000  -0.493620   0.254917  -0.238702 
      171.5000  -0.510356   0.276233  -0.234122 
      172.0000  -0.506836   0.272542  -0.234295 
      172.5000  -0.523967   0.292411  -0.231557 
      173.0000  -0.565157   0.338805  -0.226353 
      173.5000  -0.589673   0.360611  -0.229061 
      174.0000  -0.569243   0.351979  -0.217264 
      174.5000  -0.536075   0.309877  -0.226197 
      175.0000  -0.576022   0.343990  -0.232032 
      175.5000  -0.578250   0.350193  -0.228057 
      176.0000  -0.585337   0.359662  -0.225675 
      176.5000  -0.572070   0.354093  -0.217977 
      177.0000  -0.573187   0.357545  -0.215643 
      177.5000  -0.558423   0.326810  -0.231613 
      178.0000  -0.610562   0.377531  -0.233031 
      178.5000  -0.601263   0.351446  -0.249817 
      179.0000  -0.595203   0.331510  -0.263693 
      179.5000  -0.631232   0.374098  -0.257133 
      180.0000  -0.558769   0.322479  -0.236290 
      180.5000  -0.622568   0.373399  -0.249169 
      181.0000  -0.571928   0.325632  -0.246296 
      181.5000  -0.575249   0.334516  -0.240734 
      182.0000  -0.643254   0.404830  -0.238424 
      182.5000  -0.517405   0.268654  -0.248751 
      183.0000  -0.623197   0.378298  -0.244899 
      183.5000  -0.598153   0.362692  -0.235461 
      184.0000  -0.547619   0.305643  -0.241976 
      184.5000  -0.555123   0.311882  -0.243241 
      185.0000  -0.590143   0.354164  -0.235979 
      185.5000  -0.576743   0.333951  -0.242792 
      186.0000  -0.606307   0.348640  -0.257668 
      186.5000  -0.569166   0.323854  -0.245312 
      187.0000  -0.650822   0.405319  -0.245503 
      187.5000  -0.634361   0.393354  -0.241007 
      188.0000  -0.624966   0.382516  -0.242450 
      188.5000  -0.565414   0.333073  -0.232341 
      189.0000  -0.579207   0.350983  -0.228224 
      189.5000  -0.554897   0.320452  -0.234444 
      190.0000  -0.610540   0.374967  -0.235573 
      190.5000  -0.591536   0.355329  -0.236206 
      191.0000  -0.533508   0.282128  -0.251380 
      191.5000  -0.566356   0.303212  -0.263144 
      192.0000  -0.623051   0.362446  -0.260605 
      192.5000  -0.543082   0.288530  -0.254552 
      193.0000  -0.575872   0.320528  -0.255344 
      193.5000  -0.590651   0.339282  -0.251369 
      194.0000  -0.570549   0.316584  -0.253965 
      194.5000  -0.571419   0.303718  -0.267701 
      195.0000  -0.584074   0.317644  -0.266430 
      195.5000  -0.578553   0.301935  -0.276618 
      196.0000  -0.572006   0.288606  -0.283400 
      196.5000  -0.585141   0.306382  -0.278760 
      197.0000  -0.598770   0.313804  -0.284967 
      197.5000  -0.628046   0.343850  -0.284196 
      198.0000  -0.554425   0.273880  -0.280545 
      198.5000  -0.605368   0.321035  -0.284332 
      199.0000  -0.612608   0.342788  -0.269820 
      199.5000  -0.597216   0.331572  -0.265644 
      200.0000  -0.563338   0.302640  -0.260699 
      200.5000  -0.581736   0.331226  -0.250511 
      201.0000  -0.605439   0.378551  -0.226888 
      201.5000  -0.557473   0.331231  -0.226242 
      202.0000  -0.547215   0.311601  -0.235615 
      202.5000  -0.604868   0.361617  -0.243251 
      203.0000  -0.557562   0.302958  -0.254604 
      203.5000  -0.626314   0.368017  -0.258297 
      204.0000  -0.629359   0.371164  -0.258195 
      204.5000  -0.586196   0.320030  -0.266167 
      205.0000  -0.648562   0.385220  -0.263341 
      205.5000  -0.591121   0.351089  -0.240032 
      206.0000  -0.586124   0.333245  -0.252879 
      206.5000  -0.618864   0.376613  -0.242251 
      207.0000  -0.601386   0.363013  -0.238373 
      207.5000  -0.584577   0.342251  -0.242326 
      208.0000  -0.629469   0.381568  -0.247900 
      208.5000  -0.574408   0.330884  -0.243524 
      209.0000  -0.596091   0.363541  -0.232550 
      209.5000  -0.608804   0.379359  -0.229445 
      210.0000  -0.550832   0.326420  -0.224412 
      210.5000  -0.556761   0.327486  -0.229275 
      211.0000  -0.544405   0.319715  -0.224689 
      211.5000  -0.583259   0.366141  -0.217118 
      212.0000  -0.578603   0.374827  -0.203776 
      212.5000  -0.555516   0.352219  -0.203297 
      213.0000  -0.541464   0.348286  -0.193178 
      213.5000  -0.522339   0.322778  -0.199561 
      214.0000  -0.529122   0.337780  -0.191342 
      214.5000  -0.510684   0.319938  -0.190746 
      215.0000  -0.509993   0.312021  -0.197972 
      215.5000  -0.586532   0.386858  -0.199674 
      216.0000  -0.572091   0.372698  -0.199393 
      216.5000  -0.542122   0.335410  -0.206712 
      217.0000  -0.548760   0.324217  -0.224544 
      217.5000  -0.527787   0.299558  -0.228229 
      218.0000  -0.537743   0.314071  -0.223672 
      218.5000  -0.527313   0.303532  -0.223782 
      219.0000  -0.566750   0.333466  -0.233283 
      219.5000  -0.551230   0.314001  -0.237230 
      220.0000  -0.516194   0.282489  -0.233704 
      220.5000  -0.533496   0.304421  -0.229075 
      221.0000  -0.521359   0.298106  -0.223253 
      221.5000  -0.560858   0.327310  -0.233548 
      222.0000  -0.485557   0.250530  -0.235028 
      222.5000  -0.511236   0.279968  -0.231268 
      223.0000  -0.576293   0.334658  -0.241635 
      223.5000  -0.581392   0.329121  -0.252272 
      224.0000  -0.554078   0.277587  -0.276491 
      224.5000  -0.597853   0.314496  -0.283357 
      225.0000  -0.568268   0.285277  -0.282992 
      225.5000  -0.559026   0.275581  -0.283444 
      226.0000  -0.553148   0.264651  -0.288497 
      226.5000  -0.587094   0.287840  -0.299254 
      227.0000  -0.584229   0.278182  -0.306047 
      227.5000  -0.588636   0.290310  -0.298326 
      228.0000  -0.590878   0.289378  -0.301499 
      228.5000  -0.570967   0.270789  -0.300178 
      229.0000  -0.587079   0.289741  -0.297339 
      229.5000  -0.561593   0.271793  -0.289799 
      230.0000  -0.553723   0.257878  -0.295845 
      230.5000  -0.529615   0.220013  -0.309602 
      231.0000  -0.627110   0.323161  -0.303949 
      231.5000  -0.569613   0.265157  -0.304456 
      232.0000  -0.595531   0.288816  -0.306715 
      232.5000  -0.620216   0.301614  -0.318602 
      233.0000  -0.634220   0.309137  -0.325083 
      233.5000  -0.625113   0.303554  -0.321560 
      234.0000  -0.576617   0.255195  -0.321422 
      234.5000  -0.603519   0.281737  -0.321782 
      235.0000  -0.609428   0.279265  -0.330163 
      235.5000  -0.622808   0.304484  -0.318324 
      236.0000  -0.606579   0.293014  -0.313565 
      236.5000  -0.666278   0.355738  -0.310539 
      237.0000  -0.605170   0.300672  -0.304498 
      237.5000  -0.620486   0.320175  -0.300312 
      238.0000  -0.597962   0.297864  -0.300097 
      238.5000  -0.615108   0.316437  -0.298671 
      239.0000  -0.628575   0.310126  -0.318449 
      239.5000  -0.620896   0.300263  -0.320633 
      240.0000  -0.677586   0.361758  -0.315828 
      240.5000  -0.602349   0.292568  -0.309781 
      241.0000  -0.629319   0.304137  -0.325182 
      241.5000  -0.621571   0.305727  -0.315843 
      242.0000  -0.649925   0.338652  -0.311274 
      242.5000  -0.574364   0.268832  -0.305532 
      243.0000  -0.618913   0.316963  -0.301951 
      243.5000  -0.591409   0.295752  -0.295657 
      244.0000  -0.637389   0.333704  -0.303685 
      244.5000  -0.613623   0.311219  -0.302404 
      245.0000  -0.606078   0.308515  -0.297563 
      245.5000  -0.607109   0.315030  -0.292079 
      246.0000  -0.621715   0.324974  -0.296741 
      246.5000  -0.583808   0.287818  -0.295991 
      247.0000  -0.631532   0.341981  -0.289551 
      247.5000  -0.617146   0.342150  -0.274997 
      248.0000  -0.654398   0.379104  -0.275294 
      248.5000  -0.603862   0.331670  -0.272192 
      249.0000  -0.652092   0.378185  -0.273906 
      249.5000  -0.568676   0.297498  -0.271178 
      250.0000  -0.618515   0.355337  -0.263177 
      250.5000  -0.619365   0.368360  -0.251005 
      251.0000  -0.601704   0.356184  -0.245520 
      251.5000  -0.598463   0.355379  -0.243084 
      252.0000  -0.579530   0.326733  -0.252797 
      252.5000  -0.560272   0.319246  -0.241026 
      253.0000  -0.621619   0.381967  -0.239652 
      253.5000  -0.574696   0.327081  -0.247615 
      254.0000  -0.603926   0.365767  -0.238159 
      254.5000  -0.546538   0.312851  -0.233687 
      255.0000  -0.520240   0.286027  -0.234213 
      255.5000  -0.574669   0.337421  -0.237248 
      256.0000  -0.567582   0.330151  -0.237431 
      256.5000  -0.542457   0.299608  -0.242849 
      257.0000  -0.563638   0.308443  -0.255195 
      257.5000  -0.588043   0.332495  -0.255548 
      258.0000  -0.614431   0.359530  -0.254902 
      258.5000  -0.602942   0.336482  -0.266460 
      259.0000  -0.607070   0.338276  -0.268794 
      259.5000  -0.545998   0.272388  -0.273610 
      260.0000  -0.602406   0.324111  -0.278296 
      260.5000  -0.580268   0.298955  -0.281313 
      261.0000  -0.567192   0.301089  -0.266103 
      261.5000  -0.611884   0.353864  -0.258020 
      262.0000  -0.561560   0.300317  -0.261242 
      262.5000  -0.552526   0.295798  -0.256728 
      263.0000  -0.553507   0.298686  -0.254821 
      263.5000  -0.596430   0.334393  -0.262036 
      264.0000  -0.580917   0.326430  -0.254487 
      264.5000  -0.561768   0.314450  -0.247318 
      265.0000  -0.605663   0.355460  -0.250202 
      265.5000  -0.582036   0.340767  -0.241269 
      266.0000  -0.539855   0.297901  -0.241954 
      266.5000  -0.578432   0.354207  -0.224225 
      267.0000  -0.576294   0.342224  -0.234070 
      267.5000  -0.608265   0.356915  -0.251351 
      268.0000  -0.542600   0.281318  -0.261282 
      268.5000  -0.543545   0.295600  -0.247945 
      269.0000  -0.560794   0.300839  -0.259955 
      269.5000  -0.568790   0.316419  -0.252371 
      270.0000  -0.598775   0.352324  -0.246451 
      270.5000  -0.591021   0.353781  -0.237240 
      271.0000  -0.543331   0.303443  -0.239888 
      271.5000  -0.613991   0.372436  -0.241555 
      272.0000  -0.548903   0.308846  -0.240057 
      272.5000  -0.572806   0.322957  -0.249850 
      273.0000  -0.575235   0.310750  -0.264485 
      273.5000  -0.619566   0.360324  -0.259243 
      274.0000  -0.609426   0.354491  -0.254935 
      274.5000  -0.559687   0.305318  -0.254369 
      275.0000  -0.623238   0.369172  -0.254066 
      275.5000  -0.550980   0.301586  -0.249394 
      276.0000  -0.539555   0.281861  -0.257694 
      276.5000  -0.562837   0.310572  -0.252265 
      277.0000  -0.567190   0.316977  -0.250213 
      277.5000  -0.584464   0.326312  -0.258152 
      278.0000  -0.578030   0.319564  -0.258466 
      278.5000  -0.602723   0.328000  -0.274723 
      279.0000  -0.549719   0.265355  -0.284364 
      279.5000  -0.626606   0.342876  -0.283730 
      280.0000  -0.611462   0.326693  -0.284769 
      280.5000  -0.591548   0.307462  -0.284086 
      281.0000  -0.581405   0.299884  -0.281521 
      281.5000  -0.616405   0.328663  -0.287742 
      282.0000  -0.613293   0.325838  -0.287454 
      282.5000  -0.615886   0.318242  -0.297644 
      283.0000  -0.653402   0.367006  -0.286395 
      283.5000  -0.600617   0.310876  -0.289740 
      284.0000  -0.636484   0.337517  -0.298967 
      284.5000  -0.604113   0.306628  -0.297485 
      285.0000  -0.659492   0.357800  -0.301692 
      285.5000  -0.629302   0.339344  -0.289958 
      286.0000  -0.582391   0.287007  -0.295384 
      286.5000  -0.627853   0.329520  -0.298333 
      287.0000  -0.578193   0.294166  -0.284026 
      287.5000  -0.575629   0.297541  -0.278089 
      288.0000  -0.655014   0.369812  -0.285202 
      288.5000  -0.620160   0.334462  -0.285698 
      289.0000  -0.587003   0.298286  -0.288717 
      289.5000  -0.612177   0.331372  -0.280805 
      290.0000  -0.597955   0.335446  -0.262509 
      290.5000  -0.579222   0.316403  -0.262819 
      291.0000  -0.546860   0.289792  -0.257068 
      291.5000  -0.569894   0.320283  -0.249610 
      292.0000  -0.608532   0.362617  -0.245915 
      292.5000  -0.603214   0.347105  -0.256109 
      293.0000  -0.574960   0.322632  -0.252328 
      293.5000  -0.602080   0.357454  -0.244627 
      294.0000  -0.616407   0.358312  -0.258096 
      294.5000  -0.617395   0.362266  -0.255129 
      295.0000  -0.571642   0.317902  -0.253740 
      295.5000  -0.606093   0.359980  -0.246113 
      296.0000  -0.624268   0.374781  -0.249487 
      296.5000  -0.588509   0.339411  -0.249098 
      297.0000  -0.628489   0.370584  -0.257905 
      297.5000  -0.585134   0.321781  -0.263354 
      298.0000  -0.586099   0.322488  -0.263611 
      298.5000  -0.680986   0.404978  -0.276008 
      299.0000  -0.644770   0.368258  -0.276512 
      299.5000  -0.606286   0.327865  -0.278422 
      300.0000  -0.623165   0.347971  -0.275194 
      300.5000  -0.578831   0.298601  -0.280229 
      301.0000  -0.592197   0.310980  -0.281217 
      301.5000  -0.631143   0.354033  -0.277110 
      302.0000  -0.595216   0.313901  -0.281315 
      302.5000  -0.619509   0.332569  -0.286940 
      303.0000  -0.593557   0.306455  -0.287103 
      303.5000  -0.604374   0.320560  -0.283814 
      304.0000  -0.602296   0.320882  -0.281414 
      304.5000  -0.676300   0.395177  -0.281123 
      305.0000  -0.631851   0.342356  -0.289495 
      305.5000  -0.691831   0.411890  -0.279941 
      306.0000  -0.632909   0.350611  -0.282298 
      306.5000  -0.644553   0.364839  -0.279714 
      307.0000  -0.623603   0.328988  -0.294616 
      307.5000  -0.656760   0.368151  -0.288609 
      308.0000  -0.672614   0.385830  -0.286785 
      308.5000  -0.614767   0.333281  -0.281486 
      309.0000  -0.627234   0.340540  -0.286694 
      309.5000  -0.621330   0.327534  -0.293796 
      310.0000  -0.649023   0.354293  -0.294731 
      310.5000  -0.659413   0.354796  -0.304616 
      311.0000  -0.613615   0.300522  -0.313092 
      311.5000  -0.651164   0.345253  -0.305911 
      312.0000  -0.638796   0.330952  -0.307844 
      312.5000  -0.659542   0.353267  -0.306275 
      313.0000  -0.668804   0.344125  -0.324678 
      313.5000  -0.604446   0.294761  -0.309685 
      314.0000  -0.702588   0.393173  -0.309415 
      314.5000  -0.626723   0.322484  -0.304239 
      315.0000  -0.659599   0.358322  -0.301277 
      315.5000  -0.678816   0.367535  -0.311281 
      316.0000  -0.712452   0.403396  -0.309055 
      316.5000  -0.692695   0.373645  -0.319049 
      317.0000  -0.678680   0.360410  -0.318270 
      317.5000  -0.695039   0.382955  -0.312084 
      318.0000  -0.681637   0.360686  -0.320951 
      318.5000  -0.666568   0.321907  -0.344661 
      319.0000  -0.746215   0.400357  -0.345858 
      319.5000  -0.674573   0.347227  -0.327347 
      320.0000  -0.788888   0.448990  -0.339898 
      320.5000  -0.742146   0.400347  -0.341799 
      321.0000  -0.683653   0.346202  -0.337451 
      321.5000  -0.680271   0.328483  -0.351788 
      322.0000  -0.719142   0.367752  -0.351390 
      322.5000  -0.720306   0.361137  -0.359169 
      323.0000  -0.749795   0.391898  -0.357898 
      323.5000  -0.741214   0.382757  -0.358457 
      324.0000  -0.720978   0.353160  -0.367818 
      324.5000  -0.704550   0.337723  -0.366828 
      325.0000  -0.752423   0.381042  -0.371381 
      325.5000  -0.754875   0.389194  -0.365681 
      326.0000  -0.716147   0.356139  -0.360008 
      326.5000  -0.746160   0.394255  -0.351905 
      327.0000  -0.736083   0.386165  -0.349918 
      327.5000  -0.704726   0.337545  -0.367181 
      328.0000  -0.722019   0.363369  -0.358650 
      328.5000  -0.734427   0.376891  -0.357536 
      329.0000  -0.741644   0.371776  -0.369868 
      329.5000  -0.786589   0.412326  -0.374262 
      330.0000  -0.773009   0.392893  -0.380116 
      330.5000  -0.770700   0.384698  -0.386001 
      331.0000  -0.742563   0.355352  -0.387211 
      331.5000  -0.758315   0.359393  -0.398922 
      332.0000  -0.753552   0.347472  -0.406080 
      332.5000  -0.765897   0.352381  -0.413515 
      333.0000  -0.775010   0.350994  -0.424015 
      333.5000  -0.730125   0.304834  -0.425290 
      334.0000  -0.798674   0.371960  -0.426713 
      334.5000  -0.754024   0.324733  -0.429291 
      335.0000  -0.795678   0.368477  -0.427201 
      335.5000  -0.783530   0.353426  -0.430104 
      336.0000  -0.798888   0.359761  -0.439127 
      336.5000  -0.787277   0.358248  -0.429030 
      337.0000  -0.807157   0.367528  -0.439629 
      337.5000  -0.779836   0.316392  -0.463443 
      338.0000  -0.793775   0.341590  -0.452185 
      338.5000  -0.792645   0.340736  -0.451909 
      339.0000  -0.758552   0.300408  -0.458144 
      339.5000  -0.804667   0.344657  -0.460009 
      340.0000  -0.732104   0.269677  -0.462427 
      340.5000  -0.799857   0.335784  -0.464073 
      341.0000  -0.788736   0.333500  -0.455237 
      341.5000  -0.802262   0.353247  -0.449016 
      342.0000  -0.804370   0.352465  -0.451906 
      342.5000  -0.777173   0.323722  -0.453451 
      343.0000  -0.783987   0.313926  -0.470061 
      343.5000  -0.837165   0.354633  -0.482532 
      344.0000  -0.830532   0.336178  -0.494354 
      344.5000  -0.800433   0.313837  -0.486596 
      345.0000  -0.784784   0.306886  -0.477898 
      345.5000  -0.778212   0.311491  -0.466721 
      346.0000  -0.806021   0.331759  -0.474262 
      346.5000  -0.782101   0.290401  -0.491700 
      347.0000  -0.791706   0.307946  -0.483759 
      347.5000  -0.846475   0.361712  -0.484763 
      348.0000  -0.796395   0.314834  -0.481561 
      348.5000  -0.856925   0.371396  -0.485529 
      349.0000  -0.821867   0.337457  -0.484411 
      349.5000  -0.852601   0.364880  -0.487721 
      350.0000  -0.818649   0.337215  -0.481434 
      350.5000  -0.822054   0.343770  -0.478284 
      351.0000  -0.798077   0.312876  -0.485201 
      351.5000  -0.842931   0.355557  -0.487374 
      352.0000  -0.835784   0.347986  -0.487798 
      352.5000  -0.819383   0.329800  -0.489583 
      353.0000  -0.838853   0.352229  -0.486624 
      353.5000  -0.858021   0.363689  -0.494332 
      354.0000  -0.858328   0.359691  -0.498637 
      354.5000  -0.873401   0.376034  -0.497367 
      355.0000  -0.794461   0.296785  -0.497676 
      355.5000  -0.852849   0.347699  -0.505150 
      356.0000  -0.857681   0.342401  -0.515280 
      356.5000  -0.856586   0.353369  -0.503217 
      357.0000  -0.871761   0.363402  -0.508359 
      357.5000  -0.852507   0.327821  -0.524686 
      358.0000  -0.871669   0.353688  -0.517982 
      358.5000  -0.860776   0.333141  -0.527635 
      359.0000  -0.863900   0.348210  -0.515690 
      359.5000  -0.906837   0.391664  -0.515173 
      360.0000  -0.839842   0.335192  -0.504650 
      360.5000  -0.877987   0.376538  -0.501449 
      361.0000  -0.836768   0.348370  -0.488397 
      361.5000  -0.807693   0.305362  -0.502331 
      362.0000  -0.810761   0.297799  -0.512962 
      362.5000  -0.850780   0.334032  -0.516748 
      363.0000  -0.821247   0.323320  -0.497927 
      363.5000  -0.858586   0.372843  -0.485743 
      364.0000  -0.843673   0.352941  -0.490732 
      364.5000  -0.842885   0.368331  -0.474554 
      365.0000  -0.836679   0.361166  -0.475513 
      365.5000  -0.824078   0.347369  -0.476709 
      366.0000  -0.807598   0.325279  -0.482319 
      366.5000  -0.856379   0.384083  -0.472296 
      367.0000  -0.844408   0.378471  -0.465937 
      367.5000  -0.846174   0.387681  -0.458493 
      368.0000  -0.817821   0.356226  -0.461595 
      368.5000  -0.792266   0.331415  -0.460850 
      369.0000  -0.808633   0.348021  -0.460611 
      369.5000  -0.848648   0.365019  -0.483628 
      370.0000  -0.870968   0.400516  -0.470452 
      370.5000  -0.787415   0.309632  -0.477783 
      371.0000  -0.841700   0.355453  -0.486246 
      371.5000  -0.813607   0.332024  -0.481583 
      372.0000  -0.778319   0.306356  -0.471963 
      372.5000  -0.753718   0.273649  -0.480068 
      373.0000  -0.833038   0.337001  -0.496036 
      373.5000  -0.803248   0.310802  -0.492447 
      374.0000  -0.744298   0.252090  -0.492208 
      374.5000  -0.799902   0.303148  -0.496754 
      375.0000  -0.747790   0.253127  -0.494662 
      375.5000  -0.819076   0.318932  -0.500145 
      376.0000  -0.823810   0.326396  -0.497415 
      376.5000  -0.780348   0.291161  -0.489187 
      377.0000  -0.801933   0.314032  -0.487900 
      377.5000  -0.776496   0.290735  -0.485761 
      378.0000  -0.829946   0.342617  -0.487329 
      378.5000  -0.830649   0.338774  -0.491876 
      379.0000  -0.810119   0.337021  -0.473098 
      379.5000  -0.763865   0.298496  -0.465368 
      380.0000  -0.807103   0.331859  -0.475245 
      380.5000  -0.790887   0.310959  -0.479928 
      381.0000  -0.746649   0.274608  -0.472041 
      381.5000  -0.833236   0.362423  -0.470813 
      382.0000  -0.768441   0.293823  -0.474618 
      382.5000  -0.791671   0.326179  -0.465492 
      383.0000  -0.857746   0.387689  -0.470057 
      383.5000  -0.815187   0.349882  -0.465305 
      384.0000  -0.791976   0.326821  -0.465155 
      384.5000  -0.826985   0.351552  -0.475433 
      385.0000  -0.820047   0.328518  -0.491529 
      385.5000  -0.816444   0.319945  -0.496499 
      386.0000  -0.773692   0.281458  -0.492234 
      386.5000  -0.834127   0.336160  -0.497967 
      387.0000  -0.801701   0.296102  -0.505599 
      387.5000  -0.806137   0.309413  -0.496724 
      388.0000  -0.844213   0.345625  -0.498589 
      388.5000  -0.817011   0.329541  -0.487469 
      389.0000  -0.846613   0.362404  -0.484209 
      389.5000  -0.797464   0.313872  -0.483592 
      390.0000  -0.831601   0.333753  -0.497848 
      390.5000  -0.781881   0.285285  -0.496596 
      391.0000  -0.821263   0.321830  -0.499433 
      391.5000  -0.836917   0.327799  -0.509119 
      392.0000  -0.836319   0.314568  -0.521751 
      392.5000  -0.869954   0.348607  -0.521347 
      393.0000  -0.825583   0.300558  -0.525025 
      393.5000  -0.841372   0.310443  -0.530929 
      394.0000  -0.817393   0.282507  -0.534886 
      394.5000  -0.817567   0.272523  -0.545044 
      395.0000  -0.890965   0.331808  -0.559157 
      395.5000  -0.835688   0.275895  -0.559792 
      396.0000  -0.831029   0.281320  -0.549710 
      396.5000  -0.882972   0.322419  -0.560553 
      397.0000  -0.851121   0.288269  -0.562852 
      397.5000  -0.859184   0.294921  -0.564263 
      398.0000  -0.895856   0.319674  -0.576182 
      398.5000  -0.868054   0.303332  -0.564722 
      399.0000  -0.865040   0.289825  -0.575215 
      399.5000  -0.892196   0.319310  -0.572885 
      400.0000  -0.914142   0.329982  -0.584159 
      400.5000  -0.856503   0.277590  -0.578913 
      401.0000  -0.891536   0.320038  -0.571498 
      401.5000  -0.880988   0.314264  -0.566723 
      402.0000  -0.887458   0.314552  -0.572906 
      402.5000  -0.846681   0.277758  -0.568923 
      403.0000  -0.886239   0.324727  -0.561512 
      403.5000  -0.872755   0.308237  -0.564519 
      404.0000  -0.859710   0.298042  -0.561668 
      404.5000  -0.865432   0.304127  -0.561305 
      405.0000  -0.834272   0.267613  -0.566659 
      405.5000  -0.904240   0.321517  -0.582722 
      406.0000  -0.861909   0.283606  -0.578303 
      406.5000  -0.889369   0.313756  -0.575613 
      407.0000  -0.861684   0.276839  -0.584845 
      407.5000  -0.905518   0.321948  -0.583571 
      408.0000  -0.885366   0.313024  -0.572341 
      408.5000  -0.865213   0.289631  -0.575582 
      409.0000  -0.929380   0.360191  -0.569189 
      409.5000  -0.886443   0.310149  -0.576294 
      410.0000  -0.892812   0.312316  -0.580496 
      410.5000  -0.857340   0.279766  -0.577574 
      411.0000  -0.896161   0.322794  -0.573367 
      411.5000  -0.910370   0.343286  -0.567084 
      412.0000  -0.841954   0.278368  -0.563586 
      412.5000  -0.906553   0.332375  -0.574179 
      413.0000  -0.867437   0.304740  -0.562697 
      413.5000  -0.887985   0.327211  -0.560775 
      414.0000  -0.826195   0.275936  -0.550259 
      414.5000  -0.899226   0.330018  -0.569208 
      415.0000  -0.913283   0.338164  -0.575119 
      415.5000  -0.877060   0.295378  -0.581683 
      416.0000  -0.891580   0.315376  -0.576204 
      416.5000  -0.899482   0.311227  -0.588255 
      417.0000  -0.839831   0.254248  -0.585583 
      417.5000  -0.876998   0.303339  -0.573659 
      418.0000  -0.854771   0.280362  -0.574408 
      418.5000  -0.881356   0.302808  -0.578548 
      419.0000  -0.902755   0.325507  -0.577248 
      419.5000  -0.854670   0.285473  -0.569197 
      420.0000  -0.861735   0.283924  -0.577811 
      420.5000  -0.880546   0.291843  -0.588703 
      421.0000  -0.876009   0.294883  -0.581126 
      421.5000  -0.879763   0.293950  -0.585813 
      422.0000  -0.848741   0.262715  -0.586026 
      422.5000  -0.885231   0.295749  -0.589482 
      423.0000  -0.887603   0.285281  -0.602322 
      423.5000  -0.902105   0.295825  -0.606280 
      424.0000  -0.856328   0.251062  -0.605266 
      424.5000  -0.871817   0.256442  -0.615375 
      425.0000  -0.895159   0.286990  -0.608169 
      425.5000  -0.888833   0.266399  -0.622434 
      426.0000  -0.877328   0.254889  -0.622439 
      426.5000  -0.910253   0.293462  -0.616792 
      427.0000  -0.909480   0.299792  -0.609687 
      427.5000  -0.872646   0.264030  -0.608616 
      428.0000  -0.916986   0.302165  -0.614821 
      428.5000  -0.895308   0.286824  -0.608484 
      429.0000  -0.909693   0.296423  -0.613271 
      429.5000  -0.890400   0.271349  -0.619051 
      430.0000  -0.882897   0.275463  -0.607434 
      430.5000  -0.940780   0.330443  -0.610337 
      431.0000  -0.870835   0.261262  -0.609572 
      431.5000  -0.962032   0.346011  -0.616021 
      432.0000  -0.871660   0.255395  -0.616265 
      432.5000  -0.972501   0.357413  -0.615088 
      433.0000  -0.885401   0.272822  -0.612579 
      433.5000  -0.877158   0.274561  -0.602597 
      434.0000  -0.921678   0.322382  -0.599296 
      434.5000  -0.885087   0.268821  -0.616266 
      435.0000  -0.929045   0.314634  -0.614411 
      435.5000  -0.846929   0.231734  -0.615195 
      436.0000  -0.904990   0.292542  -0.612449 
      436.5000  -0.876640   0.258252  -0.618388 
      437.0000  -0.941065   0.327197  -0.613868 
      437.5000  -0.876825   0.259259  -0.617566 
      438.0000  -0.914588   0.293567  -0.621021 
      438.5000  -0.899581   0.279840  -0.619741 
      439.0000  -0.900119   0.295308  -0.604811 
      439.5000  -0.898436   0.298225  -0.600211 
      440.0000  -0.931996   0.331200  -0.600795 
      440.5000  -0.878282   0.278844  -0.599438 
      441.0000  -0.878057   0.278444  -0.599613 
      441.5000  -0.897344   0.298467  -0.598876 
      442.0000  -0.844817   0.248802  -0.596015 
      442.5000  -0.868898   0.264451  -0.604446 
      443.0000  -0.856449   0.250079  -0.606370 
      443.5000  -0.907734   0.300962  -0.606773 
      444.0000  -0.900581   0.284831  -0.615750 
      444.5000  -0.900440   0.279240  -0.621200 
      445.0000  -0.827889   0.208432  -0.619457 
      445.5000  -0.896198   0.273520  -0.622678 
      446.0000  -0.919406   0.295966  -0.623440 
      446.5000  -0.892730   0.271023  -0.621707 
      447.0000  -0.899652   0.274303  -0.625349 
      447.5000  -0.927428   0.297748  -0.629680 
      448.0000  -0.897727   0.276726  -0.621001 
      448.5000  -0.912284   0.290339  -0.621945 
      449.0000  -0.908520   0.269996  -0.638524 
      449.5000  -0.903419   0.271073  -0.632346 
      450.0000  -0.922675   0.291158  -0.631517 
      450.5000  -0.924763   0.297228  -0.627536 
      451.0000  -0.906000   0.286049  -0.619951 
      451.5000  -0.920971   0.310182  -0.610788 
      452.0000  -0.877033   0.263176  -0.613858 
      452.5000  -0.887945   0.279657  -0.608289 
      453.0000  -0.877170   0.262653  -0.614516 
      453.5000  -0.900034   0.291339  -0.608695 
      454.0000  -0.891719   0.285190  -0.606529 
      454.5000  -0.909349   0.301089  -0.608260 
      455.0000  -0.857210   0.242342  -0.614868 
      455.5000  -0.891469   0.277045  -0.614425 
      456.0000  -0.869103   0.252019  -0.617084 
      456.5000  -0.900541   0.284069  -0.616472 
      457.0000  -0.916482   0.306399  -0.610083 
      457.5000  -0.871113   0.270287  -0.600826 
      458.0000  -0.912493   0.304894  -0.607599 
      458.5000  -0.861985   0.256398  -0.605587 
      459.0000  -0.893003   0.291933  -0.601071 
      459.5000  -0.902103   0.298613  -0.603491 
      460.0000  -0.881651   0.275149  -0.606503 
      460.5000  -0.920577   0.304018  -0.616559 
      461.0000  -0.867749   0.232685  -0.635064 
      461.5000  -0.879765   0.247258  -0.632507 
      462.0000  -0.908443   0.278657  -0.629785 
      462.5000  -0.906183   0.275634  -0.630549 
      463.0000  -0.864589   0.239917  -0.624672 
      463.5000  -0.922337   0.294703  -0.627635 
      464.0000  -0.905870   0.276687  -0.629183 
      464.5000  -0.899941   0.271699  -0.628242 
      465.0000  -0.923535   0.287515  -0.636020 
      465.5000  -0.892566   0.255752  -0.636814 
      466.0000  -0.878574   0.232997  -0.645577 
      466.5000  -0.896843   0.249713  -0.647129 
      467.0000  -0.907377   0.262889  -0.644488 
      467.5000  -0.884889   0.242933  -0.641956 
      468.0000  -0.875358   0.239146  -0.636212 
      468.5000  -0.883573   0.246605  -0.636968 
      469.0000  -0.909635   0.268685  -0.640950 
      469.5000  -0.909951   0.269128  -0.640823 
      470.0000  -0.897605   0.259807  -0.637798 
      470.5000  -0.948954   0.299195  -0.649759 
      471.0000  -0.912225   0.267877  -0.644348 
      471.5000  -0.930331   0.293119  -0.637212 
      472.0000  -0.853336   0.230613  -0.622723 
      472.5000  -0.896694   0.268409  -0.628286 
      473.0000  -0.865102   0.228253  -0.636849 
      473.5000  -0.907258   0.271707  -0.635550 
      474.0000  -0.903651   0.270898  -0.632753 
      474.5000  -0.929240   0.288053  -0.641187 
      475.0000  -0.853990   0.206864  -0.647125 
      475.5000  -0.880394   0.228605  -0.651789 
      476.0000  -0.884771   0.233830  -0.650941 
      476.5000  -0.926958   0.277532  -0.649426 
      477.0000  -0.922568   0.277526  -0.645042 
      477.5000  -0.881064   0.239983  -0.641081 
      478.0000  -0.906963   0.267699  -0.639264 
      478.5000  -0.872714   0.230317  -0.642397 
      479.0000  -0.894802   0.253821  -0.640981 
      479.5000  -0.881439   0.249418  -0.632020 
      480.0000  -0.905736   0.282178  -0.623558 
      480.5000  -0.896668   0.268780  -0.627888 
      481.0000  -0.885519   0.246550  -0.638969 
      481.5000  -0.904434   0.269600  -0.634835 
      482.0000  -0.909329   0.276529  -0.632800 
      482.5000  -0.895314   0.270992  -0.624322 
      483.0000  -0.904333   0.293150  -0.611182 
      483.5000  -0.885296   0.283683  -0.601613 
      484.0000  -0.883870   0.295176  -0.588694 
      484.5000  -0.858430   0.269785  -0.588645 
      485.0000  -0.846321   0.268793  -0.577528 
      485.5000  -0.877896   0.316091  -0.561805 
      486.0000  -0.836695   0.283082  -0.553613 
      486.5000  -0.833608   0.281651  -0.551957 
      487.0000  -0.879956   0.330944  -0.549012 
      487.5000  -0.831728   0.276023  -0.555705 
      488.0000  -0.874493   0.315895  -0.558598 
      488.5000  -0.854922   0.303022  -0.551900 
      489.0000  -0.835448   0.273872  -0.561576 
      489.5000  -0.868332   0.308600  -0.559732 
      490.0000  -0.830282   0.272007  -0.558275 
      490.5000  -0.843629   0.285429  -0.558200 
      491.0000  -0.856813   0.293243  -0.563569 
      491.5000  -0.864235   0.302157  -0.562078 
      492.0000  -0.817441   0.268510  -0.548930 
      492.5000  -0.856238   0.318959  -0.537279 
      493.0000  -0.828918   0.288260  -0.540658 
      493.5000  -0.842545   0.303803  -0.538741 
      494.0000  -0.795908   0.262480  -0.533428 
      494.5000  -0.868958   0.341960  -0.526999 
      495.0000  -0.858653   0.325722  -0.532931 
      495.5000  -0.851391   0.322665  -0.528727 
      496.0000  -0.845050   0.302950  -0.542100 
      496.5000  -0.834119   0.280791  -0.553328 
      497.0000  -0.832836   0.289555  -0.543282 
      497.5000  -0.858454   0.314614  -0.543841 
      498.0000  -0.858135   0.314344  -0.543791 
      498.5000  -0.801292   0.258429  -0.542862 
      499.0000  -0.831894   0.283752  -0.548141 
      499.5000  -0.833909   0.279866  -0.554042 
      500.0000  -0.854681   0.304149  -0.550532 
