t = 100000
b = 30 30 30
E = -0.670270389435744 -0.854680562215154 0.18441017277941
21.4650255193662 33.5567897267874 -10.6068254599576 0.314858606818264 0.872443150060962 -0.373773803570275 -0.209297386600381 -0.320289263844997 -0.923909778025506 -0.630020420074944 -0.0555762785559434 0.689594082349558 0.299975860950422 -0.379042793176581 0.277218749068359
21.9134815056688 33.7211329878446 -10.5779741914712 0.455075873219244 -0.258535461705768 -0.852094655951883 -0.874433522989961 -0.310444455085996 -0.372813864351456 0.166522777696133 0.398259427215461 -0.25690394695598 -0.259808360065838 -0.245226585550785 0.811423845358082
22.1742104048071 34.3374839407468 -10.5292815586939 -0.0667703116512391 0.13396329575232 -0.988734252799151 -0.96749865714748 0.233540949343387 0.0969786406141496 -0.604871568911518 -0.340858792612226 0.0353103989116024 -0.0544892704038098 0.235970466991983 -0.169756228362477
21.8884422597091 34.6949598342609 -10.5984107811498 -0.26274225968612 -0.734366038026587 -0.6258377644062 -0.964005471868116 0.227184579554612 0.138132177770869 0.706503814506607 -0.0448205543833617 0.0592195290523012 -0.833412708887517 -0.219590053708367 -0.0367469674557927
21.8888628518444 35.2214969705559 -9.77758758724594 -0.928493020998121 0.366810245673227 -0.0578865350918056 0.16556441905191 0.269372491951331 -0.948697406285344 -0.645486024242452 -0.081986216196426 -0.00982167033419231 -0.0941762300413418 0.20604611646524 -0.350404942464945
22.1346090749182 34.9240004553698 -8.75759386499293 -0.425055943383575 -0.642228371839708 0.637863650683916 -0.187958194149872 0.751955317605699 0.63185027863637 0.104936675724121 -0.288713866489334 -0.297168319604903 -0.450425431253234 0.294801922552165 0.105291570737568
22.4547274366583 34.6907983113352 -8.78955346270831 -0.918754084876356 -0.319524065208517 -0.231937975781437 0.0495297298349237 -0.676068149444939 0.735172480431514 -0.0127219656091392 0.133185076072582 -0.101778488110149 0.351250732035513 0.460990937603195 0.353895249863305
22.2804276063536 34.554341686686 -8.30948388128039 -0.417051914746544 -0.625347877522972 -0.659551027951765 -0.155081676091566 -0.66606887757906 0.729590117923101 -0.0283206743524657 -0.59516949868072 -0.195810546976933 -0.512580901876053 0.732765905014608 -0.238325967009941
21.8698393028344 34.2856934056497 -8.09165063354167 0.172227860922488 -0.702412812408096 -0.690618341574365 -0.448983601138535 -0.680010082583694 0.579654978963498 0.687410042902255 -0.0244758036265178 0.281516655376244 -0.183453905702386 -0.169216858458839 0.00180776926961965
21.4294508187794 33.9220486520347 -8.12106310797117 0.645097751147511 -0.710277933717076 -0.28169842645748 -0.576669115004833 -0.694433902246514 0.430365127086581 0.160070807975917 0.0835394048011631 0.0653044344894475 -0.128405527453027 0.298871550377746 -0.429335228790472
21.1330460374124 33.5704170659038 -8.2244527644301 0.730443343656357 -0.376369472824719 0.569910912738066 -0.661989454717547 -0.595418072907748 0.455244076670693 0.27622312513606 0.279453874441812 0.434136644191092 0.00286730311942194 0.198034820264792 -0.0457125369089096
21.0438822131957 33.1462921514749 -8.07469540429332 0.253143919486697 0.245555778794613 0.935745935498304 -0.764343785448298 -0.542165572782235 0.349048681338512 0.0531487113689913 -0.201801636472129 0.0743493443931749 0.0813024964126669 0.512050949111473 -0.000665056237541321
20.9786371003241 32.6881976534778 -7.8290335592165 -0.374297482045117 0.743461243829385 0.554226110541485 -0.731434280558675 -0.604082981112931 0.316366060709325 0.14507310050492 -0.126645182115691 0.117282534186701 0.471217065789145 -0.323687074456509 -0.305256726049074
20.7484530004534 32.4218144840482 -7.34244546648399 -0.447708602909619 0.890673498426816 0.0791047976143624 -0.795919644175089 -0.437266044912873 0.418700621735429 -0.0490465607380728 0.0271349469699877 -0.0896892499216872 -0.264416038894762 -0.455808733634245 0.139677744471324
21.4138169281819 32.261611239156 -7.13948293417732 0.0605122540583197 -0.971325817274094 0.22992222993362 0.396961638229539 0.234763467614051 0.887303477972158 0.140212148146333 0.0353811615413796 -0.382692844171811 0.56106921387533 -0.319803099781646 -0.420436151865609
21.3811671336165 32.2263493477184 -6.62131492834435 0.58817619661636 -0.800935435342467 -0.112031497904858 0.444117538484587 0.204113935540418 0.872408739976063 0.0568824564253671 0.114973910983998 0.306388175651263 -0.192900022591142 -0.0426634232946203 0.0398190091684454
21.394151637631 32.1233955641903 -6.10637521746715 0.858741687079902 -0.0945787851228325 -0.503604506525251 0.511959759595018 0.199495374892115 0.835523032168002 -0.183033359310503 -0.0111257665609415 -0.388952700156246 -0.409311641873155 -0.239959344585969 -0.100443715725561
20.4714419023711 32.1574236927261 -5.55683559015392 -0.24768478384737 -0.876263187220857 -0.413297540668578 -0.9439355479142 0.314361056864985 -0.100810147094698 0.0897378638284152 -0.594761263719805 0.18022229631122 -0.0613951495880011 -0.108953748981971 -0.321289351016772
20.1924331107037 32.2606298860273 -5.92571056141064 -0.475586473450538 -0.749228985540661 0.460948264385288 -0.877455901017611 0.441191579137634 -0.188204695546152 -0.348027287651122 -0.000212400266262602 -0.273543147009817 0.492078741000127 0.772574754954923 0.101770501087427
19.7706776393158 32.1874676015661 -6.19002328882511 -0.174742160811777 0.06688641005263 0.982339695800041 -0.890636337866694 0.41463739176289 -0.186661829124918 0.127479900966672 -0.0332877266108096 -0.0322755038215107 -0.47067442427821 -0.266144714241326 -0.308842557345352
19.2357335956411 32.1694104598463 -6.23615133378681 0.200779558321819 0.608805294243398 0.767491726569291 -0.947645070343145 0.319280508597835 -0.00535761702747768 -0.276456856071394 0.0158874950053632 0.410425895759398 -0.312659829019146 0.230556588625406 -0.307329426212146
19.4243640233497 32.4437956930581 -6.98671898492456 -0.0756888906068532 0.895579655629082 0.438415508182355 0.996592291999445 0.0534869652535412 0.0627923153798313 -0.374475852274722 0.0490330038412214 -0.390824178000213 0.76724920460108 -0.671953244849001 -0.0138054603110581
19.7129502782779 32.7720178604609 -7.1615529319155 0.123569425980216 0.229035436906039 0.965542968442501 0.962425609651194 0.209428165105593 -0.17284870644624 -0.0198367418826081 0.42012532146877 0.126162277067914 -0.259588684932249 0.283099875535124 0.273512373693986
19.9435452709881 33.1722512939773 -7.24770515869269 0.47989826267617 -0.486749272008335 0.72991281057727 0.843258793796341 0.48550032354668 -0.230659742756014 -0.0707219100388953 0.369693643429447 -0.0118396591770965 0.280094905028781 -0.124690660461663 -0.415657707362307
20.2398547906528 33.4897154670311 -7.19847541113288 0.420625634271641 -0.90631863892825 -0.0407482838385008 0.861922941991845 0.413231473289714 -0.293817089107163 -0.211720422113014 0.00438904748552526 -0.0670389438096024 0.579886937331537 0.135432482695912 0.320128546263854
20.7507092516098 33.560886208505 -6.96265761211876 0.0503034277540909 -0.714648885430589 -0.697672123778073 0.919526704870019 0.305779192722762 -0.246920328503084 -0.146897211821458 0.178471913348957 -0.0915768545104597 0.0411374104019887 -0.133025565485361 0.446750802414238
21.2067735158644 33.4580131800526 -6.91903494721281 -0.147421614495307 -0.192341140396578 -0.970191575762031 0.965575947715079 0.184556105964923 -0.183308643713405 0.0880286423137912 -0.366610113704374 0.281704408791728 -0.151334826423372 -0.38193937306809 0.110803847704729
