t = 0
b =  30.0 30.0 30.0
E = 0. 0. 0.
7.434070185281117 8.74002397416052 12.559792485285431 -0.5863308222368133 0.6495304221664013 0.4840727193051049 0.7550859027023061 0.6546248136249935 0.03621647313980486 0.0 0.0 0.0 0.0 0.0 0.0
7.558335827539278 9.205270820678665 12.321489056696066 -0.30293283049058006 0.2993664052988666 0.9047714935769142 0.7550859027023061 0.6546248136249935 0.03621647313980486 0.0 0.0 0.0 0.0 0.0 0.0
7.613547921555315 9.738758248704267 12.289428318536235 0.09555440832585776 -0.16453191408109144 0.9817324504661682 0.7550859027023061 0.6546248136249935 0.03621647313980486 0.0 0.0 0.0 0.0 0.0 0.0
7.6905416459558555 10.234740621738078 12.481153523350422 0.45773892983479053 -0.5659218084747347 0.6857168357320579 0.7550859027023061 0.6546248136249935 0.03621647313980486 0.0 0.0 0.0 0.0 0.0 0.0
7.871876973815013 10.601721100723319 12.829187902445842 0.6460207789126957 -0.7523085461207599 0.12918593052922506 0.7550859027023061 0.6546248136249935 0.03621647313980486 0.0 0.0 0.0 0.0 0.0 0.0
8.200472758554392 10.79721282294891 13.20667021847024 0.5888685331902314 -0.6528806891673696 -0.47642486955523766 0.7550859027023061 0.6546248136249935 0.03621647313980486 0.0 0.0 0.0 0.0 0.0 0.0
8.663301143963258 10.84388037153588 13.475551470488792 0.3079952863519536 -0.30541254281627594 -0.9010338962966231 0.7550859027023061 0.6546248136249935 0.03621647313980486 0.0 0.0 0.0 0.0 0.0 0.0
9.196337064587139 10.820929121378061 13.539042017495458 -0.08989051917801305 0.15808693477613334 -0.98332508135153 0.7550859027023061 0.6546248136249935 0.03621647313980486 0.0 0.0 0.0 0.0 0.0 0.0
9.708882438535982 10.834013792976673 13.378383581267673 -0.4536254135829176 0.5615265427744891 -0.6920346276823551 0.7550859027023061 0.6546248136249935 0.03621647313980486 0.0 0.0 0.0 0.0 0.0 0.0
10.118023885185256 10.975098457669187 13.059975829884795 -0.6450204291552055 0.7516328289496736 -0.13782864875469125 0.7550859027023061 0.6546248136249935 0.03621647313980486 0.0 0.0 0.0 0.0 0.0 0.0
10.380132904713003 11.287517849370941 12.710150033681503 -0.5913613995249505 0.6561812367761269 0.46874073820699996 0.7550859027023061 0.6546248136249935 0.03621647313980486 0.0 0.0 0.0 0.0 0.0 0.0
10.507441074611824 11.749513774642585 12.467173703501443 -0.31303428717981985 0.31143542198609653 0.8972276817966346 0.7550859027023061 0.6546248136249935 0.03621647313980486 0.0 0.0 0.0 0.0 0.0 0.0
10.563393068898367 12.28250141415529 12.428720451618235 0.08421978451910694 -0.1516299165390343 0.9848428282248489 0.7550859027023061 0.6546248136249935 0.03621647313980486 0.0 0.0 0.0 0.0 0.0 0.0
10.638542965716022 12.780925009421878 12.614762153417004 0.4494773519995174 -0.5570885146539735 0.6982997185164332 0.7550859027023061 0.6546248136249935 0.03621647313980486 0.0 0.0 0.0 0.0 0.0 0.0
10.81615123906479 13.15236026024428 12.959981298023628 0.643970958594736 -0.7508998720285989 0.14646087079492953 0.7550859027023061 0.6546248136249935 0.03621647313980486 0.0 0.0 0.0 0.0 0.0 0.0
11.140552712687805 13.352627861610664 13.338586202736353 0.5938092313995459 -0.6594318136431957 -0.46102091043674426 0.7550859027023061 0.6546248136249935 0.03621647313980486 0.0 0.0 0.0 0.0 0.0 0.0
11.600313019292582 13.40257796030803 13.612101376408978 0.31804944923475476 -0.3174345841427626 -0.893353139934919 0.7550859027023061 0.6546248136249935 0.03621647313980486 0.0 0.0 0.0 0.0 0.0 0.0
12.13257270785786 13.380168835561959 13.681976673724042 -0.0785426361975407 0.14516135109673065 -0.9862855755038248 0.7550859027023061 0.6546248136249935 0.03621647313980486 0.0 0.0 0.0 0.0 0.0 0.0
12.64692860003056 13.390849245365898 13.52702814306949 -0.4452950609755413 0.5526080620862102 -0.7045116311233693 0.7550859027023061 0.6546248136249935 0.03621647313980486 0.0 0.0 0.0 0.0 0.0 0.0
13.059779469042656 13.527496680310225 13.211486163932875 -0.6428724471525358 0.7501097311750411 -0.1550819392728105 0.7550859027023061 0.6546248136249935 0.03621647313980486 0.0 0.0 0.0 0.0 0.0 0.0
13.326087543498323 13.83513165207814 12.860593251859363 -0.5962118424021456 0.6626321722245603 0.4532659741392438 0.7550859027023061 0.6546248136249935 0.03621647313980486 0.0 0.0 0.0 0.0 0.0 0.0
13.456489109718587 14.293813648354392 12.613022332852927 -0.32304039059275325 0.323409572426847 0.88941056577284 0.7550859027023061 0.6546248136249935 0.03621647313980486 0.0 0.0 0.0 0.0 0.0 0.0
13.513253608738754 14.826216866841444 12.568192580299751 0.07285950655013645 -0.13868173105552717 0.9876532133176659 0.7550859027023061 0.6546248136249935 0.03621647313980486 0.0 0.0 0.0 0.0 0.0 0.0
13.58662643456955 15.32700758037076 12.748498408798891 0.4410788590086406 -0.5480855262750108 0.7106698924419675 0.7550859027023061 0.6546248136249935 0.03621647313980486 0.0 0.0 0.0 0.0 0.0 0.0
13.760543200189934 15.70286218094015 13.090801461641439 0.6417249784845018 -0.7492624665612874 0.16369119766059181 0.7550859027023061 0.6546248136249935 0.03621647313980486 0.0 0.0 0.0 0.0 0.0 0.0
14.080741194847766 15.90792237868132 13.470417928141266 0.5985690495646173 -0.6657820688005264 -0.44547651988292186 0.7550859027023061 0.6546248136249935 0.03621647313980486 0.0 0.0 0.0 0.0 0.0 0.0
14.537383023187854 15.961217532890545 13.748488007916846 0.32800673117430534 -0.3293599318198611 -0.8854002595526844 0.7550859027023061 0.6546248136249935 0.03621647313980486 0.0 0.0 0.0 0.0 0.0 0.0
