t = 1000000
b = 30 30 30
E = -0.713722212830634 -0.869425644933581 0.155703432102946
13.1746324292832 17.2946272188826 8.78590764578717 0.154278306346751 -0.0830547440598349 -0.984530327893316 -0.835849886317846 0.520358379396544 -0.174877026869415 0.347419030278322 -0.0784880471342204 -0.0534519934996514 0.226027129929307 0.282471618310526 -0.146482146724228
13.7729999272386 16.4526252746639 9.44243813056774 0.775194009145634 -0.422240506621657 0.46987988067205 -0.625649307846321 -0.616049757619949 0.478587002969463 0.0260346424628811 -0.392440713566418 -0.211695797727563 -0.00299817420366288 -0.50758552965579 0.711297294086041
13.6726859974965 15.9610742052125 9.447986055146 0.303399189222155 0.29502520038837 0.906040256439114 -0.614128353684925 -0.66648136861464 0.422668690716484 -0.106903111323832 0.354885370079218 -0.568471457905207 0.233908937989391 -0.122130888518067 0.727248650395899
13.664486409961 15.5603103202085 9.75530322694413 -0.379766122063275 0.758344874468504 0.529802443313645 -0.721094839860956 -0.601420181011745 0.343970767460816 0.0807950141161942 -0.0328777755695575 -0.0688233343479458 -0.367037103921331 -0.0774153517464021 0.428878415178602
14.3204076487238 15.5180085807685 8.76321168228078 -0.359225096034328 0.548163416501343 -0.755297320881259 0.214891441139938 -0.738986579998161 -0.638529809510842 0.0920042034586243 -0.262547077441417 -0.251487326432733 -0.353086178887578 0.0818782020136962 -0.42534557075407
14.0691482052053 15.1937355024047 8.38830766545041 0.554792442057567 0.551946319305631 -0.622543523412139 0.112871805108384 -0.791273531846321 -0.600954190452499 0.00239575045074911 -0.0681807956555435 0.327825707044369 0.011977698051321 -0.602321584687846 0.0720695823244506
14.1856009119748 14.9512414557331 7.89819631003223 0.65374175916445 0.699601726578492 -0.288407711932871 0.340649463674866 -0.612407994850122 -0.713382272082401 -0.0034243092267293 0.123423471746588 -0.204843079265688 -0.0891668184047194 -0.308040413912379 -0.111354030383234
14.1886015990834 14.2546960761604 7.7764276996135 -0.714103028254728 0.200060201807752 -0.670844755674854 -0.14159176194484 -0.979764930166648 -0.141464744386734 0.457182389177367 0.1532394572572 -0.347709246096518 -0.118071888164162 -0.222125216333684 0.35256937402396
13.8766907649716 13.9040073061026 8.01938683159411 0.0532729614617185 -0.0244664393227513 -0.998280184878756 0.145412804691363 -0.988853511421865 0.0319953237291633 0.31883498997952 -0.0797071890467074 -0.2666889213377 0.00138991853774222 -0.521474108472726 0.280699596702701
13.1804722466008 14.4779974363692 8.46550164616936 -0.611917939402837 0.130463722105957 -0.780086873714888 0.307526216369123 -0.86944673808043 -0.386639089810616 0.481000795557698 0.141543722260371 0.4203418291919 0.209231613128764 -0.019139451045745 0.00346112881773059
12.9827042970014 13.9877960207963 8.39778446064499 -0.00788845414378297 0.344661188668427 -0.938693921752461 0.129363756809757 -0.93048294551776 -0.342733521306859 0.540132697962229 0.224551788268405 -0.776542691599219 0.0137561249274616 0.0338209113037716 0.393618918458146
13.8142963625741 13.1867387864439 8.81518829064621 0.998507122751276 -0.0223682179464375 -0.0498308027510708 0.0529981846523368 0.176033581119607 0.982956393843645 -0.28659408326999 -0.14985057982351 -0.053078507600186 0.0783764913343061 -0.387439618050226 -0.453589153536578
13.9977773545469 12.9266629869133 9.21448465726121 0.587103853255857 0.780797807434326 -0.213690682659715 0.0481068216528939 0.229856033314372 0.972034885358096 0.179409143673146 -0.340336793499805 0.447233703679886 0.26147194488694 0.135265852330655 -0.0992753526111289
14.3042779378242 12.962842102366 9.6528521966948 -0.040964617631344 0.963925548029969 -0.263000559097022 -0.0226013285614658 0.262260189381002 0.964732454299667 -0.0569825998363863 0.395745351486305 -0.498497234254735 0.141130544398862 -0.314485596786337 0.38243128612901
14.5437073637682 13.2523705107535 9.96326491841839 -0.91940319924151 0.391425730792839 -0.0385164692981551 0.00392003164541602 0.10704191026935 0.994246719647486 0.11958390654558 0.27018607679965 -0.242574327241358 -0.34471747897311 0.427781793560152 -0.911945400966678
14.4770121859457 13.545231871298 10.3094278766955 -0.676242668038729 -0.736627679623455 0.00867911363884233 -0.0286182518473579 0.0380411345205883 0.998866218726264 -0.284984312431281 0.0582923220738966 0.356727453821474 -0.0839421250053807 -0.213432257848756 0.023636655511716
14.2571192130654 13.6043534826839 10.7383336939921 0.0380772496108167 -0.9919875234867 -0.120460376418801 0.0479148120953817 -0.118596659992256 0.991785716087498 0.26424886819435 -0.339606396337404 -0.00883836349209331 -0.379191482645077 -0.297249396276714 -0.0344413696820365
13.5710541668641 14.5753440754291 11.4092625636552 -0.349322727384354 0.734748748015447 0.58147894372892 0.0953458662896933 0.645225505766511 -0.75801917403198 0.152326408751048 0.44623561860933 -0.171728425952162 -0.154636682952011 0.468943329120726 0.313324677934994
13.3231383697781 14.9042576809077 11.1018783797827 0.505534895140088 0.539349399795767 0.673451260681669 0.112354372765314 0.732738401757333 -0.671171230458761 -0.0142371682784199 0.503238697858191 -0.110216129539621 -0.318116639200369 -0.0892587172268218 0.496093380599886
13.3206300733981 15.3623188363096 10.8803912279127 0.894804192774464 -0.0343717660093943 0.445133597838667 0.38296724677668 0.571568739319046 -0.725703179220073 -0.0723713143054307 0.175423929813633 0.0812922588699534 -0.312014295260821 0.363953792229044 0.041419854519011
13.4827737254558 15.7659149186329 10.8073079826242 0.786840186851179 -0.594864919408165 -0.164371791555886 0.384136059783466 0.680517854564954 -0.623966943980432 -0.463692242658893 -0.203530781075152 -0.21925639663539 -0.502388553318304 0.336675464540151 -0.1065309316121
13.8271340506903 16.0040012282052 10.7776497734244 0.0802622501985039 -0.452468453212976 -0.888161111067049 0.438185467058506 0.816337407915392 -0.376279932434326 -0.0264026567111912 0.370381846072645 -0.0848378213841766 0.273942595804904 0.483896446530399 -0.0193365104237065
14.1357613439275 16.2334362810637 10.5356764019814 -0.419495907265314 -0.128588578685553 -0.8986033897463 0.464004145648985 0.820447000799365 -0.334016046594004 -0.297450929265968 0.308002746076822 0.206230631514926 -0.348850417698356 0.222755066119402 -0.0152994876113067
14.482633960427 16.3566562152142 10.1497972102586 -0.792445676040032 0.333190848064243 -0.510894920183142 0.571433773867385 0.698461181195154 -0.430830947769083 -0.08310478702203 -0.375520889986642 -0.0580547908462738 -0.0656273956041013 0.0860835858259463 0.349701919977718
14.6633603756497 16.57495579171 9.68206650835177 -0.766232427889297 0.611518166230572 0.197315067127273 0.467537012051825 0.741233521047093 -0.481644914812346 0.570009687454601 0.127403037968307 -0.378143268234715 -0.311241260187726 0.480679093458301 -0.160293399879563
14.8635584082944 16.967105984856 9.22158796859101 -0.333963988090259 0.440639174488707 0.833249669462751 0.494785076344925 0.83437129361539 -0.242923980826629 -0.377728687999864 -0.466709595527777 -0.313253874991074 -0.181820749858124 0.170577384079506 -0.189578552134969
14.8400955313434 17.5102003762921 9.05035759376288 0.1687384298634 -0.021300001659486 0.985430646436531 0.322138505747927 0.946055867171291 -0.0347118814670162 -0.529424525008672 0.392716301427298 -0.636330081054319 -0.229154431114062 -0.257491648475225 -0.631971293316292
