t = 100
b = 30 30 30
E = -0.490794688308792 -0.704244533394562 0.21344984508577
21.3649309951752 26.3510539600228 22.3231367005762 -0.105460587804273 0.458848345895657 -0.882233617528851 0.753680686058454 0.615644608319381 0.230102200178623 -1.93480065381383 -10.6142431365391 -5.85099367635831 0.264583811685385 0.128203069950657 -0.775674672726585
22.0573141408792 29.3516406597184 23.6360297683787 -0.50124209357766 0.80267700616951 -0.323211809402058 0.65579504238141 0.596069740980395 0.463285667156487 -0.572188267220845 0.16345597602957 -0.279355787126437 -0.0725257229588588 -0.215206122894203 -0.591867837453974
22.3443642728692 29.7483563180093 23.5790534328651 -0.762191860718114 0.557766171710115 0.32857319877983 0.637890627478505 0.733574362807142 0.234444202785132 -0.207354875236886 -0.146332196659604 0.0208844879071567 0.0918708863227783 0.273281124666807 -0.102555529826984
22.4883323634404 30.2035709138852 23.5606596487574 -0.45250561425268 0.0841688859878852 0.88778046248377 0.673443568395197 0.68484072491159 0.278328623601167 -0.604052407869509 0.131124615736524 -0.0188437038554671 0.322550067943348 0.0644917500974134 0.105552338360343
22.6909133141965 30.6758311757337 23.7396355842918 -0.167368780363799 -0.434175025840668 0.88514384107765 0.553685986008261 0.701455065965297 0.448767759896368 -0.0900206428521971 -0.126297729271448 0.925563663464398 0.447588238215522 0.164185223032638 0.0716846707775334
22.7370805936128 31.0790383381424 24.0523941674419 0.418544007980927 -0.695117987654459 0.584492754188677 0.465992068373099 0.716769154752319 0.518741999066846 0.241648341705889 -0.375989952800372 0.474310265850843 0.489253869483037 -0.305308029898006 0.245679688200209
22.929441354985 31.4943266997729 24.3488575544024 0.694854085450933 -0.70852826127565 0.123147813939004 0.666046007535252 0.698619562529409 0.2613681387599 0.532596098702829 0.0973056213665995 0.0500027547443313 0.293634636602487 0.0319972040238602 0.31089167404321
23.2750788152904 31.7820570979192 24.6837519562682 0.542346589361871 -0.752026136935536 -0.374588773229063 0.839158055118519 0.463169297342017 0.285110227934328 1.05041157270332 0.292155374409728 -0.229062202986921 0.194057449693635 0.448759751858974 -0.784058269528951
23.6046183129297 31.6770729926039 24.942698738487 0.523608572767244 -0.375304012530102 -0.764840405824011 0.809465488636298 0.499139680960235 0.309233061046577 0.0564810660559582 0.268527010069996 -0.462483630041401 0.636042822286667 0.693017605600051 0.157421202206436
23.9863660549057 31.6109603460726 25.1227556820096 0.232064280166964 0.403034969305946 -0.885273327388643 0.743512476657751 0.513315244454735 0.428598343151632 0.0966255778816021 -0.149110812089339 -0.18058026007247 0.377857194607443 -0.115199169262983 -0.0657577598115364
24.4319710903708 31.8349990185675 25.1717598536801 -0.229465971954442 0.578664548922545 -0.78261905868347 0.769667508436835 0.600066726680842 0.218017736928127 0.0445367014022286 0.314907327053678 0.0296397628369971 0.316169697598336 -0.0149525080309899 -0.370852990403959
24.8553469835036 31.960256333636 25.0350803406107 -0.564905603049705 0.807372654582334 -0.1703846742193 0.736453239624131 0.586448976447722 0.337215220098217 0.0989412877860563 0.267136278860318 -0.116118432572298 0.555436211944426 -0.108198981090746 -0.113182570758499
25.1119117167801 32.3221046253611 24.9275525124861 -0.721073479626211 0.605448551766302 0.336875303154063 0.679414514375644 0.713193350462389 0.172484916497941 0.0822734943566563 0.165037818498781 0.402166653817886 0.278518542373299 0.0163175601988052 -0.0400076999968118
25.3282822558936 32.784192851771 24.9003499634599 -0.702930286056798 0.205704040130052 0.680863236034841 0.553746500255417 0.75904404748115 0.342369435360221 -0.0725427671463907 0.456691343370696 0.21910521377714 0.524582855927139 0.458425634667977 -0.0349625772364444
25.2815676455245 33.2667187691172 24.9175404071381 0.0388052002339475 -0.315004032941962 0.94829662996918 0.586210848757343 0.775722611254834 0.233690295376435 -0.238836421269217 -0.207666687239103 0.157174053453708 0.540604840510348 -0.2811129299741 -0.0665390254252099
25.4086433255313 33.6901872310779 25.1915880230669 0.289242972884236 -0.672328155039797 0.681405338523975 0.495702803692335 0.714155962200827 0.494226547525075 0.19684810098765 -0.420653020874278 0.228258358397536 0.635578847499794 -0.10894236856753 -0.109445169016264
25.4597215927945 33.9924168410483 25.5525901764459 0.608669986348658 -0.760306708858301 0.226835705692312 0.513440202493052 0.595405136889858 0.617957745702066 0.500798261272702 -0.286528910884333 0.783110905603445 0.593108074935289 -0.0975900844570618 -0.0522227770265866
25.6587810233321 34.1583308164373 26.00890479328 0.731654683462219 -0.587053920422664 -0.346480879636361 0.679752852405352 0.590172058308181 0.435468579716462 0.399547325127213 -0.519492681719679 -0.0889659442283424 0.541561890781246 0.0125619507209597 -0.151298159039912
26.0775688099057 34.2921962543879 26.2471148980566 0.511470918496388 -0.452394336003132 -0.730572893458569 0.804048716713188 0.551901978225407 0.221155486852015 0.00604367128012176 0.463730059700581 -0.494741634928532 0.535299561499506 0.403446407624522 -0.329499439594517
26.4977447470774 34.302011420836 26.4324683758334 0.172204212863191 0.155419298489414 -0.972723204951833 0.833210766769717 0.503763387951522 0.227995951985086 -0.0406049034067583 0.236447721826702 -0.500411728583976 0.539315370331614 0.181546614600184 -0.394943735971807
26.9860288560589 34.3698452761487 26.4126107664257 -0.259411719028425 0.551081144871088 -0.793104668121817 0.79404853167324 0.58914678184494 0.149642524921257 -0.615883986513622 0.448178686768154 -0.212463893091641 0.571035164836337 0.147941935860411 -0.14082643105831
27.3909035246273 34.4943757447474 26.2821141006421 -0.60764236544426 0.767922785176615 -0.202645583737418 0.713553308138243 0.639897372470008 0.285259373665164 -0.455461155465167 -0.347241498437074 -0.254940564236751 0.455437475672822 0.231697000362698 0.0156198625016933
27.7253189916592 34.7940062061507 26.2460681602994 -0.824508708559232 0.522331914799933 0.21761122076386 0.563631633058534 0.7921299561135 0.234199484643764 -0.172485739364982 -0.657914570350627 0.146543276934135 0.2664869090414 0.244367361696331 -0.365658726939671
27.9296509564292 35.2277191623474 26.0723405754453 -0.611950491511606 0.140420994135895 0.778330534756317 0.615428368342028 0.702655935073078 0.357102844348356 -0.312579264957913 -0.25734137734021 -0.230902749420721 0.654782382338206 0.0170328203468888 -0.261063553892573
27.9123199484587 35.7131127417571 26.0224214443278 -0.0895450193036137 -0.281209978089355 0.955459323379079 0.501799068889595 0.815923336385844 0.287170142511832 -0.0586116487136161 -0.463244962369081 0.0654162476402547 0.589786858295645 -0.246511152179531 0.0968607541532187
28.0128620974875 36.136905172635 26.2033423905865 0.269833915061021 -0.603943201463212 0.749961431682639 0.505263451759583 0.75181914233327 0.423646913937673 -0.0971866259116349 -0.339248023577335 -0.146236659618863 0.416351756726181 -0.0281450664318932 0.0615265668793811
27.9945328776002 36.404543156012 26.544171089536 0.875368666551146 -0.482465335926622 -0.0309320245370035 0.477113926369576 0.851786310284592 0.216384527856607 -0.455212595224389 -0.402988875048741 -0.27513527242486 0.0451457460675647 -0.982739085932289 0.717488330167997
12.7438671704741 2.28864717894982 8.5265441822307 0.2748113537684 -0.844455680434783 0.459753420282455 0.695403628177672 0.504775932406299 0.511483072033642 0.0314784926035539 -0.260782538851118 -0.0654732828449225 -0.0934225610514934 0.100643713840767 -0.195604366835156
13.0058737823406 2.38209881860898 8.91914474897291 0.46105268441763 -0.828104742958726 -0.318861784588996 0.811858646177178 0.24859019014549 0.528288119865778 -0.279943405638489 -0.0601480417617025 -0.211025108959143 0.345022886228346 0.177136380976214 -0.429985808512712
13.2612744865451 2.22013942422623 9.25879127169554 0.721160409236554 -0.19365729268208 -0.665149907433132 0.692701772045009 0.188295738945941 0.696210356444212 0.275678142085442 -0.412114922459923 -0.0170285968130814 0.780979223752308 0.0193231158423302 0.345260399339118
13.7168755306063 2.2270953640033 9.56733014326134 0.463571860584041 -0.0673321290501132 -0.883497256768297 0.879176820232026 0.158990814275373 0.449188079160104 0.319650671193244 0.854186201714165 -0.480977276467848 0.634135315634073 0.0782824387522682 -0.401411390689302
14.1268859076635 2.04512972577115 9.67295837888892 0.227343590115171 0.696054714178957 -0.681045232131569 0.828590948890254 0.22915915279445 0.51080623134067 0.369844616769306 0.0270565141183495 -0.436583350492418 0.607329075289893 -0.152528717109014 -0.135213559815958
14.5705108003512 2.06542508721875 9.67669812538886 -0.22652585422457 0.949065519345462 -0.218998991339444 0.813449559410653 0.308006938025158 0.493387699052903 0.0624818111624524 0.247568399898754 -0.19549258672506 0.402257295808236 -0.0720695737701407 0.103847372962572
14.9670226515818 2.3486043222523 9.63185895751545 -0.578979872775439 0.771430070869927 0.263965591590021 0.778701022064015 0.427218160440433 0.459466258527823 -0.616817576299305 -0.254286544491688 -0.201690862753569 0.374522796299845 0.101591179253467 -0.0135590843258627
15.3364362953725 2.65610443712191 9.62400011478753 -0.730353208259777 0.401988216669702 0.552258587341683 0.665835990356357 0.599435006915669 0.44422966093721 -0.266371726350134 -0.112457836341466 -0.0566672255081277 0.65199316921155 0.238499909120162 -0.224111660473766
15.4350278573726 3.10985105527972 9.67021153447523 -0.422562693069128 -0.12717946792856 0.897366165204852 0.709361825060802 0.569867267150951 0.414797520061952 -0.182415491659047 0.269260284720557 0.709100246532665 0.414007164697518 -0.387387311260785 -0.0740886205200311
15.6671110641306 3.54941547257647 9.85873191560737 -0.215464210147851 -0.629152850479182 0.74682109463557 0.773306530930871 0.35707624666823 0.523921219557942 0.0421892711722266 -0.289286865073121 0.293405606139086 0.488573340804743 0.17446133936062 -0.208774241232136
15.7965194444055 3.790439148294 10.3311587921048 0.11696150147262 -0.934459625093443 0.336311015307257 0.620631068832647 0.333141866540681 0.70981227126617 0.859531475901923 -0.271969793166562 -0.119725869152825 0.531208053395572 -0.0358771451043468 -0.278868796692537
15.8386745345674 3.85489364679276 10.7831882453856 0.682871044181338 -0.718832970501138 -0.130254283563437 0.600001084236518 0.450148460344472 0.661335728962425 0.0795730005014059 -0.0296439057365011 -0.294492934301113 0.529638448389251 -0.544608343146431 -0.0206598621657854
16.0396619138136 4.01940449316463 11.2230660049687 0.73531246588664 -0.242563204601206 -0.632833746420688 0.624082116916482 0.606441825915963 0.492696364516226 0.224596505627143 0.133763738504415 -0.0888408045444415 -0.101063928533037 0.0200418386925186 0.38766150970543
16.5210158089813 6.20932252331685 12.3257093175372 0.260215441109724 0.0962652086634902 -0.960739722614887 0.943296170399846 0.187051695055981 0.274233274265157 0.983730790540727 9.57461475306927 2.93567162686404 0.607747337715162 0.693842352760921 0.0363725036211972
16.6822600131991 5.76660234421476 11.4327146289651 0.290004325943778 0.600941467773656 -0.744826642734527 0.883675344102208 0.130668760859269 0.449492437898294 -2.24982001350544 8.34057363159398 -1.2764996479142 0.710127304940497 -0.289648653434694 -0.303638003429445
17.2479915777909 3.81238406054344 11.5884630498281 -0.0141711711405437 0.935722180704382 -0.352452924116166 0.828738678446282 0.208213114345459 0.519460665497122 -0.839605966064634 0.522229112675081 0.181882535589141 0.273184840116404 -0.500374503519944 -0.552632391913861
17.7485506829109 3.89828530205451 11.6338517950267 -0.513442504464231 0.828447817266416 0.223720561490336 0.835148704550581 0.422491181101935 0.352175704531329 -0.710005367542727 -0.0231231268958277 -0.145704620382285 0.153924130859851 -0.0866427428426464 -0.237354095260689
18.1438034090998 4.24637647269899 11.6224322562951 -0.615118711779413 0.350921809726898 0.706033097545955 0.744489973213961 0.553307317705518 0.373611531946672 -0.370718239309706 -0.00490185132623692 0.0783058331366021 0.404853930938001 0.342367716489014 0.255067603864507
18.2715238723195 4.72061606531228 11.7521164114683 -0.306219888835983 -0.264054296827082 0.914606249286632 0.685186289906599 0.605842764517284 0.404319401457949 -0.354693322919611 -0.197046369701511 -0.557071541233022 0.437625086381804 -0.671579784720969 -0.0200282070900236
18.5420605568308 5.17617716060471 11.8793816639041 -0.0838201255902119 -0.67694416677386 0.731245965766097 0.680766497925705 0.496983524937179 0.538111729468209 -0.0499779721444425 0.153708922296377 -0.00192096001977025 0.37154033968613 -0.133907576598417 0.294579524133209
17.752395653266 6.57355273615439 11.9636627479135 0.398965097608777 -0.895116443392811 0.198980621055899 0.791890942328773 0.445742311805322 0.417399579242346 -3.75727439293348 4.33200332548607 -1.37315117743681 -0.141158248028294 -0.136718385891236 0.0510587220244846
18.8331320183439 5.53845237101971 12.6358113922912 0.497279613290696 -0.866300863011031 0.0472830933071597 0.534606537833594 0.348890041874226 0.769721690821271 0.165912228819852 -0.0451985262571591 -0.928625964021045 0.604756254035031 -0.242159261358887 -0.674417338810411
19.1133179205368 5.51355305168429 13.0892827550481 0.627782912652641 -0.553563817846634 -0.54722536514598 0.735241937308866 0.190900073352421 0.650366315972124 0.0680380265711922 0.0420598310607225 -0.609462992397444 0.533432997028118 -0.0970588569119618 -0.41380169487705
19.3981396018388 5.33062642926832 13.452220208051 0.59537568244481 0.21718020850764 -0.77353761038951 0.739873120715655 0.227147090250435 0.633239172059571 -0.263663892208509 -0.377178021728196 -0.556999951779013 0.566326773914878 -0.170677261038706 -0.169653951565643
19.8744411429769 5.37931465942669 13.7074289925647 0.216521224193383 0.573289293148019 -0.790226441764826 0.848067819388449 0.290528746898136 0.443140954115944 -0.192178103911834 0.305102061662708 0.403275559593211 0.462885800171781 -0.0963792438325513 -0.156061100085128
20.3743068382086 5.39716401058005 13.8105164442306 -0.196587189974288 0.875109361594027 -0.44219561885072 0.866606514436095 0.366039702486747 0.339128251968686 0.0450265019608865 -0.0495897938424944 0.0627259024387678 0.0884044431743278 -0.164805467563903 -0.385374653244347
20.84330829508 5.60210683514152 13.8530984825914 -0.659450452756476 0.738252743072363 0.141802216120733 0.672993033715472 0.495715283827601 0.548950466638432 -0.0321660387846596 0.394126072096917 0.335034841784588 0.169079128824527 0.177247368233013 0.23272365665794
6.17154963185331 16.991654916786 3.23621589190004 0.786218663369683 -0.475100031951286 0.395145614376149 0.16592452520154 0.778271428528559 0.605609212109876 0.294612179884417 -0.63127328452609 -0.307153101640279 0.328675648307146 0.0702872566933499 -0.370640526649002
6.18716143967935 17.1077060098674 3.74170413959157 0.956024363014837 -0.00773915542908818 -0.293184932587225 0.214598206157249 0.699847949023396 0.681293140218587 -0.0488148578700679 -0.548446663226808 2.03988645901959e-07 0.393248334530463 -0.357979565829421 -0.104046203358245
6.3807401448805 17.3988691026073 4.09935442111584 0.767075881363621 0.0508895098047217 -0.639534779550664 0.382817929465725 0.763627422685573 0.519926412532753 -0.404730234721646 -0.118977896212662 -0.836419635772055 0.348091038758674 0.495854152992616 -0.132533913375787
6.74375206377356 17.5970730121706 4.38780899081795 0.12679818483386 0.426662662776849 -0.895478125542729 0.361675647939008 0.820729256481008 0.44226021217774 -0.393442727872604 -0.116993620296329 -0.204394792080106 0.26073787148992 0.208934741265888 0.00619422039340625
7.07060293151299 17.9087775403301 4.4931803009433 -0.434531837116432 0.476725394380795 -0.764143220699532 0.389413669672443 0.864471820626936 0.31787631575479 0.170671781284483 0.0780813822983751 0.0517596774168496 0.548188395631141 0.081965057267317 -0.281079901229737
7.50730503147159 18.0561379273652 4.41170969410238 -0.835007223288 0.530130245967672 -0.147393149577672 0.422822880613813 0.789617843316926 0.444662069627524 0.735700296854583 0.0480492304567955 -0.320044625645068 0.456868979711823 -0.789293148798504 0.498986722800614
8.48178791422464 18.1378213720338 5.27989622848739 -0.964853734604984 0.0685587371863601 0.253686521776016 0.21269950718769 0.770665322555224 0.600694399629159 2.97514936517594 -2.66306365970062 2.99011041779682 -0.146696232619989 -0.211634088733689 0.126665238175516
7.57191726087107 18.9952738128327 4.71274660650449 -0.734264763349159 -0.0446798349160686 0.677391210647537 0.288710208108341 0.882544771193473 0.371161722703151 -0.52096630028532 -0.606739493572358 0.570100659850572 0.402828545641005 -0.0303831251258922 -0.542583611527346
7.47714035600601 19.5210553506385 4.73176510818337 -0.177151739718479 -0.484094619172572 0.856895292088995 0.112550366636146 0.854989271891578 0.506286127836393 -0.00356196228644117 -0.488895038549551 0.252049704798246 0.181933468992796 -0.437472934767959 -0.227172526208096
7.33247605510042 19.9770447187468 4.98139424289367 0.393119654467603 -0.648282622584373 0.652063232608186 0.347775686797675 0.761310644572468 0.547227608545168 0.143970144111506 -0.189045595069982 0.19855729720642 0.405969723743352 -0.15145845939065 -0.143281887089807
7.20660498238288 20.2770931492879 5.36419411212146 0.857000013176008 -0.503056377963819 0.111736924774621 0.293893060507101 0.655243724982827 0.695904026614393 0.463330327916099 -0.17379433266139 -0.140545686913261 0.330015047009538 0.155128639733314 0.129308967434489
7.25569884011641 20.3932509662316 5.84375709873826 0.927380777920938 -0.07284199084463 -0.366958880874718 0.337538002884691 0.585927315799177 0.736720550373939 0.547963450847824 -0.401648052822254 0.20846933666531 0.595796827936877 -0.212228940081927 0.0840253439528663
7.51600214591394 20.6383725301211 6.11963017059686 0.754133897772054 0.0441676972630924 -0.655233669669334 0.472687974587621 0.65613427475064 0.588263360374461 0.646935636300361 0.222660129794351 -0.480322244124333 0.66948149743868 0.320075679273566 -0.174092067528796
7.85687829381509 20.6847630208987 6.45049224708175 0.244486938094559 0.550408139968953 -0.798296246762781 0.291891155719781 0.743317216236716 0.601896129325454 0.074174013448334 -0.33350210486789 -0.39468807576178 0.50267217411175 -0.176157761516646 -0.184625211867405
8.12040816647254 20.9515259609069 6.63308661658094 -0.307536115981331 0.566766714454497 -0.764327751227583 0.222089672525125 0.823825062908316 0.521524998373842 -0.269917380374649 -0.404021337836288 -0.195160453435884 0.254425505787776 0.407208395075996 -0.0280185135300843
8.43218830964647 21.301621061257 6.69672261148545 -0.884018170484024 0.351738564230592 -0.307882668608409 0.218798769639898 0.893387069598795 0.39241116817707 -0.452429623609921 -0.398989299056966 0.365427270216465 0.19828517507163 -0.0871445989462129 -0.0660046089439559
8.7517257907246 21.498700497476 6.62180124967505 -0.868055425416744 0.237639940971836 0.435897831298265 0.37937362919866 0.883853829522579 0.273638346738736 0.618818765887844 -0.471029940660182 -0.140545604012649 0.440047800641296 -1.14595943945459 0.247444661584478
8.64216003095404 22.145706325635 6.74769510316827 -0.635403534032255 -0.307776724965502 0.70819186591844 -0.0169531701148797 0.922472121106177 0.385691156419428 0.0233973200967075 -1.08637977313086 0.226865732392948 0.470769199586693 0.209371375712143 0.366633203702479
9.09695032791178 21.7443940211751 7.73041441733224 -0.218672377857378 -0.494532035505182 0.841201722483806 -0.0918740337978345 0.868669894616804 0.486797361399531 2.34725408864534 -3.99007714662741 3.86516719092928 0.707760516723577 0.758658661407815 0.137366561399746
8.35061504789632 22.934441601515 7.27637748220438 -0.0716275765227369 -0.443927663675218 0.893195180588595 0.158109430876271 0.879119525587233 0.44961110818279 0.27761960972003 -0.57667594037002 0.589613037707043 0.460030753307997 -0.51809455287205 -1.21209296818545
8.17529164556601 23.3157192088631 7.46733189002782 0.80858661325353 -0.271276071266885 0.522108096954782 -0.018705594338662 0.875069113573008 0.483636256469006 0.413535310942007 -0.884871202780841 0.461183320042532 0.17867333356808 0.0545057277906146 -0.425849765898905
8.20660572009994 23.7066906350233 7.86525573190425 0.907476706888345 -0.407220245920334 -0.103235583544632 0.362523077604343 0.634911518887838 0.682249418409866 0.994716726921984 0.100055157249961 -0.680853187939684 0.269858096126902 -0.272060152014055 -0.65681170359204
8.40622157529139 23.8028125143541 8.27804753812246 0.782903156795593 0.223860539690292 -0.580473072120518 0.312803677263536 0.664877994109284 0.678300079576894 -0.07842121019691 0.204432644102152 0.338983160512896 0.819833704166731 -0.0526706878511973 -0.151833659875798
8.68060910205297 23.8932340030277 8.63030882310167 0.256790539239415 0.642608038971605 -0.721881851841678 0.388708770564048 0.615181926416787 0.685898370440285 0.0999922337226022 0.187277920457269 0.20056419512135 0.263578181050949 -0.353045127087803 0.117101886813243
9.07813366132609 24.1676336419998 8.86682557874177 -0.457294047366754 0.574152116432893 -0.679140179035535 0.174592911803062 0.806765898462399 0.564487362013598 -0.470299465053614 0.24208576454209 -0.118895052400863 -0.0499701315311933 -0.180055166596952 0.22389460791304
