t = 0
b =  30.0 30.0 30.0
E = 0. 0. 0.
14.119473939113677 25.625261913543998 15.960081521769816 0.23607493395322546 -0.5823979971090079 0.7778696539410677 0.603598508459756 0.7152249081174593 0.35230976624772964 0.0 0.0 0.0 0.0 0.0 0.0
14.113714576638909 25.97357798026982 16.369138791015697 0.6377743347606258 -0.6983112712384163 0.32496963916961263 0.603598508459756 0.7152249081174593 0.35230976624772964 0.0 0.0 0.0 0.0 0.0 0.0
14.253335893840426 26.16271397074445 16.852272899735475 0.7971726027742216 -0.548924418282504 -0.25139177472500485 0.603598508459756 0.7152249081174593 0.35230976624772964 0.0 0.0 0.0 0.0 0.0 0.0
14.574672730927395 26.22672262279965 17.278102245496633 0.653711670978725 -0.1909920012942115 -0.7322452503552584 0.603598508459756 0.7152249081174593 0.35230976624772964 0.0 0.0 0.0 0.0 0.0 0.0
15.045023163983032 26.247194642150262 17.53701626339918 0.261894745902116 0.23950147020172657 -0.9349065128878274 0.603598508459756 0.7152249081174593 0.35230976624772964 0.0 0.0 0.0 0.0 0.0 0.0
15.575072512607589 26.322261029169283 17.582818312272074 -0.22942037178935518 0.5790043289169844 -0.7823811603709705 0.603598508459756 0.7152249081174593 0.35230976624772964 0.0 0.0 0.0 0.0 0.0 0.0
16.052825480264037 26.529311471183327 17.450276551020746 -0.6335748545339834 0.6985337626405359 -0.3326161243137454 0.603598508459756 0.7152249081174593 0.35230976624772964 0.0 0.0 0.0 0.0 0.0 0.0
16.386155039894003 26.895592706370678 17.241914933766317 -0.7970236572344738 0.5526785410752435 0.24351533841531225 0.603598508459756 0.7152249081174593 0.35230976624772964 0.0 0.0 0.0 0.0 0.0 0.0
16.53780303177899 27.387857032386187 17.089062645565882 -0.6576698470266586 0.1968515014630231 0.7271312527210507 0.603598508459756 0.7152249081174593 0.35230976624772964 0.0 0.0 0.0 0.0 0.0 0.0
16.539535161340634 27.92499366435413 17.101959949302426 -0.26845626627994684 -0.23376271473659319 0.9344978471318208 0.603598508459756 0.7152249081174593 0.35230976624772964 0.0 0.0 0.0 0.0 0.0 0.0
16.480072676556777 28.408844078142515 17.32787606669669 0.2227483383759354 -0.5755665673036083 0.786833085446399 0.603598508459756 0.7152249081174593 0.35230976624772964 0.0 0.0 0.0 0.0 0.0 0.0
16.4713856825145 28.761494074803814 17.733150810676193 0.6293271251291828 -0.6987030579921479 0.3402372794522354 0.603598508459756 0.7152249081174593 0.35230976624772964 0.0 0.0 0.0 0.0 0.0 0.0
16.606153826447226 28.95487468741108 18.215982653212418 0.7968140152574242 -0.5563905752572991 -0.23562035746979187 0.603598508459756 0.7152249081174593 0.35230976624772964 0.0 0.0 0.0 0.0 0.0 0.0
16.922555750229673 29.02142605088159 18.645104827849597 0.6615779389694681 -0.20269601062785747 -0.7219618812267456 0.603598508459756 0.7152249081174593 0.35230976624772964 0.0 0.0 0.0 0.0 0.0 0.0
17.38976438601679 29.041772852351645 18.909655768944575 0.274997342673729 0.22800615733568266 -0.9340180157467002 0.603598508459756 0.7152249081174593 0.35230976624772964 0.0 0.0 0.0 0.0 0.0 0.0
17.919658674719187 29.11409366456059 18.961297273961176 -0.2160593418141439 0.5720849740677347 -0.7912250901360229 0.603598508459756 0.7152249081174593 0.35230976624772964 0.0 0.0 0.0 0.0 0.0 0.0
18.40030222965673 29.31682126460895 18.832578994785337 -0.6250314700272652 0.6988191444007542 -0.3478325242046135 0.603598508459756 0.7152249081174593 0.35230976624772964 0.0 0.0 0.0 0.0 0.0 0.0
18.73846984133492 29.678844710611845 18.62457228077249 -0.7965436928081228 0.5600602381428942 0.22770743312180852 0.603598508459756 0.7152249081174593 0.35230976624772964 0.0 0.0 0.0 0.0 0.0 0.0
18.89506529317421 30.168533905521727 18.468471483304587 -0.6654356491908227 0.20852508370671208 0.7167375295399957 0.603598508459756 0.7152249081174593 0.35230976624772964 0.0 0.0 0.0 0.0 0.0 0.0
18.899974667842493 30.70575639982381 18.4757510282475 -0.28151747695517165 -0.22223223638313022 0.9334670552734818 0.603598508459756 0.7152249081174593 0.35230976624772964 0.0 0.0 0.0 0.0 0.0 0.0
18.840712124780882 31.19232104884981 18.69581441781159 0.20935389149696476 -0.5685598143461694 0.7955568399716798 0.603598508459756 0.7152249081174593 0.35230976624772964 0.0 0.0 0.0 0.0 0.0 0.0
18.829171807873337 31.549282470305837 19.097225014079456 0.6206882163589966 -0.6988820130259266 0.3554012801635844 0.603598508459756 0.7152249081174593 0.35230976624772964 0.0 0.0 0.0 0.0 0.0 0.0
18.959117389414804 31.746933714902255 19.579649343343323 0.7962127104726687 -0.5636872502729939 -0.21977716797118818 0.603598508459756 0.7152249081174593 0.35230976624772964 0.0 0.0 0.0 0.0 0.0 0.0
19.270559683361387 31.816092433062497 20.011975460252867 0.6692426839111516 -0.21433827679310552 -0.7114585955154095 0.603598508459756 0.7152249081174593 0.35230976624772964 0.0 0.0 0.0 0.0 0.0 0.0
19.73455586816327 31.83639273428359 20.28212456792859 0.2880161725908044 0.21644139158536932 -0.9328450076699404 0.603598508459756 0.7152249081174593 0.35230976624772964 0.0 0.0 0.0 0.0 0.0 0.0
20.264205348569664 31.9060308575269 20.339631626753942 -0.20263249807040218 0.5649913565934723 -0.7998280050738499 0.603598508459756 0.7152249081174593 0.35230976624772964 0.0 0.0 0.0 0.0 0.0 0.0
20.747664744665073 32.10445877828318 20.214817866656087 -0.6162976948799608 0.6988916590799746 -0.36294297093907923 0.603598508459756 0.7152249081174593 0.35230976624772964 0.0 0.0 0.0 0.0 0.0 0.0
22.197395310233563 5.099094712536215 21.594343086485477 -0.5993185879749883 0.34150685971978734 0.7240098720818631 0.7994492523629426 0.208779026562409 0.5632869703481389 0.0 0.0 0.0 0.0 0.0 0.0
22.455181628461595 5.541802369725253 21.756334587864373 -0.5096364131337497 -0.26071538645478964 0.8199379328180247 0.7994492523629426 0.208779026562409 0.5632869703481389 0.0 0.0 0.0 0.0 0.0 0.0
22.596796310280055 5.9250799463685 22.105230966828522 -0.2263348442765599 -0.7638874983863823 0.6043578642454321 0.7994492523629426 0.208779026562409 0.5632869703481389 0.0 0.0 0.0 0.0 0.0 0.0
22.686817957224036 6.134229343718817 22.591890739963567 0.1429551160380929 -0.9768459781630912 0.15917213872135033 0.7994492523629426 0.208779026562409 0.5632869703481389 0.0 0.0 0.0 0.0 0.0 0.0
22.80942622736699 6.120706669610355 23.114833807128498 0.4579340376877916 -0.8186843388418349 -0.34648574351921535 0.7994492523629426 0.208779026562409 0.5632869703481389 0.0 0.0 0.0 0.0 0.0 0.0
23.036420575809796 5.920564874702958 23.55879543815604 0.5989361621710784 -0.3494908315223526 -0.7205078988641234 0.7994492523629426 0.208779026562409 0.5632869703481389 0.0 0.0 0.0 0.0 0.0 0.0
23.399942441265047 5.640756633753295 23.838517270966687 0.5123924249669475 0.2524800858675712 -0.8207970571808809 0.7994492523629426 0.208779026562409 0.5632869703481389 0.0 0.0 0.0 0.0 0.0 0.0
23.88026417611397 5.418501236321442 23.931138388766538 0.23118223877337282 0.7585295973944781 -0.609251690479642 0.7994492523629426 0.208779026562409 0.5632869703481389 0.0 0.0 0.0 0.0 0.0 0.0
24.413283909565436 5.369152684482829 23.884880564551423 -0.1378579450911183 0.9764010329326532 -0.16624142042012618 0.7994492523629426 0.208779026562409 0.5632869703481389 0.0 0.0 0.0 0.0 0.0 0.0
24.914878920095678 5.542374778823717 23.800728003320746 -0.4545235907535647 0.823321391504994 0.33992674466532535 0.7994492523629426 0.208779026562409 0.5632869703481389 0.0 0.0 0.0 0.0 0.0 0.0
25.31286526381204 5.903273010264012 23.79406175423234 -0.5985081250595441 0.35744818824498836 0.7169510561803247 0.7994492523629426 0.208779026562409 0.5632869703481389 0.0 0.0 0.0 0.0 0.0 0.0
25.574421661588993 6.345651567461876 23.950824520959138 -0.5151094161331768 -0.2442255579442978 0.8215936746699872 0.7994492523629426 0.208779026562409 0.5632869703481389 0.0 0.0 0.0 0.0 0.0 0.0
25.718558851750448 6.732358901041768 24.294869591678438 -0.23601202784764544 -0.7531139314369659 0.6140991198388073 0.7994492523629426 0.208779026562409 0.5632869703481389 0.0 0.0 0.0 0.0 0.0 0.0
25.808897092737904 6.947393890253841 24.778898576087656 0.1327502757278855 -0.9758817309832672 0.17329804219110662 0.7994492523629426 0.208779026562409 0.5632869703481389 0.0 0.0 0.0 0.0 0.0 0.0
25.929495763254526 6.939976608182115 25.30243085466716 0.45107853008814147 -0.8278957450565717 -0.3333418590737497 0.7994492523629426 0.208779026562409 0.5632869703481389 0.0 0.0 0.0 0.0 0.0 0.0
26.152917798897946 6.7438404649749675 25.749977845982194 0.5980345092370674 -0.3653783239041726 -0.7133396148978097 0.7994492523629426 0.208779026562409 0.5632869703481389 0.0 0.0 0.0 0.0 0.0 0.0
26.512661819739137 6.464416321337218 26.034919049636006 0.5177871797230396 0.23595243129922897 -0.8223277246198386 0.7994492523629426 0.208779026562409 0.5632869703481389 0.0 0.0 0.0 0.0 0.0 0.0
26.99043544449039 6.238777541838383 26.132410622588147 0.24082384369223891 0.7476409129377752 -0.6188997831724161 0.7994492523629426 0.208779026562409 0.5632869703481389 0.0 0.0 0.0 0.0 0.0 0.0
27.523104871988824 6.183563531968267 26.088823970492424 -0.12763249691719322 0.975288111861787 -0.1803414666452242 0.7994492523629426 0.208779026562409 0.5632869703481389 0.0 0.0 0.0 0.0 0.0 0.0
28.02668046779902 6.3506664778845305 26.00412847540047 -0.4475991180462313 0.8324070511418347 0.3267315882090195 0.7994492523629426 0.208779026562409 0.5632869703481389 0.0 0.0 0.0 0.0 0.0 0.0
28.428225830566852 6.7075166373003 25.99391145612139 -0.5975153507713283 0.37328063458937166 0.709673850041813 0.7994492523629426 0.208779026562409 0.5632869703481389 0.0 0.0 0.0 0.0 0.0 0.0
28.693567550325515 7.149456129116009 26.14546461328926 -0.5204255118144727 -0.22766133596298987 0.8229991511296886 0.7994492523629426 0.208779026562409 0.5632869703481389 0.0 0.0 0.0 0.0 0.0 0.0
28.840278258290855 7.53950021223558 26.484620452852845 -0.24561731986874874 -0.7421109586884552 0.623653314891368 0.7994492523629426 0.208779026562409 0.5632869703481389 0.0 0.0 0.0 0.0 0.0 0.0
28.931000490463752 7.760380078971563 26.9659380851692 0.12250499839771056 -0.9746202207746073 0.18737115739843607 0.7994492523629426 0.208779026562409 0.5632869703481389 0.0 0.0 0.0 0.0 0.0 0.0
29.049647740876036 7.759095235715505 27.489966978710168 0.44408561959853077 -0.8368549662073583 -0.3200964354688548 0.7994492523629426 0.208779026562409 0.5632869703481389 0.0 0.0 0.0 0.0 0.0 0.0
29.269524322248976 7.567049276580802 27.94102987971416 0.5969506891982527 -0.38115451850903226 -0.7059540407745221 0.7994492523629426 0.208779026562409 0.5632869703481389 0.0 0.0 0.0 0.0 0.0 0.0
29.62547583200774 7.288119132958919 28.231170534910728 0.5230242114882714 0.2193529033345903 -0.8236079030678096 0.7994492523629426 0.208779026562409 0.5632869703481389 0.0 0.0 0.0 0.0 0.0 0.0
17.17463635980233 30.278830734292914 27.939508492368645 0.8321425796281736 -0.46564770606369943 -0.3011825708891258 0.548878375471405 0.6140080842288441 0.5672094863817919 0.0 0.0 0.0 0.0 0.0 0.0
17.455550885696784 30.240854872532726 28.39594026731801 0.7205057077091243 -0.0034920298265072452 -0.6934402143561222 0.548878375471405 0.6140080842288441 0.5672094863817919 0.0 0.0 0.0 0.0 0.0 0.0
17.900704710334274 30.202083002463713 28.69430232358577 0.33513667121834273 0.4599903269254001 -0.8222483266871097 0.548878375471405 0.6140080842288441 0.5672094863817919 0.0 0.0 0.0 0.0 0.0 0.0
18.422252949721077 30.268165941890956 28.80523284791312 -0.17755638985462485 0.7487146678502052 -0.6386705524507521 0.548878375471405 0.6140080842288441 0.5672094863817919 0.0 0.0 0.0 0.0 0.0 0.0
18.9033272044537 30.504918413412998 28.77057839971353 -0.6227928098372899 0.7529897886170189 -0.21245115733615055 0.548878375471405 0.6140080842288441 0.5672094863817919 0.0 0.0 0.0 0.0 0.0 0.0
19.24243581858771 30.913314930943145 28.687495703514372 -0.8314198288222652 0.47119149937032107 0.2944819844443853 0.548878375471405 0.6140080842288441 0.5672094863817919 0.0 0.0 0.0 0.0 0.0 0.0
19.39202225658102 31.429119565580816 28.671540184935203 -0.7241765542394114 0.010379681611079314 0.6895364968582769 0.548878375471405 0.6140080842288441 0.5672094863817919 0.0 0.0 0.0 0.0 0.0 0.0
19.376532626249208 31.947290248968333 28.812764532511178 -0.3418064991146885 -0.45437555073123365 0.8226245656802668 0.548878375471405 0.6140080842288441 0.5672094863817919 0.0 0.0 0.0 0.0 0.0 0.0
19.283128193689247 32.36188601126972 29.141506175717886 0.17042155972361767 -0.7465059145966604 0.6431838084510305 0.548878375471405 0.6140080842288441 0.5672094863817919 0.0 0.0 0.0 0.0 0.0 0.0
19.228571361030607 32.60631572684995 29.616861588298814 0.6179036187263893 -0.7550262005935026 0.2193867689314279 0.548878375471405 0.6140080842288441 0.5672094863817919 0.0 0.0 0.0 0.0 0.0 0.0
19.31486567770301 32.67863719624796 30.142226221760676 0.8306337621774182 -0.47669940961997465 -0.2877589720563972 0.548878375471405 0.6140080842288441 0.5672094863817919 0.0 0.0 0.0 0.0 0.0 0.0
19.590502986599688 32.64229502022373 30.601996188487934 0.7277922519213287 -0.017266542942711016 -0.685580268486548 0.548878375471405 0.6140080842288441 0.5672094863817919 0.0 0.0 0.0 0.0 0.0 0.0
20.032040562221848 32.60201693519241 30.90548811144187 0.3484502971227679 0.4487261720796916 -0.8229381586278279 0.548878375471405 0.6140080842288441 0.5672094863817919 0.0 0.0 0.0 0.0 0.0 0.0
20.553007394037145 32.66402599520585 31.021391255242804 -0.16327375133102484 0.7442403120275027 -0.647648083514109 0.548878375471405 0.6140080842288441 0.5672094863817919 0.0 0.0 0.0 0.0 0.0 0.0
21.036755969099122 32.89568465776351 30.98966299802842 -0.6129673718626126 0.757005114401607 -0.22630567337486163 0.548878375471405 0.6140080842288441 0.5672094863817919 0.0 0.0 0.0 0.0 0.0 0.0
21.380778612457966 33.29990265996822 30.906348355447523 -0.8297844395556533 0.48217101736396756 0.2810140457085819 0.548878375471405 0.6140080842288441 0.5672094863817919 0.0 0.0 0.0 0.0 0.0 0.0
21.5356518667109 33.814031560752575 30.887090873428015 -0.7313525254055011 0.02415208936024621 0.6815718305230407 0.548878375471405 0.6140080842288441 0.5672094863817919 0.0 0.0 0.0 0.0 0.0 0.0
21.523813289785608 34.33366593106655 31.023197711621922 -0.35506755929164246 -0.4430426211928331 0.8231890816484739 0.548878375471405 0.6140080842288441 0.5672094863817919 0.0 0.0 0.0 0.0 0.0 0.0
21.431037051547566 34.75230872193926 31.34695052687928 0.156113509010127 -0.7419180326771422 0.6520630376681552 0.548878375471405 0.6140080842288441 0.5672094863817919 0.0 0.0 0.0 0.0 0.0 0.0
21.373846892600504 35.00183127391873 31.819341132090287 0.6079844451602681 -0.7589263793393868 0.23320734376508861 0.548878375471405 0.6140080842288441 0.5672094863817919 0.0 0.0 0.0 0.0 0.0 0.0
21.455246807057986 35.07835653384814 32.34489135865042 0.828871925636174 -0.4876059059181886 -0.2742477190531972 0.548878375471405 0.6140080842288441 0.5672094863817919 0.0 0.0 0.0 0.0 0.0 0.0
21.72558810304472 35.04373201218095 32.807926809023165 0.7348571035633162 -0.03103579650266927 -0.677511488225828 0.548878375471405 0.6140080842288441 0.5672094863817919 0.0 0.0 0.0 0.0 0.0 0.0
22.16344009891103 35.00203287972444 33.1165234943369 0.3616577816911757 0.4373253308950602 -0.8233773156334474 0.548878375471405 0.6140080842288441 0.5672094863817919 0.0 0.0 0.0 0.0 0.0 0.0
22.683731997493418 35.06002207020592 33.237431294644395 -0.14894137804110127 0.7395392533961394 -0.6564283346973195 0.548878375471405 0.6140080842288441 0.5672094863817919 0.0 0.0 0.0 0.0 0.0 0.0
23.17007270426489 35.28658925676868 33.208706235403085 -0.602955218088518 0.7607898490950755 -0.2400912545131902 0.548878375471405 0.6140080842288441 0.5672094863817919 0.0 0.0 0.0 0.0 0.0 0.0
