t = 100
b = 30 30 30
E = -0.317219679781382 -0.534235804080605 0.217016124299223
13.9567395133693 25.4771238448436 16.007310689175 0.180016724879105 -0.511505020908983 0.840212160345464 0.591534506820326 0.738753460995591 0.323001752161929 0.0773975961339597 -0.680360095697031 -0.0846953257623338 0.111194396673008 0.0434279065959285 -0.191556924086543
14.0241613849101 25.76165703769 16.4067414303601 0.729156216539717 -0.659125150861411 0.18407914482214 0.482517226546082 0.685908763552931 0.544707427097283 -0.430906946400982 -0.337440417862853 -0.0790008945888832 0.213429036413962 -0.0108373752444137 0.174160167055873
14.3157771912726 26.0369052203164 16.7493016643188 0.761662457076553 -0.578850362739851 -0.29120858484415 0.637323355312986 0.58807947976184 0.497977259685984 -0.232437999775554 0.0785382977271903 -0.156065295508869 0.390773348824354 0.349385312363523 0.228706656940252
14.7005926540588 26.0971234064362 17.0269540757381 0.588145635195592 -0.0680680337724106 -0.805885437423631 0.625470442549935 0.669982684469967 0.399887245796654 0.000199904760779013 -0.567491264711633 -0.374762033971011 0.375891971832545 0.0371374141894814 0.210218333774004
15.106021158744 26.234393929378 17.2450472172279 0.137713907237733 0.240473465976946 -0.960836757096046 0.75355216473689 0.604129794071375 0.25920303175311 0.0238092818112636 -0.409278476393908 -0.532439478595978 0.329192781371841 0.188219760792411 0.0789518995259204
15.493337882232 26.3724254892558 17.3521951626162 -0.195394867562424 0.520198559021951 -0.831392919363791 0.686967093327268 0.677610658169759 0.262525982063583 -0.0833522157219891 -0.364364163204932 0.149570898592043 0.53915776567632 -0.166312736490257 -0.0760054415058893
16.0780594517004 26.0583649691217 17.320961289287 -0.473674712311803 0.863786903134529 -0.171768256973884 0.746493822016858 0.497271873597859 0.442117109185121 0.862310103095552 -1.31736556575975 -0.760677634935325 0.0493990114191481 -1.20191685712939 -0.0554414375342712
17.2663909300875 25.8498439177344 18.0535013173472 -0.627064387326979 0.713376270249905 0.312864878169798 0.775389427983318 0.533175107345618 0.338371720337276 3.49763478258682 -4.66200212106899 2.9306516804868 -0.0979321593675866 -0.852847637244283 -0.129178602940391
16.4520878454011 27.363883692699 17.2547134141267 -0.758055950043901 0.345856455104416 0.552932524976347 0.479487663385774 0.870238156674396 0.113035494030354 -0.345151615207496 0.187647962797661 0.869138242721746 0.484187777315032 0.0842732191473301 -0.573013045506292
16.5771795320802 27.8949952496453 17.2644778845143 -0.405579682353741 -0.209451696867572 0.889738720346565 0.352938025774481 0.862019090789601 0.36381001566916 -0.304447259964631 -0.236164842111775 0.262657758583263 0.735167213231271 0.307572378734688 -0.250864057205256
16.4437332962929 28.3036612443669 17.4690347711675 0.330058523677974 -0.53875812356422 0.775113499221707 0.279529975363634 0.840084462447538 0.464888142041323 0.376487389499733 -0.0313910056765398 0.123736170095572 0.538497255568962 -0.620880851958834 0.0994014105735792
16.5130535449324 28.761023778318 17.7597651888986 0.654865153002592 -0.708061812239711 0.264196864021338 0.582719533607187 0.695681816520523 0.420076941385603 -0.30287871862547 -0.746472390233962 -0.370909444253924 0.596057555648336 0.166185034723863 0.157054523759434
16.6359127228524 28.8829917416554 18.1602993999752 0.815132476279315 -0.379120382102857 -0.43798021731784 0.57927435365337 0.532977468447824 0.61674640989308 -0.689984247864305 -0.970438971175297 -0.793920436530601 0.343932423673556 0.347251478776691 0.32451003451877
16.9964234648995 29.0480934991669 18.4532805431609 0.628063718590492 -0.126612376658713 -0.767792389445845 0.683638541518125 0.561098948916706 0.466697118017129 0.284265972328047 0.000856778868741129 -0.224027090902644 0.63264304668464 0.0896872360899452 0.283458384402237
17.3367835712259 29.0456543751992 18.7120878232868 0.149445497074721 0.553798964235619 -0.81912919756791 0.639236930409248 0.577911161398181 0.507340831228891 -0.328764061188552 0.0260415565147429 0.0261099122257977 0.515070999438636 -0.445304489328748 0.584953597690764
17.7329073091303 29.2622324314561 18.8163860051681 -0.332218629059365 0.730937708350448 -0.596121411530339 0.756912240608829 0.583706758052825 0.293888016365061 -0.33968333861786 0.594716896899614 -0.170685863978525 0.345258896259685 -0.171156194511751 0.725736251406287
18.3230561012294 29.0859420306988 18.5538319838499 -0.525345741092459 0.8242973995762 -0.211058121647154 0.718270019246348 0.562588787009852 0.409367703876495 -0.210252958901038 -1.05876874444275 -0.66183966099358 0.130833783180214 -0.662224745901869 0.0767759767077405
18.7148742231698 29.2665341124031 18.8483225492179 -0.876161684727048 0.440874691269315 0.194859153407976 0.478956931619024 0.750808026410731 0.454848817447477 -0.181876953273327 -1.88709786243194 0.193128932981086 -0.0613471854188322 0.517900106584985 -0.117110072530362
18.9684235531356 29.6456139540388 18.7453966051183 -0.552565999604293 0.0620205461155792 0.831158320839852 0.537061992993073 0.78908924673726 0.298165153274914 0.954809061911636 -1.56530919247906 0.465749427715483 0.0327730522666608 -0.914490462738448 0.683051994616889
19.3237465660691 30.0411383572274 19.1799148063373 -0.398451049484768 -0.45420322519617 0.796828759877557 0.48372135631955 0.634061845237642 0.603306809746856 1.25615087593889 -1.63722208056406 2.36523897001623 0.0218205037050014 0.281168157677772 0.326226117309728
19.5452631239108 29.8457458872059 19.2379084912882 0.288458911893732 -0.759580819291136 0.582947959050375 0.751043406343714 0.557134595788273 0.354308803836754 2.39753467768269 -4.44096567366977 2.27446162052927 -0.209914984805928 1.13057478817069 1.06375909903283
19.0711121045021 31.2708979680011 19.0560742739285 0.553891051799471 -0.606401458003808 0.570510176061716 0.510876938694645 0.788601087081635 0.342217708368117 0.696344867472983 -0.822112711054952 -0.167579468939518 0.270539290822696 -0.591378959842136 -0.746127754720317
19.1348306259922 31.5983373920802 19.4404999218083 0.800710209078826 -0.585958655492062 -0.124561217928695 0.571681939488302 0.685293209938522 0.451168326177441 0.573642846387595 -0.394202467469982 -0.0161144542042092 0.132362775083287 0.0913012194497832 0.0237080132352385
19.4403409996346 31.741842861836 19.8396084814808 0.638991463487365 -0.176115928154474 -0.748780989794867 0.631563094624533 0.675812516431027 0.380007080588098 0.344201265448899 -0.997848446866431 -0.280658170117534 0.282703359282566 -0.128391575135899 -0.310179955083258
19.8609198303743 31.930145163696 20.0904832041013 0.341602747259047 0.00483779135403939 -0.93983192300006 0.734612452431925 0.6223571393079 0.270214765442539 0.0281114818652745 0.203807380437881 -0.40792378226075 0.567786702863714 0.0372140962816762 -0.301085334082772
20.3096631423658 31.9138561299025 20.3557826368309 -0.112465485383836 0.6303857270374 -0.768091941517316 0.642865980207633 0.63558197156496 0.427502947109989 0.0977445146682017 0.0268444319905869 0.0297903079881169 0.417782300500263 -0.257332528692583 0.0611304132259532
20.7740165863245 32.0947973726863 20.351081497266 -0.665969725696134 0.741202857938111 -0.0842765509526988 0.711027944297617 0.664879058811307 0.228855813691239 0.199624208257605 0.48174803363303 -0.117047005573728 0.0312646487873596 -0.26536247710252 0.468510403634102
22.0389347924413 5.26390768877642 21.5863710088073 -0.627678036102757 0.478679211133683 0.613910726403092 0.759338840793999 0.20269999885651 0.618317973389982 -0.332799794556364 -0.0113272212614916 0.355470272370155 -0.114290242529516 0.013213090480382 -0.35479729573181
22.2970578205099 5.58675953243215 21.8468970421364 -0.625663655375563 -0.305411390763485 0.717822229771338 0.671309557922588 0.257911609638535 0.694856072183241 -0.0688654362145982 0.187634202615771 -0.0942806875697084 0.283807044875886 0.151779310500544 -0.261672684185994
22.4096238197483 5.88678740557539 22.2034739006959 -0.0893103382456697 -0.832273638548156 0.547123512145453 0.685810310663094 0.346966957167278 0.639748414260054 -0.421729628316433 0.294960556629805 -0.0834308560922315 0.535143038975646 0.0614890332350404 0.410157068358447
22.5926160980471 6.05689449560963 22.6256827017374 0.259715326386667 -0.960788597260104 0.0971241630931017 0.64587995366306 0.247594040018732 0.722174607263725 -0.324976593640745 -0.0812626603217637 -0.0636464125156709 0.309993857407065 -0.0325680190735408 0.261475456565878
22.776012733639 6.0843765731218 23.0692521012082 0.588079447577446 -0.665988502666329 -0.458935468272592 0.704554565821565 0.14316631590784 0.695058381748807 -0.249122596401833 0.0579372124128419 -0.00243798801495935 0.427663460525864 -0.279018568438418 0.416275584003833
23.0425734634315 6.16037699090389 23.3709770609583 0.731445392674167 -0.243832821945474 -0.63681478769968 0.663965291273757 0.0418960156949389 0.746588710808741 0.105550939809943 0.360636522875873 -0.236017276951896 0.306754708420279 -0.20003856640333 0.270221107576425
23.356880963346 8.14090247619185 23.3918297131688 0.341451354392397 0.235241081063161 -0.909984882980924 0.926748715540822 0.0771261480905356 0.367679561984463 -0.751544246786541 9.80442658141929 -1.88530393712319 0.385571335123459 0.515442380023684 0.0800370712531263
23.8690612766871 5.53886734101343 23.6679565706933 0.247469605626232 0.849391097858051 -0.466147444358522 0.726879558346436 0.15535228961103 0.668963119375407 -0.414072954867335 0.164473263638075 -0.43755704516793 0.051800361051432 -0.406549626028782 -0.120914209512788
24.4069867694316 5.52726016266957 23.8561025660702 -0.209664749298427 0.953066900565039 -0.218412583749127 0.874029866468677 0.28281666304498 0.395077729179871 -0.258997572717333 0.178759892053456 -0.219537619294175 0.212595486719574 -0.119756639466087 -0.353821987482913
24.8827900801458 5.6420513758004 23.8166417017709 -0.519569621216858 0.805556845285905 0.284825312283603 0.815491394333958 0.368044438575575 0.446673215646785 0.187334125794399 0.55411162740729 0.0876129373249257 0.593676129040697 0.357996062072057 0.237642278542248
25.2823480142281 6.00126711834179 23.8992813296964 -0.64943724916385 0.280973217222434 0.706601154785373 0.727319174239078 0.500681015454213 0.46938814546958 0.173351264759227 0.442772011692696 0.308843966150755 0.338760132380243 0.0828177848527446 0.134943000676875
25.506987658729 6.40431428388473 24.0888319976938 -0.454061674493503 -0.363800095662601 0.813312589996043 0.713601710660014 0.398080549377218 0.576458463939179 -0.455680703937191 0.572570710731878 0.206439954842502 0.638199380254394 0.00177517998394949 0.048324110697534
25.8113003255738 6.67994350830744 24.508790779195 -0.46892094216843 -0.759332103430577 0.451140540884812 0.566050389883927 0.133733029838838 0.813450870934581 0.365944231817981 -0.345693564000159 0.718080633271786 0.591620144034811 0.31010670121918 0.257324512955997
24.9870561941192 8.77907046601205 24.1680091873601 0.0250220264163266 -0.984105973736417 0.175810158804428 0.784666087299221 0.128301372670616 0.606496306814975 -3.30273324432403 7.32404906270897 -2.51759477796428 0.0929287760125913 0.162086285282616 -0.143539295600768
25.8604159655982 6.82456213487584 25.2232550528787 0.498009722368191 -0.713436961337772 -0.492944118667838 0.687020320465169 -0.0222599534353171 0.726297091022478 -0.320643672026908 -0.671539866952765 -0.145238523085982 0.647617005001516 -0.0235238514155915 0.0912871831125583
26.0724295711588 6.60831093977146 25.5293242014584 0.768520355348415 -0.0248969141961042 -0.639340674239547 0.619303584352233 0.279990176010715 0.733531493918059 -0.196053509813271 -0.418447085532492 -0.629257786583124 0.663935471108404 -0.520857764171456 0.355632353753058
26.4202522587324 6.35387427116937 25.9482902818556 0.538666769611051 0.351067268262773 -0.765891484897192 0.772252301886235 0.157708098094222 0.615430271413433 -0.0508779419190793 0.178879909992364 -0.518499601627835 0.431352732522323 -0.182939136698237 0.13988590429666
26.9242997605018 6.24033220739782 26.1511225233328 0.149719071562183 0.663594280911366 -0.732957509853787 0.930393814447102 0.156307931505216 0.331564575601602 -0.104890182784205 0.300282758752993 -0.0845156292634537 0.420844663727541 0.494658353586846 0.142754637974298
27.4040504250339 6.20351806895304 26.0467017450652 -0.174338991176785 0.984508812124403 -0.0186600854405023 0.908253727852979 0.168098029872009 0.383168506463109 -0.157236965162948 0.396128589435272 -0.298007140447342 0.551035385749616 -0.183373106017989 0.0801863143712102
27.8783380996964 6.4483900715685 26.2017211504302 -0.582942396052811 0.797323077083242 0.15637760329848 0.718798390949997 0.416332122735594 0.55677312999473 -0.363611749599754 0.336862607719568 0.88158604018559 0.383476216249047 0.369412683646927 0.290064225663152
27.2284087966177 9.0561925409751 26.3528641423101 -0.267258335017006 0.588489576097559 0.763054969444782 0.96269872572153 0.128350004757924 0.238195972329771 -4.06952312193827 9.3967498569118 1.415988975748 0.226211872644062 -0.834117392180314 -0.487845811151956
28.4843269922033 7.49032556516653 26.2110281417311 -0.582087255300706 -0.0231793470092752 0.812795811535156 0.804903478601744 0.125371881983729 0.580010485156376 -0.658572170442569 0.298785856954434 -0.450202178013029 -0.0830751350419506 0.26197506997847 -0.33767622453705
28.7246052960006 7.72777022787438 26.5485717576778 -0.255547304720526 -0.797912983621729 0.545921539262347 0.616414225622964 0.300540033448385 0.727811156045872 -0.373328644971383 0.776543730947204 -0.195426926967237 0.222710238321479 0.131232377306934 -0.20477219940496
28.9230426336853 7.82837758575494 27.0004156267917 0.0750661197588214 -0.994322138255592 0.0754217761316413 0.550062494598309 0.104376301449898 0.828575123491884 -0.37056336368954 -0.0593171596794498 0.171942224120087 0.600630964348623 0.683544336132144 0.159336678360468
29.0212332279072 7.72176253754738 27.4629288235701 0.430882308366804 -0.801328129991504 -0.414986199856273 0.663660025857447 -0.0302138513230858 0.747423832890165 -0.100488500374476 -0.0757806050344698 0.067492177465564 0.615705298426155 0.00481456562792596 0.0530264582182373
29.3997415147011 7.57103099297359 27.8031497346078 0.390140904115143 -0.534307802085918 -0.749870075723609 0.894226784240362 0.0257897014643274 0.44687048664924 0.437975762317107 0.567871036824163 0.25716454382167 0.516010808293546 0.212426947091775 -0.0738421759232601
29.7634256141466 7.35463398270071 27.996171882027 0.409378666524843 0.284978702873061 -0.866715713559528 0.867984767213437 0.171024240559115 0.466211362243938 0.739781830854437 -0.04202544207095 -0.37730230877299 0.30474910888693 0.181178919708489 0.377238657620351
17.0994427574421 30.1474135099062 27.9529552489939 0.730591251155579 -0.630444249586928 -0.262252464474689 0.673349074239804 0.601473728735057 0.429918899352171 -0.510998187194017 -0.642687486970357 -0.833210633943402 -0.110963655151726 0.582844817202408 -0.298861880684892
17.4260172358558 30.0867527269534 28.3211113475454 0.598178003844807 0.0272867033396692 -0.800898491793588 0.692769167167692 0.484753234729157 0.53393357812642 -0.0893154476588048 -0.232594473224254 0.0538882727426504 0.230849672290602 0.214931706447896 0.0475927420518626
17.8759477308419 30.1682988947064 28.4631400987723 0.23845233169877 0.301121677573323 -0.923290908500724 0.728029178266852 0.573785824586473 0.375157603430058 -0.00436942422284717 -0.482213939063439 0.0523565008845685 0.583301580103877 0.56135948828877 0.0563915147879217
18.3588104114783 30.2918836435183 28.6368674775955 -0.236794177250169 0.706904339886298 -0.666494300595835 0.594390519408057 0.648049152913952 0.476163929046304 0.0827504270100809 0.409801200600828 -0.539763425287417 0.402901844132155 -0.224686083850188 -0.198281855405156
18.7887385058439 30.4452571888174 28.6949192620418 -0.587795526527892 0.753431222810649 -0.294682359738128 0.596015651392133 0.649597255223625 0.472004906273986 -0.266235152856375 -0.584702986933331 -0.49920490769268 0.605880671969748 0.283864941732875 -0.0805149867133459
19.3142721212899 30.713116756686 28.4577777241943 -0.721142784979768 0.532682877498229 0.442946855725799 0.676417954765703 0.679547892556215 0.284030459097511 0.396180211448724 -0.270661744320762 -0.773549039513191 0.440862308006837 -0.928250661260321 0.418306270510785
20.3767305860042 29.7939207204161 29.0624960754671 -0.850358526399305 0.0653817068010348 0.522125936237604 0.471604903419324 0.534826894129276 0.701105477196275 3.47130165690227 -7.23138633310415 1.08680813438835 -0.135312309386434 -0.0831574387985763 -0.230290121639494
19.292043532561 31.497312777572 28.9702674267826 -0.0772803756533046 -0.561786562726654 0.823664671470524 0.52986570129425 0.676665661844865 0.511239475974004 -0.217133427354512 -0.776206376987996 0.227910149779673 0.213372573360801 -0.0529910208273874 0.516950897075031
19.1731392929004 32.2002619917278 29.136257475062 -0.149950564555352 -0.752401948364353 0.641409405232628 0.41202890890908 0.542169455695081 0.732314375199263 0.0126786044103097 -0.704723512061745 0.202138920044468 0.223804187498217 0.00224011128999221 -0.60034373395611
19.1788923419392 32.4604097925111 29.5685368258649 0.551828387511134 -0.827277965106071 0.105339831679173 0.587084135344359 0.475072016838658 0.655468289398779 -0.28097055359532 -0.709338446979048 -0.0640585274494233 0.422538040750097 0.202986392006295 -0.181039987030111
19.3825660626333 32.5591325857225 30.0208977001943 0.745784871811089 -0.476741926412591 -0.465319184381894 0.662128308620512 0.45347106782366 0.596615433830739 0.110350193829883 -0.240263824282806 -0.360887583839953 0.303446134230898 0.058026581993451 0.116546758161331
19.7859095134719 32.6316188952505 30.3533222587985 0.576079469723056 -0.179983879062474 -0.797331881125329 0.72114653561069 0.571136358248384 0.392110718199893 0.536049236232215 0.0128842628662217 -0.518430935796798 0.477676807644506 0.19089794102479 -0.147617678659908
20.1851686932646 32.6365152520328 30.6170882463926 0.222753217701273 0.364224352759975 -0.904279550704982 0.673297355750488 0.613341478118506 0.412895609011092 0.57889529385896 0.297599443347095 -0.283840082747534 0.597247866755743 0.401020776310712 0.404845394697748
20.6233436665211 32.6678671753411 30.7650621488288 -0.30747707556607 0.795838126623914 -0.521631488292554 0.767039257215682 0.531708040875642 0.359078305022943 0.315463244585836 0.110280995649717 -0.598072828310389 0.39863961254186 -0.347748875788477 0.16928571759786
21.0004254290358 33.0066602185473 30.7851914329974 -0.687133024812107 0.726431532282458 -0.012054941217178 0.636291855065342 0.609712954788798 0.472633759429478 -0.5202720681505 0.307569888603803 -0.584879208823052 0.467131589761452 -0.234709984482498 0.462015517720568
21.2898336672032 33.2758161920215 30.984079687722 -0.825754642544626 0.540512137792371 0.161170040669363 0.547470025203243 0.699360470359182 0.459533880161714 -0.379666533929332 -0.0132189615358406 0.0396042084653445 0.38434144408792 0.481594600494098 -0.28582221760979
21.4398419664092 33.7571701624157 31.0020433077278 -0.767888081812106 0.0496225207350498 0.638659048628072 0.461335672074801 0.734541808412318 0.49761191033996 -0.216928407361386 -0.277391179738943 0.204143517409003 0.391316823896973 0.604908848497656 0.113299484358392
21.4526171155655 34.2090716661255 31.1837046403258 -0.443303020083876 -0.481077107665271 0.756337973295481 0.330296508556724 0.696736336173316 0.636759437240325 -0.266588340714757 -0.521150865694242 -0.254881357580084 0.541831338850207 0.0190830521156046 -0.248497009992667
21.310649118 34.5469274280097 31.4665833912855 0.421939202930587 -0.616786460443893 0.664486008750814 0.385646549579997 0.785412672929212 0.484152408931651 -0.226318605611118 -0.572425496304322 0.29074043734771 0.618062057993353 -0.47720357971507 0.315145202299507
21.3860883327281 34.9086616676067 31.8551500461543 0.669536577631729 -0.723544225855829 0.167941675292124 0.441455414336367 0.569454536692926 0.693425217358457 0.500299320024552 -0.177641123325336 0.197149412075878 0.272223879841046 -0.0521403869355115 0.25009101616695
21.5605810938789 34.9887590172092 32.2732187072962 0.83232740393183 -0.427899557284225 -0.352325053717682 0.537996867612556 0.47070668747018 0.699281395452876 0.13428923713149 -0.10201081678201 -0.174768383779065 0.409126883077941 0.0428428840938866 0.232050935627425
21.8580808137369 34.9768220909797 32.646559490383 0.682917894440741 0.116233098321779 -0.721188532942134 0.57388205647587 0.525476870953201 0.628118878507329 0.335618577109333 -0.0400724719731568 0.236077233504602 0.340676865308643 -0.157184890336037 0.384450069164599
22.1854543240958 35.155892285601 32.9987524286384 0.31015518004283 0.28239760750497 -0.907774882255924 0.645922958710143 0.638026964434398 0.419171808791839 -0.18454838199561 0.6157061495186 0.166607081649576 0.241947033905949 -0.0938386127958754 -0.0943063700488784
22.6731029696312 35.3136100308586 33.1312487328148 -0.258421265122984 0.705144387478156 -0.660295179497946 0.610167007464007 0.649055202608618 0.454338473914285 0.237653770928291 0.280597521043427 -0.20070229168096 0.0149838395094644 -0.0334034074181052 0.0900873257160342
23.0451992142964 35.5983863986549 33.2590242094914 -0.815510711348839 0.529794871336556 -0.232936812283821 0.302274696624797 0.733142038624169 0.60920656799183 -0.0982003644916591 0.740381587018963 -0.4052733050425 -0.0719476706588163 0.647566652145556 0.622083742123332
