t = 100
b = 30 30 30
E = -0.778051481683697 -0.97583476625575 0.197783284572053
26.8915156124833 2.14014390133742 14.9736872930335 -0.295233135803997 -0.418036486202595 0.859117440846148 0.819044352688941 0.352251217171857 0.452863455428292 -3.87918584811159 0.264179311006014 2.98152500774958 -0.142965513782088 -0.0572553260622932 -0.469293832681088
27.9599625025124 2.33277824119332 14.8143494853419 -0.0610678544203288 -0.889749066440757 0.452346327249064 0.951715119802207 0.0846913914146008 0.295068786052796 -0.461430248182214 -0.470133190810696 0.0699229109477553 -0.227338744184732 0.289139374829461 -0.54169725892286
28.2468720064448 2.2493492761828 15.2625036159368 0.471066072255302 -0.864740239181215 -0.17412913417002 0.814867661227287 0.351011535484582 0.461282427167589 0.0932311746082205 -0.715750813592943 0.594268250907125 0.175859241291347 0.313679888491887 0.172234785092024
28.5269454165198 2.30683148764712 15.6009863288369 0.66390443199433 -0.573121700633265 -0.480377252017378 0.746304961545995 0.466949009109619 0.474328375828634 -0.267231320495245 -0.336040002444655 -0.471754333616888 0.13946083244062 0.0988933727795817 -0.0191945755947384
28.918644777517 2.32561323151313 15.8881516553711 0.486605628135991 -0.019273853087668 -0.873409046373657 0.760359890872127 0.501650831639126 0.412552010968765 -0.488173799487181 -0.298227069408477 -0.489501833951434 0.0226365669162204 0.0770087751605238 -0.191543174454015
29.3933503341077 2.41503371755171 16.0743059956769 0.0387943705029873 0.333497324009734 -0.941952448224047 0.904763822269194 0.388401460187901 0.174775901063067 0.154475601344783 0.59622397935219 -0.312592071485067 0.375933848867987 0.590215037289629 -0.267155095813056
29.8003594377536 2.37935977805703 15.9152268462186 -0.160044174594767 0.902639074680867 -0.399535284873016 0.935965509320377 0.267360012780799 0.22910058542658 -0.22881671805606 0.343560892577542 -0.229819099609422 0.590203715713544 -0.0376934853566884 0.0568949924360281
30.258326232639 2.50663472852558 15.8266233336021 -0.374025535165951 0.910850321871712 0.174517824285932 0.873921874425508 0.283167434522442 0.395065364549185 -0.327069470040109 0.113531509080043 -0.127494154258211 0.656066872165289 -0.352037818167697 -0.161970442117011
30.6382551888589 2.76714511445285 15.7141948278108 -0.351763082735765 0.522476951687146 0.776711304819098 0.933621544239857 0.256024250180242 0.250603823298645 0.00130398763445817 0.0276025128309781 0.188550268451817 0.221321625935666 -0.321551052400873 0.525973060957788
31.045421544834 3.04033658617475 15.8154869947157 -0.535291531673622 0.0579062956573363 0.842680080994264 0.753587906786738 0.483374542074924 0.44548198685609 0.125409230505048 -0.467434986704085 -0.000962981642963416 -0.0229410285555479 0.180601732445857 -0.185643011641892
31.2083402923698 3.46452872021559 15.9860118296853 -0.151754879463481 -0.566843012472673 0.809727939902441 0.690608167094884 0.52527154948449 0.497141874664017 0.175904054366559 -0.222218718184413 -0.0169156099065583 0.531924360128635 -0.242511238933702 -0.291111015798079
31.2705822189467 3.72889196683759 16.386691490079 0.349080712131237 -0.844713731925291 0.405710795671303 0.642589506365115 0.530900312779925 0.552470334804121 -0.0082755752121709 -0.345655106149099 0.188474338845802 0.465582004002121 -0.0122175452762589 0.417274498295771
31.4884240848934 3.93871165699361 16.7747414684603 0.490410670857017 -0.866273976144075 -0.0952189737175153 0.761236312661191 0.372609881574608 0.530736313746234 -0.113750034430041 -0.808028466991542 -0.218169160398816 0.435576154159359 -0.248260414584796 -0.278096162570073
31.7200159981441 3.87912105851613 17.1544483726639 0.723151966258308 -0.367838158966469 -0.584590630014238 0.682425261157105 0.511053600479745 0.522608707564381 0.416145758155845 -0.834952119640361 -0.345449304934374 0.360560839604482 -0.371229064392741 0.301651806948755
32.0613306251872 4.00774182891119 17.5271408500658 0.485643891977704 -0.0338626933774884 -0.873500549038364 0.801102112285282 0.417138447996867 0.429221157120308 0.0628421736637404 0.230334396780885 -0.449307368263386 0.21914150677774 -0.0286220683899748 -0.160651770100445
32.5127512804793 3.93724771664381 17.6563139261997 0.170551845326856 0.551809963990861 -0.816344114027674 0.860760845582345 0.319801470503041 0.396002106380056 0.215517654453386 0.234297819836477 -0.328897287499521 0.344537931474683 0.197017511679437 0.187540935571008
33.0004358199786 3.8802848486101 17.6537583097827 -0.249640481746963 0.880302579015058 -0.403418989013577 0.881328862609059 0.379149236222354 0.281966623268339 0.118671899885019 0.618479932761297 -0.44180708525602 0.504158726154089 -0.0593545087664384 0.00645842434107785
33.4317381398542 4.19140203281124 17.5743109780237 -0.566656309790287 0.82210724872182 -0.0551378262646804 0.80640553241016 0.567081953595697 0.167714237864429 -0.183022327758192 0.57681123145778 0.171513566633889 0.638334019868619 0.118415812884608 -0.247481058245189
33.782932479474 4.51470703203041 17.4450190069725 -0.50935788891869 0.603952669523903 0.61302169204936 0.859367673167572 0.394386389031191 0.325494177788952 -0.385349857443592 0.705141226394972 -0.0286098599435899 0.565726585225254 0.234807939978799 0.189586067030662
34.1188771869677 4.84829874322163 17.4765142846426 -0.521219386109993 -0.00700401835353102 0.853393916122636 0.71048739338976 0.550422216181294 0.438455165285572 -0.0885589951703603 -0.229622871482128 0.235427492592169 0.449077031464379 -0.0918162333678287 -0.0812748032065575
34.1993826882986 5.2628196908276 17.7060171823627 -0.0627018533347751 -0.602082793717176 0.795967756774011 0.592829209767346 0.619123190457576 0.515014461449255 -0.119108220047508 0.162413467299958 0.266268874045766 0.389652036889186 0.0143084306788819 0.264113632028869
34.3894825455646 5.59874953027426 18.0516739802159 0.234023306168962 -0.908334383645217 0.346643364780569 0.749407882772517 0.395673492645798 0.530876816800087 -0.0298019568918822 -0.254427650057028 -0.0174446818181445 0.618707393280283 -0.210611314720113 0.0769508869286459
34.6497641040138 5.73109549499225 18.4413026642544 0.455352162089096 -0.873176165937674 -0.173832313343682 0.733214486751623 0.257032953713267 0.629547825753243 0.183146613510771 0.117680806973558 -0.27129290254835 0.542773585321743 0.0420445979312066 0.0130234191547734
34.8715642648488 5.75256296615624 18.9027877727546 0.674014840226848 -0.420154185852162 -0.60759718343452 0.737067798112422 0.327555697418205 0.591132988421358 0.131674623181399 0.287658809887981 -0.324349668873811 0.233883729203332 -0.254570445806945 0.493979909010226
35.3115900984001 5.80323736763636 19.2441493919296 0.338373726523452 0.050570542255059 -0.939651916361251 0.782161693363823 0.540066864418238 0.310726167604748 0.50359997384339 0.217909555020483 -0.278957706787772 -0.11696660021814 0.142792433108027 0.386547706168372
16.2599779639429 2.46583518916459 17.7350026274079 0.823422817466056 -0.550749116717484 0.136565582580062 0.00942253053658698 0.253913021827905 0.967181099882749 0.117989268092608 -0.086865040031778 -0.392779657126909 0.347262512630685 -0.327339266280602 -0.426445022631241
16.2399348974244 2.41887756210113 18.3092542292451 0.970820451627896 0.1090515839412 -0.213577347944125 0.168052273620779 0.325969476267955 0.930323715111755 -0.0451590678906184 -0.151074940929715 -0.24174545058439 0.364029952572252 -0.110192642176113 -0.0127135875039366
16.5622519840984 2.34747014395134 18.6893098614126 0.584722684218707 0.737108890527647 -0.338776842194954 0.251068040987036 0.232673692302994 0.939589098486167 0.367577465830449 -0.138493877133082 -0.671964586369291 0.396972649395028 0.102193620877929 0.0176091982475603
16.9541499648994 2.38592714911391 19.1089637466305 0.275059605926639 0.796303966203178 -0.538741210670771 0.401080880891945 0.414226937960157 0.817037364351374 -0.482413905630395 0.553178919651068 0.523055346226585 0.432934408936227 0.160820221337736 -0.00705297506351672
17.3160006135097 2.55228484859376 19.3070946986066 -0.453537723202775 0.85753131210749 -0.24278274905713 0.346853387508283 0.420767652598322 0.838240534017197 -0.25794776793755 0.139560753417746 -0.551516047543832 0.475311896347233 -0.283660275371448 -0.548094056642283
17.6137655824724 2.86179363291859 19.557217841876 -0.8598475880651 0.51021743999875 0.0184437050162231 0.284681307568702 0.449147212487743 0.846890321450653 -0.368679300084695 0.737196151744896 0.784969177512593 0.290065479860726 0.172284425868929 0.344824711442285
17.7104851423053 3.16137525589099 19.9390911280417 -0.997028742976518 0.016257700000496 -0.0752944859754115 -0.0539023424508158 0.55103412902522 0.832739943543451 -0.472956306073008 -0.0948059627040377 0.517198027457428 0.409886864706353 0.320957685790345 -0.505748197028438
17.5671003425824 3.53676950845305 20.1201051161667 -0.646280501032647 -0.621547859142946 0.442718481242765 0.0186411190966771 0.567125903603091 0.823420068658712 -0.362275918114479 -0.213335712929661 0.116427922112022 0.558869090009068 0.290328548649524 0.147415100384343
17.4013313737344 3.81829292951897 20.5136508295784 -0.0274851381317733 -0.927211404081638 0.373528394375997 0.154455070208545 0.365242855782978 0.918009351375989 0.21466682882506 -0.541275795052335 -0.173956618392361 0.432518435572954 -0.185582502237445 0.15473372157731
17.2991252867348 3.90244054650695 21.0244035921967 0.564124544498391 -0.816974890431758 0.119647022018062 0.126089974417412 0.228443474481811 0.96535733375539 -0.229440104035247 -0.392068931498681 0.43559997323965 0.610548320306928 0.0648418114891515 0.0623196225899819
17.2855159184774 3.86888218679413 21.4737694115066 0.863190861407225 -0.502233897264257 -0.051599709651617 0.101757089207628 0.0729583473771558 0.992130268165288 0.677199531893598 -0.286483222998606 0.691774721107084 0.556210257063219 0.295104381255902 0.229535096789842
17.3586779967135 3.74317389934727 21.9938657191358 0.94894263771551 0.0836149925380599 -0.304164896338933 0.286246441982561 0.176930903014383 0.941678456782248 0.800820949673039 -0.472088654335338 -0.0631483808196393 0.758711147097703 0.441868194663652 0.145443633321816
17.7470066311893 3.57686373923789 22.2644989929872 0.504674626695861 0.842133952170473 -0.190036355918461 0.4240298214428 -0.0500563026839142 0.904263777871936 0.76402110675847 -0.423553230382969 0.0395966877206199 0.879354679019862 0.0261868565316598 0.938833093437456
18.5268408839168 3.61104775929233 22.0128265788492 0.165198605878927 0.972273628484318 -0.165509192593806 0.429145444006789 0.0802331355932044 0.8996647819188 1.91672871438001 0.0639712987554039 -2.653595682651 0.468310303085048 -0.827789552979865 0.00611992737941916
18.5309167223727 3.86631733073979 22.7149597779102 -0.41299262239526 0.857309616229425 -0.30733889609302 0.363197564589584 0.464505133128029 0.807664778604747 0.342811802026894 -5.01831393076974e-05 -0.73890612337323 0.208994807274581 0.367392417320865 -0.325869555162154
18.7420682070569 4.19314385493599 22.9634494091717 -0.884672456740095 0.465733389112753 0.0211408463566993 0.261754112232364 0.458661939501636 0.849184250819821 0.551190726502848 0.0380750672521591 -0.223730005569686 0.418719102065215 0.53406320728652 0.243021643482471
18.7849472945787 4.59605859884038 23.3638653190881 -0.999132661866607 0.00909036629088914 -0.0406346439413806 -0.0283521201872622 0.566187051990968 0.823788970167016 0.195042131436657 -0.269731849045198 0.329087859602077 0.474452890634159 0.231934020430632 -0.444424958301178
18.7482948290758 5.05922968923176 23.5619800256891 -0.754633821144411 -0.573360843934237 0.319037647054695 -0.0176126191447132 0.503754937067566 0.863666977895114 0.0900849606257692 -0.49889186171117 -0.228546442318156 0.639047239136674 -0.0610560740701101 -0.334806097711936
18.523023989606 5.35864474275217 23.8715372394133 -0.129080152411544 -0.910725010349231 0.392324037758594 0.0656336804663 0.386919902827891 0.919774479518178 -0.075364381723659 -0.298042741208103 0.0908634127399233 0.881176499235235 -0.0106751080838387 -0.0607023281778871
18.2683813048323 5.47191243886998 24.2413344400259 0.55044553688442 -0.780853126154019 0.295428482261629 -0.137668346499142 0.264122694670711 0.954613286658993 -0.0578464556869389 -0.132210331965439 0.295577728654168 0.551673666377619 -0.144196709083973 0.303360357054512
18.2676700407283 5.45537897395385 24.7660436370065 0.849560672245131 -0.524388215939641 0.0571274409129235 0.0804581117718269 0.235854318987001 0.968451918580603 0.374287796607306 -0.104296575751654 -0.174559867275849 0.40885493150902 -0.210443276172029 -0.0599491782298204
18.2564442516208 5.4858760339301 25.2364255119145 0.949267538943373 -0.0669705340496053 -0.307255543822066 0.312206053442363 0.317719649620194 0.895310831915494 0.254279381118824 0.203426918541671 0.192208162132599 0.610823393056966 0.0199536183165428 -0.335682534660001
18.4900267690134 5.40198242113486 25.6682170377158 0.737695466829342 0.434541742410912 -0.516699869763408 0.536706516419719 0.0868371037257199 0.839288587446834 0.037884797527706 0.589537818516709 -0.194373663393326 0.608398528881443 0.497579974546822 -0.138547973131848
18.8933446180985 5.26640151440144 25.9533510231371 0.229212460555617 0.90453602085325 -0.359549880020939 0.579072113175825 0.170190899788374 0.797314520252028 0.323211149608483 0.266872956857977 -0.5386240810025 0.811165869380001 -0.226591805343994 -0.239739997149489
19.2759396827659 5.43286580560131 26.2817270687158 -0.332976766410769 0.887889240739532 -0.31745716564631 0.508424306920385 0.452594655751361 0.732572654829351 0.0894513507745122 0.217825885829983 0.0631217339461921 0.576462860613494 -0.00623671109458301 -0.131060903217631
19.6208217966699 5.69040706505686 26.5351561935814 -0.812755624649348 0.582604348366444 0.000591390761087795 0.342639184695224 0.477173467020218 0.80926124052009 0.326915002224047 0.00822457233902563 -0.0675985697606565 0.297858762885486 -0.467206487352636 -0.27652238847016
19.8088290406793 6.0222058298336 26.8670440120149 -0.973562047793185 -0.0927025021479218 0.20876557666683 0.172730041413307 0.299269488478376 0.93840395754933 -0.232684503411088 0.000921373252989699 0.405398662852899 0.0334164319129707 0.0736063765954837 0.198634023053961
