t = 0
b =  30.0 30.0 30.0
E = 0. 0. 0.
27.991701530442015 2.130884224453486 14.303904446552053 -0.15800157082784075 -0.5586618329747228 0.8142066445278235 0.8073230748873107 0.4016946835441637 0.4322855930595559 0.0 0.0 0.0 0.0 0.0 0.0
28.088323738355992 2.4790698883392874 14.701542466012707 0.2054023271166288 -0.878028494869658 0.4322913903977226 0.8073230748873107 0.4016946835441637 0.4322855930595559 0.0 0.0 0.0 0.0 0.0 0.0
28.2317674131992 2.6271089291923446 15.197721321516589 0.4907704468457167 -0.8638174517100191 -0.11385859047109309 0.8073230748873107 0.4016946835441637 0.4322855930595559 0.0 0.0 0.0 0.0 0.0 0.0
28.487082226843004 2.578240754748048 15.667946107740018 0.5896866685738125 -0.5214277163881241 -0.6167517892058232 0.8073230748873107 0.4016946835441637 0.4322855930595559 0.0 0.0 0.0 0.0 0.0 0.0
28.876816135142725 2.410513115946333 15.99758230420786 0.46457106587537833 0.019061126196136313 -0.8853306716812365 0.8073230748873107 0.4016946835441637 0.4322855930595559 0.0 0.0 0.0 0.0 0.0 0.0
29.37244903252649 2.2471304614607854 16.12540734620899 0.16295714803687428 0.5523083282534492 -0.8175576300454713 0.8073230748873107 0.4016946835441637 0.4322855930595559 0.0 0.0 0.0 0.0 0.0 0.0
29.90522801693271 2.2096465077790186 16.066870100716773 -0.20056691483906217 0.8757243623044619 -0.43918077592078514 0.8073230748873107 0.4016946835441637 0.4322855930595559 0.0 0.0 0.0 0.0 0.0 0.0
30.39228776679052 2.37178395003926 15.908221583534568 -0.48789225346764664 0.8664380697854607 0.10604819768721052 0.8073230748873107 0.4016946835441637 0.4322855930595559 0.0 0.0 0.0 0.0 0.0 0.0
30.76813246211883 2.73142597756961 15.773746756351976 -0.5898591678803949 0.5279774684829454 0.6109876879625212 0.8073230748873107 0.4016946835441637 0.4322855930595559 0.0 0.0 0.0 0.0 0.0 0.0
31.009518741568858 3.211420485653482 15.778546591865194 -0.467728722496008 -0.011070600408773446 0.883802740411479 0.8073230748873107 0.4016946835441637 0.4322855930595559 0.0 0.0 0.0 0.0 0.0 0.0
31.144286244008818 3.688891450025837 15.984809289864101 -0.1679003154281708 -0.5459127631146308 0.8208463553842876 0.8073230748873107 0.4016946835441637 0.4322855930595559 0.0 0.0 0.0 0.0 0.0 0.0
31.240780864263932 4.041921582869042 16.378183940400824 0.1957162286144038 -0.873353539938572 0.4460367161274034 0.8073230748873107 0.4016946835441637 0.4322855930595559 0.0 0.0 0.0 0.0 0.0 0.0
31.381889004989922 4.1958707488031415 16.873232674413355 0.48497690520552295 -0.868992705247337 -0.09822972892249221 0.8073230748873107 0.4016946835441637 0.4322855930595559 0.0 0.0 0.0 0.0 0.0 0.0
31.63354764651733 4.151733000233217 17.3458899386272 0.5899867471276103 -0.5344870130493939 -0.6051770576412463 0.8073230748873107 0.4016946835441637 0.4322855930595559 0.0 0.0 0.0 0.0 0.0 0.0
32.01969378561643 3.9857589202210244 17.680597073509798 0.470850759763534 0.003079231552327699 -0.8822075041412583 0.8073230748873107 0.4016946835441637 0.4322855930595559 0.0 0.0 0.0 0.0 0.0 0.0
32.51317037021898 3.820486751138073 17.814204980064698 0.17283069656039463 0.5394756246053138 -0.8240725700951059 0.8073230748873107 0.4016946835441637 0.4322855930595559 0.0 0.0 0.0 0.0 0.0 0.0
33.04604371754059 3.7781880676585278 17.75996551833694 -0.19085063784119072 0.8709162083192898 -0.4528586889111875 0.8073230748873107 0.4016946835441637 0.4322855930595559 0.0 0.0 0.0 0.0 0.0 0.0
33.53541265596118 3.9344147612687825 17.602496904222658 -0.48202462407440394 0.8714811635502664 0.09040377958360435 0.8073230748873107 0.4016946835441637 0.4322855930595559 0.0 0.0 0.0 0.0 0.0 0.0
33.91490406615708 4.289295613531515 17.465635834509015 -0.5900693965998058 0.5409558543604478 0.5993203407439934 0.8073230748873107 0.4016946835441637 0.4322855930595559 0.0 0.0 0.0 0.0 0.0 0.0
34.159889138831495 4.7674873698169105 17.46538985532561 -0.47393693992273156 0.004912371799522142 0.8805450843539913 0.8073230748873107 0.4016946835441637 0.4322855930595559 0.0 0.0 0.0 0.0 0.0 0.0
34.29684027113808 5.246798901408575 17.665864155827087 -0.17774791596593448 -0.5329974029385185 0.8272360284891843 0.8073230748873107 0.4016946835441637 0.4322855930595559 0.0 0.0 0.0 0.0 0.0 0.0
34.39327376040738 5.604613658229618 18.05490693505169 0.18597051305299728 -0.8684125530588551 0.4596461747524969 0.8073230748873107 0.4016946835441637 0.4322855930595559 0.0 0.0 0.0 0.0 0.0 0.0
34.532099233978684 5.764473746256255 18.548726074273915 0.47903563490192685 -0.8739032551885151 -0.08257094564688905 0.8073230748873107 0.4016946835441637 0.4322855930595559 0.0 0.0 0.0 0.0 0.0 0.0
34.780120895598756 5.725127559765264 19.023723163837833 0.5901071100029031 -0.5473834997887966 -0.5934179832824301 0.8073230748873107 0.4016946835441637 0.4322855930595559 0.0 0.0 0.0 0.0 0.0 0.0
35.16265749151174 5.5610052872739715 19.363450605440597 0.47698702794903186 -0.012903601055240743 -0.8788156076493823 0.8073230748873107 0.4016946835441637 0.4322855930595559 0.0 0.0 0.0 0.0 0.0 0.0
16.214399702047015 2.573381055536693 17.850897322654337 0.8834242194751476 -0.4668274274853096 -0.040420309154855706 0.23977910690604096 0.3762690075393185 0.8949455926796431 0.0 0.0 0.0 0.0 0.0 0.0
16.266909233795293 2.3852627858988207 18.35143639987248 0.9516699820751718 0.09112915970376732 -0.293291188869913 0.23977910690604096 0.3762690075393185 0.8949455926796431 0.0 0.0 0.0 0.0 0.0 0.0
16.536351967901947 2.217917411082805 18.785119741359303 0.6583604074112394 0.6144642555230827 -0.4347358423661086 0.23977910690604096 0.3762690075393185 0.8949455926796431 0.0 0.0 0.0 0.0 0.0 0.0
16.955867977593332 2.190639182647422 19.119705033899788 0.11492870677275403 0.9043541073746779 -0.4110170809517423 0.23977910690604096 0.3762690075393185 0.8949455926796431 0.0 0.0 0.0 0.0 0.0 0.0
17.401581989609802 2.3695085014436392 19.360598969904654 -0.4721663310742082 0.8506647138402725 -0.23114605864467513 0.23977910690604096 0.3762690075393185 0.8949455926796431 0.0 0.0 0.0 0.0 0.0 0.0
17.739665671601173 2.7422868685259494 19.548803154568443 -0.879877485546003 0.47379357316237813 0.03654121589751655 0.23977910690604096 0.3762690075393185 0.8949455926796431 0.0 0.0 0.0 0.0 0.0 0.0
17.877181253076948 3.22306649551856 19.745336910545845 -0.9533084724918046 -0.08307966736601646 0.29034587158369163 0.23977910690604096 0.3762690075393185 0.8949455926796431 0.0 0.0 0.0 0.0 0.0 0.0
17.79739013825232 3.6849081097209817 20.008055017086495 -0.6645616322702719 -0.6083895532440963 0.4338432763311194 0.23977910690604096 0.3762690075393185 0.8949455926796431 0.0 0.0 0.0 0.0 0.0 0.0
17.566112178441227 4.008067306118408 20.36966771211772 -0.12333671707128921 -0.9025620761138489 0.41251636692758575 0.23977910690604096 0.3762690075393185 0.8949455926796431 0.0 0.0 0.0 0.0 0.0 0.0
17.306719610092934 4.125487448866525 20.825313525969936 0.46474587902301956 -0.8538361762347549 0.23446759282240348 0.23977910690604096 0.3762690075393185 0.8949455926796431 0.0 0.0 0.0 0.0 0.0 0.0
17.15326587949119 4.048275608375937 21.33440623498355 0.8762637455397496 -0.48072363762448456 -0.03265933988511249 0.23977910690604096 0.3762690075393185 0.8949455926796431 0.0 0.0 0.0 0.0 0.0 0.0
17.19955649725691 3.861482799562856 21.83605424644273 0.954874364777373 0.0750238481899392 -0.2873784433352302 0.23977910690604096 0.3762690075393185 0.8949455926796431 0.0 0.0 0.0 0.0 0.0 0.0
17.463510756518797 3.6917916793053007 22.272194332701265 0.6707122481880519 0.6022685197451538 -0.4329176714509458 0.23977910690604096 0.3762690075393185 0.8949455926796431 0.0 0.0 0.0 0.0 0.0 0.0
17.88035389385914 3.6593876870740596 22.60965082213078 0.13173533480130176 0.9007013112565122 -0.41398423818496655 0.23977910690604096 0.3762690075393185 0.8949455926796431 0.0 0.0 0.0 0.0 0.0 0.0
18.327226104912498 3.8322985870843476 22.852739591440006 -0.4572900347738066 0.8569426156986555 -0.2377712713851612 0.23977910690604096 0.3762690075393185 0.8949455926796431 0.0 0.0 0.0 0.0 0.0 0.0
18.669859038150516 4.2005495833068816 23.0416283919555 -0.8725832746566806 0.48761709312038826 0.028774976737529406 0.23977910690604096 0.3762690075393185 0.8949455926796431 0.0 0.0 0.0 0.0 0.0 0.0
18.813586586474674 4.679952911249102 23.237076449323716 -0.9563675396831177 -0.06696231565735596 0.284389130105677 0.23977910690604096 0.3762690075393185 0.8949455926796431 0.0 0.0 0.0 0.0 0.0 0.0
18.739310124035914 5.144092177230256 23.497351017847837 -0.6768117867713646 -0.596101621166656 0.43195909821398154 0.23977910690604096 0.3762690075393185 0.8949455926796431 0.0 0.0 0.0 0.0 0.0 0.0
18.510754393506712 5.472350059910107 23.85609067640145 -0.14012392037553517 -0.898771954507117 0.41542058293980355 0.23977910690604096 0.3762690075393185 0.8949455926796431 0.0 0.0 0.0 0.0 0.0 0.0
18.2502574109189 5.59573284728016 24.30952546990742 0.44979936611797533 -0.8599837956645827 0.24105684274503297 0.23977910690604096 0.3762690075393185 0.8949455926796431 0.0 0.0 0.0 0.0 0.0 0.0
18.092292207990635 5.523082301369043 24.81790917830198 0.868836353178903 -0.4944734146867647 -0.024888422264062016 0.23977910690604096 0.3762690075393185 0.8949455926796431 0.0 0.0 0.0 0.0 0.0 0.0
18.132378279107478 5.33771652502145 25.320619570058337 0.9577878834979878 0.05889568368518025 -0.28137815954281 0.23977910690604096 0.3762690075393185 0.8949455926796431 0.0 0.0 0.0 0.0 0.0 0.0
18.390792128404527 5.165776021623048 25.75918980149333 0.6828597835167309 0.589889327141805 -0.43096762961929147 0.23977910690604096 0.3762690075393185 0.8949455926796431 0.0 0.0 0.0 0.0 0.0 0.0
18.804863886840426 5.128300808907516 26.099520948196194 0.14850183497071995 0.8967741527936486 -0.4168252918088842 0.23977910690604096 0.3762690075393185 0.8949455926796431 0.0 0.0 0.0 0.0 0.0 0.0
19.252786643230518 5.295245292538334 26.344836756515793 -0.4422744434989452 0.8629594845349071 -0.24432405669304105 0.23977910690604096 0.3762690075393185 0.8949455926796431 0.0 0.0 0.0 0.0 0.0 0.0
19.599892926308843 5.658901417821944 26.53445888842455 -0.8650232664489941 0.5012920801881808 0.020999972440878867 0.23977910690604096 0.3762690075393185 0.8949455926796431 0.0 0.0 0.0 0.0 0.0 0.0
19.749817128582123 6.136827088557627 26.728867964711966 -0.959135288057303 -0.0508245665786681 0.278345760943693 0.23977910690604096 0.3762690075393185 0.8949455926796431 0.0 0.0 0.0 0.0 0.0 0.0
