t = 0
b =  30.0 30.0 30.0
E = 0. 0. 0.
8.861732839575719 0.32565825193052256 16.310140407927012 -0.232974230172316 -0.21179825791224663 0.9491388233661893 0.6399582763706041 0.7014953077211507 0.3136203720263938 0.0 0.0 0.0 0.0 0.0 0.0
8.826992147259547 0.8143422918541395 16.5307443415721 0.24064686529210244 -0.5705769677884205 0.7851948866711094 0.6399582763706041 0.7014953077211507 0.3136203720263938 0.0 0.0 0.0 0.0 0.0 0.0
8.847106915458674 1.1729632940171564 16.930333474340056 0.6228421932310221 -0.7125839480635942 0.32294228477124337 0.6399582763706041 0.7014953077211507 0.3136203720263938 0.0 0.0 0.0 0.0 0.0 0.0
9.00919858120257 1.3691507627975912 17.40353731108301 0.7684093585953264 -0.5838683727011311 -0.26200149042028664 0.6399582763706041 0.7014953077211507 0.3136203720263938 0.0 0.0 0.0 0.0 0.0 0.0
9.346449184416308 1.4322454176493589 17.817017899840774 0.622044961509898 -0.23333144079088952 -0.7474065189698285 0.6399582763706041 0.7014953077211507 0.3136203720263938 0.0 0.0 0.0 0.0 0.0 0.0
9.825494956178897 1.4421521632310592 18.060127149082184 0.23935528350971308 0.20585200656946426 -0.948859314992117 0.6399582763706041 0.7014953077211507 0.3136203720263938 0.0 0.0 0.0 0.0 0.0 0.0
10.359101772348852 1.4989828801874117 18.08694388761524 -0.23426946850274505 0.5668288349720645 -0.789824593167149 0.6399582763706041 0.7014953077211507 0.3136203720263938 0.0 0.0 0.0 0.0 0.0 0.0
10.839306855802306 1.6850222479109414 17.93372008528398 -0.6188913326543699 0.7124579120960364 -0.3307223032349849 0.6399582763706041 0.7014953077211507 0.3136203720263938 0.0 0.0 0.0 0.0 0.0 0.0
11.178435640503753 2.0334664191142826 17.705108123524113 -0.7683860322193165 0.5874123167536554 0.2540269190781905 0.6399582763706041 0.7014953077211507 0.3136203720263938 0.0 0.0 0.0 0.0 0.0 0.0
11.342410804983507 2.5158112464045748 17.534401605961087 -0.625958031414773 0.23919896126635648 0.7422670677299625 0.6399582763706041 0.7014953077211507 0.3136203720263938 0.0 0.0 0.0 0.0 0.0 0.0
11.363698816506464 3.052681484441939 17.532894889842574 -0.24571810901557156 -0.1998900787993959 0.9485075473075486 0.6399582763706041 0.7014953077211507 0.3136203720263938 0.0 0.0 0.0 0.0 0.0 0.0
11.328975377347792 3.543986772727431 17.747600498977647 0.22787423118634767 -0.563037535945361 0.7943941514624876 0.6399582763706041 0.7014953077211507 0.3136203720263938 0.0 0.0 0.0 0.0 0.0 0.0
11.34619587635812 3.9069476369781766 18.143388279934243 0.6148933411065985 -0.7122776197000824 0.3384771359148905 0.6399582763706041 0.7014953077211507 0.3136203720263938 0.0 0.0 0.0 0.0 0.0 0.0
11.503581331821344 4.107544795406441 18.616331934672836 0.768304190272023 -0.5909115270840024 -0.2460330026027025 0.6399582763706041 0.7014953077211507 0.3136203720263938 0.0 0.0 0.0 0.0 0.0 0.0
11.836101751631803 4.17344365264285 19.033192358726705 0.6298234321920582 -0.24504826581482947 -0.7370710899790864 0.6399582763706041 0.7014953077211507 0.3136203720263938 0.0 0.0 0.0 0.0 0.0 0.0
12.312190442627864 4.183483749976314 19.282037404627864 0.2520622221360896 0.19391292862591822 -0.9480835471009578 0.6399582763706041 0.7014953077211507 0.3136203720263938 0.0 0.0 0.0 0.0 0.0 0.0
12.845736725090996 4.2377263054915355 19.31476677613587 -0.22146164036499716 0.5592033594304038 -0.7989032135675715 0.6399582763706041 0.7014953077211507 0.3136203720263938 0.0 0.0 0.0 0.0 0.0 0.0
13.328800819664625 4.419439284384276 19.165386134973623 -0.6108485230502482 0.7120430846056902 -0.34620619225043 0.6399582763706041 0.7014953077211507 0.3136203720263938 0.0 0.0 0.0 0.0 0.0 0.0
13.672621974188575 4.763462506817351 18.937087781394496 -0.7681638389860324 0.594365737213752 0.23802034976150938 0.6399582763706041 0.7014953077211507 0.3136203720263938 0.0 0.0 0.0 0.0 0.0 0.0
13.841340157445348 5.242971417750047 18.763046174032826 -0.6336408694765242 0.2508789089891147 0.7318189814110203 0.6399582763706041 0.7014953077211507 0.3136203720263938 0.0 0.0 0.0 0.0 0.0 0.0
13.865619884567412 5.779668183880727 18.755822726510516 -0.2583871397424962 -0.1879210112321642 0.9475873466615992 0.6399582763706041 0.7014953077211507 0.3136203720263938 0.0 0.0 0.0 0.0 0.0 0.0
13.83100025505501 6.2735283495880925 18.9646018444756 0.2150321843823063 -0.5553265974145852 0.8033514360998616 0.6399582763706041 0.7014953077211507 0.3136203720263938 0.0 0.0 0.0 0.0 0.0 0.0
13.845397218738551 6.640801799941427 19.35650494757713 0.6067571865138685 -0.7117543246736215 0.3539088836440367 0.6399582763706041 0.7014953077211507 0.3136203720263938 0.0 0.0 0.0 0.0 0.0 0.0
13.99810450217957 6.845830829590028 19.829081591841078 0.7679649890496332 -0.5977746840914353 -0.22998957074914989 0.6399582763706041 0.7014953077211507 0.3136203720263938 0.0 0.0 0.0 0.0 0.0 0.0
14.325869429038509 6.914597101190979 20.249232106216127 0.6374100525555365 -0.2566904467631663 -0.7265111419941686 0.6399582763706041 0.7014953077211507 0.3136203720263938 0.0 0.0 0.0 0.0 0.0 0.0
14.798931997433616 6.92485077737549 20.5037743829139 0.26469238016782226 0.18191478292583602 -0.94701898377706 0.6399582763706041 0.7014953077211507 0.3136203720263938 0.0 0.0 0.0 0.0 0.0 0.0
15.332331202216537 6.976571934051903 20.542443652461696 -0.20858635286624655 0.5514075451283361 -0.8077384803099923 0.6399582763706041 0.7014953077211507 0.3136203720263938 0.0 0.0 0.0 0.0 0.0 0.0
