t = 100
b = 30 30 30
E = -0.784361317793385 -0.986458439538486 0.2020971217451
8.8305618654863 0.352474490679228 16.4015184234944 -0.394590282671423 -0.123069411980597 0.910578010551724 0.57399953848619 0.740823037346147 0.348863352331142 0.181649704577566 -0.0215972215897271 0.555219505973994 0.14283002847325 0.106325492896372 -0.336029942648036
8.85170338316681 0.789165443829442 16.6520981285427 0.173969951384162 -0.621413441398394 0.763923865109927 0.464775002684742 0.735728335330642 0.49263363772355 -0.110892131971487 -0.105831150863084 0.0321028541588976 0.267891777998953 -0.0600025703565695 -0.370517820564484
8.95947947101683 1.08666444473584 17.0361475606749 0.660174671859744 -0.67006608000652 0.339382869117769 0.573335081340601 0.74144842144803 0.34862731402005 -0.0264061677752471 -0.254612225358439 -0.0135796856456786 0.684193635495882 0.0241386881899568 0.061137086141597
9.23009625321445 1.30406075317437 17.4197037322427 0.82883890278922 -0.521509165697235 -0.202618222789126 0.555637814881045 0.724852801743477 0.407252889437858 0.397144614961861 -0.263971691177903 -0.211826231003284 0.0445795190262258 0.00490364704887498 0.234952351460919
9.5165959063268 1.6174897020369 17.6774013415784 0.607058407345207 -0.462375479619831 -0.646288551501358 0.710651870079537 0.679822988271155 0.18114774377993 0.721108669630522 0.494454933110424 -0.116681537224845 0.342511003690767 0.17188508128741 -0.484132106153132
9.9421875994116 1.63382681461634 17.8770562327961 0.277756679865332 0.148994970191362 -0.949026662939957 0.737014533228535 0.60059219914642 0.309997534260713 0.187127542659716 0.411393597610942 -0.311044570861505 0.377708437284299 0.198770383241733 -0.0777272988913726
10.4289568808835 1.78435304699929 17.9500451603719 -0.252249550727654 0.440048732928704 -0.861816197544878 0.690025815740579 0.706190229951548 0.158617827295579 -0.164811637230128 0.639727272902627 -0.358098965995741 0.499927498023569 0.743964418442401 -0.253228285988086
10.8646987445204 1.84046681762757 17.8778981328874 -0.589370371928769 0.664557894112875 -0.459353080791335 0.65989630566388 0.724029037891705 0.200795169938612 -0.0167459278581581 -0.0757701989697672 -0.293759770338303 0.317379962899382 0.0454773291892144 -0.100817940512717
11.2159770749132 2.13411222009875 17.7425673659707 -0.767744520883273 0.498549267066238 0.402513183966747 0.632970176014114 0.687726361233051 0.355501180535932 -0.0373637008981704 0.316994888315977 0.241655782716196 0.185410562841253 -0.396948281070333 0.0322362084126288
11.2563026613669 2.55652777571358 17.6312164266999 -0.547178329112204 0.231713678755129 0.804303754015178 0.642630429344159 0.731990594983583 0.226309039872327 -0.0542031329544473 0.514975401043446 0.0231795574499051 0.302347897721959 -0.136940515018819 0.27709917628698
11.488400465523 2.95388512206064 17.6847851748116 -0.372932503992091 -0.201789612950696 0.905650142934988 0.591327279112661 0.700479921371385 0.399574535771773 0.607595307126873 0.0583221889739215 0.184921336495478 0.391963801024912 0.0504573783809089 -0.0900533261939662
11.4286159556814 3.30361461240994 17.9081085243883 0.531335454587895 -0.463106098487502 0.709376672138312 0.496564869369203 0.848680261925075 0.182112672642512 0.406589955744641 -0.0773869271176068 0.943795771660479 0.146724369212627 -1.00521019236663 0.307761957577363
11.708315614722 3.69424256115068 17.9804261463077 0.355115616060251 -0.788071892007938 0.502827486657738 0.75156219649522 0.560551037000545 0.347759515440081 0.678113382328028 -0.266674091359757 -0.157497548961865 0.320209722376135 0.565179578700179 -0.460534104223916
11.7286684598581 3.92136056016144 18.4228522697333 0.776323345936468 -0.608179038440771 -0.165650841586874 0.619713163146778 0.688373623163041 0.376957864526682 0.366968780131882 -0.0792481112696925 -0.736137838043875 0.461615314349431 -0.0953406730429932 -0.212851849162286
12.0132497250644 3.95579526860455 18.8065144384895 0.692143427748048 -0.147409153271584 -0.706546458340576 0.626325281457082 0.609151121007816 0.486468331340641 0.151070393939171 -0.795054022169743 -0.248945549889617 0.161779728635178 -0.225578059257342 -0.0123809817219248
12.3854784161717 4.23853014245336 19.0674127934724 0.263548577035691 -0.0768657739257638 -0.961578746430706 0.749414246168049 0.643961237032681 0.153922367074183 0.461159770352926 0.138034225461234 -0.305950013989653 0.357996671372996 0.250836243406063 -0.385539987051034
12.7987459036481 4.32909801183896 19.1741275152141 -0.266538699200429 0.420837961502356 -0.867094235507504 0.753067305461533 0.652409536579775 0.0851546634030678 -0.0674597870528403 0.0163489096454945 0.0678520915216367 0.35243329824013 -0.118263303630181 -0.224204207886139
13.2013426610202 4.46520168892192 19.0642264560854 -0.663914147212943 0.739777411476942 -0.109303586286079 0.693071862942293 0.663601439984723 0.281574861784931 -0.157084656906564 0.0763571137561228 -0.913905861121532 0.639733743057446 -0.279533964486103 0.0290239083174072
13.4535550852821 4.79544948690517 18.8388792577357 -0.5878571509916 0.538260716249609 0.603903359135573 0.702281752734893 0.710090202454978 0.0507161924158767 -0.203941039140815 0.3986544240302 -0.045229520059883 0.605898625373981 -0.538963041773673 0.874319377858117
13.7844202353745 5.14321960740765 18.9176292459157 -0.709467733316798 0.289209974411286 0.642660881322435 0.465768107065615 0.876785033666572 0.119615916280571 0.112561752274357 -0.174534601283721 0.446450087286806 0.532768209518914 0.373292338623234 -0.158145192389316
13.8380942954877 5.64622350479431 18.949815520741 -0.338453220329811 -0.140763968730634 0.930394972332898 0.328372211425384 0.908921804260638 0.256968367215361 -0.0310336653559531 -0.0850668312319934 0.668216654101208 0.591037438425543 0.0666062116121462 -0.100322238412112
13.8218621699958 6.08725307012675 19.1397869210069 0.257099788787801 -0.502574858361571 0.825419948353841 0.287899880960512 0.855180895257303 0.43102110580329 -0.0720921528129496 -0.348419607143872 0.200244292277091 0.590583248508958 -0.347923206193595 -0.0758909440038993
13.8572474708793 6.41186279801637 19.4555376390968 0.700917679115541 -0.603446782518108 0.380218711530861 0.544440970843184 0.797047128379294 0.261342275954487 -0.694294897393733 -0.821606315138451 0.216157254870688 0.487845811817981 -0.0627829410858671 -0.00507190678772444
13.980707846692 6.75556580389984 19.7882276681569 0.681996806337701 -0.721370514486988 -0.120435960110037 0.725139318888851 0.64554495804271 0.239675940427454 -0.239271560043055 0.0206162460561078 -0.550584992767101 0.181878179428889 -0.075197229158065 -0.226829564738713
14.2191325394112 6.89392558462672 20.1458505790167 0.564115539896448 -0.205286955963894 -0.799769220214546 0.699758189581892 0.633024559433521 0.331086491504387 -0.511988177471998 -0.49402133814288 -0.0633944408939469 0.130078293889597 -0.0672552250405201 -0.0586228806250306
14.5941512328696 6.98701397970012 20.3663781613775 0.0967138622170788 0.288226022996081 -0.952665772366335 0.716153621303194 0.644557287051114 0.267712114372796 -0.275659785411668 -0.186112271554786 -0.65447810713434 0.474259494133359 0.0912305716146235 0.227806027277669
15.0618546432129 7.02958450887633 20.3474935164772 -0.328294527132378 0.732504478826541 -0.596372183969988 0.757260872376954 0.581490036618824 0.297363736724884 -0.380545043047277 -0.0559960448639108 -0.356855055661722 0.417818235622516 -0.379554840012911 1.06762095741682
