t = 100
b = 30 30 30
E = -0.66305109327964 -0.870845747292274 0.207794654012634
21.6355219540089 14.4979156019263 21.8065776815385 0.151078359646275 0.939766298200658 -0.306617874991078 0.361111521711973 0.236273566271775 0.902093759881078 -0.326689947063416 0.544397088996011 -0.416251956402885 0.0553065914376099 0.301226866631995 -0.597961608408823
22.0420050561733 14.6430740845243 22.1010054868176 -0.560514377180269 0.827706470280829 0.0269353489034056 0.485274060503515 0.301919161202457 0.820581374965483 0.00839141549301044 0.167733974487002 -0.577605725092801 0.341668682015387 0.354038181418707 -0.326550544331944
22.300290963392 14.9303318623456 22.3235342906559 -0.850843203426311 0.349623775887828 0.392210325356686 0.470787931180145 0.175859269489176 0.864541568285628 -0.238214491114127 -0.196733479514368 -0.172296212381165 0.416594107020786 0.0984243827401715 0.302022363172474
22.4096381496622 15.1749226085521 22.771563392782 -0.915945093995598 -0.271135891502047 0.295854345829283 0.264292449656613 0.147209207395342 0.953141559211256 -0.267784844502012 -0.105634056731925 0.267794316025446 0.308740554882417 0.433325080155387 -0.0945595854731827
22.2274789342263 15.3907354321005 23.182732819795 -0.603386622995879 -0.771289312649829 0.202576554155105 0.065310068803382 0.205381864115884 0.976500270280487 -0.285375314379104 0.0219198744531646 0.616783383903608 0.709231920588834 0.551313645351152 0.077866003659309
21.9638772550614 15.5043724724839 23.6273569275285 0.00632018355681353 -0.993468690157059 0.113929354203657 0.112653254262795 0.113913720787587 0.987082974579339 -0.88380071127168 -0.0573744220108761 0.47191105764537 0.828801701589979 0.0304928640439105 0.361207973804806
20.9682636108809 15.7277107847718 23.9737767910881 0.52856660975303 -0.848808761065905 0.0118704587211908 0.213980480048434 0.146754899670891 0.965751125356861 -4.67194526425707 0.595590522859415 -0.492255634756906 0.301588685218946 -0.382482936685314 -0.208040395689162
22.0264717599541 15.3615094269662 24.4679378079966 0.896347190498605 -0.362422263232606 -0.255365812297917 0.314140270454396 0.112729312201986 0.942659998868275 -0.0730824030009039 -0.0974824123249676 -0.411772187552712 0.177888425584325 -0.355929881649071 -0.373912464745213
22.2544561350558 15.1044759095257 24.8471915747638 0.885911040683372 0.374748175005191 -0.273359315424592 0.236165987519258 0.142816067560404 0.961160277388004 0.0330780239300391 -0.0381161204909694 -0.202842594300071 0.298290270138312 0.227644612787972 0.441923115723653
22.6021614976182 14.9842588005834 25.2898165532166 0.496619623288063 0.81970483226314 -0.285399402659392 0.458623591722673 0.0313470300308197 0.888077500492999 -0.0933901960276607 0.397096718333876 -0.392949093669492 0.426063595228324 -0.241082047529873 -0.147454549590125
23.0181754134386 14.8587766438265 25.4771711917385 -0.0306642932279501 0.985677772108154 0.165827964069679 0.560295483201306 -0.12043820323469 0.819489778210342 0.0935191156172188 0.634474357581805 0.0729638016423563 0.465999096478535 -0.238557107437833 0.450714610115855
23.4223372994786 14.8370952187458 25.8555824438198 -0.567402219283771 0.813720102875947 0.126151482755524 0.438011840502377 0.16852621848012 0.883031382781606 -0.694289838026998 0.00833965564658275 0.0251452868587883 0.391963825452893 0.0641114474003938 0.100134101937178
23.6842774361991 15.1494270848769 26.144178637612 -0.916403126208589 0.207330392249191 0.342373045330604 0.399024712784654 0.406176313368251 0.822070540300325 -0.310440593356516 0.152085113822729 0.291836596536508 0.353453455517159 0.0606401268864516 0.216151610399553
23.7665576942005 15.5056042086012 26.4442533125582 -0.798273352621005 -0.443750517701151 0.407240737184873 0.351969996852244 0.204981863013355 0.913290446346939 -0.427341284717362 0.0225417393370638 0.306428172447032 0.773487766557995 -0.308684283904724 0.00214736090932492
23.8491221894495 15.8524306346126 26.815070415105 -0.540629757563194 -0.777781943100793 0.320584770412424 0.338326619381824 0.147884009893695 0.929335945496974 0.213606524734792 -0.379125507335485 0.568467528075698 0.322418437409156 -0.17407583749217 0.322651120494789
23.7869970534812 15.9589764387289 27.2818874799819 -0.0757384337749194 -0.996108516950266 0.0450709778335458 0.340660444384141 0.0166321212851788 0.940039209412177 -0.176899072181093 -0.438235018216532 0.382080026485937 0.398273979170243 -0.151121103788859 -0.525617462440009
23.6296688871215 15.9617438620892 27.6792896333046 0.536721725314507 -0.843156217608618 -0.0318945647213697 0.204248513717028 0.0931548697834029 0.974476576861675 0.284781105448017 0.24144123943136 0.35884678495127 0.362203971539044 -0.0398584297414765 0.411388585675274
23.6093931077231 15.8357454006889 28.1608309112672 0.907422889308104 -0.325970128688483 -0.265192488664304 0.31924136082527 0.124383006267225 0.939475226965701 -0.259391913871076 -0.240663981095617 0.018396288467757 0.277542831366045 0.195292547259579 -0.0282068107385779
23.8135612561076 15.6336671517038 28.5586114124101 0.861825127920381 0.306696736201312 -0.403973318523879 0.459086689949544 -0.133081285206272 0.87836704774413 -0.0876718672071511 0.280588963437436 -0.100922794243833 0.373936768457433 -0.0689416442076884 -0.0733428484218766
24.0944767322515 15.4006383284754 28.8324648346097 0.558411529590195 0.773118885997666 -0.300771728272074 0.549757541035249 -0.0733650880969853 0.832096207277615 -0.0145450182936389 -0.0651268747673752 -0.317867279934208 0.674715723366431 -0.0481440719389502 0.0146146012456059
24.3995496247894 15.2790466107547 29.2226442349249 0.198838027878953 0.885742814486948 -0.419431753729569 0.663092071201025 0.193550009971367 0.72308173255805 -0.679767377403266 0.412354451554188 0.103599059483021 0.667671950987828 0.225819058868315 -0.632452777856274
24.8270564494312 15.3022510833367 29.369150394478 -0.383893502323185 0.922547206514691 0.0391448021870109 0.583000712338196 0.209289510136419 0.785052838327366 -0.314774211557986 0.110200565117339 0.133449819068913 0.829086179729309 -0.374179295414131 -0.64124032058212
25.2069789736646 15.5066348033629 29.5619329187098 -0.791673284688452 0.49651335154297 0.35598846194398 0.538109331564077 0.290774005569719 0.791131286991964 -0.112254155785036 0.0341352063778582 0.120042534935552 0.626337546548433 -0.0908968973307311 -0.0989030076356893
25.4363192574445 15.8526554220274 29.7362908726776 -0.779927548062083 -0.150721644946141 0.607450316312589 0.572095459644399 0.221913074454268 0.789595626747441 0.0843511881848272 0.0615451471690764 -0.393879201150462 0.351900883740534 -0.725162158982229 -0.262879837365493
25.6148060103067 16.0668198990086 30.1310989174893 -0.653976562619862 -0.58990408456542 0.473632466000061 0.511814868504648 0.116038970335645 0.851222873077533 0.19193217596344 -0.467980378779693 -0.0361980678501304 -0.00615765690037584 -0.239541143065643 -0.0327704931805412
2.24383168325854 18.1719719988762 19.8103176495379 -0.623044622545511 0.760564688244413 0.182638000961642 0.510792091288736 0.21878646910989 0.831398705182322 -0.199793427014947 -0.11632708521806 -0.124999595903903 -0.27572891906821 0.374803511149605 -0.560402901568759
2.52187311084921 18.5248118628224 19.9615253066049 -0.803870801043771 0.0923815800782054 0.587585959399529 0.558861245364383 0.455504142177431 0.692957409882075 -0.145201131446346 0.165721178790111 -0.629164824388706 0.167303635233647 0.46881317144775 -0.401778634309267
2.6228221204909 18.8866025361005 20.3122169450357 -0.576460512585456 -0.419155244556214 0.701428570483884 0.683344396642202 0.223379656783991 0.695084056664859 -0.12135436638718 0.0266252769823699 -0.027174744181874 0.517819358259777 0.279360574919916 0.17538473940498
2.82772997010144 19.0821757097637 20.7278634623048 -0.355225299021747 -0.802068520658046 0.480105154601542 0.675184454957118 0.135051267914294 0.725180659379013 -0.237942612512063 -0.321520533396723 -0.327449431993369 0.424831902820059 0.569562358503318 -0.320549650788901
2.86972379925147 19.1746085179462 21.1727714312206 0.289341909190446 -0.951949487786797 0.100365897632488 0.685444323445065 0.279236567498837 0.672452898377205 -0.165739497474044 -0.338651215083279 0.108445638030985 0.550532169720597 -0.0851684913602353 -0.125088032868932
3.013506127639 19.2224005819893 21.6163849938978 0.573393463173045 -0.722982360988912 -0.385378156264845 0.697643715884618 0.184248777232007 0.692347828511618 0.213685451777785 0.0245585679179408 -0.166362399595864 0.316505748579324 0.0404892726418105 0.155391726884957
3.28070095370225 19.0607675882126 21.9885215941557 0.661059065889736 -0.118971757388049 -0.740841759946124 0.750331995754065 0.102658511321601 0.65304135288598 -0.122715396697815 -0.353766029475981 -0.444556413759603 0.365519862187074 0.0387024956789191 -0.107493805392612
3.6675405688695 18.7998342293365 22.2077320010193 0.490442330606272 0.520294355653494 -0.699113714243326 0.814555913403071 0.0114804460986804 0.57997133461064 0.502551750994317 -0.0875449862998975 -0.489009338431361 0.425781801713922 -0.4207420103178 0.0102562969396493
4.1343182183984 18.7210912626876 22.314156899982 0.172619751542206 0.84228251595886 -0.510649063243229 0.699101222375196 0.2604405800417 0.665903947373953 0.215618239789647 0.460856752161751 -0.517836546432781 0.364400582795946 -0.163088141773431 -0.0988095178342348
4.63371493637909 18.8132004828004 22.4583050625101 -0.202290850043913 0.943947576582504 -0.260847218296062 0.664457944985515 0.327960536246147 0.67151873230513 -0.0892249526078594 1.03720131021958 0.203704895291733 0.281880674452277 0.184265408947279 -0.273947969216015
5.09905215157121 18.9832387418628 22.4069781007195 -0.489684807095189 0.723511086382724 0.486559737747671 0.740049081867619 0.0498307897022015 0.670704206514833 0.053539369289183 0.0172962235264494 0.698140053604121 -0.0146013933139637 0.0216876546948783 0.302864872434591
5.57008581541058 19.1232902595356 22.6325839207979 -0.76797160718409 0.0668328011365747 0.636987337761797 0.639831025640068 0.12494446565611 0.758290855486377 0.0289259763013208 -0.22899720360807 0.467362921268548 -0.257561815765578 0.329494623233646 0.107950420110532
6.85821432457131 19.2974823553401 22.9755367759458 -0.823641026831073 -0.307788187581796 0.476321084323946 0.398042221985605 0.284515849563935 0.872131303713425 4.54638358276915 -1.48642847454889 0.846961626057792 0.542953650786245 0.850150276505011 -0.414882790777962
6.05926657510888 19.8136590976493 23.2546786034427 -0.488635816640157 -0.767736732905932 0.414506011917124 0.469513229758191 0.169050167385322 0.866590596325597 0.979756050531928 -0.525010807051421 0.185424697305758 0.724321183490563 0.561639824756222 -0.875557486159378
6.02687025274487 20.0529741004085 23.6896831860956 0.187507570053299 -0.981963503200094 0.0242584115234883 0.613074720990397 0.136291782577436 0.778179814610259 0.11324183859026 -0.558897927517419 0.25925731594509 0.538865935302471 -0.193948732302696 -0.204352303183131
6.10125176313128 20.0298827315815 24.1724434452803 0.572773877778225 -0.622588773134493 -0.533210265313378 0.721907052481479 0.0749871815401911 0.687914975839652 0.177141522078263 -0.0194353542265729 0.128790494745937 0.543238284247042 -0.23548685011657 0.082213823855717
6.40354563802161 19.751688236698 24.4837607341253 0.67679747374802 -0.0157636775521886 -0.736000386841684 0.736072817928912 0.0306661728219534 0.676207274192688 0.23594966573211 -0.41516638439605 0.445425311150266 0.629542597158646 -0.134890801449419 0.370977867122406
6.68930597321717 19.658367320691 24.702519253937 0.570528149029923 0.410021108275221 -0.711603964893255 0.787662132063432 -0.0278183884664497 0.615478991899075 0.127072487335347 0.0867810521548492 0.00627219041359325 0.281640770311029 -0.304790830828523 -0.0298009049784566
7.10456702976878 19.5897472771189 24.8879317327744 0.234461072707717 0.776614203117472 -0.584720675497264 0.831932553363833 0.150871090149689 0.533971931114206 0.133727729468023 0.312306573079776 0.172999381714289 0.338361307213797 -0.272033184985236 -0.479689310525714
7.57268421410142 19.584226438064 24.9631129133066 -0.171950681052604 0.968011996873325 -0.182717325889743 0.809641370388016 0.244530941863855 0.533559135974826 0.0631295064054479 0.050026827887441 0.140454797516575 0.53053530755188 0.209571456591252 -0.311897614946534
8.03275173019455 19.7566666213504 25.0152449254849 -0.486572369516795 0.847376124899603 0.212605082590083 0.811170725351376 0.347829647322805 0.470123894577589 -0.27631076320839 0.00721413847273084 0.640002338761257 0.457261151202073 0.1497652965068 -0.312159931528028
8.3617743495007 20.0850241968048 25.0351145636969 -0.502786092666773 0.258002976239306 0.825009387994557 0.85930756675759 0.252737691998399 0.444650476580121 -0.197151947257662 0.410216260648577 0.790306381774034 0.365445340828373 -0.516579359203511 -0.164013768614775
8.62377225519377 20.3711948106391 25.2539430713691 -0.348165180965973 -0.46774953644284 0.812398461252923 0.85541339051232 0.195978764451999 0.479437312625581 -0.619991438644472 -0.56363446367764 0.158606054217109 0.163756581068349 0.071436190327099 0.265910552923797
8.92834302771808 20.5636436665102 25.5782759427371 -0.256126981686931 -0.859596920275749 0.442144755457712 0.71310753571565 0.140773036542814 0.686775418714425 -0.0802637948123161 -0.365083752995305 0.254920197297361 0.230856757241336 0.325827118886565 -0.0467923166697856
8.92072509760428 20.7343207600875 26.0075577058066 0.413193957204662 -0.910609538154117 -0.00780423713457608 0.668217065831448 0.29736249488056 0.68195409061684 0.0476260670046611 -0.66448222425851 -0.0167263108982731 0.285802923969055 -0.79461013981393 -0.157445743480981
9.10705470519414 20.768329098516 26.4421720674748 0.593357050859993 -0.684705983618404 -0.423207995077539 0.761958543562069 0.30827110346901 0.569550688167686 0.445673712916056 -0.624545952213056 -0.216231970013865 0.252300145523896 -0.300343481374397 -0.0299653024422915
9.37187726901657 20.7857319135467 26.830344817112 0.562880614018901 -0.291294198682664 -0.773506939713007 0.826405056497473 0.215135260565779 0.520356976630784 0.0298181858313285 0.0504929750767374 -0.340902664490041 -0.01584207966961 0.472516826594778 0.365129398547098
