t = 0
b =  30.0 30.0 30.0
E = 0. 0. 0.
21.5370450310757 14.318318823316895 21.937631987815088 -0.01444793637470218 0.9945894341799946 -0.10287426574236452 0.3870961032858436 0.10042592104309328 0.9165540034300008 0.0 0.0 0.0 0.0 0.0 0.0
22.010629222545674 14.461468027537258 22.147182509263178 -0.5522954514471451 0.8212445833374684 0.14327270727414151 0.3870961032858436 0.10042592104309328 0.9165540034300008 0.0 0.0 0.0 0.0 0.0 0.0
22.35831764848027 14.791819960369896 22.389392048842492 -0.8803166906272915 0.33589518480781977 0.33498798340527636 0.3870961032858436 0.10042592104309328 0.9165540034300008 0.0 0.0 0.0 0.0 0.0 0.0
22.505337857087174 15.198739211148432 22.70796210977945 -0.8738909009279459 -0.277066410298328 0.3994357239403368 0.3870961032858436 0.10042592104309328 0.9165540034300008 0.0 0.0 0.0 0.0 0.0 0.0
22.453154607330532 15.542501164981559 23.117583556556873 -0.5354593472893643 -0.784765843828791 0.31213115474129266 0.3870961032858436 0.10042592104309328 0.9165540034300008 0.0 0.0 0.0 0.0 0.0 0.0
22.27891338251103 15.707375720021219 23.59835530987879 0.006402164787322119 -0.9943196127034782 0.10624274130141789 0.3870961032858436 0.10042592104309328 0.9165540034300008 0.0 0.0 0.0 0.0 0.0 0.0
22.10613153135624 15.64559508805881 24.1033450994233 0.5458313874228177 -0.8261147365747171 -0.14000906584277487 0.3870961032858436 0.10042592104309328 0.9165540034300008 0.0 0.0 0.0 0.0 0.0 0.0
22.057771962139093 15.395501575900457 24.57641981800356 0.8778901401622459 -0.34405506011938286 -0.33306908804654745 0.3870961032858436 0.10042592104309328 0.9165540034300008 0.0 0.0 0.0 0.0 0.0 0.0
22.209527477994783 15.066980701962184 24.973571427483574 0.8764237511136133 0.26871688596915344 -0.39959059508324624 0.3870961032858436 0.10042592104309328 0.9165540034300008 0.0 0.0 0.0 0.0 0.0 0.0
22.561063815493533 14.799713850635767 25.279636348241226 0.5419893259932128 0.7793987943712607 -0.3143009542493417 0.3870961032858436 0.10042592104309328 0.9165540034300008 0.0 0.0 0.0 0.0 0.0 0.0
23.036146636906153 14.710110979010098 25.51405635658825 0.0016440943496935922 0.9939740699387899 -0.10960312606438538 0.3870961032858436 0.10042592104309328 0.9165540034300008 0.0 0.0 0.0 0.0 0.0 0.0
23.511604229677516 14.847084527902414 25.723492328900225 -0.5393257562250658 0.8309219779763428 0.13673476217897745 0.3870961032858436 0.10042592104309328 0.9165540034300008 0.0 0.0 0.0 0.0 0.0 0.0
23.86412249934747 15.173466767819434 25.964096994553266 -0.8753967349641372 0.3521887343060548 0.33112482818723477 0.3870961032858436 0.10042592104309328 0.9165540034300008 0.0 0.0 0.0 0.0 0.0 0.0
24.01709405573795 15.580130440803154 26.280181575210445 -0.8788898582374209 -0.2603468978087323 0.3997150358552626 0.3870961032858436 0.10042592104309328 0.9165540034300008 0.0 0.0 0.0 0.0 0.0 0.0
23.9697226412889 15.927448030239548 26.68738121086788 -0.54847803011149 -0.7739723906779739 0.31644681852285944 0.3870961032858436 0.10042592104309328 0.9165540034300008 0.0 0.0 0.0 0.0 0.0 0.0
23.797325642618052 16.098338588867822 27.166714908764618 -0.009690228282559193 -0.9935528322003485 0.11295516412495776 0.3870961032858436 0.10042592104309328 0.9165540034300008 0.0 0.0 0.0 0.0 0.0 0.0
23.622719756105287 16.04274874813384 27.671796739877774 0.532779053282893 -0.8356659414523002 -0.13345004563364954 0.3870961032858436 0.10042592104309328 0.9165540034300008 0.0 0.0 0.0 0.0 0.0 0.0
23.569560871552277 15.79666882975154 28.146458628889732 0.8728366649154247 -0.36029558795705513 -0.32915535189025336 0.3870961032858436 0.10042592104309328 0.9165540034300008 0.0 0.0 0.0 0.0 0.0 0.0
23.715365132230584 15.468459520757714 28.54608954508142 0.8812890344957635 0.2519570832240691 -0.3998090367797386 0.3870961032858436 0.10042592104309328 0.9165540034300008 0.0 0.0 0.0 0.0 0.0 0.0
24.062059256052 15.197683836812654 28.854583978759155 0.5549249655042552 0.7684870459905808 -0.3185685841459728 0.3870961032858436 0.10042592104309328 0.9165540034300008 0.0 0.0 0.0 0.0 0.0 0.0
24.535248543220845 15.102084799181629 29.09046069365704 0.01773562426702395 0.9930559315670389 -0.11629860021245822 0.3870961032858436 0.10042592104309328 0.9165540034300008 0.0 0.0 0.0 0.0 0.0 0.0
25.012480666499414 15.232852892397858 29.299827138977157 -0.5261917771530744 0.8403462657314038 0.13015516635067387 0.3870961032858436 0.10042592104309328 0.9165540034300008 0.0 0.0 0.0 0.0 0.0 0.0
25.369767357619292 15.555177943329094 29.538862458562246 -0.8702101249753542 0.3683750037040916 0.3271608091388488 0.3870961032858436 0.10042592104309328 0.9165540034300008 0.0 0.0 0.0 0.0 0.0 0.0
25.528689623369836 15.961474087945613 29.852474094884666 -0.8836210971820797 -0.24354808113202675 0.3998725906981403 0.3870961032858436 0.10042592104309328 0.9165540034300008 0.0 0.0 0.0 0.0 0.0 0.0
25.48619043221455 16.312253439804834 30.257236700838735 -0.5613296412124178 -0.762943178039317 0.320666089538015 0.3870961032858436 0.10042592104309328 0.9165540034300008 0.0 0.0 0.0 0.0 0.0 0.0
2.2073851699023432 18.06020861385001 20.006735084936363 -0.5584775467264939 0.6879581260506563 0.4634829517935113 0.7651070657766439 0.21133378516604245 0.6082345017721761 0.0 0.0 0.0 0.0 0.0 0.0
2.5546989751249725 18.46525949462909 20.069917414746413 -0.6403166980350756 0.15015675723853922 0.7532910954425681 0.7651070657766439 0.21133378516604245 0.6082345017721761 0.0 0.0 0.0 0.0 0.0 0.0
2.7560525688829127 18.904538612945387 20.304812473464935 -0.47888883023584217 -0.44469167413560123 0.7569113575775058 0.7651070657766439 0.21133378516604245 0.6082345017721761 0.0 0.0 0.0 0.0 0.0 0.0
2.848243438720334 19.242450250150227 20.7122454999595 -0.13552308923574424 -0.8705943036573187 0.4729683400857066 0.7651070657766439 0.21133378516604245 0.6082345017721761 0.0 0.0 0.0 0.0 0.0 0.0
2.909541816102227 19.381909888443097 21.22749167445857 0.2593301391902336 -0.9657436016590786 0.009336742586396052 0.7651070657766439 0.21133378516604245 0.6082345017721761 0.0 0.0 0.0 0.0 0.0 0.0
3.029954506872369 19.30122824235061 21.74486615972399 0.5556595119691313 -0.6939907590185841 -0.4578420395234977 0.7651070657766439 0.21133378516604245 0.6082345017721761 0.0 0.0 0.0 0.0 0.0 0.0
3.2770298008797254 19.06235138090339 22.157875537674013 0.6408845460193374 -0.15857922412019532 -0.7510789761077222 0.7651070657766439 0.21133378516604245 0.6082345017721761 0.0 0.0 0.0 0.0 0.0 0.0
3.670194747317651 18.787326380328267 22.39967643938754 0.48262682601859536 0.437079209324695 -0.7589684522977984 0.7651070657766439 0.21133378516604245 0.6082345017721761 0.0 0.0 0.0 0.0 0.0 0.0
4.173374493932389 18.611933599271424 22.468470458518812 0.14101110572316417 0.86668394357245 -0.47851312418410874 0.7651070657766439 0.21133378516604245 0.6082345017721761 0.0 0.0 0.0 0.0 0.0 0.0
4.708697726533645 18.634101450422172 22.42818739593588 -0.2541770912164603 0.9670209574742231 -0.0162626598800783 0.7651070657766439 0.21133378516604245 0.6082345017721761 0.0 0.0 0.0 0.0 0.0 0.0
5.186081283194414 18.876701759256527 22.384197259521578 -0.5527991615886085 0.6999705419033181 0.45216626080956734 0.7651070657766439 0.21133378516604245 0.6082345017721761 0.0 0.0 0.0 0.0 0.0 0.0
5.53745425357721 19.278860375142347 22.443278436486246 -0.6414035881641338 0.16698961457997016 0.7488096592009255 0.7651070657766439 0.21133378516604245 0.6082345017721761 0.0 0.0 0.0 0.0 0.0 0.0
5.742619255856199 19.719084278926008 22.673050798827095 -0.48632806789998095 -0.4294334592397775 0.7609677486319829 0.7651070657766439 0.21133378516604245 0.6082345017721761 0.0 0.0 0.0 0.0 0.0 0.0
5.836925759755053 20.06141881216382 23.07628578341249 -0.1464883836689363 -0.8627075821497747 0.4840214676554657 0.7651070657766439 0.21133378516604245 0.6082345017721761 0.0 0.0 0.0 0.0 0.0 0.0
5.897840231987309 20.207099124905454 23.589853476779705 0.24900468667310438 -0.968224670899482 0.023187338709247662 0.7651070657766439 0.21133378516604245 0.6082345017721761 0.0 0.0 0.0 0.0 0.0 0.0
6.015515330381643 20.13207259345032 24.108706724735285 0.5498967134116821 -0.7058970193212403 -0.44645604788424303 0.7651070657766439 0.21133378516604245 0.6082345017721761 0.0 0.0 0.0 0.0 0.0 0.0
6.258539401900695 19.896136814229827 24.52579030252789 0.6418737849423971 -0.17538728813406831 -0.7464833175394459 0.7651070657766439 0.21133378516604245 0.6082345017721761 0.0 0.0 0.0 0.0 0.0 0.0
6.647878622893953 19.620221497160607 24.772712984599252 0.4899922740161008 0.4217550061343197 -0.7629090943259024 0.7651070657766439 0.21133378516604245 0.6082345017721761 0.0 0.0 0.0 0.0 0.0 0.0
7.14891159816681 19.440445247010242 24.84573051461405 0.15195450595713947 0.8586655222046105 -0.4894929510180952 0.7651070657766439 0.21133378516604245 0.6082345017721761 0.0 0.0 0.0 0.0 0.0 0.0
7.684582607853852 19.45640182966437 24.80716811104236 -0.24381331945879725 0.9693546502674177 -0.030110251732800686 0.7651070657766439 0.21133378516604245 0.6082345017721761 0.0 0.0 0.0 0.0 0.0 0.0
8.164676363698666 19.693322835347743 24.761742074640754 -0.5469523884710175 0.7117697399481494 0.44071183560234767 0.7651070657766439 0.21133378516604245 0.6082345017721761 0.0 0.0 0.0 0.0 0.0 0.0
8.520092305381628 20.092491775648163 24.816776315031724 -0.6422951005468214 0.18377160526713543 0.744100128283208 0.7651070657766439 0.21133378516604245 0.6082345017721761 0.0 0.0 0.0 0.0 0.0 0.0
8.729097058685097 20.533551459151607 25.04142820307799 -0.49361916532347183 -0.41404443475225405 0.7647923415385665 0.7651070657766439 0.21133378516604245 0.6082345017721761 0.0 0.0 0.0 0.0 0.0 0.0
8.825581307721333 20.88022970072535 25.440414529442204 -0.15740905632139804 -0.8545580715554718 0.49492715759735567 0.7651070657766439 0.21133378516604245 0.6082345017721761 0.0 0.0 0.0 0.0 0.0 0.0
8.886184157416222 21.032111402999316 25.952219516953637 0.23860338491625185 -0.9704108095257266 0.03703087174410763 0.7651070657766439 0.21133378516604245 0.6082345017721761 0.0 0.0 0.0 0.0 0.0 0.0
9.001176656210438 20.96278793070787 26.472465692844317 0.5439664109883587 -0.7175882565536331 -0.434934061407886 0.7651070657766439 0.21133378516604245 0.6082345017721761 0.0 0.0 0.0 0.0 0.0 0.0
9.240166315505377 20.729890192756077 26.89356863575185 0.6426675028925924 -0.19214192748096082 -0.7416602729213007 0.7651070657766439 0.21133378516604245 0.6082345017721761 0.0 0.0 0.0 0.0 0.0 0.0
