t = 0
b =  30.0 30.0 30.0
E = 0. 0. 0.
12.858264577473799 27.834077735240648 6.499052071619 0.14181725509322052 0.8570091070271837 -0.49540211609387935 0.53561036252644 0.3544394817145147 0.7664816979917015 0.0 0.0 0.0 0.0 0.0 0.0
13.376072319063315 27.938305677978935 6.597524305374858 -0.37326060732982924 0.9135414430699665 -0.16161234732968288 0.53561036252644 0.3544394817145147 0.7664816979917015 0.0 0.0 0.0 0.0 0.0 0.0
13.808795293467334 28.250775421409646 6.659156999471774 -0.7465305244437185 0.6230041112920471 0.2335766541994152 0.53561036252644 0.3544394817145147 0.7664816979917015 0.0 0.0 0.0 0.0 0.0 0.0
14.071346611334793 28.705258971612228 6.774033499242948 -0.8361810139966709 0.09577710156100357 0.5400259796047522 0.53561036252644 0.3544394817145147 0.7664816979917015 0.0 0.0 0.0 0.0 0.0 0.0
14.143290440751237 29.181574915129275 7.012008938056965 -0.6081523561312664 -0.46783723036080915 0.6413104066053477 0.53561036252644 0.3544394817145147 0.7664816979917015 0.0 0.0 0.0 0.0 0.0 0.0
14.076605921452016 29.551247347265054 7.396171104235533 -0.14907645040642298 -0.8537123766471788 0.4989502879983603 0.53561036252644 0.3544394817145147 0.7664816979917015 0.0 0.0 0.0 0.0 0.0 0.0
13.975939420591954 29.726316016282013 7.89406900426282 0.3666360912531559 -0.9152479177355108 0.16703061297684046 0.53561036252644 0.3544394817145147 0.7664816979917015 0.0 0.0 0.0 0.0 0.0 0.0
13.958847628269272 29.692753893652842 8.430041537773803 0.7430574520171049 -0.6290654727469654 -0.22834678451750687 0.53561036252644 0.3544394817145147 0.7664816979917015 0.0 0.0 0.0 0.0 0.0 0.0
14.111135805514223 29.515796276717428 8.91396241456908 0.8371788635016622 -0.1038905372480132 -0.5369714208190084 0.53561036252644 0.3544394817145147 0.7664816979917015 0.0 0.0 0.0 0.0 0.0 0.0
14.45425893103625 29.31515680854741 9.275480639092832 0.6132420278577619 0.460754150308614 -0.6415916366679719 0.53561036252644 0.3544394817145147 0.7664816979917015 0.0 0.0 0.0 0.0 0.0 0.0
14.937170596104142 29.21954626343789 9.49074802985041 0.15632429297075395 0.8503506327644103 -0.5024604629066458 0.53561036252644 0.3544394817145147 0.7664816979917015 0.0 0.0 0.0 0.0 0.0 0.0
15.455716388673467 29.317773171823337 9.591479542278478 -0.35998365441864444 0.916884692728593 -0.17243615859613493 0.53561036252644 0.3544394817145147 0.7664816979917015 0.0 0.0 0.0 0.0 0.0 0.0
15.89220389589116 29.625003974766088 9.652904226928847 -0.7395277928886564 0.6350789284306078 0.22309952534387667 0.53561036252644 0.3544394817145147 0.7664816979917015 0.0 0.0 0.0 0.0 0.0 0.0
16.16011601945061 30.07700103942738 9.765184455401187 -0.8381129585949278 0.11199606126838262 0.5338759695805995 0.53561036252644 0.3544394817145147 0.7664816979917015 0.0 0.0 0.0 0.0 0.0 0.0
16.236980267727084 30.554527609778763 9.999161727937857 -0.6182849988295732 -0.4536359820439907 0.6418240070434407 0.53561036252644 0.3544394817145147 0.7664816979917015 0.0 0.0 0.0 0.0 0.0 0.0
16.172906431065993 30.92864784374954 10.3794428030751 -0.16356023083494117 -0.8469241313886904 0.505932373505326 0.53561036252644 0.3544394817145147 0.7664816979917015 0.0 0.0 0.0 0.0 0.0 0.0
16.071549034639645 31.10971169532176 10.875051178672066 0.3533038034351155 -0.9184516434024604 0.17782857253433831 0.53561036252644 0.3544394817145147 0.7664816979917015 0.0 0.0 0.0 0.0 0.0 0.0
16.05072725132305 31.081414465881267 11.41119558297362 0.7359418158555812 -0.6410440203950422 -0.21783527627762675 0.53561036252644 0.3544394817145147 0.7664816979917015 0.0 0.0 0.0 0.0 0.0 0.0
16.19766342808718 30.906991231821245 11.897684429193493 0.8389832281415102 -0.12009305635507617 -0.5307398616201222 0.53561036252644 0.3544394817145147 0.7664816979917015 0.0 0.0 0.0 0.0 0.0 0.0
16.53584585810481 30.705192781786348 12.263191107257304 0.6232808850049356 0.4464832676430115 -0.6420075000358503 0.53561036252644 0.3544394817145147 0.7664816979917015 0.0 0.0 0.0 0.0 0.0 0.0
17.016105185470877 30.605170206659295 12.482352155487149 0.17078371295430106 0.843433133461365 -0.509365755394967 0.53561036252644 0.3544394817145147 0.7664816979917015 0.0 0.0 0.0 0.0 0.0 0.0
17.535294665578597 30.69740824084342 12.585403263747494 -0.34659704699908367 0.9199486504277526 -0.1832074441382519 0.53561036252644 0.3544394817145147 0.7664816979917015 0.0 0.0 0.0 0.0 0.0 0.0
17.97547733791718 30.99934859883878 12.646692229351896 -0.7322997940039138 0.6469602943754207 0.21255443821170475 0.53561036252644 0.3544394817145147 0.7664816979917015 0.0 0.0 0.0 0.0 0.0 0.0
18.248732249170725 31.448763576293647 12.756432985834689 -0.8397896058670139 0.12818090589056916 0.5275633357643397 0.53561036252644 0.3544394817145147 0.7664816979917015 0.0 0.0 0.0 0.0 0.0 0.0
18.33055709334287 31.92739739527949 12.986431821304768 -0.628229305927775 -0.439296551812571 0.6421421016714992 0.53561036252644 0.3544394817145147 0.7664816979917015 0.0 0.0 0.0 0.0 0.0 0.0
8.953069620321466 21.812502539457657 14.153123116553042 0.2844574863001244 0.5318069205523115 -0.7976624209153155 0.890636002192446 0.16129413956470068 0.4251490469714596 0.0 0.0 0.0 0.0 0.0 0.0
9.457438781767955 21.643488491101063 14.077419070701842 0.022403602383267857 0.9182744417341754 -0.39531016715743694 0.890636002192446 0.16129413956470068 0.4251490469714596 0.0 0.0 0.0 0.0 0.0 0.0
9.96691484508264 21.68379513063132 13.911604059808653 -0.24816178464724914 0.9558741497712864 0.15722702833709135 0.890636002192446 0.16129413956470068 0.4251490469714596 0.0 0.0 0.0 0.0 0.0 0.0
10.419822421778562 21.941993312678566 13.781628954972058 -0.424446360646496 0.6303212869467512 0.6500310470706272 0.890636002192446 0.16129413956470068 0.4251490469714596 0.0 0.0 0.0 0.0 0.0 0.0
10.775977437209892 22.343873251918414 13.799828447768471 -0.439476667871422 0.06529882880121685 0.8958774030824872 0.890636002192446 0.16129413956470068 0.4251490469714596 0.0 0.0 0.0 0.0 0.0 0.0
11.031953732371779 22.760638061238126 14.022243222786358 -0.28754244131394185 -0.5245317461440975 0.8013649553918878 0.890636002192446 0.16129413956470068 0.4251490469714596 0.0 0.0 0.0 0.0 0.0 0.0
11.222384718988618 23.057835842519875 14.42732916460081 -0.026366033848046977 -0.9150839410261419 0.40240056304034655 0.890636002192446 0.16129413956470068 0.4251490469714596 0.0 0.0 0.0 0.0 0.0 0.0
11.406805567360184 23.14644021065156 14.924142327421862 0.24482727069329907 -0.9579804473247425 -0.14944253098885923 0.890636002192446 0.16129413956470068 0.4251490469714596 0.0 0.0 0.0 0.0 0.0 0.0
11.64703479978979 23.01667290567267 15.386890060601786 0.4230066018045808 -0.6369241651057218 -0.644509908949521 0.890636002192446 0.16129413956470068 0.4251490469714596 0.0 0.0 0.0 0.0 0.0 0.0
11.98368840041067 22.741718717217086 15.702721739757134 0.4404786525970693 -0.07388974375887336 -0.8947171968692219 0.890636002192446 0.16129413956470068 0.4251490469714596 0.0 0.0 0.0 0.0 0.0 0.0
12.420749123750737 22.44992135934672 15.814602605733826 0.290605498857587 0.5172166266126073 -0.8050064628244965 0.890636002192446 0.16129413956470068 0.4251490469714596 0.0 0.0 0.0 0.0 0.0 0.0
12.924053379699302 22.276023547786945 15.74298222318011 0.03032645743726803 0.9118237531331075 -0.4094603145624237 0.890636002192446 0.16129413956470068 0.4251490469714596 0.0 0.0 0.0 0.0 0.0 0.0
13.434270552574917 22.30997598944444 15.578025349038203 -0.24147411219479864 0.9600137909581626 0.14164665301330182 0.890636002192446 0.16129413956470068 0.4251490469714596 0.0 0.0 0.0 0.0 0.0 0.0
13.889443693977734 22.56276360495772 15.445356833907596 -0.42153462937220176 0.6434785390235674 0.6389396889035266 0.890636002192446 0.16129413956470068 0.4251490469714596 0.0 0.0 0.0 0.0 0.0 0.0
14.24852800335155 22.962232173688502 15.458334640966815 -0.4414470931679392 0.08247503172646681 0.8934888544773766 0.890636002192446 0.16129413956470068 0.4251490469714596 0.0 0.0 0.0 0.0 0.0 0.0
14.506984433947583 23.380500928496417 15.674983260517815 -0.2936464256673694 -0.5098621190325149 0.8085866658982518 0.890636002192446 0.16129413956470068 0.4251490469714596 0.0 0.0 0.0 0.0 0.0 0.0
14.698504152573141 23.682546597228033 16.075949236002536 -0.03428457154934167 -0.9084941263310029 0.4164888840962567 0.890636002192446 0.16129413956470068 0.4251490469714596 0.0 0.0 0.0 0.0 0.0 0.0
14.88220870203526 23.77750100127669 16.571853865721845 0.23810256450774947 -0.9619740258245566 -0.13383998809671027 0.890636002192446 0.16129413956470068 0.4251490469714596 0.0 0.0 0.0 0.0 0.0 0.0
15.120188738568832 23.65317339587008 17.037249665943225 0.42003055544575835 -0.6499839095593378 -0.6333208111264665 0.890636002192446 0.16129413956470068 0.4251490469714596 0.0 0.0 0.0 0.0 0.0 0.0
15.45391475343254 23.38068193782765 17.358279967340856 0.4423819158335325 -0.09105403890107927 -0.8921924694499799 0.890636002192446 0.16129413956470068 0.4251490469714596 0.0 0.0 0.0 0.0 0.0 0.0
15.888481739930072 23.0874347087527 17.475934967254492 0.2966649901649391 0.5024687834780467 -0.8121052919668283 0.890636002192446 0.16129413956470068 0.4251490469714596 0.0 0.0 0.0 0.0 0.0 0.0
16.390673520270276 22.908725254681773 17.40847054031136 0.0382400747585539 0.9050953141838001 -0.4234857363890635 0.890636002192446 0.16129413956470068 0.4251490469714596 0.0 0.0 0.0 0.0 0.0 0.0
16.901582126854922 22.936332305957905 17.24447252643334 -0.23471288438856125 0.9638610026444503 0.12602313074684252 0.890636002192446 0.16129413956470068 0.4251490469714596 0.0 0.0 0.0 0.0 0.0 0.0
17.358987924057942 23.18365150311477 17.10920148917439 -0.41849449456630305 0.6564397813038804 0.6276537035176382 0.890636002192446 0.16129413956470068 0.4251490469714596 0.0 0.0 0.0 0.0 0.0 0.0
17.720997888056623 23.580606169074763 17.117004133381435 -0.4432830494034834 0.09962611195809928 0.8908281405117713 0.890636002192446 0.16129413956470068 0.4251490469714596 0.0 0.0 0.0 0.0 0.0 0.0
17.981961466995863 24.000270610390345 17.327871080248087 -0.2996609624749219 -0.4950371829803298 0.8155620730732283 0.890636002192446 0.16129413956470068 0.4251490469714596 0.0 0.0 0.0 0.0 0.0 0.0
