t = 100
b = 30 30 30
E = -0.679027610330161 -0.889250336038144 0.210222725707983
12.8769149805448 27.893418962544 6.23795501688962 0.131446350982828 0.889049631927035 -0.438534479606534 0.447713193323982 0.341446249226228 0.826418318547309 -0.0276323354651755 0.325502244720215 -0.976618078961856 0.0112335547675237 -0.237078468507311 -0.371091491500452
13.240774060646 28.115952057544 6.54604575668228 -0.260565909256335 0.861642958142959 -0.435518894628152 0.563369168794542 0.502034921594681 0.65618290105056 -0.48994256011674 -0.0265644019610161 0.0329916081620252 0.178465018053461 0.560206431585519 -0.357803058352714
13.6773689874877 28.3593592880165 6.67630574696723 -0.713229668806986 0.692453749933656 0.108679007823757 0.489629027597727 0.381246703530439 0.784164681163084 -0.212032083462637 -0.0297022339208752 -0.0564998633255604 0.394411681764967 0.22330025623887 -0.199666002916978
13.9379691847104 28.7061713765784 6.92949340552913 -0.908762523924666 0.128768852188097 0.396949794748797 0.403477578330876 0.514018353223406 0.756961597746173 -0.0857699189711866 -0.0618517501784335 0.38631571019689 0.0660173243004987 0.0977674941895201 -0.224940338807523
14.0208445426806 29.0790396621319 7.18202593647428 -0.585396175586808 -0.511076729371652 0.629374114003139 0.469483458741053 0.419197819928462 0.777083233331867 0.0863855736059702 -0.14230289024986 0.573335682979223 0.393360732324597 -0.224454580251139 0.0742246076659418
14.1027604353018 29.2497948994618 7.58168117151994 -0.0747472985091206 -0.871950353715236 0.483854630524468 0.430664953314044 0.409402682218903 0.80431152197881 0.324900065420031 -0.792768206366968 0.343857372079841 0.315364248608686 0.211071281176946 0.327765783371897
14.191275815317 29.2887101621164 8.13372475610808 0.366149296032781 -0.915143506594714 0.168662195358548 0.302973834618274 0.288610901380832 0.908245832972199 0.35597413800945 -1.12350828589463 1.10649144017766 0.351625220201263 0.59175958014968 0.0503383564159754
14.0708640125856 29.3321828679234 8.56551307729715 0.867453353167997 -0.413485917023585 -0.276683869230916 0.418249456607722 0.304902954291173 0.855629279227386 0.548427252475285 -1.33934606349564 0.96297742424417 0.0974298105476257 -0.620891295495819 0.198923919575408
14.3718861585004 29.4254906458895 8.81506017714834 0.847573622553994 -0.0539373184055241 -0.527929541734276 0.514090037126589 0.330237384671592 0.791615174427054 0.316651224279653 -0.276163621755505 -0.220070458318031 0.447178285758533 0.188143860541962 0.0157109482428813
14.7320634093285 29.341102313092 9.0625998512479 0.715001431826141 0.441310260671172 -0.542234347603671 0.479075294408338 0.255591592119362 0.839737864671143 0.550692549116152 0.568204731025171 -0.268045248529041 0.274925342569748 -0.128756175921683 0.120305266648615
15.0317193367154 29.3053394414868 9.39594831964235 0.201282988328793 0.826050742181579 -0.526426833586509 0.561543466957088 0.343036247676271 0.752990669534421 0.26965438579663 0.0743069478292039 0.532888440024839 0.0624569171331812 0.12399264733025 0.0980253886252705
15.4208368827965 29.407662347198 9.61988100616622 -0.420572773768195 0.897749656843504 -0.131011362374347 0.5880461083848 0.379704316925032 0.714161247632947 -0.112769805943954 -0.358720026845815 0.444517693900797 0.222922501826578 -0.34811671334844 -0.0813501847633655
15.8071236191015 29.665978438307 9.69268408489017 -0.695282272813251 0.416087385504942 0.58604926772471 0.714727645996171 0.31426194420543 0.624822939161356 -0.294126127352508 -0.166931904607995 0.0546608072500521 0.266383988432055 -0.146546360016042 1.0709679051186
16.0025983763006 29.8589974826476 10.2169139697431 -0.889928680689548 -0.0152318691163152 0.455845165707878 0.341639278150445 0.639887500484865 0.688350552272237 -0.179558043967972 -0.697090730655055 1.15146644895566 0.544811952562767 0.692943825632777 -0.352827436568088
16.0900780491589 30.3988343471887 10.2870748724901 -0.625050000127231 -0.450419764227529 0.637522089130873 0.305357978998101 0.610546856046614 0.730745465867721 -0.478389753514142 -0.54657070651595 0.620810212399962 0.98273420477412 -0.460498459302255 -0.196406135347661
16.0915232008973 30.8393655313178 10.5215657575099 -0.148976698751596 -0.840675191926457 0.520644836429701 0.21652021030585 0.486010652600731 0.84670687923015 -0.0658752922025429 -0.350675388616912 0.305740342633588 0.423902307899307 -0.122380796352921 0.233894509884826
16.1908940007115 31.0196620602822 10.9532694733547 0.138279937564704 -0.984860192129454 0.10454158824769 0.461368262265319 0.157459659500673 0.873124083934265 0.162887062671405 -0.0710280895930908 0.290143068185679 0.41528175866188 -0.216963166966312 -0.639130495704802
16.208876502569 30.9943965826001 11.4061753299807 0.703811937541086 -0.631417685142876 -0.325515506020012 0.55534267859495 0.203295288377354 0.806390362993431 0.125466663445682 0.0159834219184779 0.200512109881404 0.62278704181499 0.402441738522813 0.469794940226192
16.4089620265554 30.8034807205082 11.7739970055766 0.826392836874846 0.14534780235281 -0.544011749766393 0.533616962080091 0.106339958242911 0.839014087886191 0.53660887439683 -0.389877155140371 -0.111138818136346 0.217574659432489 -0.0445232853091295 0.472258506913363
16.8239327714855 30.8070309006132 12.0776168811312 0.510755311264934 0.506448313693054 -0.694722246562935 0.634159831970785 0.323680165954956 0.702191098837132 0.823918559490105 0.0317888798461385 -0.247651420666596 0.453774201085079 -0.185622486531233 0.0207842976534549
17.1381204333029 30.8652883615281 12.3342671861175 0.244130978636382 0.776269061621677 -0.581211056012 0.622448151295579 0.334149634041274 0.707744447575451 -0.174620276659773 0.67488639027217 -0.0760454824345172 0.662786723963788 0.0807229945844289 -0.21834399585726
17.5786818625031 30.9123484395832 12.5635965328091 -0.189549677450162 0.919635002160289 -0.344009111992404 0.766289843377194 0.357612176939046 0.533772704386601 -0.314164221754384 0.198044492131381 0.305655075175539 0.512612490477225 0.219716937463909 -0.326919179072298
18.0141375769691 31.0620396581908 12.5736390460525 -0.564736168877666 0.725373324537223 0.393581605800185 0.759479521117844 0.270205314605432 0.591759941357872 0.614257769602418 0.317639187175943 0.042258430402676 0.242974610983731 -0.0439426967568977 0.45347371851383
18.3412514027733 31.4081426241965 12.8285501392413 -0.735539927623539 0.0853581474619376 0.672082497585571 0.65051020403562 0.366108181096976 0.665433058345382 0.416622391396597 -0.0852651482210476 -0.0816074780826608 0.143296986013253 -0.625393566494042 -0.227852332565001
18.405812706343 31.7660999398366 13.1575863237864 -0.362357829780877 -0.545412548288158 0.75579219551904 0.643965828549516 0.439718384893675 0.626063602555215 0.153470912836062 -0.17718525641471 0.118275406576079 0.0795664666296808 0.103542191208236 0.978531573501942
8.89656901102351 21.9276181618128 14.0030899189837 0.270539092730583 0.6514083897069 -0.708855127886214 0.848885490177438 0.185892730922693 0.494810265103324 -0.304591751422491 0.207606440415114 -0.397449703234027 -0.0292848334954503 -0.0434513900490607 0.0895302232661308
9.41611692893028 21.9481765331837 14.1299086474468 -0.151253044739646 0.859762557980859 -0.487781448169942 0.92905672239282 0.292177060317456 0.226905387450992 -0.116517995092247 0.162112861949149 -0.0140005844155302 0.16393844207956 0.124386768113242 -0.392910494260803
9.91449183116317 21.9018400403381 14.0112678930582 -0.244470377934131 0.969554172346369 0.0141004991798052 0.82620256997738 0.20066875102665 0.526423069244744 -0.300745401439979 0.653765668719121 0.0257984555217885 0.414022956700612 0.068129989718836 -0.273395486179666
10.3612793229135 21.9783406049801 13.9014160077795 -0.483974131286673 0.672959765373485 0.559369355598851 0.872961911884027 0.326815048701618 0.362117809947269 -0.227377519685997 0.186271588046601 0.0606634820002858 0.123508337560962 0.122732988710677 -0.21761902862136
10.7388760391446 22.2633566378251 13.9782728580778 -0.517301935386712 0.13300247625416 0.845404595772327 0.850994323121708 0.184515592798476 0.491693541611219 0.22654959145819 -0.459433910701093 0.375316577934994 0.337510405504759 -0.241081869272389 -0.128693724668333
11.0478600542224 22.5238355729406 14.2224338299014 -0.30235929236926 -0.543303929124334 0.783198301674532 0.867586946571645 0.183462492625906 0.462205890206338 -0.429580856995244 -0.0996563647052465 0.775841415848715 0.352391213721173 0.149001781874219 -0.326369362999944
11.2959004618806 22.7388393038278 14.5673821431643 -0.25346426237229 -0.857827750230698 0.447087578104297 0.754456602442039 0.113963224898445 0.646380310001739 0.237498105050075 -0.777640293370336 0.501970041182823 0.712923730393304 0.588964586768646 0.00240565456370597
11.2774748728925 22.7549066731315 15.0234971694563 0.512983660290763 -0.854649136129353 -0.0801404996774816 0.720092559672066 0.377634088953537 0.582116039968785 0.253022759160375 -0.729820624847261 0.134810418427327 0.543112490330479 -0.478722148656747 0.187978420445165
11.6016401920576 22.780188092736 15.3839170828557 0.539330827777959 -0.562475645746573 -0.626692338737667 0.830904977401305 0.234545168092676 0.504564528527391 -0.219088719630223 -0.537540597416537 -0.262332640032199 0.0657872050286603 -0.150311656617995 0.167120601367778
12.0747894178741 22.8238710406398 15.6237722693355 0.305116231557363 -0.258620822210424 -0.916525634959656 0.952314808648748 0.0835554627773875 0.29345335433363 0.48772025014019 0.391130319885766 -0.476619822290066 0.235500913033203 -0.075499356733872 -0.621849640292495
12.4630611906478 22.6021046819938 15.666097667138 0.276124527447477 0.304565983984869 -0.911589103261719 0.936873669338748 0.126411537095876 0.326017994398557 0.0900537877437549 0.451452849588804 -0.231523618184952 0.471988601386921 0.748172753720287 0.131567296273206
12.9231752477501 22.3670917260542 15.6182846172828 0.0804929020195403 0.88919623090895 -0.450389650132008 0.949293676968039 0.0693834747497832 0.306638764719125 0.216854969766894 0.241374162438526 0.172903391277386 0.214953370046308 0.0425440845967209 2.48681781623815e-05
13.4442422813808 22.5169064593229 15.7074040572292 -0.34211032039944 0.917801988315275 -0.20149423730324 0.872737891146334 0.38982958197591 0.293873024148802 -0.385434868251767 0.0608585481197112 0.464882965361686 0.452110312069535 0.470023222563344 -0.333934171286899
13.7895353777024 22.769355097753 15.5397980080852 -0.262750547906993 0.556737715961203 0.788038798609275 0.952755105749087 0.278694044985214 0.120777600669567 -0.457950528955684 0.142193983606789 0.0636233124611575 0.249305446326761 -0.583734184197353 0.00596650895837721
14.2344735159677 22.975760607685 15.5998504742223 -0.439001379901611 0.0929209596902343 0.89366848691073 0.893497245968741 0.149821176151787 0.423339305319972 0.109029984175855 0.165174901581216 -0.0392562272276164 0.441169033630557 0.0176657827345922 -0.0799457442244366
14.5482882804168 23.2896414190724 15.8227151074644 -0.327737045990752 -0.515541470531031 0.79171036474122 0.851629064471254 0.201605428899881 0.483821319275559 0.0792889485158741 -0.18992779255154 -0.0616981901623416 0.396837161738422 0.359909556121885 0.117206083836762
14.6644999230464 23.5120164353725 16.1831135009457 0.201746163635712 -0.922051755121569 0.330331547165261 0.771717070572013 0.357327787853669 0.526088871858944 -0.156615889000302 0.162109223626141 0.328056244026858 0.246964965582844 -0.414268323805234 0.487445830753767
15.0966772167619 23.7431372820436 16.4012115081015 0.125010080795893 -0.991037481673765 -0.0470857978295219 0.862052704392116 0.0850011679580294 0.499639688328424 0.584579905249369 0.545765493384663 -0.482380906901415 0.313930393785925 -0.337855665890803 -0.484720510076503
15.3427031612192 23.7552016660651 16.7618260267061 0.370983900469284 -0.643952860730726 -0.669100545197346 0.881733724569505 0.018163904642195 0.471397491060007 0.341943325739511 0.514858793687646 -0.875034096616242 0.390629891825576 0.290617631954979 0.0836592010971552
15.573003284584 23.5130301017701 17.0946502120605 0.592950449259936 0.210437819673001 -0.777255156177574 0.796931706373532 -0.0150692675014176 0.603881327480476 0.459320887596612 0.263572446789599 -0.946120657086798 0.537255135530253 -1.02863547077399 -0.0400489714613424
15.894968238924 23.2424630454375 17.3204495801242 0.377116194848479 0.688429523897198 -0.619554720842125 0.892086921834504 -0.0902074629411466 0.442767911466744 0.0672394617767141 0.938710179924649 -0.473792554930374 0.48846567780424 -0.0417309982773641 0.742057410466675
16.3727843838724 23.1578396683174 17.3967807184493 0.0538520830905465 0.918914171555068 -0.390764096770115 0.966576833714832 0.0502621393446828 0.251401726888712 -0.344123653842057 0.477630983103954 -0.125037878688979 0.473873356936616 0.0621015310822224 -0.108370887146233
16.8066327273062 23.2148461957012 17.2592205889154 -0.0612292783435927 0.980995777575555 0.18411447712441 0.964008960227214 0.0103078393909858 0.265669637255463 0.1258974570681 0.380837925158034 -0.21449405058845 0.459498650843841 -0.0849344015489373 0.151998966441149
17.2996464765084 23.364453028698 17.1536525282892 -0.362373522248181 0.728715010721667 0.581084972579532 0.896821378838682 0.102870250187427 0.430266204947022 -0.202323350543674 0.0654587508312371 -0.0718351523063726 0.505286729326773 -0.0522862507315433 -0.183572166050419
17.763911513412 23.6396707933334 17.1186959595268 -0.502173102431218 0.189368866836812 0.843778104414498 0.815832245531871 0.42731643927115 0.389638675762676 0.350682984836772 0.145481588428317 -0.388501154154305 0.384364702450669 -0.0656639547108453 -0.0254765008993802
17.8769623269327 24.3977256218799 16.6873409239115 -0.105781820424526 -0.620764465508141 0.776827889479119 0.735664032031502 0.476752429765325 0.481150130012758 -0.908435260346323 2.07035871317654 -2.11485565115506 0.658684291406798 -0.749804229073406 0.0340536232953565
