t = 0
b =  30.0 30.0 30.0
E = 0. 0. 0.
8.760437309971243 27.195141453125846 16.67282851926105 0.8578289340020485 0.1595836319324916 -0.48853104753755827 0.36039504000296957 0.4908904120829455 0.7931847316144544 0.0 0.0 0.0 0.0 0.0 0.0
9.127583142502916 27.103330786489177 17.054220497761797 0.4800335460598635 0.6314861572761833 -0.6089277689724392 0.36039504000296957 0.4908904120829455 0.7931847316144544 0.0 0.0 0.0 0.0 0.0 0.0
9.60415263696321 27.155467409273353 17.29680737216534 -0.08013461176335962 0.8634765335851313 -0.4979826502453082 0.36039504000296957 0.4908904120829455 0.7931847316144544 0.0 0.0 0.0 0.0 0.0 0.0
10.062455444150608 27.40443353505759 17.42587908577642 -0.609858290798421 0.7674177382273153 -0.19784559686406966 0.36039504000296957 0.4908904120829455 0.7931847316144544 0.0 0.0 0.0 0.0 0.0 0.0
10.381741034761287 27.828332558417575 17.509851889357112 -0.9078866088722847 0.37980411357658267 0.17745630656781108 0.36039504000296957 0.4908904120829455 0.7931847316144544 0.0 0.0 0.0 0.0 0.0 0.0
10.494073844312837 28.338807941417897 17.634275863603605 -0.8609936251809314 -0.15210344380804222 0.4853395922233533 0.36039504000296957 0.4908904120829455 0.7931847316144544 0.0 0.0 0.0 0.0 0.0 0.0
10.41014312991319 28.81461133961623 17.869333013168646 -0.4869947682375842 -0.6262243598560255 0.6088342523479867 0.36039504000296957 0.4908904120829455 0.7931847316144544 0.0 0.0 0.0 0.0 0.0 0.0
10.215201942770474 29.14766687528121 18.24317394971341 0.07202154327754559 -0.8624321716817444 0.5010226008397526 0.36039504000296957 0.4908904120829455 0.7931847316144544 0.0 0.0 0.0 0.0 0.0 0.0
10.036678068684035 29.284130970274866 18.731223003884292 0.603675666365546 -0.7709875823885954 0.20286408662131833 0.36039504000296957 0.4908904120829455 0.7931847316144544 0.0 0.0 0.0 0.0 0.0 0.0
9.995762081740303 29.244848421603884 19.265514932983628 0.9059833108823663 -0.3866319203210479 -0.17236588581121084 0.36039504000296957 0.4908904120829455 0.7931847316144544 0.0 0.0 0.0 0.0 0.0 0.0
10.161365019019014 29.11743311453033 19.7605160529888 0.8640927483617852 0.1446116724174557 -0.48211117642013007 0.36039504000296957 0.4908904120829455 0.7931847316144544 0.0 0.0 0.0 0.0 0.0 0.0
10.52393792547551 29.022982042734544 20.145619915159354 0.49391890387822757 0.6209148730263396 -0.6086943706380185 0.36039504000296957 0.4908904120829455 0.7931847316144544 0.0 0.0 0.0 0.0 0.0 0.0
10.999099661612227 29.070068535782227 20.39197187639038 -0.06390299007236727 0.8613221322294431 -0.5040243966233533 0.36039504000296957 0.4908904120829455 0.7931847316144544 0.0 0.0 0.0 0.0 0.0 0.0
11.45969470915124 29.31349343597315 20.523431460551954 -0.5974470696934511 0.7744987128604781 -0.20786712749294867 0.36039504000296957 0.4908904120829455 0.7931847316144544 0.0 0.0 0.0 0.0 0.0 0.0
11.78410167835493 29.73346534213026 20.607507726460966 -0.9040110187556665 0.3934302835478755 0.1672623387250663 0.36039504000296957 0.4908904120829455 0.7931847316144544 0.0 0.0 0.0 0.0 0.0 0.0
11.90243930738852 30.243119693801408 20.729711447745274 -0.8671260675343794 -0.1371088882881265 0.47884604598425506 0.36039504000296957 0.4908904120829455 0.7931847316144544 0.0 0.0 0.0 0.0 0.0 0.0
11.823115522043485 30.721520070073137 20.961068140278606 -0.500805425682055 -0.6155581011251021 0.6085081344950719 0.36039504000296957 0.4908904120829455 0.7931847316144544 0.0 0.0 0.0 0.0 0.0 0.0
11.629633124156362 31.059603957824837 21.331134281216823 0.05577957040708545 -0.8601464997620271 0.5069878089977433 0.36039504000296957 0.4908904120829455 0.7931847316144544 0.0 0.0 0.0 0.0 0.0 0.0
11.44886568109864 31.201617423891236 21.81676830916847 0.5911729751138894 -0.7779508622567816 0.2128543384780321 0.36039504000296957 0.4908904120829455 0.7931847316144544 0.0 0.0 0.0 0.0 0.0 0.0
11.402856136319414 31.166296966427943 22.350922490273657 0.9019698826898681 -0.40019868553538246 -0.16214605396424342 0.36039504000296957 0.4908904120829455 0.7931847316144544 0.0 0.0 0.0 0.0 0.0 0.0
11.562450654679868 31.03975120600459 22.84811547327576 0.8700933516997165 0.12959566278611667 -0.4755444495680485 0.36039504000296957 0.4908904120829455 0.7931847316144544 0.0 0.0 0.0 0.0 0.0 0.0
11.920382979937797 30.942746780991065 23.2369080840358 0.5076538092137706 0.6101544520912348 -0.6082755581017465 0.36039504000296957 0.4908904120829455 0.7931847316144544 0.0 0.0 0.0 0.0 0.0 0.0
12.394035006979355 30.984827082530273 23.48704426218713 -0.04765190291155666 0.8589053638084627 -0.509912612287593 0.36039504000296957 0.4908904120829455 0.7931847316144544 0.0 0.0 0.0 0.0 0.0 0.0
12.856824781252852 31.22269488877512 23.620945844323078 -0.5848538604234528 0.781343767682966 -0.21782533978113938 0.36039504000296957 0.4908904120829455 0.7931847316144544 0.0 0.0 0.0 0.0 0.0 0.0
13.186297099640372 31.63867003144831 23.70519413340203 -0.8998600581253837 0.4069366108435549 0.1570174211536391 0.36039504000296957 0.4908904120829455 0.7931847316144544 0.0 0.0 0.0 0.0 0.0 0.0
13.310646289464074 32.14740638736757 23.82523454857352 -0.8729943748876176 -0.12207256807263445 0.47220663860086404 0.36039504000296957 0.4908904120829455 0.7931847316144544 0.0 0.0 0.0 0.0 0.0 0.0
13.235996384063336 32.62831629755365 24.052914481872072 -0.5144635329424521 -0.6047043374335306 0.6079966591696391 0.36039504000296957 0.4908904120829455 0.7931847316144544 0.0 0.0 0.0 0.0 0.0 0.0
