#id1 id2 FENE BEXC STCK NEXC HB CRSTCK CXSTCK total, t = 100000
0 1 0.00171986 0 -1.1099 0 0 0 0 -1.10818
1 2 0.0364034 0 -0.832099 0 0 0 0 -0.795696
2 3 0.0323272 0 -0 0 0 0 0 0.0323272
3 4 0.303209 0 -1.40984 0 0 0 0 -1.10663
4 5 0.0882607 0 0 0 0 0 0 0.0882607
5 6 0.0162998 0 -1.14005 0 0 0 0 -1.12375
1 7 0 0 0 0 0 -0.130567 0 -0.130567
6 7 0.0229891 0 -0.525063 0 0 0 0 -0.502074
2 8 0 0 0 0 0 -0.129626 0 -0.129626
1 8 0 0 0 0 -0.858753 0 -0 -0.858753
0 8 0 0 0 0 0 -0.0344892 -0 -0.0344892
7 8 0.202582 0 -1.31319 0 0 0 0 -1.1106
1 9 0 0 0 0 0 -0.126091 0 -0.126091
8 9 0.000848448 0 -1.0245 0 0 0 0 -1.02366
0 10 0 0 0 0 0 -0.048837 -0 -0.048837
9 10 0.024417 0 -1.41141 0 0 0 0 -1.38699
10 11 0.100014 0 -1.43865 0 0 0 0 -1.33864
11 12 0.124795 0 -1.27056 0 0 0 0 -1.14577
12 13 0.0681504 0 -0.747496 0 0 0 0 -0.679345
13 14 0.0173752 0 -0.890247 0 0 0 0 -0.872872
14 15 0.0111511 0 -1.28733 0 0 0 0 -1.27618
15 16 0.0245027 0 -1.08705 0 0 0 0 -1.06255
16 17 0.0195779 0 0 0 0 0 0 0.0195779
17 18 0.00168467 0 -1.29499 0 0 0 0 -1.2933
18 19 0.0625303 0 -1.13142 0 0 0 0 -1.06889
19 20 0.0112166 0 -1.41518 0 0 0 0 -1.40396
20 21 0.0762935 0 -1.17018 0 0 0 0 -1.09389
21 22 0.0291704 0 -0.933841 0 0 0 0 -0.90467
22 23 0.00090628 0 -1.18377 0 0 0 0 -1.18286
23 24 0.0017491 0 -0.685605 0 0 0 0 -0.683856
24 25 0.0526317 0 -1.37658 0 0 0 0 -1.32395
25 26 0.0899195 0 -1.37736 0 0 0 0 -1.28744
#Total energy per particle is  -0.961628 and should be -0.96162810

