t = 0
b =  30.0 30.0 30.0
E = 0. 0. 0.
28.68702427387282 28.117428638942002 16.212304727236695 -0.06449793159143488 0.3238213120848723 0.9439172499006776 0.9831198697542628 0.18290904146450607 0.004427668110533848 0.0 0.0 0.0 0.0 0.0 0.0
29.00261849944507 28.552214230457707 16.20545809929684 0.04815103807274843 -0.2820027567240485 0.9582045307409863 0.9831198697542628 0.18290904146450607 0.004427668110533848 0.0 0.0 0.0 0.0 0.0 0.0
29.329188755661075 28.92271728470494 16.417034224289345 0.14250662333066907 -0.7806892634188424 0.6084538900273678 0.9831198697542628 0.18290904146450607 0.004427668110533848 0.0 0.0 0.0 0.0 0.0 0.0
29.68824340114929 29.115262196791424 16.767307432658615 0.18272155980158417 -0.9827788665123899 0.027541443685803635 0.9831198697542628 0.18290904146450607 0.004427668110533848 0.0 0.0 0.0 0.0 0.0 0.0
30.088949431943615 29.083782635333225 17.12385871398266 0.1535175207623106 -0.8114943470314702 -0.56383445758038 0.9831198697542628 0.18290904146450607 0.004427668110533848 0.0 0.0 0.0 0.0 0.0 0.0
30.524649786426142 28.8673229119355 17.351883912960176 0.06598960890936303 -0.3319095576513345 -0.9410002216023567 0.9831198697542628 0.18290904146450607 0.004427668110533848 0.0 0.0 0.0 0.0 0.0 0.0
30.975392474335926 28.5752043944276 17.365408081814824 -0.04660885865567673 0.27377322191241915 -0.9606642687528814 0.9831198697542628 0.18290904146450607 0.004427668110533848 0.0 0.0 0.0 0.0 0.0 0.0
31.4155106714486 28.345492491468928 17.159948800379908 -0.1414998415588643 0.7754449772274684 -0.6153558987541333 0.9831198697542628 0.18290904146450607 0.004427668110533848 0.0 0.0 0.0 0.0 0.0 0.0
31.823373975225632 28.292543295468665 16.814219122461786 -0.18263266890264862 0.9825122209451638 -0.03626353461670928 0.9831198697542628 0.18290904146450607 0.004427668110533848 0.0 0.0 0.0 0.0 0.0 0.0
32.18960615637976 28.463557791147643 16.46022317068675 -0.15438029187492652 0.8163066451974571 0.5566059526155692 0.9831198697542628 0.18290904146450607 0.004427668110533848 0.0 0.0 0.0 0.0 0.0 0.0
32.520647345143416 28.820649412284506 16.233105563324063 -0.06747626086308395 0.3399725270199413 0.9380115324939307 0.9831198697542628 0.18290904146450607 0.004427668110533848 0.0 0.0 0.0 0.0 0.0 0.0
32.836307318120184 29.25523778165282 16.219807714307947 0.04506312979356454 -0.26552283820998523 0.963050848461348 0.9831198697542628 0.18290904146450607 0.004427668110533848 0.0 0.0 0.0 0.0 0.0 0.0
33.16223943295131 29.629300211696474 16.42603733650103 0.1404822840262856 -0.7701416378988216 0.6222110457467616 0.9831198697542628 0.18290904146450607 0.004427668110533848 0.0 0.0 0.0 0.0 0.0 0.0
33.52019448884651 29.827808831148555 16.774099986149988 0.18252986981888472 -0.9821707532683621 0.04498286393905376 0.9831198697542628 0.18290904146450607 0.004427668110533848 0.0 0.0 0.0 0.0 0.0 0.0
33.91975723431024 29.802431596489065 17.13241648104924 0.1552313063306083 -0.8210567784519529 -0.5493350599524792 0.9831198697542628 0.18290904146450607 0.004427668110533848 0.0 0.0 0.0 0.0 0.0 0.0
34.35470496093639 29.58989444334686 17.36551203174747 0.06895777423829491 -0.34800960616435866 -0.9349514101756458 0.9831198697542628 0.18290904146450607 0.004427668110533848 0.0 0.0 0.0 0.0 0.0 0.0
34.80537161436992 29.298028489529358 17.385485379077878 -0.04351396919964982 0.2572522339154079 -0.9653640881191016 0.9831198697542628 0.18290904146450607 0.004427668110533848 0.0 0.0 0.0 0.0 0.0 0.0
35.246119257155215 29.06480319052732 17.18540395214631 -0.1394540282238793 0.764779649302724 -0.6290188089592682 0.9831198697542628 0.18290904146450607 0.004427668110533848 0.0 0.0 0.0 0.0 0.0 0.0
35.65507834981895 29.00590943664767 16.84193766792037 -0.1824131703788413 0.9817544894860704 -0.053698767642151146 0.9831198697542628 0.18290904146450607 0.004427668110533848 0.0 0.0 0.0 0.0 0.0 0.0
36.022456354555196 29.170806649537315 16.486230747920768 -0.1560704993213109 0.8257443850539188 0.5420223332977366 0.9831198697542628 0.18290904146450607 0.004427668110533848 0.0 0.0 0.0 0.0 0.0 0.0
36.35425808406038 29.523932320982087 16.254077835851145 -0.07043403621201708 0.35602018302989247 0.9318200876876644 0.9831198697542628 0.18290904146450607 0.004427668110533848 0.0 0.0 0.0 0.0 0.0 0.0
36.67000437279482 29.958212804350712 16.234333342089684 0.04196149484850903 -0.24896203886722557 0.9676038115639857 0.9831198697542628 0.18290904146450607 0.004427668110533848 0.0 0.0 0.0 0.0 0.0 0.0
36.995315785600305 30.33574238312595 16.43515416761993 0.13841515245730518 -0.7593594197753673 0.6357786699541272 0.9831198697542628 0.18290904146450607 0.004427668110533848 0.0 0.0 0.0 0.0 0.0 0.0
37.35217893676367 30.54017595827012 16.780900760971026 0.18228257946963183 -0.981263461298387 0.06241058197618943 0.9831198697542628 0.18290904146450607 0.004427668110533848 0.0 0.0 0.0 0.0 0.0 0.0
37.750593407652666 30.52093049653582 17.140873848447345 0.15689780693923827 -0.8303691080239634 -0.5346683295437887 0.9831198697542628 0.18290904146450607 0.004427668110533848 0.0 0.0 0.0 0.0 0.0 0.0
