t = 100000
b = 30 30 30
E = -0.612219052328239 -0.752426089848133 0.140207037519894
16.9429724869918 39.1986015923124 33.023847788208 -0.780175166583946 0.600592522486468 0.17497193387005 -0.448668442670081 -0.342318271331488 -0.825539040855966 0.399521230518051 0.296742699971797 -0.0820565202374319 0.225498480885545 -0.089994647059849 -0.55775894428837
16.5960151290434 38.9518449278533 32.6766728846477 -0.285578863215682 0.958205247556574 -0.0169469893848342 -0.383509224231549 -0.13046924914153 -0.914274760478715 -0.157681651542981 -0.174873600048613 0.207839791741872 -0.211502870148009 0.0617355426500624 -0.112334369315615
15.8991005561982 38.2937124738244 32.1697577560118 -0.891035918810621 -0.279964356740204 0.357316160605805 -0.226319112179459 0.956335397082301 0.184938130894664 -0.152312045265053 0.368563715079732 -0.0896500050495861 -0.395839159023951 -0.553713463621481 -0.278830137184419
15.5211031674984 38.6590058545517 32.1905293916309 -0.235099103040135 -0.435817315912558 0.868787394570104 -0.294051532118699 0.883845930605104 0.363799195988845 -0.067318630555401 -0.32291395927224 0.0981817933782452 -0.384804236574301 0.24129921471244 0.314364523299567
15.1697443193716 38.8890689301727 32.3836899545699 0.442527557963564 -0.140878959331171 0.88561979614645 -0.249946668599616 0.929069308781697 0.272684318492134 -0.262163062908525 0.297428985838496 -0.0188831424985466 -0.246372368873323 -0.0739636797789268 -0.601707450302029
14.5693666951791 39.1010915838509 30.9954503443169 -0.68735684062194 0.142579909018685 -0.712187777536963 0.361461979510642 0.917644539337061 -0.165147002527662 -0.2009186826625 0.667415646611359 0.0401634359493079 -0.450338561948723 0.13913138357624 0.0353282878467189
14.7265820188668 39.328008108402 30.6058650018874 -0.807237594779538 0.543745001375026 0.22958373491311 0.552341640115588 0.833044999900155 -0.0308957750345769 0.409485087191516 -0.516216153738605 0.517024752614575 -0.0998243405404571 -0.230461041782058 -0.403971664268949
15.4556169665673 39.243719410248 30.0845366693122 0.464963197920048 -0.805409735026899 0.367592500204503 0.0887770629724133 -0.370695527833672 -0.924501701923648 -0.358864897367827 0.201846830434229 0.26028175422364 -0.0751456417205849 0.163362350315206 -0.255478424469536
15.768402688404 39.0704727740443 29.6712769158657 -0.422021820444733 -0.86915952347826 0.257796618351895 0.312574057857985 -0.406422326102812 -0.858555887615609 -0.209979730656085 -0.107050818995748 0.0738880727747544 0.183177434178167 0.201855630868464 -0.250432371595642
15.98098828898 38.6351330918673 29.4783166034856 -0.94614864836312 0.0277549371869854 -0.322540368037421 0.295762356874632 -0.331004544440335 -0.896080667601762 0.107099297650767 0.16269037831271 -0.326958361922399 0.388921914030342 0.480108331006071 0.343713406197265
15.9629482923823 38.2708270913415 29.1940642442846 -0.46270871198755 0.777573919472071 -0.425769034099313 0.382839168553811 -0.257915986867515 -0.887081394548942 -0.646927622136777 0.00465917159566544 0.466146855296903 -0.145798647610957 0.526382462337058 -0.111990077382978
15.8543201995052 38.0269611042197 28.7547368752535 0.436249892280832 0.875674363727279 -0.20707544558204 0.251588472812754 -0.339650700992314 -0.906278388503434 0.12151292199171 -0.253867752011684 0.244820396187971 -0.597851108336228 0.464652482969152 0.171515021745759
15.8478343258655 38.1682332320781 28.2223670448049 0.923048848099693 0.321395488602519 0.211389793463108 0.224278348563408 -0.00316218077518815 -0.97451997066818 0.23278124147609 0.00693820840323603 -0.458711230146746 0.167714501841093 -0.201047456321893 -0.249777908753202
15.6114474110386 38.7471299398249 27.3918093676584 -0.486498191348613 0.709540225327031 -0.50977642065966 0.591970864685957 0.696834038094021 0.404960049238747 0.256746912902905 0.130716840469512 -0.145270545533981 0.0475752608430476 0.517692608253405 -0.0417825104373647
15.9600458822854 39.0519270426885 27.2276045116435 -0.76018274507964 0.456408636332406 0.462399440674795 0.648974498927905 0.499573219025148 0.573810594657681 -0.333648810237297 0.325509583664802 0.30688175930183 -0.103532723744957 0.31206312995024 -0.349657237611559
16.1573452475265 39.4843925254253 27.2835987411087 -0.519590345255867 -0.278713320411725 0.807678551042759 0.643946075611648 0.493561520135827 0.584577061071928 0.332761639288359 0.322638870867261 -0.485708524328493 -0.200293276259136 -0.201517278552036 0.614482251615438
16.3606850906681 39.8362412192629 27.6029282238673 0.0966309105670383 -0.892631529846915 0.440308092048734 0.748735600682619 0.356661713457247 0.558737231804565 -0.126048659410208 -0.110482362501333 -0.396925334998507 0.056563687204943 -0.174724639858254 0.335186173175118
16.4075744112539 39.8968241963744 28.082835479824 0.662080242746702 -0.718411804537236 -0.213387189372447 0.638791745625697 0.39207715456422 0.66198226308396 -0.0345217401024496 -0.527479958556222 -0.357320006136968 0.154783976037623 -0.487419698766808 0.13275316510059
16.688445194727 39.8258731267568 28.5359878264259 0.649295933301454 -0.2948572836867 -0.701051954917481 0.754854494928478 0.362309059304494 0.546741897098078 0.172362722696446 -0.313953917753012 0.27688725360932 -0.0487961828070734 -0.211515478970883 -0.0577256427965684
17.0967934391183 39.6834766198111 28.8166225532022 0.480154707194664 0.40207167247261 -0.779608718573201 0.805564369636849 0.14962141494968 0.573305666260242 0.18022571869688 -0.043893920252489 0.0434163633012778 -0.0372698214237106 -0.133018353127608 0.0120741126332125
16.7291036729042 39.8586866665255 29.8272247598331 -0.792584218949609 -0.594758983899041 0.134431598740765 0.500153678893372 -0.508006489099221 0.701267116046454 0.0530066761346735 -0.287955335455269 -0.117551570871916 0.356523625294267 -0.52032023713261 0.0226587421547184
17.4417912229281 40.2706840598038 30.5169711563816 0.971528525875446 0.116209041476818 -0.206464682975212 0.163406421382879 -0.959669225940096 0.228764289638714 0.296834255074654 -0.455385999793709 -0.204567147727366 0.171484534230149 0.321938750475599 -0.087868101910102
16.6145920926042 39.4123693424578 31.326605607304 0.0730354827891081 -0.833195753035726 0.548133674614776 -0.336620034036606 -0.537943782023815 -0.772854028922106 -0.201003282424579 0.136624822363398 0.422711898656668 0.440486568101326 0.418414403480428 -0.256097925390471
16.5721792988895 39.017019004065 30.8784218952433 -0.07341010007816 -0.540090101191365 0.838399359114682 -0.225030836877135 -0.810017067202285 -0.541510180372833 -0.0522625883372338 0.0280515210180353 0.13124255025038 0.0915575363418063 -0.583939949282734 -0.237182806564189
16.6884207013026 38.4928783038107 30.7326388652787 -0.763176481873621 -0.0794744850154954 0.641284164744764 -0.407657089873376 -0.710789558480506 -0.573231011796378 -0.826128301980127 0.147325341931417 0.220983524189017 -0.412976089147241 0.261744783501864 0.0435136756538436
