        0.0000  -1.014680   0.310230  -0.704450 
        0.5000  -1.032912   0.409663  -0.623249 
        1.0000  -0.953778   0.454461  -0.499317 
        1.5000  -0.867305   0.463634  -0.403672 
        2.0000  -0.955470   0.666515  -0.288956 
        2.5000  -0.845447   0.617879  -0.227568 
        3.0000  -0.834047   0.626239  -0.207808 
        3.5000  -0.740311   0.548626  -0.191684 
        4.0000  -0.781442   0.623164  -0.158278 
        4.5000  -0.731494   0.574346  -0.157147 
        5.0000  -0.774527   0.626988  -0.147540 
        5.5000  -0.810057   0.651095  -0.158962 
        6.0000  -0.667081   0.512513  -0.154569 
        6.5000  -0.786789   0.617319  -0.169470 
        7.0000  -0.673015   0.516742  -0.156273 
        7.5000  -0.707636   0.552883  -0.154754 
        8.0000  -0.619296   0.482110  -0.137186 
        8.5000  -0.638693   0.504461  -0.134231 
        9.0000  -0.637645   0.509693  -0.127952 
        9.5000  -0.630784   0.495085  -0.135698 
       10.0000  -0.646952   0.504879  -0.142073 
       10.5000  -0.685555   0.546145  -0.139410 
       11.0000  -0.607822   0.442917  -0.164905 
       11.5000  -0.627265   0.435802  -0.191463 
       12.0000  -0.565233   0.370207  -0.195026 
       12.5000  -0.576740   0.372804  -0.203936 
       13.0000  -0.593228   0.392288  -0.200940 
       13.5000  -0.620870   0.406867  -0.214003 
       14.0000  -0.612194   0.430192  -0.182002 
       14.5000  -0.613055   0.418823  -0.194231 
       15.0000  -0.599811   0.396969  -0.202841 
       15.5000  -0.618809   0.432303  -0.186506 
       16.0000  -0.619909   0.432054  -0.187855 
       16.5000  -0.600439   0.417527  -0.182912 
       17.0000  -0.644566   0.452348  -0.192219 
       17.5000  -0.647530   0.438076  -0.209454 
       18.0000  -0.606231   0.406913  -0.199318 
       18.5000  -0.602219   0.416319  -0.185900 
       19.0000  -0.621098   0.427839  -0.193259 
       19.5000  -0.616224   0.426265  -0.189959 
       20.0000  -0.566397   0.383462  -0.182935 
       20.5000  -0.579550   0.397840  -0.181710 
       21.0000  -0.594138   0.406130  -0.188008 
       21.5000  -0.624857   0.427946  -0.196911 
       22.0000  -0.599052   0.408603  -0.190449 
       22.5000  -0.589543   0.402127  -0.187416 
       23.0000  -0.595388   0.402496  -0.192891 
       23.5000  -0.575745   0.381023  -0.194722 
       24.0000  -0.562403   0.376521  -0.185882 
       24.5000  -0.564694   0.361126  -0.203569 
       25.0000  -0.579611   0.380797  -0.198815 
       25.5000  -0.555889   0.332671  -0.223218 
       26.0000  -0.596790   0.385977  -0.210813 
       26.5000  -0.585235   0.358745  -0.226490 
       27.0000  -0.624234   0.391302  -0.232932 
       27.5000  -0.583621   0.356313  -0.227308 
       28.0000  -0.647187   0.400395  -0.246792 
       28.5000  -0.560101   0.313967  -0.246134 
       29.0000  -0.583108   0.332738  -0.250369 
       29.5000  -0.563785   0.308141  -0.255645 
       30.0000  -0.625836   0.366645  -0.259191 
       30.5000  -0.551481   0.296106  -0.255375 
       31.0000  -0.627257   0.379768  -0.247490 
       31.5000  -0.564867   0.317507  -0.247359 
       32.0000  -0.606701   0.351358  -0.255343 
       32.5000  -0.577403   0.316518  -0.260885 
       33.0000  -0.603702   0.347915  -0.255787 
       33.5000  -0.616419   0.357137  -0.259282 
       34.0000  -0.577405   0.329164  -0.248241 
       34.5000  -0.606392   0.367071  -0.239321 
       35.0000  -0.593098   0.348326  -0.244772 
       35.5000  -0.545012   0.299845  -0.245167 
       36.0000  -0.520924   0.273145  -0.247780 
       36.5000  -0.556164   0.300401  -0.255764 
       37.0000  -0.556370   0.309027  -0.247343 
       37.5000  -0.550425   0.305709  -0.244716 
       38.0000  -0.585582   0.332806  -0.252776 
       38.5000  -0.511227   0.259673  -0.251554 
       39.0000  -0.580785   0.334068  -0.246717 
       39.5000  -0.530209   0.293757  -0.236452 
       40.0000  -0.542112   0.301901  -0.240211 
       40.5000  -0.503925   0.255512  -0.248413 
       41.0000  -0.541477   0.282570  -0.258906 
       41.5000  -0.578193   0.325057  -0.253135 
       42.0000  -0.555315   0.293886  -0.261429 
       42.5000  -0.558534   0.288808  -0.269726 
       43.0000  -0.574895   0.300653  -0.274241 
       43.5000  -0.561272   0.280855  -0.280417 
       44.0000  -0.529350   0.258088  -0.271262 
       44.5000  -0.612559   0.338955  -0.273604 
       45.0000  -0.518908   0.247764  -0.271143 
       45.5000  -0.609154   0.339072  -0.270083 
       46.0000  -0.566239   0.297784  -0.268455 
       46.5000  -0.565540   0.298901  -0.266639 
       47.0000  -0.599519   0.323392  -0.276127 
       47.5000  -0.550451   0.279850  -0.270601 
       48.0000  -0.565362   0.290977  -0.274385 
       48.5000  -0.556219   0.279113  -0.277107 
       49.0000  -0.595223   0.329927  -0.265296 
       49.5000  -0.557539   0.285295  -0.272244 
       50.0000  -0.564501   0.299642  -0.264858 
       50.5000  -0.604381   0.325025  -0.279357 
       51.0000  -0.606842   0.308011  -0.298831 
       51.5000  -0.630390   0.322974  -0.307415 
       52.0000  -0.579145   0.272434  -0.306711 
       52.5000  -0.617358   0.301324  -0.316035 
       53.0000  -0.592469   0.273378  -0.319091 
       53.5000  -0.614483   0.290613  -0.323871 
       54.0000  -0.568224   0.238727  -0.329497 
       54.5000  -0.599178   0.271127  -0.328051 
       55.0000  -0.618025   0.284253  -0.333772 
       55.5000  -0.630405   0.287772  -0.342632 
       56.0000  -0.635399   0.282692  -0.352707 
       56.5000  -0.623855   0.271071  -0.352784 
       57.0000  -0.644685   0.303608  -0.341077 
       57.5000  -0.597918   0.259402  -0.338516 
       58.0000  -0.665484   0.326686  -0.338798 
       58.5000  -0.630674   0.305738  -0.324936 
       59.0000  -0.645422   0.319687  -0.325736 
       59.5000  -0.614303   0.294523  -0.319780 
       60.0000  -0.591696   0.281097  -0.310600 
       60.5000  -0.585546   0.273443  -0.312104 
       61.0000  -0.586675   0.272553  -0.314122 
       61.5000  -0.588401   0.263496  -0.324905 
       62.0000  -0.569938   0.246907  -0.323031 
       62.5000  -0.608774   0.283330  -0.325444 
       63.0000  -0.601637   0.279481  -0.322155 
       63.5000  -0.609502   0.291109  -0.318394 
       64.0000  -0.587000   0.272020  -0.314980 
       64.5000  -0.608667   0.287681  -0.320986 
       65.0000  -0.638796   0.319503  -0.319293 
       65.5000  -0.633634   0.313407  -0.320227 
       66.0000  -0.597707   0.268761  -0.328946 
       66.5000  -0.606248   0.279324  -0.326924 
       67.0000  -0.586925   0.266307  -0.320618 
       67.5000  -0.620811   0.293816  -0.326996 
       68.0000  -0.624538   0.307296  -0.317241 
       68.5000  -0.591732   0.275953  -0.315779 
       69.0000  -0.590280   0.269598  -0.320682 
       69.5000  -0.605679   0.298857  -0.306822 
       70.0000  -0.581605   0.287153  -0.294453 
       70.5000  -0.587547   0.294180  -0.293367 
       71.0000  -0.543897   0.244199  -0.299698 
       71.5000  -0.594129   0.300444  -0.293685 
       72.0000  -0.559785   0.255332  -0.304452 
       72.5000  -0.597155   0.307283  -0.289872 
       73.0000  -0.584729   0.295679  -0.289050 
       73.5000  -0.583810   0.294365  -0.289445 
       74.0000  -0.572695   0.282800  -0.289895 
       74.5000  -0.609910   0.324370  -0.285540 
       75.0000  -0.577671   0.288682  -0.288989 
       75.5000  -0.614302   0.333099  -0.281203 
       76.0000  -0.614485   0.325080  -0.289405 
       76.5000  -0.637855   0.347458  -0.290397 
       77.0000  -0.591728   0.288418  -0.303310 
       77.5000  -0.615619   0.303798  -0.311821 
       78.0000  -0.621818   0.304091  -0.317727 
       78.5000  -0.618921   0.299617  -0.319303 
       79.0000  -0.612333   0.290331  -0.322002 
       79.5000  -0.635699   0.313757  -0.321942 
       80.0000  -0.607800   0.290920  -0.316880 
       80.5000  -0.615577   0.295234  -0.320342 
       81.0000  -0.570473   0.261941  -0.308532 
       81.5000  -0.603153   0.282127  -0.321026 
       82.0000  -0.631613   0.297108  -0.334505 
       82.5000  -0.643531   0.322364  -0.321167 
       83.0000  -0.602036   0.284566  -0.317470 
       83.5000  -0.599300   0.285719  -0.313581 
       84.0000  -0.599641   0.285975  -0.313666 
       84.5000  -0.592873   0.274147  -0.318726 
       85.0000  -0.591617   0.292322  -0.299294 
       85.5000  -0.603569   0.298578  -0.304991 
       86.0000  -0.623359   0.328666  -0.294693 
       86.5000  -0.600992   0.292748  -0.308244 
       87.0000  -0.554848   0.257097  -0.297751 
       87.5000  -0.591675   0.281360  -0.310316 
       88.0000  -0.626162   0.319608  -0.306554 
       88.5000  -0.602216   0.297229  -0.304987 
       89.0000  -0.603109   0.285857  -0.317252 
       89.5000  -0.604503   0.297391  -0.307112 
       90.0000  -0.605809   0.305952  -0.299858 
       90.5000  -0.621947   0.318467  -0.303480 
       91.0000  -0.615019   0.320438  -0.294581 
       91.5000  -0.619426   0.330202  -0.289224 
       92.0000  -0.635103   0.337023  -0.298080 
       92.5000  -0.639253   0.349337  -0.289916 
       93.0000  -0.650284   0.366101  -0.284183 
       93.5000  -0.596969   0.321184  -0.275785 
       94.0000  -0.671420   0.397249  -0.274171 
       94.5000  -0.596899   0.318086  -0.278813 
       95.0000  -0.607595   0.331049  -0.276545 
       95.5000  -0.626171   0.351077  -0.275094 
       96.0000  -0.576841   0.303887  -0.272954 
       96.5000  -0.586227   0.304478  -0.281749 
       97.0000  -0.622939   0.336617  -0.286322 
       97.5000  -0.571178   0.295996  -0.275182 
       98.0000  -0.607065   0.341316  -0.265749 
       98.5000  -0.639578   0.383227  -0.256351 
       99.0000  -0.636226   0.398357  -0.237869 
       99.5000  -0.581271   0.339067  -0.242204 
      100.0000  -0.599778   0.341182  -0.258596 
      100.5000  -0.579639   0.325648  -0.253991 
      101.0000  -0.593990   0.348866  -0.245124 
      101.5000  -0.578810   0.328908  -0.249902 
      102.0000  -0.571132   0.318638  -0.252494 
      102.5000  -0.588689   0.340276  -0.248412 
      103.0000  -0.641262   0.379882  -0.261380 
      103.5000  -0.562524   0.305592  -0.256932 
      104.0000  -0.609105   0.352507  -0.256598 
      104.5000  -0.629783   0.361264  -0.268519 
      105.0000  -0.641994   0.367476  -0.274518 
      105.5000  -0.579937   0.297914  -0.282023 
      106.0000  -0.592820   0.297360  -0.295460 
      106.5000  -0.599493   0.297088  -0.302405 
      107.0000  -0.595482   0.304803  -0.290679 
      107.5000  -0.604530   0.313084  -0.291447 
      108.0000  -0.604283   0.310457  -0.293826 
      108.5000  -0.640887   0.337711  -0.303176 
      109.0000  -0.613843   0.315744  -0.298099 
      109.5000  -0.639929   0.345838  -0.294090 
      110.0000  -0.642079   0.352011  -0.290069 
      110.5000  -0.592273   0.309133  -0.283141 
      111.0000  -0.633154   0.353051  -0.280103 
      111.5000  -0.617253   0.327278  -0.289976 
      112.0000  -0.621653   0.337910  -0.283743 
      112.5000  -0.649017   0.365492  -0.283525 
      113.0000  -0.585311   0.310646  -0.274666 
      113.5000  -0.594469   0.321750  -0.272719 
      114.0000  -0.608459   0.329379  -0.279080 
      114.5000  -0.641072   0.347759  -0.293313 
      115.0000  -0.583290   0.270480  -0.312810 
      115.5000  -0.647213   0.337557  -0.309657 
      116.0000  -0.650569   0.339599  -0.310970 
      116.5000  -0.596805   0.297457  -0.299349 
      117.0000  -0.607582   0.313962  -0.293621 
      117.5000  -0.623385   0.313917  -0.309468 
      118.0000  -0.638946   0.325028  -0.313918 
      118.5000  -0.602152   0.292675  -0.309477 
      119.0000  -0.652925   0.344819  -0.308106 
      119.5000  -0.586348   0.268730  -0.317617 
      120.0000  -0.583770   0.264877  -0.318893 
      120.5000  -0.626888   0.322347  -0.304541 
      121.0000  -0.560538   0.254728  -0.305810 
      121.5000  -0.619604   0.318511  -0.301093 
      122.0000  -0.580900   0.275641  -0.305259 
      122.5000  -0.615310   0.323476  -0.291834 
      123.0000  -0.636090   0.339109  -0.296981 
      123.5000  -0.652900   0.355089  -0.297811 
      124.0000  -0.627102   0.320764  -0.306338 
      124.5000  -0.633788   0.323763  -0.310026 
      125.0000  -0.609550   0.307649  -0.301901 
      125.5000  -0.590266   0.282091  -0.308176 
      126.0000  -0.627944   0.319151  -0.308793 
      126.5000  -0.598111   0.274254  -0.323857 
      127.0000  -0.652984   0.345154  -0.307829 
      127.5000  -0.580696   0.275314  -0.305382 
      128.0000  -0.612195   0.302856  -0.309339 
      128.5000  -0.639423   0.345142  -0.294281 
      129.0000  -0.624696   0.335135  -0.289561 
      129.5000  -0.621929   0.335443  -0.286486 
      130.0000  -0.602762   0.319640  -0.283122 
      130.5000  -0.592710   0.311175  -0.281535 
      131.0000  -0.596885   0.320413  -0.276472 
      131.5000  -0.623573   0.352966  -0.270607 
      132.0000  -0.613460   0.346755  -0.266705 
      132.5000  -0.615532   0.347723  -0.267809 
      133.0000  -0.600835   0.317030  -0.283805 
      133.5000  -0.630582   0.334475  -0.296107 
      134.0000  -0.586017   0.288197  -0.297821 
      134.5000  -0.638219   0.353384  -0.284835 
      135.0000  -0.583236   0.304350  -0.278886 
      135.5000  -0.624175   0.342096  -0.282079 
      136.0000  -0.600480   0.324244  -0.276235 
      136.5000  -0.645712   0.366322  -0.279390 
      137.0000  -0.650452   0.363527  -0.286925 
      137.5000  -0.597131   0.322935  -0.274196 
      138.0000  -0.676873   0.383291  -0.293581 
      138.5000  -0.683786   0.381057  -0.302729 
      139.0000  -0.593460   0.304522  -0.288938 
      139.5000  -0.632520   0.336134  -0.296386 
      140.0000  -0.605905   0.303203  -0.302702 
      140.5000  -0.595536   0.294377  -0.301159 
      141.0000  -0.637176   0.334579  -0.302597 
      141.5000  -0.614169   0.321117  -0.293052 
      142.0000  -0.602347   0.312992  -0.289355 
      142.5000  -0.617833   0.327905  -0.289928 
      143.0000  -0.603024   0.293320  -0.309705 
      143.5000  -0.591819   0.284350  -0.307469 
      144.0000  -0.613022   0.305306  -0.307716 
      144.5000  -0.600758   0.302303  -0.298455 
      145.0000  -0.620539   0.325154  -0.295386 
      145.5000  -0.607225   0.304401  -0.302825 
      146.0000  -0.628670   0.340642  -0.288028 
      146.5000  -0.637028   0.343666  -0.293363 
      147.0000  -0.609767   0.309651  -0.300116 
      147.5000  -0.649748   0.354089  -0.295659 
      148.0000  -0.618664   0.320543  -0.298121 
      148.5000  -0.607031   0.303551  -0.303480 
      149.0000  -0.562851   0.265284  -0.297567 
      149.5000  -0.624032   0.320377  -0.303656 
      150.0000  -0.609502   0.315167  -0.294335 
      150.5000  -0.618669   0.326336  -0.292333 
      151.0000  -0.575241   0.291633  -0.283608 
      151.5000  -0.620984   0.342642  -0.278341 
      152.0000  -0.600602   0.318222  -0.282380 
      152.5000  -0.604647   0.312869  -0.291778 
      153.0000  -0.617430   0.332274  -0.285155 
      153.5000  -0.596043   0.335096  -0.260947 
      154.0000  -0.612503   0.333118  -0.279385 
      154.5000  -0.617022   0.333011  -0.284011 
      155.0000  -0.623232   0.338093  -0.285138 
      155.5000  -0.579410   0.316273  -0.263137 
      156.0000  -0.612040   0.352980  -0.259060 
      156.5000  -0.574436   0.315066  -0.259370 
      157.0000  -0.598108   0.333803  -0.264306 
      157.5000  -0.568152   0.308317  -0.259835 
      158.0000  -0.569881   0.300266  -0.269615 
      158.5000  -0.595989   0.299363  -0.296626 
      159.0000  -0.628529   0.325817  -0.302712 
      159.5000  -0.602363   0.310104  -0.292259 
      160.0000  -0.624952   0.340933  -0.284020 
      160.5000  -0.611019   0.321841  -0.289178 
      161.0000  -0.554401   0.288684  -0.265717 
      161.5000  -0.601657   0.334931  -0.266726 
      162.0000  -0.605381   0.322789  -0.282592 
      162.5000  -0.596787   0.333945  -0.262841 
      163.0000  -0.603001   0.336889  -0.266111 
      163.5000  -0.562551   0.299199  -0.263351 
      164.0000  -0.612059   0.348510  -0.263549 
      164.5000  -0.569686   0.310184  -0.259502 
      165.0000  -0.564586   0.303598  -0.260988 
      165.5000  -0.530197   0.264214  -0.265983 
      166.0000  -0.561433   0.304775  -0.256658 
      166.5000  -0.601189   0.346865  -0.254324 
      167.0000  -0.582994   0.325160  -0.257834 
      167.5000  -0.587621   0.317997  -0.269624 
      168.0000  -0.599548   0.325948  -0.273600 
      168.5000  -0.567073   0.295064  -0.272009 
      169.0000  -0.554101   0.280283  -0.273818 
      169.5000  -0.600525   0.318358  -0.282167 
      170.0000  -0.572037   0.299483  -0.272554 
      170.5000  -0.571735   0.291741  -0.279994 
      171.0000  -0.582291   0.301826  -0.280465 
      171.5000  -0.581895   0.293025  -0.288870 
      172.0000  -0.596191   0.314523  -0.281668 
      172.5000  -0.577623   0.292928  -0.284695 
      173.0000  -0.555753   0.273079  -0.282673 
      173.5000  -0.566315   0.288904  -0.277410 
      174.0000  -0.563939   0.291616  -0.272322 
      174.5000  -0.597804   0.334767  -0.263037 
      175.0000  -0.571399   0.313643  -0.257756 
      175.5000  -0.619014   0.347890  -0.271125 
      176.0000  -0.591016   0.319225  -0.271791 
      176.5000  -0.501566   0.247004  -0.254562 
      177.0000  -0.573350   0.314985  -0.258365 
      177.5000  -0.565130   0.294688  -0.270442 
      178.0000  -0.614584   0.346573  -0.268012 
      178.5000  -0.575360   0.315304  -0.260056 
      179.0000  -0.631100   0.386803  -0.244297 
      179.5000  -0.572547   0.317379  -0.255168 
      180.0000  -0.529430   0.268342  -0.261088 
      180.5000  -0.544420   0.279265  -0.265155 
      181.0000  -0.525263   0.260937  -0.264326 
      181.5000  -0.566015   0.287695  -0.278320 
      182.0000  -0.566325   0.299019  -0.267306 
      182.5000  -0.555164   0.281961  -0.273203 
      183.0000  -0.527953   0.248554  -0.279398 
      183.5000  -0.557172   0.280877  -0.276296 
      184.0000  -0.556755   0.281279  -0.275476 
      184.5000  -0.568804   0.295261  -0.273543 
      185.0000  -0.582487   0.309240  -0.273247 
      185.5000  -0.559830   0.302196  -0.257634 
      186.0000  -0.563126   0.307480  -0.255646 
      186.5000  -0.530687   0.267128  -0.263559 
      187.0000  -0.552534   0.289357  -0.263176 
      187.5000  -0.513485   0.246423  -0.267063 
      188.0000  -0.547561   0.276329  -0.271232 
      188.5000  -0.557178   0.284145  -0.273033 
      189.0000  -0.581488   0.317410  -0.264078 
      189.5000  -0.565045   0.291796  -0.273249 
      190.0000  -0.576078   0.296740  -0.279338 
      190.5000  -0.542687   0.274325  -0.268362 
      191.0000  -0.573544   0.302708  -0.270836 
      191.5000  -0.536184   0.258649  -0.277535 
      192.0000  -0.598596   0.321226  -0.277370 
      192.5000  -0.591071   0.307141  -0.283930 
      193.0000  -0.601197   0.318406  -0.282791 
      193.5000  -0.607698   0.334735  -0.272962 
      194.0000  -0.553570   0.271183  -0.282387 
      194.5000  -0.567819   0.281745  -0.286074 
      195.0000  -0.571400   0.293160  -0.278240 
      195.5000  -0.586800   0.307220  -0.279580 
      196.0000  -0.586296   0.300399  -0.285897 
      196.5000  -0.573262   0.284233  -0.289029 
      197.0000  -0.587118   0.299128  -0.287990 
      197.5000  -0.544412   0.257495  -0.286917 
      198.0000  -0.558042   0.274846  -0.283196 
      198.5000  -0.599816   0.320588  -0.279229 
      199.0000  -0.548562   0.265834  -0.282728 
      199.5000  -0.570533   0.299221  -0.271312 
      200.0000  -0.584717   0.299367  -0.285351 
      200.5000  -0.595858   0.310451  -0.285407 
      201.0000  -0.570758   0.288516  -0.282243 
      201.5000  -0.606897   0.313098  -0.293799 
      202.0000  -0.566749   0.273246  -0.293504 
      202.5000  -0.537046   0.257016  -0.280030 
      203.0000  -0.560940   0.279086  -0.281854 
      203.5000  -0.580076   0.301488  -0.278589 
      204.0000  -0.520298   0.250225  -0.270073 
      204.5000  -0.536751   0.268228  -0.268524 
      205.0000  -0.527836   0.276273  -0.251563 
      205.5000  -0.514354   0.248610  -0.265744 
      206.0000  -0.590878   0.316882  -0.273996 
      206.5000  -0.578855   0.297578  -0.281277 
      207.0000  -0.603856   0.338870  -0.264986 
      207.5000  -0.540443   0.271275  -0.269168 
      208.0000  -0.545442   0.274963  -0.270479 
      208.5000  -0.556978   0.292327  -0.264651 
      209.0000  -0.509488   0.239271  -0.270217 
      209.5000  -0.523575   0.252590  -0.270984 
      210.0000  -0.550698   0.279317  -0.271381 
      210.5000  -0.555814   0.286110  -0.269704 
      211.0000  -0.562973   0.298373  -0.264599 
      211.5000  -0.511018   0.251940  -0.259079 
      212.0000  -0.506290   0.262054  -0.244235 
      212.5000  -0.570411   0.323601  -0.246810 
      213.0000  -0.515512   0.269845  -0.245667 
      213.5000  -0.539881   0.279042  -0.260839 
      214.0000  -0.529973   0.254544  -0.275429 
      214.5000  -0.548867   0.270193  -0.278674 
      215.0000  -0.555223   0.287269  -0.267955 
      215.5000  -0.539010   0.262009  -0.277002 
      216.0000  -0.525286   0.262302  -0.262984 
      216.5000  -0.535761   0.274030  -0.261731 
      217.0000  -0.534973   0.284257  -0.250715 
      217.5000  -0.523018   0.275951  -0.247068 
      218.0000  -0.534046   0.290523  -0.243523 
      218.5000  -0.532292   0.291243  -0.241050 
      219.0000  -0.517665   0.268901  -0.248763 
      219.5000  -0.541067   0.305812  -0.235255 
      220.0000  -0.512877   0.266142  -0.246735 
      220.5000  -0.515456   0.263924  -0.251532 
      221.0000  -0.549141   0.297681  -0.251461 
      221.5000  -0.520641   0.251046  -0.269595 
      222.0000  -0.539687   0.274759  -0.264928 
      222.5000  -0.541238   0.277692  -0.263546 
      223.0000  -0.570268   0.309527  -0.260742 
      223.5000  -0.564598   0.284838  -0.279760 
      224.0000  -0.579625   0.300895  -0.278730 
      224.5000  -0.575323   0.288776  -0.286546 
      225.0000  -0.551552   0.274998  -0.276553 
      225.5000  -0.540427   0.262701  -0.277725 
      226.0000  -0.554325   0.270131  -0.284194 
      226.5000  -0.530083   0.240834  -0.289249 
      227.0000  -0.548575   0.259030  -0.289545 
      227.5000  -0.587357   0.287344  -0.300012 
      228.0000  -0.572647   0.270581  -0.302067 
      228.5000  -0.597119   0.294632  -0.302487 
      229.0000  -0.587470   0.287332  -0.300138 
      229.5000  -0.603612   0.313761  -0.289851 
      230.0000  -0.582779   0.290638  -0.292141 
      230.5000  -0.594301   0.296307  -0.297994 
      231.0000  -0.574894   0.276717  -0.298176 
      231.5000  -0.606447   0.322360  -0.284087 
      232.0000  -0.649380   0.365202  -0.284178 
      232.5000  -0.569918   0.285911  -0.284007 
      233.0000  -0.600741   0.306753  -0.293989 
      233.5000  -0.618955   0.314041  -0.304914 
      234.0000  -0.653545   0.343412  -0.310133 
      234.5000  -0.602498   0.287637  -0.314861 
      235.0000  -0.638346   0.304574  -0.333772 
      235.5000  -0.638071   0.316123  -0.321948 
      236.0000  -0.607994   0.288168  -0.319826 
      236.5000  -0.618926   0.297234  -0.321692 
      237.0000  -0.614382   0.295135  -0.319247 
      237.5000  -0.602164   0.281352  -0.320811 
      238.0000  -0.590005   0.268351  -0.321654 
      238.5000  -0.622500   0.301509  -0.320991 
      239.0000  -0.596447   0.278541  -0.317906 
      239.5000  -0.591316   0.278785  -0.312531 
      240.0000  -0.630480   0.318868  -0.311612 
      240.5000  -0.626848   0.318791  -0.308057 
      241.0000  -0.623869   0.311503  -0.312366 
      241.5000  -0.595912   0.283419  -0.312493 
      242.0000  -0.645122   0.318682  -0.326440 
      242.5000  -0.635427   0.308864  -0.326563 
      243.0000  -0.620156   0.311491  -0.308665 
      243.5000  -0.600414   0.303870  -0.296544 
      244.0000  -0.599229   0.295627  -0.303603 
      244.5000  -0.635914   0.336091  -0.299823 
      245.0000  -0.622717   0.336605  -0.286112 
      245.5000  -0.611347   0.328938  -0.282409 
      246.0000  -0.645302   0.358884  -0.286418 
      246.5000  -0.664739   0.347329  -0.317409 
      247.0000  -0.630255   0.308817  -0.321438 
      247.5000  -0.613698   0.305909  -0.307789 
      248.0000  -0.639830   0.339361  -0.300470 
      248.5000  -0.647283   0.340285  -0.306998 
      249.0000  -0.608170   0.305699  -0.302470 
      249.5000  -0.623064   0.314474  -0.308590 
      250.0000  -0.642838   0.330533  -0.312304 
      250.5000  -0.602530   0.295228  -0.307302 
      251.0000  -0.587541   0.278846  -0.308696 
      251.5000  -0.609530   0.294528  -0.315002 
      252.0000  -0.601583   0.283727  -0.317856 
      252.5000  -0.595325   0.287262  -0.308063 
      253.0000  -0.607123   0.296405  -0.310718 
      253.5000  -0.600462   0.289705  -0.310756 
      254.0000  -0.618580   0.315478  -0.303103 
      254.5000  -0.629225   0.315705  -0.313520 
      255.0000  -0.654811   0.347681  -0.307130 
      255.5000  -0.591351   0.292247  -0.299104 
      256.0000  -0.653753   0.359256  -0.294497 
      256.5000  -0.591825   0.285318  -0.306507 
      257.0000  -0.623675   0.321210  -0.302465 
      257.5000  -0.647209   0.338824  -0.308385 
      258.0000  -0.643815   0.328631  -0.315184 
      258.5000  -0.615216   0.310369  -0.304847 
      259.0000  -0.625864   0.316624  -0.309239 
      259.5000  -0.672688   0.352125  -0.320564 
      260.0000  -0.646518   0.327218  -0.319300 
      260.5000  -0.664529   0.354010  -0.310519 
      261.0000  -0.643090   0.325906  -0.317184 
      261.5000  -0.666250   0.346126  -0.320124 
      262.0000  -0.675846   0.359458  -0.316388 
      262.5000  -0.614450   0.294787  -0.319663 
      263.0000  -0.650774   0.323508  -0.327266 
      263.5000  -0.638015   0.301921  -0.336094 
      264.0000  -0.695972   0.371162  -0.324810 
      264.5000  -0.674626   0.352731  -0.321895 
      265.0000  -0.677704   0.342191  -0.335512 
      265.5000  -0.647718   0.311570  -0.336148 
      266.0000  -0.634523   0.303314  -0.331209 
      266.5000  -0.639588   0.310518  -0.329070 
      267.0000  -0.621976   0.301489  -0.320488 
      267.5000  -0.662146   0.348893  -0.313253 
      268.0000  -0.625008   0.319255  -0.305753 
      268.5000  -0.659870   0.339983  -0.319887 
      269.0000  -0.637226   0.317670  -0.319555 
      269.5000  -0.638560   0.329086  -0.309475 
      270.0000  -0.638063   0.335748  -0.302315 
      270.5000  -0.646702   0.329488  -0.317215 
      271.0000  -0.597339   0.285738  -0.311601 
      271.5000  -0.634610   0.328778  -0.305832 
      272.0000  -0.623651   0.312387  -0.311264 
      272.5000  -0.659762   0.348033  -0.311729 
      273.0000  -0.636926   0.328052  -0.308874 
      273.5000  -0.653135   0.338166  -0.314969 
      274.0000  -0.654447   0.339562  -0.314884 
      274.5000  -0.607100   0.293794  -0.313306 
      275.0000  -0.651867   0.345799  -0.306068 
      275.5000  -0.635873   0.329145  -0.306728 
      276.0000  -0.601525   0.281338  -0.320187 
      276.5000  -0.672109   0.344236  -0.327873 
      277.0000  -0.685316   0.356440  -0.328876 
      277.5000  -0.666979   0.338936  -0.328043 
      278.0000  -0.622506   0.300530  -0.321977 
      278.5000  -0.611674   0.286912  -0.324762 
      279.0000  -0.673130   0.322492  -0.350638 
      279.5000  -0.601750   0.257061  -0.344689 
      280.0000  -0.681029   0.336523  -0.344506 
      280.5000  -0.662418   0.340620  -0.321798 
      281.0000  -0.645090   0.318156  -0.326934 
      281.5000  -0.666294   0.339776  -0.326518 
      282.0000  -0.639369   0.322189  -0.317180 
      282.5000  -0.630196   0.321712  -0.308484 
      283.0000  -0.662402   0.338041  -0.324361 
      283.5000  -0.627126   0.302340  -0.324786 
      284.0000  -0.642859   0.314485  -0.328374 
      284.5000  -0.590208   0.270848  -0.319359 
      285.0000  -0.642298   0.324215  -0.318083 
      285.5000  -0.670144   0.342354  -0.327791 
      286.0000  -0.649216   0.314407  -0.334808 
      286.5000  -0.649442   0.317274  -0.332169 
      287.0000  -0.647523   0.308266  -0.339257 
      287.5000  -0.635076   0.305221  -0.329855 
      288.0000  -0.654384   0.322614  -0.331770 
      288.5000  -0.647579   0.318274  -0.329306 
      289.0000  -0.681808   0.365675  -0.316133 
      289.5000  -0.606092   0.283121  -0.322972 
      290.0000  -0.641629   0.316656  -0.324973 
      290.5000  -0.644773   0.314126  -0.330647 
      291.0000  -0.651504   0.330596  -0.320909 
      291.5000  -0.631232   0.315377  -0.315855 
      292.0000  -0.633463   0.326183  -0.307280 
      292.5000  -0.650197   0.333617  -0.316580 
      293.0000  -0.626443   0.304119  -0.322323 
      293.5000  -0.613606   0.291787  -0.321818 
      294.0000  -0.643248   0.324353  -0.318895 
      294.5000  -0.671376   0.327811  -0.343565 
      295.0000  -0.631204   0.287333  -0.343871 
      295.5000  -0.666206   0.317666  -0.348540 
      296.0000  -0.650848   0.293304  -0.357543 
      296.5000  -0.674471   0.325409  -0.349062 
      297.0000  -0.633592   0.287680  -0.345912 
      297.5000  -0.646864   0.296363  -0.350501 
      298.0000  -0.664289   0.324294  -0.339995 
      298.5000  -0.690114   0.333563  -0.356552 
      299.0000  -0.674677   0.326003  -0.348675 
      299.5000  -0.656477   0.300592  -0.355886 
      300.0000  -0.654204   0.293259  -0.360945 
      300.5000  -0.651147   0.287212  -0.363935 
      301.0000  -0.655561   0.299055  -0.356506 
      301.5000  -0.645538   0.290806  -0.354732 
      302.0000  -0.662326   0.297898  -0.364428 
      302.5000  -0.664969   0.300493  -0.364476 
      303.0000  -0.626694   0.264775  -0.361919 
      303.5000  -0.641089   0.285814  -0.355276 
      304.0000  -0.637562   0.279682  -0.357880 
      304.5000  -0.650647   0.306106  -0.344541 
      305.0000  -0.684815   0.332635  -0.352180 
      305.5000  -0.683994   0.328043  -0.355951 
      306.0000  -0.649816   0.294045  -0.355771 
      306.5000  -0.614811   0.267277  -0.347534 
      307.0000  -0.651691   0.313777  -0.337914 
      307.5000  -0.650640   0.311266  -0.339374 
      308.0000  -0.651916   0.312647  -0.339269 
      308.5000  -0.677626   0.351716  -0.325910 
      309.0000  -0.651438   0.328080  -0.323358 
      309.5000  -0.681471   0.351630  -0.329842 
      310.0000  -0.606267   0.273107  -0.333160 
      310.5000  -0.680677   0.345924  -0.334753 
      311.0000  -0.642932   0.306412  -0.336519 
      311.5000  -0.648121   0.323582  -0.324539 
      312.0000  -0.667328   0.339695  -0.327633 
      312.5000  -0.646290   0.326869  -0.319421 
      313.0000  -0.677796   0.353367  -0.324429 
      313.5000  -0.607110   0.290287  -0.316823 
      314.0000  -0.691643   0.369609  -0.322034 
      314.5000  -0.665618   0.341055  -0.324563 
      315.0000  -0.670571   0.330531  -0.340040 
      315.5000  -0.631656   0.294084  -0.337572 
      316.0000  -0.703485   0.358974  -0.344512 
      316.5000  -0.664783   0.319380  -0.345403 
      317.0000  -0.719667   0.384955  -0.334712 
      317.5000  -0.691813   0.330252  -0.361561 
      318.0000  -0.665951   0.290742  -0.375209 
      318.5000  -0.702491   0.328742  -0.373749 
      319.0000  -0.655026   0.278291  -0.376735 
      319.5000  -0.730882   0.354733  -0.376149 
      320.0000  -0.696774   0.324586  -0.372188 
      320.5000  -0.706003   0.326069  -0.379934 
      321.0000  -0.721162   0.353552  -0.367610 
      321.5000  -0.689029   0.328923  -0.360106 
      322.0000  -0.639063   0.275517  -0.363545 
      322.5000  -0.690237   0.323052  -0.367185 
      323.0000  -0.710876   0.336803  -0.374073 
      323.5000  -0.698444   0.325594  -0.372851 
      324.0000  -0.711147   0.340344  -0.370802 
      324.5000  -0.683422   0.311227  -0.372194 
      325.0000  -0.718521   0.352437  -0.366084 
      325.5000  -0.682862   0.322706  -0.360156 
      326.0000  -0.665888   0.296623  -0.369264 
      326.5000  -0.665760   0.288968  -0.376792 
      327.0000  -0.697651   0.316049  -0.381602 
      327.5000  -0.730035   0.334815  -0.395220 
      328.0000  -0.694653   0.298191  -0.396462 
      328.5000  -0.683200   0.282908  -0.400292 
      329.0000  -0.692701   0.296134  -0.396567 
      329.5000  -0.675664   0.286425  -0.389238 
      330.0000  -0.693870   0.309793  -0.384077 
      330.5000  -0.661931   0.267060  -0.394871 
      331.0000  -0.726016   0.345046  -0.380970 
      331.5000  -0.706382   0.340493  -0.365889 
      332.0000  -0.729205   0.370948  -0.358257 
      332.5000  -0.660405   0.298916  -0.361489 
      333.0000  -0.699961   0.346669  -0.353292 
      333.5000  -0.668168   0.314687  -0.353481 
      334.0000  -0.737447   0.385774  -0.351673 
      334.5000  -0.705966   0.352984  -0.352981 
      335.0000  -0.711059   0.343762  -0.367298 
      335.5000  -0.740489   0.367367  -0.373123 
      336.0000  -0.742612   0.360973  -0.381640 
      336.5000  -0.722083   0.343682  -0.378401 
      337.0000  -0.743621   0.369792  -0.373829 
      337.5000  -0.745297   0.349387  -0.395910 
      338.0000  -0.754083   0.348673  -0.405410 
      338.5000  -0.713787   0.299592  -0.414194 
      339.0000  -0.775584   0.364129  -0.411456 
      339.5000  -0.702614   0.291344  -0.411270 
      340.0000  -0.749590   0.341902  -0.407688 
      340.5000  -0.718470   0.319095  -0.399375 
      341.0000  -0.672445   0.267678  -0.404768 
      341.5000  -0.723032   0.314802  -0.408230 
      342.0000  -0.756527   0.336166  -0.420361 
      342.5000  -0.800645   0.381689  -0.418957 
      343.0000  -0.783846   0.367366  -0.416480 
      343.5000  -0.729979   0.304265  -0.425713 
      344.0000  -0.753766   0.320537  -0.433229 
      344.5000  -0.735482   0.288773  -0.446709 
      345.0000  -0.753384   0.309079  -0.444305 
      345.5000  -0.773078   0.323836  -0.449242 
      346.0000  -0.763051   0.297330  -0.465721 
      346.5000  -0.727469   0.261561  -0.465908 
      347.0000  -0.817748   0.356012  -0.461736 
      347.5000  -0.770503   0.309278  -0.461225 
      348.0000  -0.752900   0.284737  -0.468163 
      348.5000  -0.801038   0.337439  -0.463600 
      349.0000  -0.737874   0.283711  -0.454163 
      349.5000  -0.765536   0.314990  -0.450546 
      350.0000  -0.806260   0.353859  -0.452401 
      350.5000  -0.763639   0.317776  -0.445862 
      351.0000  -0.816096   0.363718  -0.452378 
      351.5000  -0.781479   0.325591  -0.455888 
      352.0000  -0.821389   0.352532  -0.468857 
      352.5000  -0.797107   0.325638  -0.471469 
      353.0000  -0.788043   0.314910  -0.473132 
      353.5000  -0.758211   0.292098  -0.466112 
      354.0000  -0.842310   0.384275  -0.458035 
      354.5000  -0.780545   0.324490  -0.456055 
      355.0000  -0.762095   0.290619  -0.471476 
      355.5000  -0.809999   0.339189  -0.470809 
      356.0000  -0.794507   0.336049  -0.458458 
      356.5000  -0.787583   0.342077  -0.445507 
      357.0000  -0.794470   0.350123  -0.444347 
      357.5000  -0.796888   0.346358  -0.450530 
      358.0000  -0.776595   0.321106  -0.455489 
      358.5000  -0.764777   0.308277  -0.456499 
      359.0000  -0.780300   0.330865  -0.449435 
      359.5000  -0.783394   0.329044  -0.454350 
      360.0000  -0.736465   0.287914  -0.448552 
      360.5000  -0.768425   0.311655  -0.456769 
      361.0000  -0.817229   0.354674  -0.462556 
      361.5000  -0.773895   0.313357  -0.460538 
      362.0000  -0.783603   0.321049  -0.462554 
      362.5000  -0.788246   0.327668  -0.460578 
      363.0000  -0.802330   0.349434  -0.452896 
      363.5000  -0.787423   0.337385  -0.450038 
      364.0000  -0.759101   0.318427  -0.440674 
      364.5000  -0.746890   0.304945  -0.441945 
      365.0000  -0.761281   0.316747  -0.444534 
      365.5000  -0.812847   0.363752  -0.449095 
      366.0000  -0.782461   0.330856  -0.451605 
      366.5000  -0.785278   0.338180  -0.447098 
      367.0000  -0.809193   0.365181  -0.444011 
      367.5000  -0.748172   0.298360  -0.449812 
      368.0000  -0.739153   0.298084  -0.441069 
      368.5000  -0.785119   0.335475  -0.449644 
      369.0000  -0.705403   0.268709  -0.436694 
      369.5000  -0.772981   0.336940  -0.436041 
      370.0000  -0.773121   0.327979  -0.445143 
      370.5000  -0.805296   0.373891  -0.431405 
      371.0000  -0.768934   0.348012  -0.420922 
      371.5000  -0.763502   0.334844  -0.428658 
      372.0000  -0.750732   0.328654  -0.422078 
      372.5000  -0.777965   0.350478  -0.427487 
      373.0000  -0.754068   0.314586  -0.439482 
      373.5000  -0.757090   0.320448  -0.436641 
      374.0000  -0.790655   0.330891  -0.459764 
      374.5000  -0.814783   0.360691  -0.454091 
      375.0000  -0.769190   0.304451  -0.464739 
      375.5000  -0.766274   0.306524  -0.459750 
      376.0000  -0.781506   0.321003  -0.460504 
      376.5000  -0.746312   0.288342  -0.457970 
      377.0000  -0.771320   0.309567  -0.461753 
      377.5000  -0.758138   0.284676  -0.473462 
      378.0000  -0.754876   0.282104  -0.472772 
      378.5000  -0.755189   0.287261  -0.467928 
      379.0000  -0.744001   0.275392  -0.468609 
      379.5000  -0.755872   0.274758  -0.481114 
      380.0000  -0.820786   0.323983  -0.496803 
      380.5000  -0.804373   0.306390  -0.497983 
      381.0000  -0.796287   0.300266  -0.496021 
      381.5000  -0.753355   0.260754  -0.492601 
      382.0000  -0.789184   0.306979  -0.482205 
      382.5000  -0.774749   0.304311  -0.470438 
      383.0000  -0.807346   0.345614  -0.461732 
      383.5000  -0.768460   0.316533  -0.451926 
      384.0000  -0.793190   0.359496  -0.433694 
      384.5000  -0.755438   0.320719  -0.434719 
      385.0000  -0.765786   0.335530  -0.430257 
      385.5000  -0.754490   0.319184  -0.435307 
      386.0000  -0.701617   0.251722  -0.449895 
      386.5000  -0.765158   0.310029  -0.455129 
      387.0000  -0.783119   0.331214  -0.451905 
      387.5000  -0.762131   0.309759  -0.452372 
      388.0000  -0.754397   0.309207  -0.445190 
      388.5000  -0.753668   0.310830  -0.442838 
      389.0000  -0.751426   0.302671  -0.448754 
      389.5000  -0.724412   0.280184  -0.444228 
      390.0000  -0.725944   0.277445  -0.448499 
      390.5000  -0.765445   0.303865  -0.461580 
      391.0000  -0.726304   0.276088  -0.450217 
      391.5000  -0.739547   0.275603  -0.463944 
      392.0000  -0.764700   0.282479  -0.482221 
      392.5000  -0.785760   0.313936  -0.471825 
      393.0000  -0.785434   0.318619  -0.466815 
      393.5000  -0.763642   0.296048  -0.467594 
      394.0000  -0.785294   0.312513  -0.472781 
      394.5000  -0.759840   0.287502  -0.472338 
      395.0000  -0.760958   0.293923  -0.467035 
      395.5000  -0.744208   0.272196  -0.472012 
      396.0000  -0.788023   0.309724  -0.478299 
      396.5000  -0.810728   0.318881  -0.491847 
      397.0000  -0.783293   0.306926  -0.476367 
      397.5000  -0.764305   0.296443  -0.467862 
      398.0000  -0.756805   0.296700  -0.460105 
      398.5000  -0.746573   0.297330  -0.449243 
      399.0000  -0.780895   0.341811  -0.439085 
      399.5000  -0.752668   0.301248  -0.451419 
      400.0000  -0.723665   0.276488  -0.447177 
      400.5000  -0.786906   0.341240  -0.445666 
      401.0000  -0.753148   0.302341  -0.450807 
      401.5000  -0.730362   0.284850  -0.445512 
      402.0000  -0.734743   0.289163  -0.445580 
      402.5000  -0.764512   0.325985  -0.438527 
      403.0000  -0.725426   0.260763  -0.464663 
      403.5000  -0.732785   0.268312  -0.464473 
      404.0000  -0.788915   0.327462  -0.461453 
      404.5000  -0.760483   0.290909  -0.469574 
      405.0000  -0.781808   0.322543  -0.459265 
      405.5000  -0.764145   0.314230  -0.449915 
      406.0000  -0.779544   0.332840  -0.446704 
      406.5000  -0.764995   0.311020  -0.453975 
      407.0000  -0.761174   0.300263  -0.460911 
      407.5000  -0.777739   0.314789  -0.462950 
      408.0000  -0.758123   0.293604  -0.464520 
      408.5000  -0.769279   0.313761  -0.455518 
      409.0000  -0.742988   0.297392  -0.445597 
      409.5000  -0.781542   0.328982  -0.452560 
      410.0000  -0.748325   0.298502  -0.449822 
      410.5000  -0.753152   0.304946  -0.448207 
      411.0000  -0.723519   0.290763  -0.432756 
      411.5000  -0.730502   0.298342  -0.432159 
      412.0000  -0.716089   0.271152  -0.444937 
      412.5000  -0.711910   0.270858  -0.441051 
      413.0000  -0.753058   0.309665  -0.443393 
      413.5000  -0.763590   0.316719  -0.446871 
      414.0000  -0.749177   0.295695  -0.453482 
      414.5000  -0.751978   0.298964  -0.453014 
      415.0000  -0.722633   0.279789  -0.442844 
      415.5000  -0.751632   0.307961  -0.443671 
      416.0000  -0.771563   0.326361  -0.445201 
      416.5000  -0.704673   0.270174  -0.434499 
      417.0000  -0.758896   0.315385  -0.443511 
      417.5000  -0.734142   0.299995  -0.434147 
      418.0000  -0.803337   0.361936  -0.441400 
      418.5000  -0.734915   0.296585  -0.438330 
      419.0000  -0.756801   0.320145  -0.436655 
      419.5000  -0.758379   0.314937  -0.443442 
      420.0000  -0.730940   0.291729  -0.439211 
      420.5000  -0.689638   0.253218  -0.436420 
      421.0000  -0.726495   0.294842  -0.431653 
      421.5000  -0.695108   0.272365  -0.422743 
      422.0000  -0.778203   0.350376  -0.427828 
      422.5000  -0.741636   0.308510  -0.433126 
      423.0000  -0.746667   0.295991  -0.450676 
      423.5000  -0.802574   0.348477  -0.454096 
      424.0000  -0.753845   0.302766  -0.451079 
      424.5000  -0.779126   0.331555  -0.447571 
      425.0000  -0.775323   0.330723  -0.444600 
      425.5000  -0.755357   0.300084  -0.455272 
      426.0000  -0.763285   0.310205  -0.453079 
      426.5000  -0.734148   0.288377  -0.445771 
      427.0000  -0.773842   0.341631  -0.432211 
      427.5000  -0.766437   0.332970  -0.433467 
      428.0000  -0.720393   0.282983  -0.437410 
      428.5000  -0.758335   0.309253  -0.449082 
      429.0000  -0.746857   0.295799  -0.451058 
      429.5000  -0.806593   0.356086  -0.450507 
      430.0000  -0.768573   0.319317  -0.449257 
      430.5000  -0.753122   0.304945  -0.448177 
      431.0000  -0.731381   0.293033  -0.438348 
      431.5000  -0.745660   0.302445  -0.443215 
      432.0000  -0.742375   0.303587  -0.438788 
      432.5000  -0.752262   0.302327  -0.449935 
      433.0000  -0.795699   0.356630  -0.439069 
      433.5000  -0.756474   0.319977  -0.436497 
      434.0000  -0.785729   0.346541  -0.439187 
      434.5000  -0.743913   0.315221  -0.428693 
      435.0000  -0.730485   0.313728  -0.416757 
      435.5000  -0.754028   0.342367  -0.411660 
      436.0000  -0.761851   0.338273  -0.423578 
      436.5000  -0.720503   0.313618  -0.406885 
      437.0000  -0.721943   0.306057  -0.415885 
      437.5000  -0.751203   0.344221  -0.406982 
      438.0000  -0.687941   0.278619  -0.409322 
      438.5000  -0.712277   0.295109  -0.417168 
      439.0000  -0.737850   0.306192  -0.431658 
      439.5000  -0.785322   0.340582  -0.444740 
      440.0000  -0.790327   0.337522  -0.452805 
      440.5000  -0.737532   0.286666  -0.450866 
      441.0000  -0.751589   0.298106  -0.453483 
      441.5000  -0.753811   0.314948  -0.438862 
      442.0000  -0.803509   0.365721  -0.437789 
      442.5000  -0.782915   0.341454  -0.441460 
      443.0000  -0.727169   0.285169  -0.441999 
      443.5000  -0.781021   0.339427  -0.441594 
      444.0000  -0.787824   0.336940  -0.450884 
      444.5000  -0.838203   0.383946  -0.454256 
      445.0000  -0.759895   0.320592  -0.439304 
      445.5000  -0.758343   0.331671  -0.426672 
      446.0000  -0.771819   0.347081  -0.424738 
      446.5000  -0.744907   0.314196  -0.430711 
      447.0000  -0.782379   0.354397  -0.427982 
      447.5000  -0.786390   0.361821  -0.424569 
      448.0000  -0.700232   0.281575  -0.418657 
      448.5000  -0.765800   0.353423  -0.412377 
      449.0000  -0.740604   0.315056  -0.425548 
      449.5000  -0.704764   0.284449  -0.420315 
      450.0000  -0.751067   0.317962  -0.433105 
      450.5000  -0.789706   0.350242  -0.439463 
      451.0000  -0.735703   0.286614  -0.449089 
      451.5000  -0.808089   0.353542  -0.454547 
      452.0000  -0.817811   0.361868  -0.455943 
      452.5000  -0.751502   0.290248  -0.461254 
      453.0000  -0.728833   0.280298  -0.448535 
      453.5000  -0.811873   0.370030  -0.441843 
      454.0000  -0.747725   0.297094  -0.450631 
      454.5000  -0.760866   0.294726  -0.466140 
      455.0000  -0.752761   0.286747  -0.466013 
      455.5000  -0.779919   0.308805  -0.471114 
      456.0000  -0.734168   0.279799  -0.454369 
      456.5000  -0.783196   0.329190  -0.454006 
      457.0000  -0.786214   0.338782  -0.447432 
      457.5000  -0.744595   0.286609  -0.457986 
      458.0000  -0.779603   0.335202  -0.444401 
      458.5000  -0.771594   0.323534  -0.448060 
      459.0000  -0.789038   0.328165  -0.460872 
      459.5000  -0.746931   0.294057  -0.452875 
      460.0000  -0.767318   0.315080  -0.452238 
      460.5000  -0.807711   0.373332  -0.434379 
      461.0000  -0.773113   0.351001  -0.422112 
      461.5000  -0.730734   0.325708  -0.405025 
      462.0000  -0.723399   0.316316  -0.407084 
      462.5000  -0.765762   0.331591  -0.434170 
      463.0000  -0.776847   0.342910  -0.433937 
      463.5000  -0.753956   0.337784  -0.416173 
      464.0000  -0.714460   0.301205  -0.413255 
      464.5000  -0.797170   0.399583  -0.397586 
      465.0000  -0.721300   0.309415  -0.411885 
      465.5000  -0.756281   0.331192  -0.425089 
      466.0000  -0.732083   0.302297  -0.429786 
      466.5000  -0.742962   0.313712  -0.429250 
      467.0000  -0.722977   0.298601  -0.424376 
      467.5000  -0.717988   0.286467  -0.431521 
      468.0000  -0.756441   0.320133  -0.436308 
      468.5000  -0.739518   0.293632  -0.445886 
      469.0000  -0.724589   0.276598  -0.447991 
      469.5000  -0.710828   0.274171  -0.436657 
      470.0000  -0.741926   0.292784  -0.449142 
      470.5000  -0.711478   0.253312  -0.458166 
      471.0000  -0.765972   0.307764  -0.458208 
      471.5000  -0.745232   0.283554  -0.461678 
      472.0000  -0.764852   0.301573  -0.463279 
      472.5000  -0.773117   0.307876  -0.465241 
      473.0000  -0.738861   0.267714  -0.471147 
      473.5000  -0.712774   0.233028  -0.479746 
      474.0000  -0.728492   0.247126  -0.481367 
      474.5000  -0.741685   0.261053  -0.480632 
      475.0000  -0.790190   0.304076  -0.486115 
      475.5000  -0.773431   0.297810  -0.475621 
      476.0000  -0.732044   0.254823  -0.477221 
      476.5000  -0.764150   0.288488  -0.475663 
      477.0000  -0.734241   0.258383  -0.475858 
      477.5000  -0.770761   0.291558  -0.479204 
      478.0000  -0.717885   0.250160  -0.467725 
      478.5000  -0.729716   0.266465  -0.463251 
      479.0000  -0.726872   0.280388  -0.446483 
      479.5000  -0.751704   0.302930  -0.448774 
      480.0000  -0.694024   0.238587  -0.455437 
      480.5000  -0.764828   0.312161  -0.452667 
      481.0000  -0.743252   0.291681  -0.451571 
      481.5000  -0.741071   0.283505  -0.457566 
      482.0000  -0.712451   0.254034  -0.458417 
      482.5000  -0.724035   0.266126  -0.457910 
      483.0000  -0.786638   0.331501  -0.455137 
      483.5000  -0.714395   0.260055  -0.454340 
      484.0000  -0.743226   0.286429  -0.456797 
      484.5000  -0.697815   0.242067  -0.455748 
      485.0000  -0.727027   0.270538  -0.456488 
      485.5000  -0.772696   0.305963  -0.466733 
      486.0000  -0.746398   0.267051  -0.479347 
      486.5000  -0.715344   0.234893  -0.480451 
      487.0000  -0.777582   0.293515  -0.484067 
      487.5000  -0.779262   0.290322  -0.488940 
      488.0000  -0.762568   0.271670  -0.490898 
      488.5000  -0.761266   0.275672  -0.485594 
      489.0000  -0.777842   0.296297  -0.481545 
      489.5000  -0.725573   0.241963  -0.483610 
      490.0000  -0.787523   0.305256  -0.482267 
      490.5000  -0.794401   0.311110  -0.483290 
      491.0000  -0.788134   0.310302  -0.477832 
      491.5000  -0.746724   0.269895  -0.476828 
      492.0000  -0.785122   0.304537  -0.480585 
      492.5000  -0.776666   0.286492  -0.490174 
      493.0000  -0.729177   0.242330  -0.486847 
      493.5000  -0.775096   0.287195  -0.487901 
      494.0000  -0.746989   0.249906  -0.497083 
      494.5000  -0.761594   0.270479  -0.491115 
      495.0000  -0.767771   0.289688  -0.478084 
      495.5000  -0.769083   0.286832  -0.482251 
      496.0000  -0.753151   0.279906  -0.473245 
      496.5000  -0.746357   0.272886  -0.473471 
      497.0000  -0.745126   0.271986  -0.473140 
      497.5000  -0.712242   0.237983  -0.474259 
      498.0000  -0.756936   0.294613  -0.462323 
      498.5000  -0.773101   0.290371  -0.482729 
      499.0000  -0.760056   0.278261  -0.481795 
      499.5000  -0.730154   0.252298  -0.477856 
      500.0000  -0.752426   0.272536  -0.479890 
