t = 0
b =  30.0 30.0 30.0
E = 0. 0. 0.
14.786966533228005 16.09956970909028 18.78050658590518 0.012838283485485978 -0.4622436525956738 0.8866600160784043 0.5835450851032363 0.7235317925036265 0.3687504290008973 0.0 0.0 0.0 0.0 0.0 0.0
14.73020066129038 16.509261302208625 19.12345780172118 0.48652173416002337 -0.6750532790866397 0.5546166897815992 0.5835450851032363 0.7235317925036265 0.3687504290008973 0.0 0.0 0.0 0.0 0.0 0.0
14.784337433962964 16.76507447911859 19.592833909423938 0.7753674438175516 -0.631398878563637 0.01186521034020327 0.5835450851032363 0.7235317925036265 0.3687504290008973 0.0 0.0 0.0 0.0 0.0 0.0
15.015219239850728 16.87696026179298 20.064914692197082 0.7696380981164428 -0.34786548764800923 -0.5353940608851738 0.5835450851032363 0.7235317925036265 0.3687504290008973 0.0 0.0 0.0 0.0 0.0 0.0
15.421540074420832 16.909550095612403 20.414952381945252 0.4715103712781 0.06782781802589657 -0.8792481770689284 0.5835450851032363 0.7235317925036265 0.3687504290008973 0.0 0.0 0.0 0.0 0.0 0.0
15.935341712959875 16.957601282685033 20.564565422064977 -0.005752028841805812 0.4577522016111215 -0.8890612105386072 0.5835450851032363 0.7235317925036265 0.3687504290008973 0.0 0.0 0.0 0.0 0.0 0.0
16.44783217634344 17.10999709851811 20.511516931268076 -0.4808291370359158 0.6737688705955986 -0.5611050258139088 0.5835450851032363 0.7235317925036265 0.3687504290008973 0.0 0.0 0.0 0.0 0.0 0.0
16.850717622810354 17.415978549603626 20.3305645321817 -0.7732312170356135 0.6338094808260184 -0.0199756606067516 0.5835450851032363 0.7235317925036265 0.3687504290008973 0.0 0.0 0.0 0.0 0.0 0.0
17.077344989024247 17.866436891786275 20.145058680631482 -0.7718698299469396 0.3530552725612138 0.5287427920401455 0.5835450851032363 0.7235317925036265 0.3687504290008973 0.0 0.0 0.0 0.0 0.0 0.0
17.128024603214815 18.397374194458152 20.080079765163728 -0.4772621894860597 -0.06183053651897186 0.8765830178829312 0.5835450851032363 0.7235317925036265 0.3687504290008973 0.0 0.0 0.0 0.0 0.0 0.0
17.06991228629496 18.91421722438503 20.214917976204113 -0.0013346638411407263 -0.45322589102415706 0.8913946995454869 0.5835450851032363 0.7235317925036265 0.3687504290008973 0.0 0.0 0.0 0.0 0.0 0.0
17.011495732710525 19.327747398192177 20.552949637053665 0.475099922911417 -0.6724331519964597 0.5675506315260961 0.5835450851032363 0.7235317925036265 0.3687504290008973 0.0 0.0 0.0 0.0 0.0 0.0
17.061378221502785 19.58799641384359 21.0203544822176 0.7710361057028116 -0.6361718160425419 0.028084589649405856 0.5835450851032363 0.7235317925036265 0.3687504290008973 0.0 0.0 0.0 0.0 0.0 0.0
17.287018414850685 19.703230044010933 21.494161210475795 0.7740427809014702 -0.35821817094850406 -0.5220512573843925 0.5835450851032363 0.7235317925036265 0.3687504290008973 0.0 0.0 0.0 0.0 0.0 0.0
17.68910168446037 19.736807830839215 21.848966338186855 0.482977662330494 0.05582854637730425 -0.8738511035062934 0.5835450851032363 0.7235317925036265 0.3687504290008973 0.0 0.0 0.0 0.0 0.0 0.0
18.201279727395203 19.783111736570852 22.00457707935789 0.008421254884268037 0.4486650655308554 -0.8936603053948213 0.5835450851032363 0.7235317925036265 0.3687504290008973 0.0 0.0 0.0 0.0 0.0 0.0
18.71537739564588 19.93168885810751 21.956477925795113 -0.4693345280883646 0.671046225009365 -0.573953016060331 0.5835450851032363 0.7235317925036265 0.3687504290008973 0.0 0.0 0.0 0.0 0.0 0.0
19.122490243451182 20.233230987749554 21.77754616416193 -0.7687822769853728 0.6384857043122341 -0.036191379941824364 0.5835450851032363 0.7235317925036265 0.3687504290008973 0.0 0.0 0.0 0.0 0.0 0.0
19.3543591470279 20.680315953779555 21.59036457633224 -0.7761567855014069 0.3633537896351781 0.515319966504186 0.5835450851032363 0.7235317925036265 0.3687504290008973 0.0 0.0 0.0 0.0 0.0 0.0
19.409303086927764 21.210227427589835 21.52065019108175 -0.488656354556018 -0.04982230467568141 0.8710526419848711 0.5835450851032363 0.7235317925036265 0.3687504290008973 0.0 0.0 0.0 0.0 0.0 0.0
19.35285779543099 21.728781905481636 21.649492282979416 -0.015507204616232062 -0.4440700724557365 0.8958578555519532 0.5835450851032363 0.7235317925036265 0.3687504290008973 0.0 0.0 0.0 0.0 0.0 0.0
19.29287763615401 22.146110596384464 21.982545201238363 0.46353339162389545 -0.6696081952541751 0.5803116918502432 0.5835450851032363 0.7235317925036265 0.3687504290008973 0.0 0.0 0.0 0.0 0.0 0.0
19.338559928082795 22.410802078109853 22.4478801879141 0.7664699025210797 -0.6407509694235454 0.0442954141205395 0.5835450851032363 0.7235317925036265 0.3687504290008973 0.0 0.0 0.0 0.0 0.0 0.0
19.558959058408274 22.529434356193885 22.923312315632376 0.7782116827571139 -0.36846173752399053 -0.5085494320133879 0.5835450851032363 0.7235317925036265 0.3687504290008973 0.0 0.0 0.0 0.0 0.0 0.0
19.9567515663047 22.56407576961566 23.28282058432167 0.4942978337082323 0.04381226881266209 -0.8681878464323445 0.5835450851032363 0.7235317925036265 0.3687504290008973 0.0 0.0 0.0 0.0 0.0 0.0
