t = 100000
b = 30 30 30
E = -0.691347568222623 -0.852080067587811 0.160732499365188
26.3244891191216 33.1611650868035 13.8938615316282 0.15452194136776 -0.911974819114099 0.380032573454889 0.331829973717386 0.410213585356173 0.849478412793447 -0.399118933486136 0.0166580030627375 -0.539437144300434 0.00208539569182598 0.0379379755431781 -0.361655920875517
26.3542686764162 33.170283041012 14.4213176460322 0.841756366079116 -0.538806061813036 0.0336773480942553 0.0992470519066578 0.215765231699 0.971388352431132 -0.0840793993333807 -0.0520741015670791 0.120490139059817 0.110557453351294 0.379841921165088 -0.245952104279939
26.3424209434848 33.0354522181774 14.9524966306439 0.909036316053141 0.298693320239736 -0.290577270685344 0.207087077504726 0.281303343491476 0.937007592256112 0.0393143430984482 -0.25629809865375 -0.218179785199444 0.0495008797892588 -0.197875900532283 -0.572464776175229
26.6634109427038 32.9191657243765 15.3922579910361 0.357660779804414 0.782408454519829 -0.509819233304771 0.382911115735779 0.375057650144891 0.844221985956006 0.0218189285151406 0.206342194574257 -0.154954508328175 0.322085222639981 0.312139142765048 0.531154954806988
27.0849126266565 33.0513582115248 15.6873820645341 -0.461058776841215 0.75826477206668 -0.460932968627354 0.0633356773214986 0.546232695136771 0.835235479682253 -0.0790618549549672 -0.273337464328715 0.622767346145373 -0.365307915997463 -0.139954761021106 -0.922525241801543
27.6952310236718 32.8064259709138 16.641628129476 0.89576986591239 -0.392046157384268 0.209513954585712 0.341200762405528 0.908510284367015 0.241228039660614 -0.151696320328306 0.153398092503297 -0.183384594789415 -0.177740104878239 0.519775706752918 -0.0466094324952938
27.4141309961128 32.461264141382 17.3731646370314 0.475698666106939 -0.820988212003228 0.315735699399453 -0.190364574905161 0.254353756891395 0.9481906117988 -0.0535630809489956 0.271443866391869 -0.782999477598498 0.144544814017934 0.274763757834152 -0.0118670708261414
27.3256053554273 32.1808483612496 17.8042637041399 0.963282592768475 -0.0150966909567914 0.268064586988567 -0.267361928284786 -0.145337458672623 0.952572562206054 -0.166546927597456 -0.143721982641733 0.249473230513284 0.25461995733952 0.603409159593753 0.193307298860213
27.3680131023138 31.7704013888723 17.2767699137873 -0.0376620659285971 0.382693521113275 -0.923107345716736 -0.645514880475646 -0.714480587009058 -0.26986644379863 0.0170132746513388 0.759659891800114 -0.0695927853917321 -0.311708457653959 -0.384614878107998 0.121377036618107
26.9901918410175 31.498651586364 17.1418518503424 0.679579090319546 0.076417668975123 -0.729611204797081 -0.369605195369018 -0.823442189523661 -0.430505298219766 0.113240998138802 -0.537383941380992 -0.115590821953825 0.0224866678311721 0.221016723563424 -0.249945916125839
26.8057533324239 31.3952144467594 16.7165686875127 0.870723104648559 -0.480382542909669 -0.105232221902703 -0.466740997160182 -0.739857350660648 -0.484524327989796 0.110631836732656 -0.516651388388842 -0.494379500057996 0.0180814408055043 0.404539035682544 0.340827030982772
27.0679802586511 32.0675816402236 16.2272419289025 0.95661659071618 0.276730054375433 0.0911323422031885 0.291165725324303 -0.896927651039016 -0.332781007860595 -0.710937006466692 -0.935613344668405 -0.0666735147097403 0.573434488404302 0.00781925216144629 0.242812893825215
27.3285961840935 31.897910226317 15.8765450833071 0.681285780737228 -0.225347870844466 0.696468155812216 0.332402149863943 -0.752451026062978 -0.568617681907824 -0.0645413506219574 0.168496176138289 0.352931021281617 -0.369779230850194 -0.0252630994479069 0.0330179619589004
27.7390974605256 31.703271883798 15.6700767189072 -0.365005371980184 -0.64642713353396 0.67000219067836 0.382791776603564 -0.760212858796129 -0.524925463634325 -0.0831171601822811 -0.269725054271994 0.20770791874805 0.152515102521492 0.192304213493002 0.458513834685958
28.0367946005675 31.3441832145643 15.6843564041311 -0.910754682756527 -0.372789621003742 -0.177633672986773 0.408991922627595 -0.754911771296519 -0.512673078149062 0.0120595857473038 -0.460398347134594 0.216597870326323 -0.041600387861696 0.099560006239369 -0.0759873134297844
28.1083748664337 30.8187568081971 15.637457894207 -0.65700227944772 0.179309461184204 -0.732254081434266 0.173715492982895 -0.909157269299195 -0.378491538004394 0.071056112552293 -0.163254064518606 0.43189050398465 0.0619930493168639 0.39690296347626 -0.140737949844808
27.9854863691977 30.3963870057808 15.3903349322214 -0.162463941540304 0.572800630970455 -0.803433150389423 0.471069429842514 -0.670439649614522 -0.573240072255609 0.0806378385464967 0.0981692477811704 0.624492455699922 -0.222275593515177 -0.578748107760329 0.946757818978914
28.047533830988 30.0540950910204 14.9627065788205 0.301935363837649 0.845599768938032 -0.440222505208679 0.521505331333498 -0.533060314311898 -0.666242245910919 0.423136664909219 -0.164778868170159 0.0807728096942282 0.268986013488448 -0.209187409400102 0.138514835236393
28.0420622181005 29.857158067689 14.5145165603058 0.849335819113259 0.489121198651818 0.198466617050676 0.462011452103308 -0.507003469710108 -0.727662565540938 0.18478761411364 -0.218243045764182 0.335662982160651 -0.0991657493252765 -0.395414122668368 0.266958361629493
28.0273104542506 29.9003083034424 13.7437015848267 -0.634962757464837 0.696274616204804 -0.334699612313723 0.25943096158417 0.600263719765063 0.756557277339272 0.19685270457284 0.404519653202868 0.234062478555131 0.336649167913076 -0.135493475701624 -0.111167287108102
28.1764900626903 30.3503061287475 13.9700822706413 -0.997256329589575 -0.0150463179074845 0.072480206876278 0.0530471528669357 0.537660886300359 0.841490729295548 0.013817936859694 0.0530976072266671 -0.0977945356446232 0.0616737103898135 -0.0563367388295417 -0.110510659009702
28.0580247416584 30.853794868749 14.2775224836495 -0.455832369066703 -0.699144549276424 0.550829973552286 -0.221373373766043 0.68847155135401 0.690652346802688 -0.0793487303171731 -0.419964135688127 0.0934407823129181 -0.175088229972717 0.215669843230789 -0.527752253602822
27.6357411295168 31.0566024573001 14.4222467594932 0.331714475065644 -0.590623486755474 0.735614866920932 -0.292794541742023 0.676801574658205 0.675433787047442 -0.0137156704781477 -0.373178272384759 -0.00641054740523652 0.568004101962417 -0.185469372826013 -0.626191377351401
27.3053669987585 31.1547296505119 14.888498326841 0.851065172673284 -0.0960497841966969 0.516199975896431 -0.400461554346045 0.517101191317061 0.756463359116869 0.099179810733048 0.178437660208772 -0.143581617532371 -0.293282875587726 -0.212472422675194 -0.267089466829392
27.0634891761639 31.1875710063518 15.3073660852877 0.918471379406288 0.384380901213532 0.0930675146760052 -0.336508225551164 0.635919116695735 0.694527869141818 -0.00476939289732045 0.0322054756999581 0.0629098420128223 -0.321808636286562 -0.267622230677824 0.132409960758136
