#id1 id2 FENE BEXC STCK NEXC HB CRSTCK CXSTCK total, t = 100000
0 1 0.0136619 0 -0.726418 0 0 0 0 -0.712756
1 2 0.0578929 0 -1.25935 0 0 0 0 -1.20146
2 3 0.0688124 0 -1.21949 0 0 0 0 -1.15068
3 4 0.0554902 0 -0.971965 0 0 0 0 -0.916475
4 5 0.0148044 0 0 0 0 0 0 0.0148044
5 6 0.01756 0 0 0 0 0 0 0.01756
6 7 0.0433362 0 -0.716814 0 0 0 0 -0.673478
7 8 0.0138005 0 0 0 0 0 0 0.0138005
8 9 0.0245313 0 -0.984661 0 0 0 0 -0.960129
9 10 0.00581575 0 -1.32987 0 0 0 0 -1.32405
8 11 0 0 0 0 0 -1.28983e-16 0 -1.28983e-16
10 11 0.0229934 0 0 0 0 0 0 0.0229934
11 12 0.0452603 0 -1.21411 0 0 0 0 -1.16885
12 13 0.173396 0 -1.29946 0 0 0 0 -1.12607
13 14 0.0134804 0 -1.3242 0 0 0 0 -1.31072
14 15 0.00340822 0 -1.11344 0 0 0 0 -1.11003
15 16 0.0492374 0 -0.846508 0 0 0 0 -0.79727
16 17 0.00258343 0 -1.26057 0 0 0 0 -1.25799
17 18 0.00227346 0 -1.19332 0 0 0 0 -1.19105
18 19 0.0446836 0 0 0 0 0 0 0.0446836
19 20 0.0276163 0 -1.25334 0 0 0 0 -1.22572
16 21 0 0 0 0 0 -0.16707 0 -0.16707
20 21 0.180902 0 -0.629483 0 0 0 0 -0.448581
17 22 0 0 0 0 0 -0.178568 0 -0.178568
16 22 0 0 0 0 -0.680945 0 -0 -0.680945
15 22 0 0 0 0 0 -0.0649884 0 -0.0649884
21 22 0.000424823 0 -1.17442 0 0 0 0 -1.17399
16 23 0 0 0 0 0 -0.170241 0 -0.170241
14 23 0 0 0 0 -0 -0.102748 -0 -0.102748
22 23 0.0110816 0 -1.03067 0 0 0 0 -1.01959
15 24 0 0 0 0 0 -0.113421 0 -0.113421
23 24 0.127531 0 -1.29649 0 0 0 0 -1.16896
#Total energy per particle is  -0.85208 and should be -0.8520810

