        0.0000  -1.014680   0.307435  -0.707245 
        0.5000  -1.011924   0.365755  -0.646169 
        1.0000  -0.989355   0.456612  -0.532743 
        1.5000  -0.840678   0.429096  -0.411582 
        2.0000  -0.895012   0.558383  -0.336629 
        2.5000  -0.820612   0.538918  -0.281694 
        3.0000  -0.757767   0.535915  -0.221852 
        3.5000  -0.803086   0.598879  -0.204207 
        4.0000  -0.722602   0.515895  -0.206707 
        4.5000  -0.670853   0.461584  -0.209269 
        5.0000  -0.725144   0.513104  -0.212039 
        5.5000  -0.702822   0.483785  -0.219037 
        6.0000  -0.717864   0.473084  -0.244780 
        6.5000  -0.644546   0.408440  -0.236106 
        7.0000  -0.670518   0.426683  -0.243835 
        7.5000  -0.668786   0.406309  -0.262477 
        8.0000  -0.658994   0.392122  -0.266872 
        8.5000  -0.693011   0.421403  -0.271608 
        9.0000  -0.700255   0.426211  -0.274044 
        9.5000  -0.685862   0.391848  -0.294014 
       10.0000  -0.716404   0.422460  -0.293944 
       10.5000  -0.686903   0.385239  -0.301664 
       11.0000  -0.643110   0.345284  -0.297826 
       11.5000  -0.667593   0.372207  -0.295385 
       12.0000  -0.664758   0.373679  -0.291079 
       12.5000  -0.713042   0.400687  -0.312354 
       13.0000  -0.670545   0.344408  -0.326137 
       13.5000  -0.726241   0.395259  -0.330982 
       14.0000  -0.714582   0.358928  -0.355654 
       14.5000  -0.679127   0.321216  -0.357911 
       15.0000  -0.695492   0.345277  -0.350215 
       15.5000  -0.663736   0.326329  -0.337407 
       16.0000  -0.714636   0.377738  -0.336897 
       16.5000  -0.693973   0.345003  -0.348970 
       17.0000  -0.743038   0.384724  -0.358314 
       17.5000  -0.668900   0.306704  -0.362196 
       18.0000  -0.725372   0.357838  -0.367534 
       18.5000  -0.680782   0.318428  -0.362354 
       19.0000  -0.695457   0.340767  -0.354691 
       19.5000  -0.708197   0.354138  -0.354059 
       20.0000  -0.646834   0.296648  -0.350187 
       20.5000  -0.680218   0.336108  -0.344110 
       21.0000  -0.712088   0.357405  -0.354683 
       21.5000  -0.703617   0.344436  -0.359181 
       22.0000  -0.672779   0.302214  -0.370565 
       22.5000  -0.662081   0.283729  -0.378351 
       23.0000  -0.716991   0.337801  -0.379191 
       23.5000  -0.767636   0.393284  -0.374352 
       24.0000  -0.673582   0.299343  -0.374239 
       24.5000  -0.708109   0.334655  -0.373454 
       25.0000  -0.659078   0.285010  -0.374068 
       25.5000  -0.713875   0.339820  -0.374055 
       26.0000  -0.682059   0.289299  -0.392760 
       26.5000  -0.666905   0.265792  -0.401112 
       27.0000  -0.663629   0.266533  -0.397096 
       27.5000  -0.697262   0.307159  -0.390103 
       28.0000  -0.697672   0.298282  -0.399389 
       28.5000  -0.748814   0.348194  -0.400620 
       29.0000  -0.730522   0.314804  -0.415718 
       29.5000  -0.707228   0.290291  -0.416938 
       30.0000  -0.690412   0.281375  -0.409037 
       30.5000  -0.741367   0.336407  -0.404960 
       31.0000  -0.728095   0.314038  -0.414056 
       31.5000  -0.725148   0.316714  -0.408434 
       32.0000  -0.723098   0.294855  -0.428243 
       32.5000  -0.708661   0.261584  -0.447077 
       33.0000  -0.707011   0.271630  -0.435380 
       33.5000  -0.727883   0.320378  -0.407505 
       34.0000  -0.728431   0.311726  -0.416705 
       34.5000  -0.698845   0.284830  -0.414015 
       35.0000  -0.782606   0.362560  -0.420047 
       35.5000  -0.725830   0.302059  -0.423771 
       36.0000  -0.729296   0.311981  -0.417315 
       36.5000  -0.709572   0.297220  -0.412352 
       37.0000  -0.747067   0.329482  -0.417586 
       37.5000  -0.751976   0.328419  -0.423558 
       38.0000  -0.726060   0.310755  -0.415305 
       38.5000  -0.714102   0.302113  -0.411988 
       39.0000  -0.742384   0.334014  -0.408370 
       39.5000  -0.730136   0.332553  -0.397584 
       40.0000  -0.713248   0.314907  -0.398341 
       40.5000  -0.676492   0.267283  -0.409210 
       41.0000  -0.735406   0.334940  -0.400466 
       41.5000  -0.746711   0.345919  -0.400793 
       42.0000  -0.720579   0.313256  -0.407323 
       42.5000  -0.717382   0.311123  -0.406259 
       43.0000  -0.686570   0.277895  -0.408675 
       43.5000  -0.782025   0.380951  -0.401074 
       44.0000  -0.715145   0.313701  -0.401444 
       44.5000  -0.741500   0.345313  -0.396188 
       45.0000  -0.661890   0.262247  -0.399643 
       45.5000  -0.680145   0.288601  -0.391543 
       46.0000  -0.699822   0.320945  -0.378877 
       46.5000  -0.722185   0.342614  -0.379571 
       47.0000  -0.708675   0.326644  -0.382031 
       47.5000  -0.671709   0.281275  -0.390434 
       48.0000  -0.685141   0.290481  -0.394660 
       48.5000  -0.745568   0.344022  -0.401546 
       49.0000  -0.726713   0.317558  -0.409155 
       49.5000  -0.684168   0.279173  -0.404996 
       50.0000  -0.688742   0.297002  -0.391740 
       50.5000  -0.737934   0.351117  -0.386816 
       51.0000  -0.697551   0.316585  -0.380967 
       51.5000  -0.697568   0.331390  -0.366178 
       52.0000  -0.706480   0.336522  -0.369957 
       52.5000  -0.683737   0.312081  -0.371656 
       53.0000  -0.659865   0.283392  -0.376472 
       53.5000  -0.696716   0.311452  -0.385264 
       54.0000  -0.662574   0.283122  -0.379452 
       54.5000  -0.686397   0.312558  -0.373839 
       55.0000  -0.649427   0.281295  -0.368132 
       55.5000  -0.680908   0.321282  -0.359627 
       56.0000  -0.650028   0.285208  -0.364820 
       56.5000  -0.697259   0.331123  -0.366136 
       57.0000  -0.686068   0.321739  -0.364329 
       57.5000  -0.706357   0.353593  -0.352765 
       58.0000  -0.729274   0.374053  -0.355222 
       58.5000  -0.685103   0.333699  -0.351404 
       59.0000  -0.708010   0.363705  -0.344305 
       59.5000  -0.700527   0.377462  -0.323065 
       60.0000  -0.698713   0.367112  -0.331601 
       60.5000  -0.692443   0.363563  -0.328879 
       61.0000  -0.682995   0.364700  -0.318295 
       61.5000  -0.687945   0.371936  -0.316009 
       62.0000  -0.713030   0.393940  -0.319090 
       62.5000  -0.669098   0.360990  -0.308107 
       63.0000  -0.675048   0.363579  -0.311469 
       63.5000  -0.698559   0.384357  -0.314203 
       64.0000  -0.690745   0.379776  -0.310969 
       64.5000  -0.676035   0.354852  -0.321183 
       65.0000  -0.664568   0.341188  -0.323380 
       65.5000  -0.682225   0.350748  -0.331477 
       66.0000  -0.693901   0.358983  -0.334918 
       66.5000  -0.693245   0.331199  -0.362046 
       67.0000  -0.659514   0.292807  -0.366707 
       67.5000  -0.735508   0.363075  -0.372433 
       68.0000  -0.709657   0.329969  -0.379687 
       68.5000  -0.624554   0.246265  -0.378289 
       69.0000  -0.692039   0.320072  -0.371967 
       69.5000  -0.707139   0.332242  -0.374897 
       70.0000  -0.686150   0.314122  -0.372028 
       70.5000  -0.603893   0.240998  -0.362895 
       71.0000  -0.673832   0.314982  -0.358850 
       71.5000  -0.690233   0.321822  -0.368410 
       72.0000  -0.693177   0.321858  -0.371318 
       72.5000  -0.698263   0.328699  -0.369564 
       73.0000  -0.729064   0.372430  -0.356634 
       73.5000  -0.697233   0.339100  -0.358133 
       74.0000  -0.704607   0.353967  -0.350639 
       74.5000  -0.685327   0.319427  -0.365900 
       75.0000  -0.635353   0.262233  -0.373121 
       75.5000  -0.718668   0.352265  -0.366404 
       76.0000  -0.694113   0.335955  -0.358158 
       76.5000  -0.689868   0.325711  -0.364157 
       77.0000  -0.719568   0.342591  -0.376977 
       77.5000  -0.687980   0.303833  -0.384147 
       78.0000  -0.785742   0.393027  -0.392714 
       78.5000  -0.705373   0.321263  -0.384110 
       79.0000  -0.736156   0.354967  -0.381188 
       79.5000  -0.739643   0.348101  -0.391542 
       80.0000  -0.687768   0.299445  -0.388323 
       80.5000  -0.706308   0.334312  -0.371996 
       81.0000  -0.734561   0.348637  -0.385925 
       81.5000  -0.666308   0.290619  -0.375689 
       82.0000  -0.685072   0.322010  -0.363061 
       82.5000  -0.733383   0.376350  -0.357032 
       83.0000  -0.709612   0.352713  -0.356899 
       83.5000  -0.720938   0.370719  -0.350220 
       84.0000  -0.760106   0.400243  -0.359863 
       84.5000  -0.702181   0.338025  -0.364155 
       85.0000  -0.697179   0.323903  -0.373276 
       85.5000  -0.775130   0.411805  -0.363325 
       86.0000  -0.691433   0.335141  -0.356292 
       86.5000  -0.740773   0.368110  -0.372663 
       87.0000  -0.728201   0.348479  -0.379722 
       87.5000  -0.762753   0.381138  -0.381615 
       88.0000  -0.731307   0.341886  -0.389422 
       88.5000  -0.735476   0.360327  -0.375149 
       89.0000  -0.738404   0.356444  -0.381961 
       89.5000  -0.704408   0.325821  -0.378587 
       90.0000  -0.744347   0.380914  -0.363433 
       90.5000  -0.746178   0.378981  -0.367197 
       91.0000  -0.750407   0.371647  -0.378760 
       91.5000  -0.737787   0.365723  -0.372064 
       92.0000  -0.780493   0.395228  -0.385265 
       92.5000  -0.709590   0.332059  -0.377531 
       93.0000  -0.730610   0.365406  -0.365204 
       93.5000  -0.713880   0.338493  -0.375387 
       94.0000  -0.668263   0.307436  -0.360826 
       94.5000  -0.672108   0.316425  -0.355683 
       95.0000  -0.684382   0.335938  -0.348444 
       95.5000  -0.692591   0.352693  -0.339898 
       96.0000  -0.695679   0.345194  -0.350485 
       96.5000  -0.681170   0.316067  -0.365103 
       97.0000  -0.672459   0.296171  -0.376288 
       97.5000  -0.634799   0.272262  -0.362537 
       98.0000  -0.671657   0.313259  -0.358398 
       98.5000  -0.710045   0.331361  -0.378685 
       99.0000  -0.625034   0.233766  -0.391268 
       99.5000  -0.720004   0.328407  -0.391597 
      100.0000  -0.692618   0.290620  -0.401998 
      100.5000  -0.670491   0.266358  -0.404133 
      101.0000  -0.722407   0.318566  -0.403841 
      101.5000  -0.739154   0.339849  -0.399306 
      102.0000  -0.722089   0.315793  -0.406297 
      102.5000  -0.683837   0.274598  -0.409239 
      103.0000  -0.711789   0.292511  -0.419278 
      103.5000  -0.707292   0.298836  -0.408456 
      104.0000  -0.700513   0.289429  -0.411084 
      104.5000  -0.773805   0.348555  -0.425250 
      105.0000  -0.664625   0.238535  -0.426091 
      105.5000  -0.734392   0.310468  -0.423924 
      106.0000  -0.729170   0.302519  -0.426651 
      106.5000  -0.690750   0.262704  -0.428046 
      107.0000  -0.717140   0.299753  -0.417388 
      107.5000  -0.671436   0.250795  -0.420641 
      108.0000  -0.738676   0.311419  -0.427257 
      108.5000  -0.704808   0.266294  -0.438514 
      109.0000  -0.703719   0.273376  -0.430342 
      109.5000  -0.687600   0.262290  -0.425310 
      110.0000  -0.762751   0.328387  -0.434364 
      110.5000  -0.716927   0.286657  -0.430271 
      111.0000  -0.719211   0.312510  -0.406701 
      111.5000  -0.760632   0.352723  -0.407908 
      112.0000  -0.752113   0.346916  -0.405197 
      112.5000  -0.729594   0.333409  -0.396185 
      113.0000  -0.701234   0.308180  -0.393054 
      113.5000  -0.741132   0.346710  -0.394422 
      114.0000  -0.687755   0.290846  -0.396909 
      114.5000  -0.720414   0.327001  -0.393414 
      115.0000  -0.663754   0.270099  -0.393655 
      115.5000  -0.709911   0.320010  -0.389901 
      116.0000  -0.719026   0.322204  -0.396823 
      116.5000  -0.764921   0.355283  -0.409637 
      117.0000  -0.685941   0.268257  -0.417684 
      117.5000  -0.737408   0.317211  -0.420197 
      118.0000  -0.749415   0.323814  -0.425602 
      118.5000  -0.754404   0.337229  -0.417175 
      119.0000  -0.687062   0.259616  -0.427446 
      119.5000  -0.777396   0.354373  -0.423023 
      120.0000  -0.756744   0.338227  -0.418517 
      120.5000  -0.785898   0.373125  -0.412773 
      121.0000  -0.753795   0.345982  -0.407813 
      121.5000  -0.756591   0.340874  -0.415718 
      122.0000  -0.728180   0.310421  -0.417759 
      122.5000  -0.765310   0.338043  -0.427267 
      123.0000  -0.709525   0.271792  -0.437733 
      123.5000  -0.763710   0.320915  -0.442795 
      124.0000  -0.745559   0.310244  -0.435315 
      124.5000  -0.753496   0.317075  -0.436421 
      125.0000  -0.782545   0.353774  -0.428771 
      125.5000  -0.767292   0.340697  -0.426595 
      126.0000  -0.772582   0.336293  -0.436289 
      126.5000  -0.773016   0.326599  -0.446418 
      127.0000  -0.753943   0.330349  -0.423595 
      127.5000  -0.756408   0.342251  -0.414158 
      128.0000  -0.809616   0.390113  -0.419503 
      128.5000  -0.739145   0.334688  -0.404458 
      129.0000  -0.768523   0.357935  -0.410588 
      129.5000  -0.740482   0.330250  -0.410233 
      130.0000  -0.774277   0.358360  -0.415916 
      130.5000  -0.720165   0.320367  -0.399798 
      131.0000  -0.749471   0.350203  -0.399268 
      131.5000  -0.705662   0.293906  -0.411757 
      132.0000  -0.746980   0.342964  -0.404016 
      132.5000  -0.752094   0.347385  -0.404709 
      133.0000  -0.766198   0.367099  -0.399099 
      133.5000  -0.764060   0.367436  -0.396624 
      134.0000  -0.733623   0.329927  -0.403696 
      134.5000  -0.702241   0.297082  -0.405158 
      135.0000  -0.822446   0.417667  -0.404779 
      135.5000  -0.768361   0.366786  -0.401576 
      136.0000  -0.770976   0.371195  -0.399782 
      136.5000  -0.685063   0.280429  -0.404634 
      137.0000  -0.790600   0.374311  -0.416288 
      137.5000  -0.673758   0.273206  -0.400552 
      138.0000  -0.750347   0.340737  -0.409610 
      138.5000  -0.734665   0.315943  -0.418722 
      139.0000  -0.746732   0.331441  -0.415291 
      139.5000  -0.780933   0.366841  -0.414092 
      140.0000  -0.782825   0.373423  -0.409402 
      140.5000  -0.714625   0.295108  -0.419517 
      141.0000  -0.771983   0.354690  -0.417292 
      141.5000  -0.767171   0.357890  -0.409281 
      142.0000  -0.783514   0.363427  -0.420087 
      142.5000  -0.699485   0.280400  -0.419085 
      143.0000  -0.762535   0.355280  -0.407255 
      143.5000  -0.780856   0.357206  -0.423650 
      144.0000  -0.743606   0.304053  -0.439554 
      144.5000  -0.729678   0.287028  -0.442650 
      145.0000  -0.749093   0.300677  -0.448416 
      145.5000  -0.772128   0.320424  -0.451704 
      146.0000  -0.789173   0.326317  -0.462855 
      146.5000  -0.719268   0.261514  -0.457754 
      147.0000  -0.756898   0.302410  -0.454488 
      147.5000  -0.742958   0.291894  -0.451064 
      148.0000  -0.789652   0.349658  -0.439994 
      148.5000  -0.741364   0.314995  -0.426369 
      149.0000  -0.762149   0.341485  -0.420664 
      149.5000  -0.692177   0.268237  -0.423940 
      150.0000  -0.755881   0.338951  -0.416929 
      150.5000  -0.744914   0.340823  -0.404091 
      151.0000  -0.670701   0.284470  -0.386230 
      151.5000  -0.730206   0.331042  -0.399164 
      152.0000  -0.690542   0.297091  -0.393451 
      152.5000  -0.738845   0.337350  -0.401495 
      153.0000  -0.722160   0.326915  -0.395245 
      153.5000  -0.733369   0.338522  -0.394847 
      154.0000  -0.747521   0.344814  -0.402707 
      154.5000  -0.721674   0.320424  -0.401250 
      155.0000  -0.715079   0.315330  -0.399749 
      155.5000  -0.802239   0.398671  -0.403568 
      156.0000  -0.771989   0.365042  -0.406947 
      156.5000  -0.739168   0.318622  -0.420546 
      157.0000  -0.773754   0.365940  -0.407813 
      157.5000  -0.725563   0.321690  -0.403873 
      158.0000  -0.771269   0.370776  -0.400493 
      158.5000  -0.745333   0.341247  -0.404086 
      159.0000  -0.792386   0.374333  -0.418054 
      159.5000  -0.769101   0.348348  -0.420754 
      160.0000  -0.721333   0.304184  -0.417149 
      160.5000  -0.766518   0.357189  -0.409329 
      161.0000  -0.747049   0.336368  -0.410681 
      161.5000  -0.730774   0.306305  -0.424469 
      162.0000  -0.720598   0.292112  -0.428486 
      162.5000  -0.788595   0.356950  -0.431645 
      163.0000  -0.764152   0.329982  -0.434171 
      163.5000  -0.729712   0.293354  -0.436357 
      164.0000  -0.699595   0.256214  -0.443381 
      164.5000  -0.732202   0.291356  -0.440846 
      165.0000  -0.792682   0.343964  -0.448718 
      165.5000  -0.809816   0.365255  -0.444561 
      166.0000  -0.762240   0.312652  -0.449588 
      166.5000  -0.801454   0.337679  -0.463775 
      167.0000  -0.778404   0.311582  -0.466821 
      167.5000  -0.787507   0.319106  -0.468402 
      168.0000  -0.776397   0.296133  -0.480264 
      168.5000  -0.864416   0.385082  -0.479334 
      169.0000  -0.795654   0.329032  -0.466622 
      169.5000  -0.815923   0.355409  -0.460514 
      170.0000  -0.765571   0.302637  -0.462934 
      170.5000  -0.766056   0.322997  -0.443059 
      171.0000  -0.747168   0.310668  -0.436500 
      171.5000  -0.790684   0.361003  -0.429680 
      172.0000  -0.766640   0.339753  -0.426887 
      172.5000  -0.807317   0.381495  -0.425822 
      173.0000  -0.773279   0.336750  -0.436530 
      173.5000  -0.840368   0.399205  -0.441163 
      174.0000  -0.778035   0.336142  -0.441893 
      174.5000  -0.798338   0.354669  -0.443669 
      175.0000  -0.784038   0.346902  -0.437136 
      175.5000  -0.761977   0.323572  -0.438406 
      176.0000  -0.854216   0.407294  -0.446922 
      176.5000  -0.793241   0.337452  -0.455790 
      177.0000  -0.812963   0.355807  -0.457157 
      177.5000  -0.826946   0.360894  -0.466051 
      178.0000  -0.824672   0.356902  -0.467770 
      178.5000  -0.846696   0.388048  -0.458647 
      179.0000  -0.835812   0.372629  -0.463183 
      179.5000  -0.847493   0.379004  -0.468488 
      180.0000  -0.740567   0.265476  -0.475091 
      180.5000  -0.819749   0.349186  -0.470562 
      181.0000  -0.837623   0.362604  -0.475020 
      181.5000  -0.779913   0.299990  -0.479922 
      182.0000  -0.798548   0.324379  -0.474170 
      182.5000  -0.808150   0.335318  -0.472832 
      183.0000  -0.759052   0.281782  -0.477269 
      183.5000  -0.839689   0.366106  -0.473583 
      184.0000  -0.798761   0.314490  -0.484271 
      184.5000  -0.810707   0.345891  -0.464816 
      185.0000  -0.768331   0.301766  -0.466565 
      185.5000  -0.759301   0.292572  -0.466728 
      186.0000  -0.767468   0.308950  -0.458518 
      186.5000  -0.775430   0.319139  -0.456290 
      187.0000  -0.774692   0.320017  -0.454674 
      187.5000  -0.820321   0.359335  -0.460986 
      188.0000  -0.756636   0.301088  -0.455548 
      188.5000  -0.777164   0.320018  -0.457146 
      189.0000  -0.821900   0.366548  -0.455352 
      189.5000  -0.798983   0.350515  -0.448467 
      190.0000  -0.800065   0.343555  -0.456510 
      190.5000  -0.809922   0.352647  -0.457275 
      191.0000  -0.793956   0.338505  -0.455451 
      191.5000  -0.781225   0.320547  -0.460678 
      192.0000  -0.738921   0.272017  -0.466904 
      192.5000  -0.768705   0.289752  -0.478953 
      193.0000  -0.779182   0.294571  -0.484610 
      193.5000  -0.809934   0.331453  -0.478481 
      194.0000  -0.752115   0.263086  -0.489029 
      194.5000  -0.823446   0.333300  -0.490146 
      195.0000  -0.767875   0.278835  -0.489040 
      195.5000  -0.799537   0.304427  -0.495111 
      196.0000  -0.786560   0.272385  -0.514174 
      196.5000  -0.829790   0.306770  -0.523021 
      197.0000  -0.836931   0.325457  -0.511474 
      197.5000  -0.793112   0.276200  -0.516912 
      198.0000  -0.776945   0.257168  -0.519776 
      198.5000  -0.801488   0.276917  -0.524571 
      199.0000  -0.784561   0.255471  -0.529090 
      199.5000  -0.780285   0.248204  -0.532082 
      200.0000  -0.782385   0.250477  -0.531908 
      200.5000  -0.784151   0.248273  -0.535878 
      201.0000  -0.798785   0.271480  -0.527305 
      201.5000  -0.831751   0.298059  -0.533692 
      202.0000  -0.809797   0.287954  -0.521843 
      202.5000  -0.744262   0.220365  -0.523897 
      203.0000  -0.834919   0.315872  -0.519047 
      203.5000  -0.745261   0.239252  -0.506009 
      204.0000  -0.804130   0.298023  -0.506106 
      204.5000  -0.783653   0.274573  -0.509080 
      205.0000  -0.787069   0.280919  -0.506150 
      205.5000  -0.766660   0.265253  -0.501407 
      206.0000  -0.755188   0.252335  -0.502853 
      206.5000  -0.811073   0.302141  -0.508932 
      207.0000  -0.829552   0.334827  -0.494725 
      207.5000  -0.806570   0.323922  -0.482648 
      208.0000  -0.737797   0.254428  -0.483370 
      208.5000  -0.804681   0.320336  -0.484345 
      209.0000  -0.799102   0.314174  -0.484928 
      209.5000  -0.778810   0.296043  -0.482767 
      210.0000  -0.823858   0.350152  -0.473707 
      210.5000  -0.799225   0.333033  -0.466192 
      211.0000  -0.807305   0.334328  -0.472977 
      211.5000  -0.790548   0.307604  -0.482944 
      212.0000  -0.802435   0.320204  -0.482231 
      212.5000  -0.753745   0.255969  -0.497776 
      213.0000  -0.750251   0.257322  -0.492929 
      213.5000  -0.783798   0.289631  -0.494167 
      214.0000  -0.797269   0.298531  -0.498739 
      214.5000  -0.775728   0.290410  -0.485318 
      215.0000  -0.751577   0.267164  -0.484413 
      215.5000  -0.782993   0.304504  -0.478489 
      216.0000  -0.784040   0.302242  -0.481799 
      216.5000  -0.782906   0.297460  -0.485446 
      217.0000  -0.799820   0.315105  -0.484715 
      217.5000  -0.767512   0.280434  -0.487078 
      218.0000  -0.715285   0.237488  -0.477796 
      218.5000  -0.768163   0.299379  -0.468784 
      219.0000  -0.790611   0.308154  -0.482457 
      219.5000  -0.747560   0.280078  -0.467482 
      220.0000  -0.770456   0.299847  -0.470609 
      220.5000  -0.782460   0.313555  -0.468906 
      221.0000  -0.742182   0.263837  -0.478345 
      221.5000  -0.765289   0.297091  -0.468198 
      222.0000  -0.749558   0.291142  -0.458416 
      222.5000  -0.769908   0.311539  -0.458369 
      223.0000  -0.741143   0.283545  -0.457599 
      223.5000  -0.776371   0.304333  -0.472038 
      224.0000  -0.781041   0.315844  -0.465197 
      224.5000  -0.796734   0.335435  -0.461299 
      225.0000  -0.715367   0.254048  -0.461319 
      225.5000  -0.736921   0.261547  -0.475374 
      226.0000  -0.822774   0.361686  -0.461088 
      226.5000  -0.755047   0.304989  -0.450059 
      227.0000  -0.802239   0.369673  -0.432566 
      227.5000  -0.719235   0.285340  -0.433895 
      228.0000  -0.727094   0.292803  -0.434291 
      228.5000  -0.742388   0.299001  -0.443387 
      229.0000  -0.723882   0.274064  -0.449818 
      229.5000  -0.791600   0.338743  -0.452857 
      230.0000  -0.755423   0.308023  -0.447400 
      230.5000  -0.716227   0.262095  -0.454132 
      231.0000  -0.779769   0.333085  -0.446684 
      231.5000  -0.794227   0.350278  -0.443950 
      232.0000  -0.734015   0.293633  -0.440382 
      232.5000  -0.801627   0.351996  -0.449631 
      233.0000  -0.805757   0.352497  -0.453260 
      233.5000  -0.762500   0.302056  -0.460444 
      234.0000  -0.774619   0.321211  -0.453408 
      234.5000  -0.744804   0.281500  -0.463303 
      235.0000  -0.709036   0.270759  -0.438276 
      235.5000  -0.732509   0.302732  -0.429777 
      236.0000  -0.743691   0.303345  -0.440346 
      236.5000  -0.743817   0.309797  -0.434021 
      237.0000  -0.774208   0.328834  -0.445374 
      237.5000  -0.747711   0.306497  -0.441214 
      238.0000  -0.757047   0.303751  -0.453296 
      238.5000  -0.778898   0.322842  -0.456055 
      239.0000  -0.784807   0.335002  -0.449805 
      239.5000  -0.773221   0.308249  -0.464972 
      240.0000  -0.785736   0.324506  -0.461230 
      240.5000  -0.729090   0.265374  -0.463716 
      241.0000  -0.796723   0.333423  -0.463300 
      241.5000  -0.771949   0.293003  -0.478946 
      242.0000  -0.785250   0.310813  -0.474436 
      242.5000  -0.781906   0.303494  -0.478412 
      243.0000  -0.813162   0.323759  -0.489403 
      243.5000  -0.784620   0.280188  -0.504432 
      244.0000  -0.809769   0.303171  -0.506598 
      244.5000  -0.781821   0.281026  -0.500794 
      245.0000  -0.759135   0.254411  -0.504724 
      245.5000  -0.779386   0.266580  -0.512806 
      246.0000  -0.810544   0.292255  -0.518289 
      246.5000  -0.798191   0.289331  -0.508860 
      247.0000  -0.763760   0.245407  -0.518354 
      247.5000  -0.803817   0.276379  -0.527438 
      248.0000  -0.817859   0.287725  -0.530133 
      248.5000  -0.833451   0.307004  -0.526448 
      249.0000  -0.834954   0.302650  -0.532304 
      249.5000  -0.812485   0.270273  -0.542212 
      250.0000  -0.839324   0.291411  -0.547913 
      250.5000  -0.840960   0.299467  -0.541493 
      251.0000  -0.872365   0.338778  -0.533587 
      251.5000  -0.833217   0.299570  -0.533647 
      252.0000  -0.846595   0.302785  -0.543810 
      252.5000  -0.848624   0.304741  -0.543883 
      253.0000  -0.868827   0.312059  -0.556768 
      253.5000  -0.866181   0.311445  -0.554736 
      254.0000  -0.780068   0.233770  -0.546298 
      254.5000  -0.846975   0.310764  -0.536211 
      255.0000  -0.837388   0.317620  -0.519768 
      255.5000  -0.808733   0.285104  -0.523629 
      256.0000  -0.824007   0.302136  -0.521871 
      256.5000  -0.818034   0.298230  -0.519803 
      257.0000  -0.841598   0.313238  -0.528360 
      257.5000  -0.839368   0.321541  -0.517828 
      258.0000  -0.859989   0.336941  -0.523048 
      258.5000  -0.807487   0.285181  -0.522306 
      259.0000  -0.856457   0.339176  -0.517281 
      259.5000  -0.778721   0.260575  -0.518147 
      260.0000  -0.814309   0.285445  -0.528863 
      260.5000  -0.823995   0.296599  -0.527396 
      261.0000  -0.803051   0.278539  -0.524512 
      261.5000  -0.853232   0.331661  -0.521572 
      262.0000  -0.874234   0.341583  -0.532650 
      262.5000  -0.829447   0.299285  -0.530162 
      263.0000  -0.830303   0.302025  -0.528279 
      263.5000  -0.795823   0.257303  -0.538520 
      264.0000  -0.839348   0.299218  -0.540130 
      264.5000  -0.825150   0.295058  -0.530092 
      265.0000  -0.808148   0.276548  -0.531600 
      265.5000  -0.817204   0.287189  -0.530015 
      266.0000  -0.816301   0.290564  -0.525737 
      266.5000  -0.826232   0.301223  -0.525009 
      267.0000  -0.817994   0.295306  -0.522688 
      267.5000  -0.790858   0.267287  -0.523571 
      268.0000  -0.848790   0.313052  -0.535738 
      268.5000  -0.836956   0.307264  -0.529692 
      269.0000  -0.812946   0.298956  -0.513990 
      269.5000  -0.820759   0.295795  -0.524964 
      270.0000  -0.835952   0.311696  -0.524256 
      270.5000  -0.853052   0.330337  -0.522715 
      271.0000  -0.799265   0.269733  -0.529532 
      271.5000  -0.798175   0.251860  -0.546315 
      272.0000  -0.851139   0.305655  -0.545484 
      272.5000  -0.849770   0.300558  -0.549212 
      273.0000  -0.845817   0.291485  -0.554332 
      273.5000  -0.853090   0.290919  -0.562171 
      274.0000  -0.848288   0.276448  -0.571840 
      274.5000  -0.841134   0.263225  -0.577909 
      275.0000  -0.846120   0.271676  -0.574443 
      275.5000  -0.837978   0.262319  -0.575660 
      276.0000  -0.870027   0.289620  -0.580406 
      276.5000  -0.870111   0.273409  -0.596702 
      277.0000  -0.862561   0.271651  -0.590910 
      277.5000  -0.839315   0.244859  -0.594457 
      278.0000  -0.900653   0.288681  -0.611971 
      278.5000  -0.873914   0.268802  -0.605112 
      279.0000  -0.891019   0.283442  -0.607576 
      279.5000  -0.942313   0.332838  -0.609475 
      280.0000  -0.885328   0.277477  -0.607851 
      280.5000  -0.906460   0.284394  -0.622066 
      281.0000  -0.922122   0.295110  -0.627012 
      281.5000  -0.900520   0.280905  -0.619615 
      282.0000  -0.920466   0.306524  -0.613942 
      282.5000  -0.909959   0.302962  -0.606996 
      283.0000  -0.904364   0.301976  -0.602387 
      283.5000  -0.865786   0.256809  -0.608977 
      284.0000  -0.909408   0.312659  -0.596749 
      284.5000  -0.897638   0.310266  -0.587372 
      285.0000  -0.916809   0.329961  -0.586849 
      285.5000  -0.963291   0.350829  -0.612462 
      286.0000  -0.899641   0.291022  -0.608619 
      286.5000  -0.851753   0.244130  -0.607623 
      287.0000  -0.867907   0.255087  -0.612820 
      287.5000  -0.883906   0.278516  -0.605390 
      288.0000  -0.866330   0.250135  -0.616195 
      288.5000  -0.903810   0.297476  -0.606334 
      289.0000  -0.887946   0.300466  -0.587480 
      289.5000  -0.904224   0.312257  -0.591967 
      290.0000  -0.884890   0.288763  -0.596127 
      290.5000  -0.871573   0.267880  -0.603693 
      291.0000  -0.934662   0.330027  -0.604635 
      291.5000  -0.899169   0.282049  -0.617120 
      292.0000  -0.881875   0.264593  -0.617282 
      292.5000  -0.872727   0.264312  -0.608415 
      293.0000  -0.888328   0.288553  -0.599775 
      293.5000  -0.873194   0.284070  -0.589124 
      294.0000  -0.936706   0.334320  -0.602386 
      294.5000  -0.903006   0.297088  -0.605918 
      295.0000  -0.916488   0.301429  -0.615059 
      295.5000  -0.883144   0.275116  -0.608028 
      296.0000  -0.845251   0.235152  -0.610100 
      296.5000  -0.871877   0.245385  -0.626492 
      297.0000  -0.871005   0.254489  -0.616516 
      297.5000  -0.874913   0.258984  -0.615929 
      298.0000  -0.876717   0.261412  -0.615305 
      298.5000  -0.892077   0.278598  -0.613480 
      299.0000  -0.827894   0.203063  -0.624832 
      299.5000  -0.878297   0.248011  -0.630286 
      300.0000  -0.852455   0.231815  -0.620640 
      300.5000  -0.846562   0.224782  -0.621780 
      301.0000  -0.854859   0.231128  -0.623731 
      301.5000  -0.870090   0.229855  -0.640235 
      302.0000  -0.865656   0.219300  -0.646356 
      302.5000  -0.820575   0.181342  -0.639233 
      303.0000  -0.882496   0.250046  -0.632449 
      303.5000  -0.848225   0.221823  -0.626403 
      304.0000  -0.859992   0.233184  -0.626808 
      304.5000  -0.880100   0.253474  -0.626627 
      305.0000  -0.795565   0.173190  -0.622375 
      305.5000  -0.845829   0.235245  -0.610584 
      306.0000  -0.852239   0.247060  -0.605179 
      306.5000  -0.853174   0.246707  -0.606466 
      307.0000  -0.850964   0.240879  -0.610086 
      307.5000  -0.805555   0.188191  -0.617364 
      308.0000  -0.855871   0.240657  -0.615214 
      308.5000  -0.858216   0.237922  -0.620294 
      309.0000  -0.841860   0.225810  -0.616050 
      309.5000  -0.841870   0.225092  -0.616779 
      310.0000  -0.876450   0.253092  -0.623359 
      310.5000  -0.849725   0.219617  -0.630108 
      311.0000  -0.869383   0.241173  -0.628210 
      311.5000  -0.846781   0.224192  -0.622588 
      312.0000  -0.853544   0.238268  -0.615276 
      312.5000  -0.894384   0.264469  -0.629914 
      313.0000  -0.844151   0.217854  -0.626297 
      313.5000  -0.848653   0.205245  -0.643408 
      314.0000  -0.854883   0.219477  -0.635406 
      314.5000  -0.862549   0.235374  -0.627175 
      315.0000  -0.826006   0.188578  -0.637428 
      315.5000  -0.858566   0.231269  -0.627297 
      316.0000  -0.885903   0.265380  -0.620523 
      316.5000  -0.845534   0.224446  -0.621087 
      317.0000  -0.836185   0.218255  -0.617931 
      317.5000  -0.867588   0.258331  -0.609257 
      318.0000  -0.877837   0.259299  -0.618538 
      318.5000  -0.847901   0.238684  -0.609217 
      319.0000  -0.852230   0.246741  -0.605489 
      319.5000  -0.839639   0.228015  -0.611624 
      320.0000  -0.860861   0.246782  -0.614079 
      320.5000  -0.845266   0.225718  -0.619548 
      321.0000  -0.857474   0.239847  -0.617627 
      321.5000  -0.831558   0.214566  -0.616993 
      322.0000  -0.828224   0.207317  -0.620907 
      322.5000  -0.829788   0.208477  -0.621311 
      323.0000  -0.825984   0.195565  -0.630419 
      323.5000  -0.869652   0.232568  -0.637084 
      324.0000  -0.872681   0.232902  -0.639779 
      324.5000  -0.877302   0.227128  -0.650173 
      325.0000  -0.856096   0.208469  -0.647627 
      325.5000  -0.845044   0.204051  -0.640992 
      326.0000  -0.894053   0.251429  -0.642623 
      326.5000  -0.850896   0.211065  -0.639831 
      327.0000  -0.863186   0.221276  -0.641910 
      327.5000  -0.842298   0.202654  -0.639644 
      328.0000  -0.825051   0.187033  -0.638018 
      328.5000  -0.847004   0.211830  -0.635174 
      329.0000  -0.886298   0.261205  -0.625093 
      329.5000  -0.854162   0.233873  -0.620290 
      330.0000  -0.843157   0.219947  -0.623210 
      330.5000  -0.807155   0.178615  -0.628540 
      331.0000  -0.875965   0.258799  -0.617166 
      331.5000  -0.858258   0.244897  -0.613361 
      332.0000  -0.852770   0.230746  -0.622023 
      332.5000  -0.865137   0.246816  -0.618322 
      333.0000  -0.832494   0.230133  -0.602361 
      333.5000  -0.861203   0.269392  -0.591811 
      334.0000  -0.858217   0.267802  -0.590415 
      334.5000  -0.827115   0.233974  -0.593141 
      335.0000  -0.852926   0.254929  -0.597998 
      335.5000  -0.854423   0.258951  -0.595472 
      336.0000  -0.834251   0.250663  -0.583588 
      336.5000  -0.824885   0.238844  -0.586041 
      337.0000  -0.823506   0.246259  -0.577248 
      337.5000  -0.794542   0.214327  -0.580215 
      338.0000  -0.808966   0.232802  -0.576165 
      338.5000  -0.846231   0.291266  -0.554965 
      339.0000  -0.818435   0.261098  -0.557336 
      339.5000  -0.854642   0.301801  -0.552841 
      340.0000  -0.782352   0.230414  -0.551938 
      340.5000  -0.825731   0.273307  -0.552424 
      341.0000  -0.834559   0.270502  -0.564057 
      341.5000  -0.855840   0.283615  -0.572225 
      342.0000  -0.788987   0.227629  -0.561358 
      342.5000  -0.825928   0.284568  -0.541359 
      343.0000  -0.791338   0.254902  -0.536436 
      343.5000  -0.835345   0.306691  -0.528654 
      344.0000  -0.821712   0.307253  -0.514459 
      344.5000  -0.828179   0.321860  -0.506319 
      345.0000  -0.796500   0.290733  -0.505766 
      345.5000  -0.773907   0.269164  -0.504743 
      346.0000  -0.796462   0.295943  -0.500519 
      346.5000  -0.779726   0.271063  -0.508663 
      347.0000  -0.812634   0.303953  -0.508681 
      347.5000  -0.791459   0.279751  -0.511708 
      348.0000  -0.801129   0.279603  -0.521526 
      348.5000  -0.827354   0.316557  -0.510797 
      349.0000  -0.786032   0.273713  -0.512319 
      349.5000  -0.801512   0.284071  -0.517441 
      350.0000  -0.818781   0.320153  -0.498628 
      350.5000  -0.809084   0.302052  -0.507033 
      351.0000  -0.825985   0.320651  -0.505335 
      351.5000  -0.762918   0.257766  -0.505152 
      352.0000  -0.801032   0.305909  -0.495123 
      352.5000  -0.820401   0.311095  -0.509306 
      353.0000  -0.828311   0.316909  -0.511402 
      353.5000  -0.811332   0.308439  -0.502892 
      354.0000  -0.826444   0.319544  -0.506901 
      354.5000  -0.820326   0.319440  -0.500886 
      355.0000  -0.797461   0.297020  -0.500440 
      355.5000  -0.838799   0.329664  -0.509135 
      356.0000  -0.792437   0.273841  -0.518596 
      356.5000  -0.837409   0.310524  -0.526885 
      357.0000  -0.806048   0.289412  -0.516636 
      357.5000  -0.817703   0.303915  -0.513788 
      358.0000  -0.817968   0.306541  -0.511426 
      358.5000  -0.857346   0.350029  -0.507317 
      359.0000  -0.807350   0.308585  -0.498765 
      359.5000  -0.856102   0.362727  -0.493375 
      360.0000  -0.847035   0.354534  -0.492501 
      360.5000  -0.823195   0.328999  -0.494196 
      361.0000  -0.760733   0.275006  -0.485727 
      361.5000  -0.804941   0.335034  -0.469907 
      362.0000  -0.815972   0.338463  -0.477509 
      362.5000  -0.815320   0.338443  -0.476876 
      363.0000  -0.801687   0.323368  -0.478319 
      363.5000  -0.786913   0.317159  -0.469753 
      364.0000  -0.855258   0.370276  -0.484982 
      364.5000  -0.800090   0.298742  -0.501348 
      365.0000  -0.800262   0.289910  -0.510351 
      365.5000  -0.838968   0.319672  -0.519296 
      366.0000  -0.831544   0.316805  -0.514740 
      366.5000  -0.835475   0.312279  -0.523195 
      367.0000  -0.820282   0.287214  -0.533068 
      367.5000  -0.837913   0.300000  -0.537913 
      368.0000  -0.834600   0.305194  -0.529407 
      368.5000  -0.853657   0.314567  -0.539090 
      369.0000  -0.814742   0.278088  -0.536654 
      369.5000  -0.819554   0.291692  -0.527862 
      370.0000  -0.835884   0.319633  -0.516251 
      370.5000  -0.821717   0.304310  -0.517407 
      371.0000  -0.840096   0.328044  -0.512052 
      371.5000  -0.888595   0.372514  -0.516082 
      372.0000  -0.868969   0.344114  -0.524855 
      372.5000  -0.879277   0.353713  -0.525564 
      373.0000  -0.871605   0.337546  -0.534059 
      373.5000  -0.823558   0.294408  -0.529150 
      374.0000  -0.838124   0.317591  -0.520533 
      374.5000  -0.857094   0.331648  -0.525446 
      375.0000  -0.829413   0.299545  -0.529869 
      375.5000  -0.817585   0.287014  -0.530570 
      376.0000  -0.872362   0.336934  -0.535428 
      376.5000  -0.817567   0.285379  -0.532188 
      377.0000  -0.861598   0.314839  -0.546759 
      377.5000  -0.834443   0.295702  -0.538741 
      378.0000  -0.829494   0.294276  -0.535218 
      378.5000  -0.885000   0.341920  -0.543080 
      379.0000  -0.819556   0.275954  -0.543602 
      379.5000  -0.806072   0.255183  -0.550889 
      380.0000  -0.888848   0.328103  -0.560746 
      380.5000  -0.891468   0.322050  -0.569418 
      381.0000  -0.876498   0.310169  -0.566329 
      381.5000  -0.830392   0.270190  -0.560201 
      382.0000  -0.834193   0.275238  -0.558954 
      382.5000  -0.831195   0.267499  -0.563696 
      383.0000  -0.804275   0.234902  -0.569373 
      383.5000  -0.805234   0.238245  -0.566989 
      384.0000  -0.902112   0.328454  -0.573659 
      384.5000  -0.866672   0.293961  -0.572710 
      385.0000  -0.861961   0.295551  -0.566411 
      385.5000  -0.843334   0.294568  -0.548766 
      386.0000  -0.866661   0.324898  -0.541764 
      386.5000  -0.838175   0.287305  -0.550869 
      387.0000  -0.864386   0.319983  -0.544403 
      387.5000  -0.865522   0.315668  -0.549854 
      388.0000  -0.847818   0.299612  -0.548206 
      388.5000  -0.897793   0.347922  -0.549871 
      389.0000  -0.877558   0.335509  -0.542049 
      389.5000  -0.817417   0.265996  -0.551422 
      390.0000  -0.814429   0.277198  -0.537231 
      390.5000  -0.841871   0.296886  -0.544985 
      391.0000  -0.827701   0.279702  -0.548000 
      391.5000  -0.867440   0.318042  -0.549398 
      392.0000  -0.886493   0.336128  -0.550365 
      392.5000  -0.856797   0.300247  -0.556550 
      393.0000  -0.874129   0.310393  -0.563736 
      393.5000  -0.814288   0.242308  -0.571979 
      394.0000  -0.853628   0.269408  -0.584220 
      394.5000  -0.907431   0.332349  -0.575082 
      395.0000  -0.843918   0.278462  -0.565456 
      395.5000  -0.824307   0.252429  -0.571878 
      396.0000  -0.879877   0.304342  -0.575536 
      396.5000  -0.871987   0.295237  -0.576751 
      397.0000  -0.909379   0.327723  -0.581656 
      397.5000  -0.824366   0.257839  -0.566527 
      398.0000  -0.844205   0.265189  -0.579016 
      398.5000  -0.866180   0.295137  -0.571042 
      399.0000  -0.839269   0.271755  -0.567514 
      399.5000  -0.886234   0.317733  -0.568501 
      400.0000  -0.850148   0.282545  -0.567603 
      400.5000  -0.879862   0.325281  -0.554580 
      401.0000  -0.823674   0.276761  -0.546913 
      401.5000  -0.866718   0.308171  -0.558547 
      402.0000  -0.873010   0.303328  -0.569682 
      402.5000  -0.878821   0.317496  -0.561325 
      403.0000  -0.867725   0.323190  -0.544534 
      403.5000  -0.882407   0.330686  -0.551720 
      404.0000  -0.848425   0.297978  -0.550447 
      404.5000  -0.874239   0.323545  -0.550694 
      405.0000  -0.920717   0.380065  -0.540652 
      405.5000  -0.856276   0.319525  -0.536750 
      406.0000  -0.884964   0.354490  -0.530475 
      406.5000  -0.887235   0.348484  -0.538751 
      407.0000  -0.873293   0.339224  -0.534069 
      407.5000  -0.867134   0.336485  -0.530648 
      408.0000  -0.854723   0.314657  -0.540067 
      408.5000  -0.836233   0.309630  -0.526603 
      409.0000  -0.881072   0.355959  -0.525113 
      409.5000  -0.822406   0.299652  -0.522754 
      410.0000  -0.859409   0.324396  -0.535013 
      410.5000  -0.866823   0.330598  -0.536225 
      411.0000  -0.852724   0.319582  -0.533142 
      411.5000  -0.849578   0.306895  -0.542683 
      412.0000  -0.860692   0.323418  -0.537274 
      412.5000  -0.856390   0.320804  -0.535586 
      413.0000  -0.857771   0.316638  -0.541133 
      413.5000  -0.837914   0.300824  -0.537090 
      414.0000  -0.869561   0.325598  -0.543963 
      414.5000  -0.924523   0.380989  -0.543535 
      415.0000  -0.875206   0.331053  -0.544153 
      415.5000  -0.832524   0.282002  -0.550522 
      416.0000  -0.858893   0.317623  -0.541270 
      416.5000  -0.873890   0.333259  -0.540631 
      417.0000  -0.884428   0.356647  -0.527781 
      417.5000  -0.851091   0.322759  -0.528332 
      418.0000  -0.878999   0.343871  -0.535128 
      418.5000  -0.830090   0.286718  -0.543372 
      419.0000  -0.889101   0.344790  -0.544312 
      419.5000  -0.844236   0.308573  -0.535663 
      420.0000  -0.911924   0.370962  -0.540961 
      420.5000  -0.838806   0.301645  -0.537161 
      421.0000  -0.926102   0.390451  -0.535650 
      421.5000  -0.864635   0.321934  -0.542701 
      422.0000  -0.832278   0.272593  -0.559685 
      422.5000  -0.937359   0.372808  -0.564551 
      423.0000  -0.864708   0.306439  -0.558269 
      423.5000  -0.884325   0.329376  -0.554949 
      424.0000  -0.849923   0.292649  -0.557274 
      424.5000  -0.909946   0.356870  -0.553076 
      425.0000  -0.897618   0.353301  -0.544317 
      425.5000  -0.894955   0.325833  -0.569122 
      426.0000  -0.859690   0.296350  -0.563340 
      426.5000  -0.835988   0.270341  -0.565647 
      427.0000  -0.867644   0.294602  -0.573042 
      427.5000  -0.840267   0.254651  -0.585616 
      428.0000  -0.899660   0.308311  -0.591349 
      428.5000  -0.929312   0.338889  -0.590424 
      429.0000  -0.891024   0.307535  -0.583489 
      429.5000  -0.890678   0.300425  -0.590253 
      430.0000  -0.891108   0.324262  -0.566845 
      430.5000  -0.916478   0.358651  -0.557827 
      431.0000  -0.888448   0.347318  -0.541131 
      431.5000  -0.862482   0.337673  -0.524809 
      432.0000  -0.840209   0.310272  -0.529937 
      432.5000  -0.873477   0.344584  -0.528893 
      433.0000  -0.859987   0.330147  -0.529840 
      433.5000  -0.883347   0.351523  -0.531823 
      434.0000  -0.887167   0.343839  -0.543328 
      434.5000  -0.843162   0.316457  -0.526706 
      435.0000  -0.911638   0.385903  -0.525735 
      435.5000  -0.843958   0.327299  -0.516659 
      436.0000  -0.909268   0.371778  -0.537490 
      436.5000  -0.893239   0.371398  -0.521841 
      437.0000  -0.879728   0.373836  -0.505892 
      437.5000  -0.863341   0.353854  -0.509486 
      438.0000  -0.823336   0.311415  -0.511921 
      438.5000  -0.851107   0.336034  -0.515072 
      439.0000  -0.760360   0.262227  -0.498133 
      439.5000  -0.863751   0.362226  -0.501525 
      440.0000  -0.826586   0.315948  -0.510638 
      440.5000  -0.840348   0.330255  -0.510093 
      441.0000  -0.848305   0.340727  -0.507578 
      441.5000  -0.851141   0.344964  -0.506177 
      442.0000  -0.849790   0.343223  -0.506567 
      442.5000  -0.836689   0.329040  -0.507649 
      443.0000  -0.820315   0.306466  -0.513849 
      443.5000  -0.851663   0.327939  -0.523724 
      444.0000  -0.874743   0.343169  -0.531574 
      444.5000  -0.780084   0.252196  -0.527888 
      445.0000  -0.852416   0.332568  -0.519848 
      445.5000  -0.882020   0.353630  -0.528391 
      446.0000  -0.879241   0.351738  -0.527503 
      446.5000  -0.886846   0.356989  -0.529856 
      447.0000  -0.823035   0.282046  -0.540989 
      447.5000  -0.856556   0.297128  -0.559428 
      448.0000  -0.858073   0.296678  -0.561395 
      448.5000  -0.903660   0.342116  -0.561543 
      449.0000  -0.852977   0.302338  -0.550638 
      449.5000  -0.871043   0.305512  -0.565531 
      450.0000  -0.859038   0.292747  -0.566292 
      450.5000  -0.870727   0.301384  -0.569343 
      451.0000  -0.844030   0.280327  -0.563702 
      451.5000  -0.842186   0.280742  -0.561445 
      452.0000  -0.852348   0.270530  -0.581818 
      452.5000  -0.828766   0.242122  -0.586644 
      453.0000  -0.914245   0.322664  -0.591580 
      453.5000  -0.919047   0.332331  -0.586716 
      454.0000  -0.903391   0.304038  -0.599353 
      454.5000  -0.864666   0.256556  -0.608110 
      455.0000  -0.903750   0.290119  -0.613631 
      455.5000  -0.870786   0.240972  -0.629814 
      456.0000  -0.877631   0.256286  -0.621344 
      456.5000  -0.937321   0.328720  -0.608600 
      457.0000  -0.860804   0.257780  -0.603024 
      457.5000  -0.876546   0.272020  -0.604525 
      458.0000  -0.890882   0.294023  -0.596860 
      458.5000  -0.836577   0.232107  -0.604470 
      459.0000  -0.939732   0.340094  -0.599638 
      459.5000  -0.844556   0.239480  -0.605076 
      460.0000  -0.895566   0.286994  -0.608571 
      460.5000  -0.853590   0.238739  -0.614851 
      461.0000  -0.891775   0.303509  -0.588266 
      461.5000  -0.841272   0.260553  -0.580718 
      462.0000  -0.861602   0.277913  -0.583689 
      462.5000  -0.887899   0.296151  -0.591748 
      463.0000  -0.896976   0.312244  -0.584732 
      463.5000  -0.871955   0.296346  -0.575609 
      464.0000  -0.839514   0.278504  -0.561010 
      464.5000  -0.903362   0.331639  -0.571722 
      465.0000  -0.875172   0.306741  -0.568431 
      465.5000  -0.886154   0.317924  -0.568231 
      466.0000  -0.872519   0.295750  -0.576769 
      466.5000  -0.871804   0.298445  -0.573359 
      467.0000  -0.878971   0.312129  -0.566842 
      467.5000  -0.890075   0.323951  -0.566124 
      468.0000  -0.854813   0.290795  -0.564018 
      468.5000  -0.838043   0.262112  -0.575931 
      469.0000  -0.875282   0.293835  -0.581447 
      469.5000  -0.905890   0.322758  -0.583132 
      470.0000  -0.893074   0.312016  -0.581058 
      470.5000  -0.902865   0.319574  -0.583291 
      471.0000  -0.918028   0.328188  -0.589840 
      471.5000  -0.854595   0.270425  -0.584170 
      472.0000  -0.900018   0.314182  -0.585836 
      472.5000  -0.879315   0.297619  -0.581695 
      473.0000  -0.865329   0.285513  -0.579816 
      473.5000  -0.900313   0.314037  -0.586277 
      474.0000  -0.829054   0.240673  -0.588382 
      474.5000  -0.884104   0.289633  -0.594471 
      475.0000  -0.886763   0.295997  -0.590766 
      475.5000  -0.862420   0.277407  -0.585014 
      476.0000  -0.849334   0.265191  -0.584143 
      476.5000  -0.881838   0.295764  -0.586074 
      477.0000  -0.914815   0.330796  -0.584019 
      477.5000  -0.867977   0.277778  -0.590200 
      478.0000  -0.904928   0.320690  -0.584238 
      478.5000  -0.853223   0.271181  -0.582042 
      479.0000  -0.875899   0.290935  -0.584965 
      479.5000  -0.935609   0.336864  -0.598746 
      480.0000  -0.892538   0.297901  -0.594637 
      480.5000  -0.870274   0.289720  -0.580554 
      481.0000  -0.924489   0.350963  -0.573527 
      481.5000  -0.884319   0.296951  -0.587367 
      482.0000  -0.865159   0.281246  -0.583913 
      482.5000  -0.895037   0.318008  -0.577030 
      483.0000  -0.892160   0.308983  -0.583178 
      483.5000  -0.850188   0.277611  -0.572577 
      484.0000  -0.881783   0.313775  -0.568008 
      484.5000  -0.889334   0.316476  -0.572858 
      485.0000  -0.868618   0.296565  -0.572052 
      485.5000  -0.870994   0.287563  -0.583431 
      486.0000  -0.855424   0.278906  -0.576518 
      486.5000  -0.847842   0.259342  -0.588499 
      487.0000  -0.869162   0.289183  -0.579979 
      487.5000  -0.878550   0.309022  -0.569528 
      488.0000  -0.887907   0.310154  -0.577753 
      488.5000  -0.841844   0.272110  -0.569735 
      489.0000  -0.890794   0.320459  -0.570335 
      489.5000  -0.897516   0.325138  -0.572378 
      490.0000  -0.874771   0.301145  -0.573627 
      490.5000  -0.821660   0.253283  -0.568377 
      491.0000  -0.872628   0.307464  -0.565164 
      491.5000  -0.893684   0.325849  -0.567835 
      492.0000  -0.845610   0.266828  -0.578782 
      492.5000  -0.883484   0.309761  -0.573723 
      493.0000  -0.898635   0.334638  -0.563997 
      493.5000  -0.877677   0.327955  -0.549723 
      494.0000  -0.887252   0.332658  -0.554595 
      494.5000  -0.881012   0.321050  -0.559962 
      495.0000  -0.853405   0.303756  -0.549649 
      495.5000  -0.903162   0.345664  -0.557498 
      496.0000  -0.861129   0.306330  -0.554799 
      496.5000  -0.861460   0.302611  -0.558849 
      497.0000  -0.856447   0.302749  -0.553698 
      497.5000  -0.818682   0.251912  -0.566770 
      498.0000  -0.890646   0.340106  -0.550540 
      498.5000  -0.851612   0.299130  -0.552483 
      499.0000  -0.830535   0.273686  -0.556848 
      499.5000  -0.871592   0.323578  -0.548013 
      500.0000  -0.897350   0.362550  -0.534799 
