t = 100000
b = 30 30 30
E = -0.702343994937375 -0.897349554941044 0.195005560003669
24.6491516191099 15.6664015608805 22.4796397662129 -0.622442458083253 -0.62658020985723 -0.469001627804091 0.321034736003889 -0.750903379780744 0.577131430796852 -0.420537482455878 0.00550961983746245 -0.0717979993043137 0.287541589093928 -0.00641074435253651 -0.310513856223417
24.4741950853435 15.3081529876719 22.8400325367755 0.0608137850059766 -0.493547251721906 -0.867590179761855 0.213868477735591 -0.842569286763348 0.494304733322444 0.212424761823977 -0.583650737863696 -0.454072260289376 -0.0552853949584528 -0.148036516977781 -0.77906377577737
24.3151386988557 14.7808607512321 22.8944454140194 0.856051553123603 -0.172325321993381 -0.487318818310933 0.149634688600416 -0.819800265960322 0.552753893672016 0.295096987651247 -0.00840606642549184 0.142875305801209 0.0234142505453974 -0.627068425188843 0.607747383980566
24.3724205854259 14.3121806178639 22.9054185232733 0.907124604481102 0.391426227459213 0.154629657551618 0.232464725360004 -0.772287198166376 0.591212720468878 0.160805929800712 0.771827194802782 -0.120035821210452 0.0340900745536248 -0.139311911098002 0.0467310563105556
24.7291573185336 13.8941740401582 22.978914564973 0.230941642091055 0.7394692433071 0.632337753857825 0.266248285858941 -0.673129702207107 0.689933403667683 -0.181679195827745 -0.328355041418992 0.139196123772006 -0.226720185078992 0.881351562755734 0.177021429180987
25.0620004864875 13.6922837058914 23.2844419102859 -0.671881010492389 0.494816223434198 0.551119517693236 0.177690176502683 -0.61467560196479 0.768505032921937 -0.416629167347949 0.123532162705614 -0.179414959983472 0.216234987804774 0.139434691532533 -1.12719910549366
25.2639322469981 13.67176158413 23.7213815880335 -0.985373517183958 0.044757671242334 0.164425432670589 0.134376137161846 -0.389290458815417 0.911260623347565 -0.195269913691276 -0.384703214414764 -0.00497932397916787 -0.0763933521836991 0.0155319537718394 0.0670533437661167
25.0653529963789 13.772433829134 24.2052718066482 -0.384911865043273 -0.904336847343493 -0.184438564877593 0.256134735355609 -0.296650623301189 0.919996383822813 0.539197650656089 0.173592432937379 0.720550069958035 0.142323354252848 -0.0973088968955538 0.186282079160657
24.9201788798095 13.613371358853 24.7275061427636 0.172316298631387 -0.828159544757036 -0.53334669619097 0.212636260308974 -0.497407282582603 0.841053924448477 -0.473714148074628 -0.303559322026767 -0.181419500538981 0.225572445276023 0.0116769519847818 0.287472244856316
24.8784726238407 14.828705853746 24.4259776411043 -0.50148182128019 0.218367419888882 -0.837156819227164 0.0977648468434602 0.975728364500693 0.195948964132048 0.432005652509099 0.157124664809032 -0.0817523727779002 -0.101023321601858 -0.495296827663079 0.522275794941273
25.1517928562963 15.1184880649336 24.2324598846609 -0.876518224875086 0.478748090273179 -0.0501597023678584 0.421739197494217 0.813993323774762 0.399438095725838 0.0512289345200666 0.276326384438622 0.0349796717804231 -0.11058652447983 0.18112324230891 0.65265220099611
25.269570781393 15.5747518371563 24.1550038340257 -0.686638562817441 0.179463968535363 0.704499898143195 0.586867830640655 0.708776683968359 0.391435399736093 0.409472509548579 -0.232830271840363 -0.441530806938826 0.121386837067058 0.0373267759390044 -0.0054518738043909
25.2214477549157 16.1387745500259 23.6800508933138 0.507327365945972 0.559645720101479 -0.655298038584061 -0.810856612043202 0.0525495492625285 -0.582880790890288 -0.488133039690233 -0.185310427388869 -0.167489794265067 0.384236515176186 0.463972738508317 -0.165483516799018
24.8427192633831 16.4152646126479 23.3979884213793 0.83723985357217 0.0797971260360322 -0.540982198074634 -0.541344052776948 0.260800456391214 -0.799330744292757 0.20719816357844 -0.0710091938183351 0.0863447268767909 0.229624335893536 -0.181311621105231 -0.579286983809067
24.5642284103702 16.6715176662234 22.9910443335534 0.839908524795508 -0.383550681420062 -0.383982340901237 -0.313774558784996 0.23410852256997 -0.920184007388958 0.256902153916599 -0.38919674622694 0.564117411984393 0.032989186760373 -0.527019443307242 -0.20728538778997
24.6273361036647 17.0220662228516 22.656810534968 -0.238538774569275 -0.938900606067899 -0.248122472024722 -0.475771723850363 0.335720370142392 -0.812977861038163 0.231767334126633 -0.240009104641763 -0.0197890395661798 -0.106095944135729 -0.311103672524449 -0.177023882431866
24.5407625099355 16.9289505842309 22.1648814574528 -0.855590486552841 -0.399356580074334 0.329361765920726 -0.470623351888181 0.335113223473913 -0.816218549919205 0.181063941096846 -0.140013164551969 -0.196322569109493 -0.0937329965375305 0.488364298939969 -0.199205989347065
24.3039059616577 16.794801063069 21.6835040635515 -0.7275428876922 0.226518135583617 0.647588449787265 -0.59571712635681 0.259618377856268 -0.760078503089311 0.532956270861546 0.249875551366069 -0.41282931539267 0.68349413165576 0.0546119726773311 0.575593178021488
23.8196781090289 16.7658525613214 21.5060452388496 -0.240221324297517 0.721094143764541 0.649859067367641 -0.791375817465309 0.242214780695869 -0.561298676873746 -0.0640768877316301 -0.332334114114322 -0.38738739629819 -0.100685834547191 0.128842404116049 0.293847539600091
23.354813311304 16.7147662867857 21.5059050097019 0.199642691709571 0.979280019734241 0.0339594062354624 -0.871387375298495 0.193283778516541 -0.450916097599743 0.138114188950643 0.533159291279174 0.185891433060901 -0.407911076447052 0.320010383880179 0.0475284958425418
22.6008883636211 16.4119765048747 21.8764282282586 -0.117136955346037 0.876443033835716 0.467040041747012 -0.8371982683818 -0.340113153114002 0.428277984058218 -0.163611164482614 -0.312661857003418 0.324043347621346 0.101184314939148 0.189258728947674 -0.60724426363439
22.4698170685793 16.2596615878719 22.2491488087908 -0.685794105767033 0.640498626513994 -0.34561231223373 -0.725609286508211 -0.564941703905022 0.392851061386466 -0.450497784059995 0.0674039714754023 -0.179169072982785 -0.333732236799554 -0.375939787880281 -0.502018995855302
22.2012160332501 16.2350163267335 22.5916768262792 -0.653917545486609 -0.111821102643028 -0.748256516290126 -0.702479204813967 -0.277488084285411 0.655380232505324 0.322399909230821 -0.152192952860323 0.050717122209346 -0.671662108603317 -0.0702709026007482 0.277605686475291
21.7825542601202 16.2342668272633 22.8562355421332 -0.222110451973027 -0.652820659739588 -0.724218200239175 -0.694963370841645 -0.414982663283702 0.587209659118794 0.358803648900927 0.34807043109706 -0.363996222551845 -0.134045476503261 -0.307091435775648 0.535311387569831
21.3232538413166 15.8349054140114 23.1038883052087 -0.277400092924698 -0.178154474764735 -0.944092185459631 -0.744808818815288 -0.580842841037996 0.328452871614941 0.0368313563170716 1.04711611431388 -0.308072590777699 -0.251756465397181 0.182829850040095 0.198569927267741
