#id1 id2 FENE BEXC STCK NEXC HB CRSTCK CXSTCK total, t = 100000
0 1 0.0372208 0 -1.33981 0 0 0 0 -1.30259
1 2 0.0685824 0 -1.19298 0 0 0 0 -1.1244
2 3 0.00368547 0 -1.34127 0 0 0 0 -1.33758
3 4 0.154825 0 -1.38178 0 0 0 0 -1.22696
4 5 0.0112075 0 -1.33238 0 0 0 0 -1.32117
5 6 0.0549524 0 -1.16467 0 0 0 0 -1.10971
6 7 0.390207 0 -1.19374 0 0 0 0 -0.803531
7 8 0.0127345 0 -1.23183 0 0 0 0 -1.2191
8 9 0.157661 0 0 0 0 0 0 0.157661
9 10 0.0709703 0 -0.986755 0 0 0 0 -0.915785
10 11 0.0625731 0 -1.27313 0 0 0 0 -1.21056
11 12 0.111083 0 0 0 0 0 0 0.111083
12 13 0.00318721 0 -0.990932 0 0 0 0 -0.987745
13 14 0.0404555 0 -1.06872 0 0 0 0 -1.02826
14 15 0.167126 0 -0.940982 0 0 0 0 -0.773857
15 16 0.0405421 0 -1.21997 0 0 0 0 -1.17942
16 17 0.00845409 0 -1.29159 0 0 0 0 -1.28314
17 18 0.0034162 0 -1.09328 0 0 0 0 -1.08986
18 19 0.0389685 0 -1.33538 0 0 0 0 -1.29641
19 20 0.0326982 0 0 0 0 0 0 0.0326982
20 21 0.0340074 0 -1.18514 0 0 0 0 -1.15113
21 22 0.22808 0 -0.91015 0 0 0 0 -0.682071
22 23 0.0900308 0 -1.33112 0 0 0 0 -1.24108
23 24 0.0483504 0 -0.499156 0 0 0 0 -0.450805
#Total energy per particle is  -0.89735 and should be -0.8973510

