t = 100000
b = 30 30 30
E = -0.915440787065339 -1.07487617014669 0.159435383081347
20.5997900153856 12.2685394227641 5.47877291191894 -0.921412305765108 0.388422475043237 0.0112812095123923 0.380758268978969 0.90826788236662 -0.173414196681754 0.108105813755711 0.301090578737393 -0.115588662236514 0.0954174050833663 -0.149907236084283 -0.143638829786837
20.7505835000096 12.7731689695671 5.24115775318274 -0.973384104265842 0.0712189787607168 0.217832789727748 0.107563310226694 0.981267142529905 0.159826999238534 0.274821672402454 -0.743814448660254 0.765739663477669 0.550629462186745 0.125240852168547 0.10141183895744
20.7311791761343 13.3595800548303 5.21254018958653 -0.795532052533789 -0.312484946709281 0.519116375398728 -0.18603472759411 0.94133939327226 0.281551177394388 0.0646925343980506 -0.243581732626217 -0.402396192751258 0.201259849242168 0.481913300988068 0.0974742185652359
20.4210743036191 13.7525504604809 5.19628709644905 -0.197507550785573 -0.418091093245498 0.886673831707488 -0.244431626461725 0.896926385717117 0.368478070413632 0.12095874868164 0.0184122021546816 0.384664413656564 -0.100636177317857 0.0395858659427839 0.257211899548235
20.1629471304424 14.1965235922243 5.39703889279551 0.328770577525351 -0.599214561937103 0.729966886098577 -0.0778394554171061 0.753111453548354 0.653271742992243 -0.34314788609008 0.334308085978735 -0.124511705542294 0.356248285317739 0.0201016775505396 0.288004218699679
19.9261586566122 14.4132327422786 5.82878871249408 0.913482942570761 -0.338179265348114 0.226237980167335 0.092667476043304 0.714343490598871 0.693632489306269 0.346384718466642 -0.0360772592211823 -0.140407291578139 -0.031165219299064 0.0243454587327003 -0.0170304710843508
19.8443106949161 14.4518359961069 6.33648847265395 0.936550098792269 0.130369927209514 -0.325388187906533 0.164728031658012 0.65569271198756 0.736838887478602 0.160854068887074 -0.264142431827863 0.126886359419029 -0.0652013242607818 0.084032012062197 -0.159299885973719
20.1381530761386 14.4824352873458 6.69455935741702 0.249492010072266 0.769838976032859 -0.587453450104464 0.201756711990082 0.552001377909313 0.809066503125709 0.106486719671962 0.417266845273104 -0.143765224061956 -0.0973573674633613 -0.947769800398507 0.0785820211487455
20.4168757085441 14.8006963546418 6.97635076470698 -0.49621284345291 0.670058845778417 -0.552081367566975 0.191658870961041 0.704744895806501 0.683082258600188 -0.151712381528707 -0.328013180606846 -0.0565318615025379 0.327137905115582 0.697505538051793 0.158393819383223
20.6740755395053 15.2134644752544 6.92181215848095 -0.894452935784303 0.373443778422114 0.245954327042804 0.44675979727692 0.723001682954687 0.52694787241594 0.410823136819659 -0.167683301862046 0.0416014302302675 0.55605760667418 -0.306089481014197 0.647403637027724
20.8957686021269 15.6799148717437 7.18229110096321 -0.900273015218143 -0.073416364192008 0.429090281490384 0.296019259797305 0.619472002012083 0.727067367917894 -0.236854102138575 -0.69403637630507 -0.353695447301936 -0.0957514750606268 0.147303050130685 0.448041525158846
20.8020890560076 16.1770492240584 7.30916153265251 -0.407412583468311 -0.59008046981756 0.697007778491403 0.344019366652406 0.607834888850494 0.715672576371687 0.042433782623436 0.137920502877482 -0.497392721608809 -0.821717803473889 -0.207198281478413 0.216750051721235
20.6746537323206 16.4248068912966 7.74013198113619 0.299742972223975 -0.887525968094391 0.349930927287563 0.235887208968559 0.424354909879242 0.8742311173573 0.0424660079076709 0.0565970227163008 0.29732655931184 -0.343239910294516 -0.00964067244653108 -0.35091164410038
20.5560702990389 16.4537078676331 8.23182190100211 0.95730968053455 -0.276897608889253 0.0829809072509595 0.017764026347046 0.342878735427707 0.939211632968356 0.151013135409413 -0.221016121598128 -0.483739362539958 -0.237211008009263 0.522104501970832 0.0113609599764506
20.5638182998444 16.2852744636945 8.69125100625295 0.88659929243915 0.438311168240708 -0.147732353634435 -0.0593194450779395 0.424506054580214 0.903479762655389 -0.208840118384266 0.9002674230853 0.149624643958595 0.435142843606347 -0.272204939299792 -0.0591066631363568
20.194760432402 15.5876932566465 8.18086298702062 0.568174736989498 0.441279497965264 -0.694586065679502 -0.542914114658219 -0.433287072372743 -0.719379251623499 -0.14217997398818 0.285989747837495 -0.313440329681892 -0.10547159639802 0.305686735142173 0.0487008445411985
19.8324523789453 15.5894357291874 7.68834671991296 0.858227137891622 0.0640343892103465 -0.509259906720945 -0.449090157957596 -0.386731861896201 -0.805454119518437 0.465615584089454 -0.160293239706305 -0.256274785653629 -0.258475995940204 -0.0592562729444007 -0.25546286815464
19.5923080247489 15.6234772386515 7.20932221369501 0.911802512962243 -0.368741239279911 -0.180681940826922 -0.365891927279942 -0.529863973753815 -0.765092913012458 -0.0574151247618646 -0.136304703186256 -0.593977018953836 -0.585076353950611 0.172857231097116 -0.445442332477076
19.6229929499735 15.5990791919884 6.67274485823934 0.540971640100013 -0.815235250904145 0.20673906553214 -0.395586141293075 -0.463565442705812 -0.792854696589893 0.550223803926081 -0.0729599451521659 -0.0040709266809686 -0.156887532145927 -0.13266652634294 -0.424876500727207
19.7621756587756 15.4236726988117 6.21348976864707 -0.147645240413162 -0.753084111268589 0.64114352116773 -0.254760928834813 -0.597415542088924 -0.760388965382999 -0.576396210949161 0.378782645488059 0.27828199521175 0.0668888520776185 -0.246039886093586 -0.029788436561624
19.1052399767187 16.5384481127229 5.76867273197508 -0.265742063355448 0.945883721683913 -0.186239166437275 -0.0503043132179274 -0.206527458253696 -0.977146780006131 -0.00827704676734562 0.278151846976666 0.11308660085903 -0.0597051178674996 0.156560564673511 0.309690447622538
18.8118428708685 16.5929676028927 5.3335092234577 0.526022092929014 0.811016732945841 -0.256032034343464 -0.219805331524289 -0.161174840265358 -0.962137276126089 -0.12743398481514 -0.739832684545999 0.0799646274347886 0.38769433035883 0.356699094203679 -0.589903050183762
18.6297561858992 16.9001023140902 5.01966524178263 0.902310053741803 -0.0237967436378956 -0.430430231563788 -0.429610097482036 -0.132232877095289 -0.893280222044708 0.240353114447681 0.106563482829147 0.148079704945134 -0.146599392208719 -0.0732815220739405 -0.193966295134039
18.5400792185299 17.1477274515422 4.59096225051098 0.784213006443982 -0.530047163156281 -0.322583130022369 -0.371431241284676 0.0154383697740145 -0.928332044204048 -0.224938615764534 0.345301933802526 -0.00243907599504877 -0.277415272402006 -0.475035501662629 0.702149062180883
18.1390282951978 18.1137738020142 5.19832487676152 -0.688977336360556 0.70514979073036 -0.167552393117822 -0.280753473748199 -0.472781934207416 -0.835257198504557 0.185721575288489 -0.254783475939551 -0.279595396945895 -0.178500535521137 -0.222084881482038 0.0251790927864657
