#id1 id2 FENE BEXC STCK NEXC HB CRSTCK CXSTCK total, t = 100000
0 1 0.00921343 0 -0.669749 0 0 0 0 -0.660536
1 2 0.000945137 0 -1.02405 0 0 0 0 -1.0231
2 3 0.0174764 0 -1.39861 0 0 0 0 -1.38113
3 4 0.000793093 0 -1.04983 0 0 0 0 -1.04904
4 5 0.0321316 0 -1.34298 0 0 0 0 -1.31085
5 6 0.000200985 0 -1.05857 0 0 0 0 -1.05837
6 7 0.00339247 0 -1.33585 0 0 0 0 -1.33246
7 8 0.00815546 0 -1.29313 0 0 0 0 -1.28497
8 9 0.00593178 0 -1.21206 0 0 0 0 -1.20613
9 10 0.0319373 0 -0.966901 0 0 0 0 -0.934963
10 11 0.00137735 0 -1.22834 0 0 0 0 -1.22696
11 12 0.0254848 0 -1.1551 0 0 0 0 -1.12961
12 13 0.00185647 0 -1.05614 0 0 0 0 -1.05429
13 14 0.0218672 0 -1.30884 0 0 0 0 -1.28698
11 15 0 0 0 0 -0.717894 0 -0 -0.717894
10 15 0 0 0 0 0 -0.159829 0 -0.159829
12 15 0 0 0 0 0 -0.0202848 -0 -0.0202848
14 15 0.0290826 0 0 0 0 0 0 0.0290826
11 16 0 0 0 0 0 -0.194072 0 -0.194072
10 16 0 0 0 0 -0.692324 0 -0 -0.692324
9 16 0 0 0 0 0 -0.120176 0 -0.120176
15 16 0.000337245 0 -0.941435 0 0 0 0 -0.941098
8 17 0 0 0 0 0 -0.119191 0 -0.119191
10 17 0 0 0 0 0 -0.092371 0 -0.092371
9 17 0 0 0 0 -0.843296 0 -0 -0.843296
16 17 0.0530126 0 -1.17765 0 0 0 0 -1.12464
7 18 0 0 0 0 -0 -0.00110761 0 -0.00110761
9 18 0 0 0 0 0 -0.149304 -0 -0.149304
17 18 0.0075668 0 -1.19912 0 0 0 0 -1.19156
8 19 0 0 0 0 -0 -0.132626 0 -0.132626
7 19 0 0 0 0 0 -0.00124692 0 -0.00124692
18 19 0.0147726 0 -1.19873 0 0 0 0 -1.18396
19 20 0.000429981 0 0 0 0 0 0 0.000429981
20 21 0.00193367 0 -1.13063 0 0 0 0 -1.12869
21 22 0.00154982 0 -1.11429 0 0 0 0 -1.11274
22 23 0.17061 0 -1.20705 0 0 0 0 -1.03644
23 24 0.000811789 0 0 0 0 0 0 0.000811789
#Total energy per particle is  -1.07488 and should be -1.0748810

