t = 100000
b = 30 30 30
E = -0.573660762227493 -0.736965321576909 0.163304559349416
30.9300586180743 -6.82564015303423 33.0487293416885 0.746046352528719 -0.172394713857879 -0.643191114579379 0.500355427147263 0.782476116505543 0.370641915019337 -0.647744449519571 -0.274951470878104 0.160966889157529 0.053290986899023 -0.0754210997926952 0.298083097284098
31.3722477464446 -6.58289905388312 33.1395151881499 -0.402841941085357 0.675581857715202 -0.617500909800214 -0.748463959397792 -0.631473584924767 -0.202589935506779 -0.021316345061193 -0.0732267155877662 -0.0230033090133267 -0.26589328992244 -0.216005125166024 0.0727016341858933
32.0929294458831 -6.25070355874367 33.9427077973924 0.188432916277536 0.0667897586924955 0.979812273093085 0.958948875603336 0.202772703275193 -0.198242748982949 -0.129851891490311 0.142525345517206 0.202183304425266 -0.328749555879059 -0.0820107466438453 0.267056425949288
32.3373346441143 -5.83328129547808 33.9765892014893 0.421238642377997 -0.5343617528443 0.732813321861163 0.895566367326077 0.37268789742357 -0.243031846947451 0.456083725997095 0.356135993687024 0.334518447767887 0.0233695394082481 0.040286834798958 -0.643934624042157
32.495335163649 -5.31155224585912 34.1543778359613 0.617487985911614 -0.780541105964531 0.0972829467056909 0.786475575627724 0.610648035885245 -0.0925471743068188 0.494559901066501 0.468237471136061 -0.0899858559006635 0.626729194240955 -0.446792045972477 -0.0668957240807026
31.8194045210809 -5.63954331810707 34.7067387635533 -0.658425262680177 0.0628718468967936 0.750015477078315 0.286235307490749 0.942545658741599 0.172269735436165 0.346155281143699 -0.125901342455554 -0.49327416335885 0.347569929600314 -0.454604803142913 -0.410912869266094
31.0122901354385 -5.34009047600421 34.0347775888725 -0.624693457754046 0.211015294765899 -0.751818143532296 0.599483078157747 -0.487356240729315 -0.634904566345931 0.446163509835341 0.396596409593044 -0.199007316857751 -0.271670485514613 0.0270664521920257 0.610027757627292
30.4350374902881 -5.55189396198868 34.5544427363933 -0.545385218446706 -0.691232164053414 -0.474081146759348 0.828084941038717 -0.531888793414019 -0.177114445722629 -0.0607571712350258 0.529166404098276 -0.284299857044991 -0.529846031674411 0.113234717481012 0.0239730673559009
30.7518402073003 -5.99555989452411 34.6209962717519 -0.463299403439849 -0.143631191817223 -0.874484771551266 0.775517171728013 -0.543250334727392 -0.321639604947904 -0.403319603089303 -0.188122271074134 0.360646724757849 -0.010088800207227 -0.158992138875062 -0.227284816785852
30.9958244850379 -6.39966153247284 34.4169641743846 -0.0744780717132787 0.619183102778851 -0.781706546226953 0.783506464265897 -0.448594379612282 -0.429977391451913 -0.805955299777094 -0.477049322537009 0.276134643249956 0.079915493442419 -0.0731222955167571 0.197548289257848
30.2010547497568 -6.6567826009601 35.2965158122065 -0.919901558911821 0.391813594393854 -0.0162210167503751 -0.056667948017593 -0.173747815509835 -0.983158357241465 0.553294742672169 -0.0866284620260876 -0.731032949143914 -0.0303129073631617 0.116244869274816 0.444582715426823
30.0354413707624 -6.93609494273906 34.8709424846728 -0.32184081935112 0.945450490587628 -0.0504149598651988 -0.00570352384198174 -0.0551831520484827 -0.998459899153246 0.451518938163546 0.41481027605728 0.489912741671504 -0.180441935175282 -0.457313762057356 0.319630270345374
29.8134265564462 -6.85825929581839 34.4695763082618 0.563496332587078 0.806479876776357 -0.179058507629294 0.0720077019192547 -0.263870720686372 -0.961866442109608 -0.501586601319254 0.520178233008177 0.69752120266247 0.534923143197881 0.361082377500928 -0.273890364581253
29.67498619949 -6.83951989419565 34.021897350597 0.982001439747251 0.174604964566901 0.0720149935805338 0.123078704342274 -0.302362005762152 -0.945213579548211 0.382640943257143 0.264221468149153 0.00530289314258656 0.397996154277106 -0.430118454600638 0.0846033037979164
29.8464988208318 -6.68416733774549 33.5812102193016 0.734385567154651 -0.564498482793006 0.376854270303893 0.240380865316198 -0.302928127573536 -0.922199244601629 0.569992747890433 0.0332196758149812 0.405542468711641 0.00683323312647869 -0.260642033624894 0.163084618651148
29.9141375630662 -6.9416193406478 33.0276918075387 0.676477861750739 -0.266920508372519 0.686389867597195 0.481785742969282 -0.54451349558244 -0.686576607767117 0.487894470045659 -0.653954837081993 0.0917218427589203 -0.131940864092038 -0.0668917596232897 -0.271008293875767
30.3717238438826 -7.08086498899428 32.7073663071318 -0.0478580658736273 -0.622318146609629 0.781299929006255 0.346768961883101 -0.743897751098626 -0.571285622818595 -0.0352342204546401 -0.201868541967684 0.0621585356413495 0.109666632599923 -0.709158162400286 0.237629408818243
30.6808856579758 -7.47818010621259 32.5677178681471 -0.649619994337656 -0.44606706758264 0.615644322650901 0.181845580856004 -0.877444049007578 -0.44387382994202 0.446972370327266 -0.800606485874288 0.531289470135838 -0.458407039422969 -0.73706182221044 0.0570956984214235
30.9455573309473 -7.80477729460501 32.7289906942464 -0.852908136309621 -0.335828404258485 -0.399708471127987 0.51486030478456 -0.667810406726241 -0.537538789593738 0.0503145608044448 0.0281344444236226 -0.903904273289968 -0.805364067558867 -0.487910404985238 -0.377793632400868
31.0193353635788 -8.23400236408472 32.621729220574 -0.198159898035758 0.386526814368656 -0.900738323715421 0.695765792349466 -0.59181070494684 -0.407025658493587 0.0383871606545804 -0.161953985210289 -0.417027222705398 -0.121071381531662 0.24348627302776 -0.649975854014229
31.172410882548 -8.50892261290077 32.2357549537411 0.375224380803691 0.872771581893063 -0.312211906678469 0.665988227855742 -0.488114386999243 -0.564095661846419 0.346606209692521 0.0305259639610994 -0.277540476940774 -0.0555401602701949 0.281769565196725 -0.0201883885854762
32.0755333617998 -9.09725896157057 32.211160944954 0.731527353974464 -0.542640507048489 -0.412806113010528 -0.138756660319463 0.474297680274082 -0.869360778247128 -0.418122381185668 0.29713370979047 0.337906371167887 0.391565154032615 -0.591983943353892 0.335762534423404
32.2566473412956 -8.83611928482079 31.8153829281865 -0.261668881107594 -0.784987321914059 -0.56153732335092 -0.0761982589356855 0.596794915317227 -0.798767515823361 0.184753063691122 0.0748670994205982 0.589901272188635 0.326447553951076 -0.196777120349215 0.00860181476597987
32.4397936167385 -8.7268311828031 31.4304488355635 -0.877763264378476 -0.415633197579912 -0.238286714934032 -0.0975547523933777 0.64200648599954 -0.760467333366011 -0.185644941757488 -0.157196339399972 -0.173511772943078 -0.186989995929182 0.29097246433728 -0.1462138346191
32.3429313824494 -8.59343318018228 30.9121621576779 -0.890407722005815 0.209905049405498 0.403873537443191 -0.266707744752836 0.478417440594947 -0.836650210339144 0.0930702363768249 0.336280542795773 -0.0148811419274052 0.133656134712262 0.0508102636499881 -0.0121676504368961
32.0921123039368 -8.71192606311006 30.5437102404279 -0.164703517025131 0.924621747985241 0.343434437642716 0.0086775765024578 0.349534472801922 -0.936883269794508 0.391863506964708 -0.0484809013586556 -0.0152349022064569 -0.460682878008921 0.0715648760885458 0.0804108918066895
31.8529524032234 -8.52419270583492 30.0831573089571 0.454471583861834 0.768241866498162 0.450843491653532 -0.0205645915323439 0.515046934003953 -0.856915172208564 -0.0824414555101755 -0.0941448741731438 0.26562959138221 -0.486312727150207 0.349697350317931 -0.0537891096306848
