#id1 id2 FENE BEXC STCK NEXC HB CRSTCK CXSTCK total, t = 100000
0 1 0.427184 0 -0 0 0 0 0 0.427184
1 2 0.00489407 0 0 0 0 0 0 0.00489407
2 3 0.0689526 0 -1.15551 0 0 0 0 -1.08656
3 4 0.000899476 0 -0.458993 0 0 0 0 -0.458093
4 5 0.000912881 0 0 0 0 0 0 0.000912881
5 6 0.196115 0 0 0 0 0 0 0.196115
6 7 0.000277092 0 0 0 0 0 0 0.000277092
7 8 0.000173123 0 -1.3095 0 0 0 0 -1.30932
8 9 5.22055e-05 0 -1.25429 0 0 0 0 -1.25424
9 10 1.42629e-05 0 0 0 0 0 0 1.42629e-05
10 11 0.00227133 0 -1.26237 0 0 0 0 -1.2601
11 12 0.0707579 0 -1.06102 0 0 0 0 -0.99026
12 13 0.0783684 0 -1.30719 0 0 0 0 -1.22882
13 14 0.00500092 0 -1.29785 0 0 0 0 -1.29285
14 15 0.0123826 0 -0.628917 0 0 0 0 -0.616535
15 16 0.0977077 0 -1.18909 0 0 0 0 -1.09138
16 17 0.0115885 0 -1.29747 0 0 0 0 -1.28588
17 18 0.00114909 0 -1.0061 0 0 0 0 -1.00495
18 19 0.000293363 0 -1.07015 0 0 0 0 -1.06986
19 20 0.0144951 0 -1.11161 0 0 0 0 -1.09712
20 21 0.00117997 0 0 0 0 0 0 0.00117997
21 22 0.000644384 0 -0.910325 0 0 0 0 -0.90968
22 23 0.111887 0 -1.33944 0 0 0 0 -1.22756
23 24 0.0218592 0 -1.01628 0 0 0 0 -0.994422
24 25 0.000516583 0 -1.12787 0 0 0 0 -1.12735
25 26 0.00122368 0 -1.22491 0 0 0 0 -1.22368
#Total energy per particle is  -0.736966 and should be -0.73696610

