t = 0
b =  30.0 30.0 30.0
E = 0. 0. 0.
29.391435561809846 28.837759694537272 25.398416295298905 -0.1914578143853179 0.8961186626402351 0.4003938658104962 0.965547529577615 0.09870931302568595 0.24077881893672018 0.0 0.0 0.0 0.0 0.0 0.0
29.807955408120705 29.130601448073843 25.226835331514557 -0.25843328841643304 0.4721711128673575 0.8427732053238699 0.965547529577615 0.09870931302568595 0.24077881893672018 0.0 0.0 0.0 0.0 0.0 0.0
30.165565378205425 29.53107462164541 25.247364546401688 -0.2272256354039801 -0.13116213696385232 0.9649689137181223 0.965547529577615 0.09870931302568595 0.24077881893672018 0.0 0.0 0.0 0.0 0.0 0.0
30.47137925755014 29.901649381969044 25.48785845553365 -0.10969116449152388 -0.6846646980485076 0.7205567983709813 0.965547529577615 0.09870931302568595 0.24077881893672018 0.0 0.0 0.0 0.0 0.0 0.0
30.752189032497576 30.116154802829517 25.89260330952663 0.049516813749732644 -0.9780516933612251 0.20239310825547852 0.965547529577615 0.09870931302568595 0.24077881893672018 0.0 0.0 0.0 0.0 0.0 0.0
31.04428616669731 30.107713309413857 26.343483678914758 0.18991252657048852 -0.8998604982137233 -0.3926631075185984 0.965547529577615 0.09870931302568595 0.24077881893672018 0.0 0.0 0.0 0.0 0.0 0.0
31.379673867304398 29.89414858711623 26.704856480588855 0.2581572953789959 -0.47979725492960634 -0.8385400437692974 0.965547529577615 0.09870931302568595 0.24077881893672018 0.0 0.0 0.0 0.0 0.0 0.0
31.773908531516053 29.571214065460556 26.875084052901045 0.2283237915132149 0.12254898728458691 -0.965841597750144 0.965547529577615 0.09870931302568595 0.24077881893672018 0.0 0.0 0.0 0.0 0.0 0.0
32.22018961118737 29.276214589312413 26.825148002615837 0.11174626188134107 0.6783368203195618 -0.7262037807353333 0.965547529577615 0.09870931302568595 0.24077881893672018 0.0 0.0 0.0 0.0 0.0 0.0
32.69194325477064 29.13584201270001 26.609673777661975 -0.04728554093712091 0.976413154128299 -0.21066900593943322 0.965547529577615 0.09870931302568595 0.24077881893672018 0.0 0.0 0.0 0.0 0.0 0.0
33.15291815780945 29.21804284529404 26.34617754617551 -0.1883527761814857 0.9035338059263207 0.3849024464108059 0.965547529577615 0.09870931302568595 0.24077881893672018 0.0 0.0 0.0 0.0 0.0 0.0
33.57095803959117 29.506204237378704 26.170419839459363 -0.25786164266402023 0.4873868585732817 0.8342430241438519 0.965547529577615 0.09870931302568595 0.24077881893672018 0.0 0.0 0.0 0.0 0.0 0.0
33.93021835181399 29.9054654792108 26.184827856346303 -0.2294045598817357 -0.11392650502547219 0.9666407292050891 0.965547529577615 0.09870931302568595 0.24077881893672018 0.0 0.0 0.0 0.0 0.0 0.0
34.237185887393544 30.278757170637636 26.419581657870932 -0.1137928493606739 -0.6719572846154611 0.7317954598701699 0.965547529577615 0.09870931302568595 0.24077881893672018 0.0 0.0 0.0 0.0 0.0 0.0
34.51821433938084 30.49887617789321 26.821148257498944 0.0450506671474923 -0.9747002572533492 0.21892886036294706 0.965547529577615 0.09870931302568595 0.24077881893672018 0.0 0.0 0.0 0.0 0.0 0.0
34.80951209236193 30.496812230838895 27.272619697735298 0.18677868199933811 -0.9071383060414236 -0.3771124734915094 0.965547529577615 0.09870931302568595 0.24077881893672018 0.0 0.0 0.0 0.0 0.0 0.0
35.14338605178176 30.28796607837929 27.638128337773402 0.2575463527866026 -0.49493934582068155 -0.829882473682215 0.965547529577615 0.09870931302568595 0.24077881893672018 0.0 0.0 0.0 0.0 0.0 0.0
35.53596771042301 29.966298486466577 27.814465241823356 0.23046785820484433 0.10529534682191549 -0.9673662472260038 0.965547529577615 0.09870931302568595 0.24077881893672018 0.0 0.0 0.0 0.0 0.0 0.0
35.98108452459373 29.668632972175036 27.77029097937992 0.11583077107395967 0.6655265767625484 -0.7373314099474763 0.965547529577615 0.09870931302568595 0.24077881893672018 0.0 0.0 0.0 0.0 0.0 0.0
36.45260496667539 29.522674261997345 27.55804199883879 -0.04281236257514094 0.972913133180104 -0.227172042506127 0.965547529577615 0.09870931302568595 0.24077881893672018 0.0 0.0 0.0 0.0 0.0 0.0
36.914366329360945 29.598491131140815 27.294009144060407 -0.18519036389741456 0.9106737240623928 0.3692937819973058 0.965547529577615 0.09870931302568595 0.24077881893672018 0.0 0.0 0.0 0.0 0.0 0.0
37.33391354276906 29.881896104338693 27.114156818508157 -0.25721144975729043 0.5024541415206617 0.8254587244571865 0.965547529577615 0.09870931302568595 0.24077881893672018 0.0 0.0 0.0 0.0 0.0 0.0
37.694829398111835 30.27983551490595 27.12246783516902 -0.23151360550825947 -0.0966561699700309 0.9680180965618814 0.965547529577615 0.09870931302568595 0.24077881893672018 0.0 0.0 0.0 0.0 0.0 0.0
38.00297171979442 30.65574214848725 27.351438607399896 -0.11785987182557252 -0.6590451864841247 0.7428112093832203 0.965547529577615 0.09870931302568595 0.24077881893672018 0.0 0.0 0.0 0.0 0.0 0.0
38.28424787998589 30.881419411072606 27.749733218182264 0.040570797675623285 -0.9710519180049808 0.2353979246187375 0.965547529577615 0.09870931302568595 0.24077881893672018 0.0 0.0 0.0 0.0 0.0 0.0
38.57477215478409 30.885745358394534 28.20168679328828 0.1835879428322851 -0.914139790753458 -0.36144696735182436 0.965547529577615 0.09870931302568595 0.24077881893672018 0.0 0.0 0.0 0.0 0.0 0.0
38.90714530692751 30.681693111650763 28.571248520813505 0.2568569590802431 -0.5099306733924348 -0.8209721133543972 0.965547529577615 0.09870931302568595 0.24077881893672018 0.0 0.0 0.0 0.0 0.0 0.0
