#id1 id2 FENE BEXC STCK NEXC HB CRSTCK CXSTCK total, t = 100000
0 1 0.0274825 0 0 0 0 0 0 0.0274825
1 2 0.364095 0 -1.36889 0 0 0 0 -1.0048
2 3 0.00194711 0 -1.42948 0 0 0 0 -1.42754
3 4 0.202623 0 -0.993055 0 0 0 0 -0.790432
4 5 0.015904 0 0 0 0 0 0 0.015904
5 6 0.00688904 0 -1.12503 0 0 0 0 -1.11814
6 7 3.51464e-05 0 -1.24729 0 0 0 0 -1.24725
7 8 0.00725753 0 -1.18345 0 0 0 0 -1.17619
8 9 5.20514e-05 0 -1.18906 0 0 0 0 -1.18901
9 10 0.112284 0 -1.2212 0 0 0 0 -1.10892
10 11 0.215284 0 -1.20466 0 0 0 0 -0.989375
11 12 0.00529366 0 -1.33932 0 0 0 0 -1.33403
12 13 0.0555575 0 0 0 0 0 0 0.0555575
13 14 0.0157539 0 -1.24622 0 0 0 0 -1.23046
14 15 1.41366e-05 0 -1.05464 0 0 0 0 -1.05463
15 16 0.15009 0 -1.40929 0 0 0 0 -1.2592
16 17 0.0133928 0 0 0 0 0 0 0.0133928
17 18 0.00865688 0 -0.937456 0 0 0 0 -0.9288
18 19 0.0291129 0 -1.28544 0 0 0 0 -1.25633
19 20 0.0325102 0 -1.1324 0 0 0 0 -1.09989
20 21 3.52616e-05 0 -1.19615 0 0 0 0 -1.19611
21 22 1.66834e-05 0 -0.892102 0 0 0 0 -0.892085
22 23 0.0287873 0 -1.0911 0 0 0 0 -1.06232
23 24 0.134486 0 0 0 0 0 0 0.134486
24 25 0.0302262 0 0 0 0 0 0 0.0302262
25 26 0.00439121 0 0 0 0 0 0 0.00439121
#Total energy per particle is  -0.780891 and should be -0.78089110

