#id1 id2 FENE BEXC STCK NEXC HB CRSTCK CXSTCK total, t = 100000
0 1 0.0733897 0 0 0 0 0 0 0.0733897
1 2 0.108123 0 0 0 0 0 0 0.108123
2 3 0.103772 0 -1.40506 0 0 0 0 -1.30128
3 4 0.194835 0 -1.21103 0 0 0 0 -1.01619
4 5 0.00385518 0 -1.3106 0 0 0 0 -1.30674
5 6 0.200389 0 0 0 0 0 0 0.200389
6 7 0.0413986 0 -1.03726 0 0 0 0 -0.995866
7 8 0.0088133 0 -1.04999 0 0 0 0 -1.04117
8 9 0.0115571 0 -0.830569 0 0 0 0 -0.819012
9 10 0.0283093 0 0 0 0 0 0 0.0283093
10 11 0.0298366 0 -0.871923 0 0 0 0 -0.842086
11 12 4.25808e-05 0 0 0 0 0 0 4.25808e-05
12 13 0.0334997 0 -0 0 0 0 0 0.0334997
13 14 0.00846619 0 0 0 0 0 0 0.00846619
14 15 0.000544302 0 -0.632379 0 0 0 0 -0.631835
15 16 0.0217543 0 -1.2999 0 0 0 0 -1.27814
16 17 0.000622768 0 -0.689444 0 0 0 0 -0.688822
17 18 0.0102409 0 -1.04194 0 0 0 0 -1.0317
18 19 0.0496235 0 0 0 0 0 0 0.0496235
19 20 0.000739304 0 -8.06521e-09 0 0 0 0 0.000739296
20 21 0.0129636 0 0 0 0 0 0 0.0129636
21 22 0.00199264 0 0 0 0 0 0 0.00199264
22 23 0.0257317 0 -0 0 0 0 0 0.0257317
23 24 0.0690599 0 -1.07172 0 0 0 0 -1.00266
24 25 0.0209043 0 0 0 0 0 0 0.0209043
25 26 0.0777895 0 0 0 0 0 0 0.0777895
27 28 3.31038e-06 0 -1.2937 0 0 0 0 -1.29369
28 29 0.025071 0 -0.828826 0 0 0 0 -0.803755
29 30 0.100681 0 -1.38685 0 0 0 0 -1.28617
30 31 0.000477146 0 0 0 0 0 0 0.000477146
31 32 0.0309671 0 -0.917035 0 0 0 0 -0.886068
32 33 1.83232e-05 0 -1.16718 0 0 0 0 -1.16716
33 34 0.104075 0 -0 0 0 0 0 0.104075
34 35 0.000108589 0 -1.01714 0 0 0 0 -1.01703
35 36 0.417423 0 -1.28206 0 0 0 0 -0.864639
36 37 0.00597071 0 -1.15941 0 0 0 0 -1.15344
37 38 0.0337719 0 -1.11936 0 0 0 0 -1.08559
38 39 0.066524 0 0 0 0 0 0 0.066524
39 40 0.000482886 0 0 0 0 0 0 0.000482886
40 41 0.00422124 0 -1.10876 0 0 0 0 -1.10454
41 42 0.0119084 0 -1.0081 0 0 0 0 -0.996193
42 43 0.0347192 0 -1.03782 0 0 0 0 -1.0031
43 44 0.136891 0 -1.03252 0 0 0 0 -0.895632
44 45 0.00160658 0 -1.13964 0 0 0 0 -1.13804
45 46 0.045508 0 -0.907293 0 0 0 0 -0.861785
46 47 0.00192673 0 -1.29118 0 0 0 0 -1.28925
47 48 0.0145846 0 -0.997885 0 0 0 0 -0.9833
48 49 0.0234802 0 0 0 0 0 0 0.0234802
49 50 0.0216758 0 -1.33189 0 0 0 0 -1.31021
50 51 0.0149809 0 -1.32919 0 0 0 0 -1.31421
51 52 0.00323375 0 -0.963871 0 0 0 0 -0.960637
52 53 0.0454755 0 0 0 0 0 0 0.0454755
#Total energy per particle is  -0.60162 and should be -0.6016210

