t = 100000
b = 30 30 30
E = -0.421956114502831 -0.601619766680443 0.179663652177612
11.2387581323799 19.2950893681903 29.8038238181422 -0.535267411572858 0.712458347875795 0.453752929875317 -0.0749083393297617 -0.575108993497347 0.814639934796701 0.346461088067247 0.0357936048066286 -0.557633382814904 -0.154496603908014 0.322517409113117 0.155047649949117
10.6938056996244 19.0964634377828 28.7367270652075 -0.81895747010502 -0.221279707282041 -0.529475053916555 0.57340298111276 -0.352122855598918 -0.739742101170365 -0.122006097736838 0.0984924246738304 0.485846450787029 -0.467204165917697 0.290772561191003 0.0569660842513555
11.8027637952633 19.259181377851 28.4628112089883 0.967226490530935 -0.241454204062867 0.0785667504253194 -0.176313818875525 -0.416001854982306 0.892107505118596 0.655439488778125 -0.183780911695888 -0.283962097206494 -0.234298736339136 0.55182082562004 0.00246238989485658
11.7936163936948 18.859557757428 28.7289308392953 0.858458006905293 0.391093842086756 0.331806129512684 -0.198725927957908 -0.342765690381167 0.918160962140022 -0.608352607125258 0.336958393287899 0.0684357301162783 0.177724241926894 0.151003707278823 -0.202980111004566
11.9898979071825 18.5741291212529 29.0355417104399 0.367700970506603 0.80137041478275 0.471806476468544 -0.0307340268592382 -0.496600028157437 0.867435155299222 -0.714120335978533 -0.0282143132201597 -0.372796195053912 0.21352471465548 -0.146292249738138 0.307470803051042
12.259570194857 18.4399037844392 29.393331543737 -0.566115536618403 0.6637388995971 0.488839136224607 0.119868199593533 -0.52042964050574 0.845449257859685 0.261171203045995 -0.175562310570683 0.292798347813011 -0.248688992108424 0.0370167194183922 -0.0338058908560031
12.5076048509817 17.2680907276395 28.7455222164006 -0.246737831754991 -0.779142777354318 -0.57624367784626 -0.426992343599222 -0.446387318347611 0.786394143329119 -0.0196700958754763 0.469816794654494 0.71464205232948 -0.226411626643798 -0.604407034181323 0.476633233636964
11.9925315919345 17.0679073689943 28.9820322870056 0.387349071854981 -0.845314635554781 -0.367972487742502 -0.585337073909033 -0.533856482598192 0.610227565195194 0.685745685232529 0.0187851825916673 -0.0829551420104403 0.0782767998490864 0.274259984034111 -0.304634655548164
11.6485419913089 16.7024380777739 28.9732401601357 0.646920024257668 -0.501957631329954 0.574049527929181 -0.76195511804504 -0.455424718484942 0.460448226667616 0.28693522818673 -0.449343942193446 0.300618015682141 -0.551741844860273 -0.0396567716142477 0.425213347182659
11.3977167947946 16.3097536399538 28.9793912624351 0.4140101009682 0.411254762260115 0.812074553155376 -0.870046400223171 -0.0834925956235857 0.485847907048005 -0.175353456535247 0.365500349731611 -0.498311269323096 -0.329563932836058 0.169541895561743 0.155332533623698
10.252337364965 16.4658594614231 28.2844968745156 -0.949683080283618 0.288323535333603 -0.122357931150839 -0.116488374349116 0.03749690540657 0.992483911272295 0.108010974810459 -0.38765791267662 -0.184175477455142 -0.343083350714755 0.167368111527234 -0.0694261758033734
10.2238499579555 16.7344495423705 28.7994846646655 -0.868430707340796 -0.427427073347687 -0.251264941514025 -0.111010370234206 -0.326289186202077 0.938728884139666 -0.148260230226358 0.169025340005954 0.0271978519421735 -0.25128167534976 -0.0974682278960008 -0.26236597340052
10.8184033751172 17.5260648423263 29.3667102367985 -0.691615115039311 0.715458790475985 0.0989300883236799 -0.504170491747663 -0.380144730269324 -0.775436662585051 -0.220115892109219 -0.0167953639211803 -0.176361058501923 0.763620033545397 -0.651646141935341 0.241817718240046
10.4537421299472 17.8934265863637 29.9281889561143 -0.332543896509853 0.933543871909339 0.133828846318271 0.290177115618989 0.236305190406506 -0.927338649690323 -0.353831566609109 0.572323584929013 -0.0185036290963976 -0.388037580300306 -0.194951336766344 -0.275474886744744
9.86446183119349 17.3733543130581 29.5780432448529 -0.241575126737018 -0.970099345137619 -0.0234221577486623 0.15269643236754 -0.0618388060062352 0.986336499669849 0.385159868684097 -0.198654030629121 -0.391087381033495 0.133625879056619 -0.279428359746848 0.314329663414975
9.77204863562789 17.2133283738438 30.1324496026556 0.506926759204376 -0.844434115096804 -0.173078258251876 0.471174741962676 0.103311740859963 0.875968562160209 -0.342609687240818 0.363720191957754 0.0658579990907045 0.651467793917753 -0.839486579597305 -0.709658903658369
9.785760472019 17.0672739206435 30.6004552959335 0.82565670008588 -0.266607030194842 -0.497203762864727 0.544459912065412 0.145612329541843 0.826051042437696 -0.0377492689102183 -0.0427628383618355 -0.595836269036374 -0.124381500092907 -0.127186403518478 -0.112914188875157
10.2024943045335 17.0301119807128 30.9625863747747 0.576523049763152 0.339164550065559 -0.743362969312359 0.806807871776417 -0.0924891651758594 0.583529564331629 -0.203290589272715 0.0894494542703766 0.245399878180052 0.123747814765224 -0.414442869328756 0.174960623814965
10.7261000226734 16.9510667536731 31.0668828484846 0.229020796296303 0.886627154876671 -0.401797883507752 0.819272765981704 0.0473427122392605 0.571446125258997 -0.238124053700462 -0.466779489739294 -0.211637323716898 -0.179285931873833 -0.07507943637908 0.172253940437632
10.5214320637568 17.1281759524871 32.0522123065225 -0.419933638674145 0.813972464473095 0.401378203167505 -0.175336254090315 -0.506695093171053 0.84410733631303 0.556992271277322 -0.38692637014399 -0.620838689710642 -0.693891091912414 0.0174131832704346 0.0392615888961333
10.2391624547868 16.3566710117022 32.2257362312748 -0.822028858167918 0.569283943143368 0.0135718854738253 -0.206834502015866 -0.32069884317011 0.924322239489814 -0.318573944205465 -0.0625851087163497 0.297271830480234 -0.262740141658661 -0.523888452806102 0.146897083768095
10.7472315185137 15.6284318203933 33.2098395309239 0.19584758810046 -0.410713133818143 0.890482056235392 -0.933931171107273 0.198778346025838 0.297085209811416 -0.233874077146075 0.0470038498206781 0.069402270029447 0.0282028207886369 -0.0148316406727341 0.464298897152222
10.3634366983443 15.3608307103932 32.5450897607478 0.877640934166187 -0.435417210433223 -0.200395057723636 0.209614097018835 0.72463908155994 -0.656475456801239 0.655951087886834 0.484291003054152 -0.120551892884999 0.449147566632851 0.381066992913319 0.254465160623668
10.5762985269259 14.9304744805083 32.7729221978224 0.958214678936592 0.0884181484670072 -0.272041775356612 0.0701475982704483 -0.994622786355074 -0.0761877750454415 -0.0275451616043275 -0.0454708585618264 -0.0394088716865465 0.411839708609829 0.201244143669909 0.262681011530847
10.6422311463588 14.6780961767376 32.3332534278111 0.720330391704021 -0.314281048474361 0.618345762293929 -0.0193559613911444 -0.900222488223067 -0.434999658326188 0.140678173530924 -0.21327536719046 -0.312769576334697 -0.00042631593080668 0.095812826710964 -0.325891979892429
10.2089785151206 14.728961178002 31.512193836859 0.0675983466273124 0.986226036068329 -0.150958384222008 0.577835286777378 -0.162045027912361 -0.799904785031036 0.233344393734387 -0.267705469637638 0.308986985156925 0.456022423299951 0.727472155629967 -0.0237735832289245
10.0082620323182 13.9380267116039 31.1404994116556 0.865936163522755 -0.339112076526601 0.367637638991615 0.220080144552111 -0.401716830297544 -0.888925288393896 -0.448258298348218 0.347408658086082 0.195162889701326 -0.263922504198189 -0.627859991063615 -0.360556487285115
3.98036017228756 11.1252057126891 34.6526068602737 0.429339598618267 -0.0320571102472254 -0.902573949991131 -0.502826001655853 -0.838640307797809 -0.209399715616867 0.2829648834411 -0.110479709109036 -0.00633630831988358 -0.147766648117722 0.736306524164525 -0.523309365987494
3.67046247961737 10.9570724669769 34.310991580511 0.763691695324925 -0.598235237834798 -0.242671608382874 -0.643439766044582 -0.735927117429053 -0.210704640177034 -0.0186254224275494 -0.222815930593136 0.16444591127074 -0.0449965663123778 0.189456660950498 -0.601236496628295
3.55844387950303 10.4615341736333 34.0075225970219 0.839970234532625 -0.424083529497605 0.338530716136382 -0.416491124085605 -0.903760706221928 -0.0987500042875451 -0.23091278187802 -0.365550856684607 -0.00281532608743389 -0.181206508075689 0.585385293384626 -0.591548403542085
3.55356093293349 10.0881764417267 33.7560889352404 0.324477878824486 -0.276570386840811 0.904556704636165 -0.406158382431931 -0.904389414921818 -0.130824240001034 -0.492034557197841 -0.563116789133369 0.183491855354297 -0.277475799425538 -0.31200653822624 -0.0900878957067654
3.06634290912997 10.1620942752994 32.535019648069 -0.602650804283554 0.667902887564516 -0.436712304644963 0.638146247396941 0.731944168354983 0.23880326106186 0.460336303454097 0.282017978884111 0.548334428845003 -0.0612630069486633 -0.587195112524697 0.297259129024468
3.49295724293619 10.5512582824832 32.4319287105491 -0.768749383655423 0.633909630378594 0.0847513652587785 0.625488114512394 0.717580134471938 0.306338351863111 -0.11477422848981 -0.267008593479195 0.013900978587258 -0.134030120595394 0.0508867152659001 0.25645067970243
3.76179928110372 10.9940785202544 32.4034516249544 -0.602821867354697 0.107258415742298 0.790633515525787 0.607224866218352 0.704476460059251 0.367410915573813 -0.0114049917901427 -0.0688400140987946 -0.252635500802901 0.266443866907434 0.15478791066515 -0.10497870647145
3.45689907747272 11.4585585685636 32.031229184429 -0.345580095712378 0.374805681443517 0.860287749304567 0.6934606012278 0.719645474071523 -0.0349662662174047 -0.251858476710257 0.628512767997542 -0.249563731405932 -0.0497235107808729 0.521980396273402 0.543537715209056
3.61896236141983 11.9721914427904 32.1599951729939 -0.06522036730965 -0.200459772193653 0.977528564267254 0.689522289070137 0.699071494928516 0.189361857761381 -0.410082069917419 0.410854720187601 0.0694773967508235 -0.199755766498799 0.0029135040154121 0.0228013071401872
3.85999264870918 12.376223530096 32.2964920065872 0.137693216550119 -0.542517021126131 0.828683133193027 0.602728768391964 0.709807136596348 0.364543212741489 -0.331678985281827 0.35685881233489 -0.160101468431779 0.0117050608573627 0.25325087530268 -0.101189899577582
3.974786491881 12.6782985269931 32.6419010482572 0.556975773394671 -0.811311606415059 0.177626756542458 0.6560243510793 0.560925889297673 0.504969344449653 0.515382560954941 -0.476887990626072 0.0293050254010414 0.090905511947217 0.527016456760715 -0.179883432978897
4.23607457817921 12.8463249637205 33.0857438429756 0.760887660309871 -0.495579926493829 -0.418868030326399 0.642403208340517 0.48431561182156 0.593933012585354 -0.266974702717494 -0.705876905301467 -0.397339342836959 -0.347581735670369 0.0956622268422175 -0.306077140454732
3.90293324033681 12.3069730478801 33.6217479548542 -0.423984471381254 -0.612917945661688 -0.666759809750058 -0.690159449705196 -0.258056306134756 0.676081934147646 -0.335735165755162 0.336114901053894 0.257369418679735 0.27939984405747 -0.01115472028629 -0.368104985645616
4.08561910011617 12.9236170565211 34.918262924601 0.415515775179088 0.332727954196867 0.846545125417757 0.628709895093782 0.567513145192763 -0.531650798660714 -0.156944835810503 0.248356507763466 0.167878027640397 0.320114627555514 1.02014133030278 0.149447236021773
4.31532759771433 13.4004990480015 34.6994887146032 0.60479175727976 -0.306924597075219 0.734863341868689 0.785234053312396 0.383687963570191 -0.485994808587123 0.0383062264354557 -0.265761678122867 0.0856276416575855 -0.362055797372974 -0.13654063931359 0.456642846413995
4.69614017600818 13.8236359952621 34.5948753616931 0.542434716310767 -0.749152543240478 0.38017740244487 0.833865465600324 0.425103682878854 -0.352072576263938 -0.175246841999341 0.109735342970088 -0.173020174245853 0.654093709223721 -0.23415583891033 0.173421526326372
5.03464618134289 14.0850946068808 34.7976088282108 0.506438682540553 -0.684220125238962 -0.524750018347542 0.620177171609253 0.711843401334423 -0.329634874828926 0.0449506044691762 -0.55435385508912 -0.20853447755568 -0.45579021281449 -0.115499423200469 0.568442808216059
5.59318482802299 14.1400219399419 34.7876961476452 -0.0960284905634618 -0.0593357935613845 -0.993608437071292 0.721684219929517 0.683336879228425 -0.110555210597041 0.420108999810134 -0.363844235358286 0.300917593009297 -0.465938272157179 0.51307332744478 0.115379198742448
6.03172784273863 14.3107013575891 34.6402830118796 -0.633446444311242 0.583653426560999 -0.508029675755274 0.680976063303926 0.732263801604121 -0.00782149792283088 0.65699105397936 -0.17872137618413 0.0479697304545136 -0.499926543545666 0.0193147776357373 -0.120041617060674
6.25899010465973 14.5559337822739 34.4345823307461 -0.444582271168253 0.664623319019743 0.600518384776228 0.826830667588473 0.56235726664044 -0.0102603672670128 -0.0733950346212337 0.317218036299217 0.145384729629974 -0.186391853862825 0.205913152040025 -0.435859922206752
6.46027523483067 14.9796522918292 34.2017698088346 -0.087938016806139 0.14875679545178 0.984955940164845 0.79599849032839 0.604958021504978 -0.020298469941178 0.235017047811778 -0.00511269971715301 -0.460797577894931 0.501610745765574 -0.163591583134599 -0.144796478572258
6.74240134547466 15.3706219473552 34.3852545100659 0.2662128857925 -0.652841153654002 0.709174889861526 0.93378077646411 0.357186121400918 -0.0217134809917277 -0.101909689070614 -0.343620459507073 -0.137143463983368 -0.572484524695829 0.0306131536823697 0.542570784510594
7.39972549596407 15.9840575946246 33.8675204009469 0.345381288057494 0.0922287233993864 -0.933919459324623 0.821578750471134 0.451250152060063 0.348398533529353 -0.252164771637178 0.326463593502484 -0.141409056321732 0.0856795380871757 -0.323723699399285 0.639470867536001
7.87672136807734 15.8604169429568 33.8515153277344 -0.0788965219909145 0.831201585184003 -0.550344534439918 0.895808615002773 0.301332107876141 0.326689110758678 -0.59163330598742 0.0285607971421867 0.0373085720414083 0.263824015216602 -0.139270126259291 0.144027659478709
8.35872812004926 15.8834640235525 33.734682992841 -0.321312432919373 0.917178587426535 0.235672692390759 0.926662843983097 0.253261684089681 0.277766878173409 0.0889616852265869 0.318849611624531 0.0805203453058643 -0.103226253890081 0.0185969834852334 0.228993933886407
8.81152288593534 16.0919958810107 33.5940487728797 -0.551405305599161 0.392967441140078 0.735886296830939 0.833663729632775 0.226852864147507 0.503529974344205 -0.489784525176953 0.149057037044448 -0.0382920337937201 -0.173679870351841 -0.253782261896367 0.131276103777175
8.87886695764207 15.9819154163445 32.3904790681714 -0.435937830792606 0.660914926822696 -0.610859695688298 0.824286677417256 0.565673117803494 0.0237764782466785 0.160314749524114 0.317092154431171 0.275282602762273 0.430298038079089 -0.11418131593413 -0.260532907867459
