        0.0000  -1.017812   0.304425  -0.713387 
        0.5000  -0.892142   0.893270   0.001129 
        1.0000  -0.761795   2.046662   1.284867 
        1.5000  -0.671459   2.140375   1.468916 
        2.0000  -0.669065   1.331355   0.662290 
        2.5000  -0.611644   0.782314   0.170670 
        3.0000  -0.666297   1.544917   0.878620 
        3.5000  -0.643650   2.229977   1.586328 
        4.0000  -0.650006   2.301497   1.651492 
        4.5000  -0.620173   1.826567   1.206394 
        5.0000  -0.606692   1.828937   1.222245 
        5.5000  -0.587781   2.179960   1.592179 
        6.0000  -0.622211   2.376555   1.754344 
        6.5000  -0.634739   2.089636   1.454897 
        7.0000  -0.632926   1.831052   1.198127 
        7.5000  -0.561736   1.916829   1.355093 
        8.0000  -0.545874   2.162964   1.617090 
        8.5000  -0.546652   2.045098   1.498446 
        9.0000  -0.572847   1.728157   1.155310 
        9.5000  -0.510200   1.591321   1.081121 
       10.0000  -0.553630   1.885812   1.332181 
       10.5000  -0.580042   2.039029   1.458987 
       11.0000  -0.542716   1.857275   1.314560 
       11.5000  -0.526577   1.589880   1.063303 
       12.0000  -0.511959   1.612039   1.100080 
       12.5000  -0.497483   1.822839   1.325356 
       13.0000  -0.509842   1.860232   1.350390 
       13.5000  -0.456652   1.644055   1.187404 
       14.0000  -0.479087   1.492280   1.013193 
       14.5000  -0.498787   1.597818   1.099031 
       15.0000  -0.518437   1.783430   1.264993 
       15.5000  -0.512161   1.790105   1.277944 
       16.0000  -0.492656   1.624622   1.131966 
       16.5000  -0.488722   1.518354   1.029632 
       17.0000  -0.505214   1.615970   1.110755 
       17.5000  -0.471338   1.655585   1.184247 
       18.0000  -0.315290   1.417284   1.101994 
       18.5000  -0.280614   1.181255   0.900641 
       19.0000  -0.279947   1.174213   0.894266 
       19.5000  -0.293619   1.343924   1.050305 
       20.0000  -0.290468   1.373402   1.082935 
       20.5000  -0.313357   1.330022   1.016665 
       21.0000  -0.294034   1.126933   0.832899 
       21.5000  -0.297435   1.118467   0.821032 
       22.0000  -0.293729   1.256459   0.962731 
       22.5000  -0.314312   1.321271   1.006959 
       23.0000  -0.319447   1.261360   0.941912 
       23.5000  -0.320596   1.100053   0.779457 
       24.0000  -0.311100   1.053254   0.742154 
       24.5000  -0.323139   1.200723   0.877584 
       25.0000  -0.330798   1.255163   0.924365 
       25.5000  -0.351542   1.219580   0.868037 
       26.0000  -0.349976   1.113181   0.763206 
       26.5000  -0.377434   1.147259   0.769826 
       27.0000  -0.242096   1.033981   0.791885 
       27.5000  -0.315504   1.066804   0.751300 
       28.0000  -0.205122   0.941254   0.736132 
       28.5000  -0.205469   0.998584   0.793116 
       29.0000  -0.170460   0.989170   0.818710 
       29.5000  -0.148683   0.940125   0.791442 
       30.0000  -0.147335   0.862004   0.714669 
       30.5000  -0.138766   0.813330   0.674564 
       31.0000  -0.136385   0.848894   0.712509 
       31.5000  -0.101074   0.869083   0.768010 
       32.0000  -0.113050   0.879264   0.766214 
       32.5000  -0.054167   0.750655   0.696488 
       33.0000  -0.086400   0.743578   0.657178 
       33.5000  -0.063321   0.760065   0.696743 
       34.0000  -0.077315   0.816247   0.738932 
       34.5000  -0.090627   0.831899   0.741272 
       35.0000  -0.056992   0.741039   0.684047 
       35.5000  -0.074152   0.692890   0.618738 
       36.0000  -0.084427   0.695371   0.610945 
       36.5000  -0.068708   0.733664   0.664956 
       37.0000  -0.052664   0.733006   0.680342 
       37.5000  -0.071050   0.711849   0.640799 
       38.0000  -0.055197   0.632461   0.577264 
       38.5000  -0.063900   0.617276   0.553376 
       39.0000  -0.064622   0.656580   0.591958 
       39.5000  -0.088335   0.713436   0.625101 
       40.0000  -0.066351   0.690420   0.624069 
       40.5000  -0.092558   0.656663   0.564105 
       41.0000  -0.073280   0.595947   0.522667 
       41.5000  -0.079630   0.641787   0.562157 
       42.0000  -0.082523   0.673834   0.591311 
       42.5000  -0.036260   0.623195   0.586935 
       43.0000  -0.068497   0.628882   0.560385 
       43.5000  -0.070915   0.589166   0.518251 
       44.0000  -0.045433   0.564688   0.519255 
       44.5000  -0.046943   0.612272   0.565329 
       45.0000  -0.042141   0.609453   0.567312 
       45.5000  -0.073263   0.626075   0.552812 
       46.0000  -0.095520   0.604842   0.509322 
       46.5000  -0.074872   0.553052   0.478179 
       47.0000  -0.054071   0.557499   0.503428 
       47.5000  -0.080730   0.608642   0.527912 
       48.0000  -0.062839   0.582151   0.519312 
       48.5000  -0.069841   0.556714   0.486873 
       49.0000  -0.041458   0.492960   0.451503 
       49.5000  -0.051521   0.517518   0.465997 
       50.0000  -0.065500   0.556965   0.491465 
       50.5000  -0.134159   0.622393   0.488234 
       51.0000  -0.116855   0.585094   0.468239 
       51.5000  -0.070093   0.520568   0.450475 
       52.0000  -0.094033   0.522248   0.428215 
       52.5000  -0.089720   0.523616   0.433896 
       53.0000  -0.072209   0.514126   0.441917 
       53.5000  -0.074146   0.509523   0.435377 
       54.0000  -0.105099   0.533604   0.428505 
       54.5000  -0.085051   0.478919   0.393868 
       55.0000  -0.107201   0.513935   0.406734 
       55.5000  -0.111448   0.553336   0.441888 
       56.0000  -0.088643   0.537298   0.448656 
       56.5000  -0.105752   0.538942   0.433190 
       57.0000  -0.105176   0.486051   0.380874 
       57.5000  -0.144833   0.516249   0.371417 
       58.0000  -0.159723   0.559761   0.400038 
       58.5000  -0.158293   0.578079   0.419786 
       59.0000  -0.143850   0.528720   0.384870 
       59.5000  -0.099079   0.442252   0.343173 
       60.0000  -0.145997   0.496499   0.350502 
       60.5000  -0.160613   0.550375   0.389762 
       61.0000  -0.150746   0.542649   0.391903 
       61.5000  -0.159247   0.540401   0.381154 
       62.0000  -0.136435   0.482668   0.346233 
       62.5000  -0.131104   0.481673   0.350569 
       63.0000  -0.149530   0.510986   0.361456 
       63.5000  -0.210098   0.573960   0.363862 
       64.0000  -0.178189   0.535450   0.357261 
       64.5000  -0.197237   0.523832   0.326595 
       65.0000  -0.150337   0.458697   0.308360 
       65.5000  -0.156571   0.484966   0.328394 
       66.0000  -0.179323   0.507196   0.327874 
       66.5000  -0.183902   0.491499   0.307597 
       67.0000  -0.166484   0.451768   0.285284 
       67.5000  -0.211667   0.469450   0.257783 
       68.0000  -0.189697   0.446397   0.256700 
       68.5000  -0.198344   0.462352   0.264008 
       69.0000  -0.223457   0.483262   0.259804 
       69.5000  -0.263320   0.511987   0.248668 
       70.0000  -0.241136   0.454404   0.213268 
       70.5000  -0.298196   0.492124   0.193928 
       71.0000  -0.262807   0.474697   0.211890 
       71.5000  -0.246987   0.473486   0.226499 
       72.0000  -0.244020   0.446950   0.202931 
       72.5000  -0.266641   0.430657   0.164016 
       73.0000  -0.283213   0.445266   0.162053 
       73.5000  -0.261640   0.478309   0.216669 
       74.0000  -0.300406   0.520100   0.219694 
       74.5000  -0.237028   0.447940   0.210912 
       75.0000  -0.245667   0.414812   0.169146 
       75.5000  -0.218848   0.376757   0.157909 
       76.0000  -0.258199   0.450057   0.191858 
       76.5000  -0.248478   0.447985   0.199508 
       77.0000  -0.271876   0.469498   0.197622 
       77.5000  -0.286639   0.471043   0.184405 
       78.0000  -0.270081   0.456331   0.186250 
       78.5000  -0.270117   0.473577   0.203459 
       79.0000  -0.275514   0.482381   0.206867 
       79.5000  -0.283744   0.487698   0.203953 
       80.0000  -0.299441   0.489750   0.190310 
       80.5000  -0.283252   0.455403   0.172151 
       81.0000  -0.310534   0.471261   0.160727 
       81.5000  -0.289600   0.459051   0.169451 
       82.0000  -0.285918   0.465091   0.179173 
       82.5000  -0.295984   0.465286   0.169302 
       83.0000  -0.297299   0.448074   0.150774 
       83.5000  -0.331752   0.472546   0.140794 
       84.0000  -0.302481   0.456127   0.153646 
       84.5000  -0.317284   0.474886   0.157602 
       85.0000  -0.330941   0.475368   0.144428 
       85.5000  -0.270621   0.410719   0.140098 
       86.0000  -0.276361   0.415130   0.138769 
       86.5000  -0.267433   0.406001   0.138568 
       87.0000  -0.289187   0.418983   0.129796 
       87.5000  -0.279567   0.408287   0.128721 
       88.0000  -0.285153   0.387931   0.102778 
       88.5000  -0.314131   0.413775   0.099644 
       89.0000  -0.356465   0.457906   0.101441 
       89.5000  -0.327605   0.419728   0.092124 
       90.0000  -0.312321   0.402372   0.090051 
       90.5000  -0.297762   0.374847   0.077085 
       91.0000  -0.287363   0.358514   0.071151 
       91.5000  -0.348310   0.417553   0.069243 
       92.0000  -0.326323   0.395365   0.069042 
       92.5000  -0.309302   0.374632   0.065331 
       93.0000  -0.316576   0.376379   0.059803 
       93.5000  -0.312873   0.377930   0.065058 
       94.0000  -0.342085   0.410760   0.068676 
       94.5000  -0.301767   0.370548   0.068781 
       95.0000  -0.323142   0.400262   0.077119 
       95.5000  -0.342504   0.416304   0.073800 
       96.0000  -0.334609   0.406610   0.072001 
       96.5000  -0.300337   0.364028   0.063691 
       97.0000  -0.311444   0.374841   0.063397 
       97.5000  -0.342312   0.394839   0.052527 
       98.0000  -0.318884   0.368484   0.049599 
       98.5000  -0.337872   0.399970   0.062099 
       99.0000  -0.327564   0.386973   0.059409 
       99.5000  -0.323502   0.385775   0.062273 
      100.0000  -0.303299   0.365285   0.061986 
      100.5000  -0.319412   0.375860   0.056448 
      101.0000  -0.330398   0.391606   0.061208 
      101.5000  -0.327523   0.389141   0.061618 
      102.0000  -0.344548   0.407183   0.062634 
      102.5000  -0.302506   0.377115   0.074608 
      103.0000  -0.321842   0.396127   0.074285 
      103.5000  -0.336346   0.425326   0.088980 
      104.0000  -0.319370   0.416750   0.097380 
      104.5000  -0.304970   0.399449   0.094479 
      105.0000  -0.329672   0.415630   0.085958 
      105.5000  -0.373997   0.450897   0.076899 
      106.0000  -0.324478   0.394032   0.069554 
      106.5000  -0.350891   0.428482   0.077591 
      107.0000  -0.365790   0.444055   0.078265 
      107.5000  -0.355529   0.425741   0.070212 
      108.0000  -0.340892   0.413030   0.072137 
      108.5000  -0.358995   0.431989   0.072993 
      109.0000  -0.345564   0.407541   0.061977 
      109.5000  -0.367629   0.422809   0.055180 
      110.0000  -0.391962   0.444240   0.052278 
      110.5000  -0.390827   0.438623   0.047796 
      111.0000  -0.392149   0.445526   0.053377 
      111.5000  -0.375165   0.422079   0.046915 
      112.0000  -0.361356   0.404331   0.042976 
      112.5000  -0.378933   0.416543   0.037610 
      113.0000  -0.401286   0.433049   0.031763 
      113.5000  -0.389635   0.401083   0.011448 
      114.0000  -0.422012   0.428627   0.006615 
      114.5000  -0.389301   0.385160  -0.004142 
      115.0000  -0.413913   0.413481  -0.000432 
      115.5000  -0.391954   0.393799   0.001844 
      116.0000  -0.392322   0.393760   0.001438 
      116.5000  -0.380538   0.374748  -0.005791 
      117.0000  -0.380330   0.369983  -0.010347 
      117.5000  -0.338754   0.335419  -0.003335 
      118.0000  -0.403267   0.401487  -0.001780 
      118.5000  -0.382939   0.373946  -0.008992 
      119.0000  -0.416373   0.394058  -0.022315 
      119.5000  -0.408409   0.395052  -0.013357 
      120.0000  -0.398162   0.374805  -0.023357 
      120.5000  -0.384178   0.368855  -0.015324 
      121.0000  -0.394947   0.372300  -0.022647 
      121.5000  -0.410433   0.387505  -0.022928 
      122.0000  -0.413344   0.393686  -0.019659 
      122.5000  -0.377163   0.357907  -0.019256 
      123.0000  -0.403907   0.391339  -0.012568 
      123.5000  -0.366943   0.346417  -0.020527 
      124.0000  -0.408360   0.384866  -0.023494 
      124.5000  -0.377788   0.347519  -0.030269 
      125.0000  -0.358665   0.333052  -0.025613 
      125.5000  -0.376497   0.336001  -0.040496 
      126.0000  -0.410617   0.367643  -0.042974 
      126.5000  -0.402521   0.351218  -0.051304 
      127.0000  -0.380543   0.330670  -0.049872 
      127.5000  -0.376038   0.328671  -0.047368 
      128.0000  -0.392945   0.340162  -0.052782 
      128.5000  -0.383086   0.331003  -0.052083 
      129.0000  -0.420634   0.360321  -0.060313 
      129.5000  -0.404941   0.357671  -0.047270 
      130.0000  -0.400272   0.354655  -0.045617 
      130.5000  -0.390925   0.348118  -0.042807 
      131.0000  -0.330937   0.291902  -0.039035 
      131.5000  -0.402830   0.355982  -0.046848 
      132.0000  -0.402293   0.353975  -0.048317 
      132.5000  -0.368035   0.316817  -0.051218 
      133.0000  -0.414015   0.358987  -0.055028 
      133.5000  -0.384503   0.322973  -0.061530 
      134.0000  -0.378434   0.323001  -0.055433 
      134.5000  -0.391853   0.329158  -0.062695 
      135.0000  -0.393014   0.331849  -0.061165 
      135.5000  -0.413988   0.342731  -0.071257 
      136.0000  -0.396635   0.317700  -0.078934 
      136.5000  -0.423985   0.351371  -0.072614 
      137.0000  -0.397779   0.315942  -0.081837 
      137.5000  -0.431670   0.352879  -0.078791 
      138.0000  -0.405236   0.333789  -0.071447 
      138.5000  -0.397022   0.335986  -0.061036 
      139.0000  -0.402483   0.341564  -0.060919 
      139.5000  -0.400526   0.333472  -0.067054 
      140.0000  -0.403839   0.334104  -0.069734 
      140.5000  -0.414850   0.350576  -0.064274 
      141.0000  -0.395525   0.329629  -0.065896 
      141.5000  -0.379810   0.310859  -0.068950 
      142.0000  -0.388330   0.310616  -0.077714 
      142.5000  -0.402994   0.322212  -0.080782 
      143.0000  -0.375799   0.294063  -0.081737 
      143.5000  -0.395771   0.312848  -0.082923 
      144.0000  -0.412047   0.321738  -0.090310 
      144.5000  -0.403591   0.306664  -0.096927 
      145.0000  -0.411049   0.313427  -0.097622 
      145.5000  -0.422730   0.331229  -0.091501 
      146.0000  -0.395214   0.303599  -0.091615 
      146.5000  -0.399182   0.300932  -0.098250 
      147.0000  -0.421285   0.329279  -0.092006 
      147.5000  -0.442408   0.341918  -0.100490 
      148.0000  -0.423080   0.312877  -0.110203 
      148.5000  -0.433605   0.325752  -0.107854 
      149.0000  -0.426751   0.322085  -0.104666 
      149.5000  -0.420745   0.316231  -0.104514 
      150.0000  -0.419293   0.319094  -0.100199 
      150.5000  -0.413672   0.295439  -0.118233 
      151.0000  -0.423010   0.301291  -0.121719 
      151.5000  -0.436660   0.306197  -0.130463 
      152.0000  -0.455974   0.323347  -0.132627 
      152.5000  -0.439150   0.304529  -0.134621 
      153.0000  -0.428952   0.297532  -0.131420 
      153.5000  -0.462030   0.324307  -0.137723 
      154.0000  -0.449727   0.316990  -0.132738 
      154.5000  -0.442135   0.313636  -0.128500 
      155.0000  -0.432450   0.304337  -0.128113 
      155.5000  -0.452302   0.320693  -0.131608 
      156.0000  -0.459214   0.334475  -0.124740 
      156.5000  -0.440405   0.325105  -0.115300 
      157.0000  -0.433744   0.319970  -0.113773 
      157.5000  -0.462518   0.354820  -0.107698 
      158.0000  -0.448409   0.343440  -0.104970 
      158.5000  -0.454585   0.348189  -0.106396 
      159.0000  -0.444986   0.331283  -0.113703 
      159.5000  -0.426032   0.311571  -0.114460 
      160.0000  -0.429875   0.322425  -0.107450 
      160.5000  -0.435073   0.332370  -0.102703 
      161.0000  -0.418087   0.310587  -0.107500 
      161.5000  -0.445257   0.334311  -0.110946 
      162.0000  -0.440257   0.327321  -0.112936 
      162.5000  -0.446439   0.334518  -0.111921 
      163.0000  -0.443339   0.332112  -0.111226 
      163.5000  -0.428466   0.306791  -0.121675 
      164.0000  -0.458200   0.336467  -0.121733 
      164.5000  -0.490587   0.374385  -0.116202 
      165.0000  -0.497105   0.382040  -0.115065 
      165.5000  -0.481458   0.367076  -0.114382 
      166.0000  -0.471455   0.348029  -0.123426 
      166.5000  -0.494544   0.371241  -0.123303 
      167.0000  -0.465239   0.344469  -0.120771 
      167.5000  -0.485393   0.366307  -0.119086 
      168.0000  -0.477976   0.349663  -0.128312 
      168.5000  -0.473320   0.345795  -0.127524 
      169.0000  -0.484723   0.359820  -0.124902 
      169.5000  -0.474430   0.354216  -0.120215 
      170.0000  -0.512837   0.395731  -0.117106 
      170.5000  -0.484808   0.359283  -0.125525 
      171.0000  -0.487478   0.356876  -0.130603 
      171.5000  -0.467850   0.330314  -0.137537 
      172.0000  -0.459440   0.329805  -0.129635 
      172.5000  -0.493732   0.366877  -0.126855 
      173.0000  -0.463975   0.332836  -0.131139 
      173.5000  -0.497019   0.366317  -0.130701 
      174.0000  -0.465561   0.329043  -0.136518 
      174.5000  -0.458222   0.324588  -0.133634 
      175.0000  -0.458683   0.313540  -0.145144 
      175.5000  -0.484673   0.331297  -0.153376 
      176.0000  -0.477645   0.330073  -0.147572 
      176.5000  -0.462589   0.323687  -0.138902 
      177.0000  -0.495323   0.364976  -0.130346 
      177.5000  -0.439309   0.318376  -0.120933 
      178.0000  -0.412558   0.287827  -0.124731 
      178.5000  -0.444951   0.327530  -0.117421 
      179.0000  -0.438421   0.328617  -0.109804 
      179.5000  -0.428382   0.304437  -0.123944 
      180.0000  -0.463117   0.345890  -0.117226 
      180.5000  -0.441805   0.319889  -0.121916 
      181.0000  -0.460111   0.331324  -0.128787 
      181.5000  -0.477173   0.348739  -0.128434 
      182.0000  -0.452033   0.322735  -0.129298 
      182.5000  -0.475497   0.349516  -0.125982 
      183.0000  -0.482482   0.361091  -0.121391 
      183.5000  -0.439377   0.316485  -0.122892 
      184.0000  -0.468705   0.339524  -0.129181 
      184.5000  -0.491236   0.356888  -0.134348 
      185.0000  -0.478725   0.346651  -0.132073 
      185.5000  -0.473990   0.333264  -0.140725 
      186.0000  -0.487543   0.345371  -0.142172 
      186.5000  -0.481137   0.340583  -0.140555 
      187.0000  -0.477478   0.340184  -0.137294 
      187.5000  -0.490770   0.355601  -0.135170 
      188.0000  -0.477388   0.334973  -0.142414 
      188.5000  -0.470017   0.327144  -0.142873 
      189.0000  -0.487565   0.343190  -0.144375 
      189.5000  -0.460901   0.322074  -0.138827 
      190.0000  -0.460320   0.313818  -0.146502 
      190.5000  -0.455014   0.301708  -0.153306 
      191.0000  -0.465863   0.315907  -0.149957 
      191.5000  -0.475630   0.328178  -0.147453 
      192.0000  -0.467731   0.329048  -0.138683 
      192.5000  -0.476970   0.333082  -0.143887 
      193.0000  -0.499604   0.346620  -0.152983 
      193.5000  -0.478890   0.319091  -0.159800 
      194.0000  -0.496706   0.324080  -0.172626 
      194.5000  -0.491045   0.322881  -0.168164 
      195.0000  -0.488992   0.325212  -0.163781 
      195.5000  -0.520680   0.352858  -0.167822 
      196.0000  -0.487160   0.316305  -0.170855 
      196.5000  -0.464583   0.295665  -0.168918 
      197.0000  -0.495311   0.329641  -0.165670 
      197.5000  -0.510654   0.332805  -0.177849 
      198.0000  -0.466389   0.289531  -0.176858 
      198.5000  -0.464024   0.296239  -0.167785 
      199.0000  -0.473841   0.310778  -0.163063 
      199.5000  -0.457275   0.287032  -0.170244 
      200.0000  -0.493473   0.321511  -0.171962 
      200.5000  -0.486465   0.311306  -0.175158 
      201.0000  -0.506387   0.340279  -0.166108 
      201.5000  -0.511052   0.328946  -0.182105 
      202.0000  -0.522851   0.326919  -0.195932 
      202.5000  -0.503931   0.306058  -0.197873 
      203.0000  -0.529011   0.318774  -0.210237 
      203.5000  -0.497093   0.289842  -0.207250 
      204.0000  -0.518156   0.307013  -0.211142 
      204.5000  -0.494240   0.283695  -0.210544 
      205.0000  -0.518401   0.298649  -0.219752 
      205.5000  -0.541191   0.322337  -0.218853 
      206.0000  -0.513115   0.295819  -0.217295 
      206.5000  -0.519071   0.307269  -0.211802 
      207.0000  -0.486421   0.282824  -0.203597 
      207.5000  -0.509611   0.306071  -0.203540 
      208.0000  -0.522282   0.319094  -0.203187 
      208.5000  -0.524648   0.324886  -0.199762 
      209.0000  -0.530399   0.322270  -0.208129 
      209.5000  -0.516115   0.306374  -0.209741 
      210.0000  -0.538532   0.325603  -0.212930 
      210.5000  -0.531814   0.316527  -0.215288 
      211.0000  -0.535379   0.325529  -0.209850 
      211.5000  -0.530664   0.324561  -0.206102 
      212.0000  -0.528245   0.330918  -0.197327 
      212.5000  -0.530049   0.334390  -0.195659 
      213.0000  -0.525659   0.326465  -0.199194 
      213.5000  -0.523381   0.328902  -0.194479 
      214.0000  -0.548807   0.343017  -0.205789 
      214.5000  -0.544981   0.337746  -0.207235 
      215.0000  -0.562130   0.366089  -0.196041 
      215.5000  -0.555111   0.363902  -0.191209 
      216.0000  -0.523872   0.330195  -0.193677 
      216.5000  -0.550513   0.352935  -0.197578 
      217.0000  -0.510139   0.325478  -0.184661 
      217.5000  -0.533591   0.341601  -0.191991 
      218.0000  -0.508295   0.310449  -0.197846 
      218.5000  -0.523883   0.309372  -0.214511 
      219.0000  -0.542586   0.326647  -0.215938 
      219.5000  -0.533209   0.322458  -0.210751 
      220.0000  -0.544629   0.333954  -0.210675 
      220.5000  -0.510123   0.297324  -0.212799 
      221.0000  -0.550265   0.341126  -0.209139 
      221.5000  -0.543712   0.339401  -0.204311 
      222.0000  -0.531019   0.331503  -0.199516 
      222.5000  -0.536579   0.342228  -0.194351 
      223.0000  -0.525687   0.324181  -0.201506 
      223.5000  -0.524880   0.325377  -0.199503 
      224.0000  -0.526712   0.328338  -0.198373 
      224.5000  -0.515545   0.317302  -0.198242 
      225.0000  -0.516924   0.320639  -0.196285 
      225.5000  -0.534582   0.335513  -0.199069 
      226.0000  -0.510348   0.311563  -0.198785 
      226.5000  -0.534646   0.341221  -0.193425 
      227.0000  -0.532239   0.347635  -0.184604 
      227.5000  -0.494763   0.309335  -0.185428 
      228.0000  -0.513369   0.326287  -0.187082 
      228.5000  -0.494451   0.314554  -0.179897 
      229.0000  -0.504965   0.326818  -0.178148 
      229.5000  -0.527296   0.346304  -0.180992 
      230.0000  -0.523170   0.338969  -0.184201 
      230.5000  -0.569221   0.379546  -0.189676 
      231.0000  -0.542733   0.340816  -0.201917 
      231.5000  -0.534121   0.325623  -0.208498 
      232.0000  -0.544326   0.330180  -0.214146 
      232.5000  -0.572190   0.355074  -0.217116 
      233.0000  -0.502572   0.281357  -0.221214 
      233.5000  -0.544678   0.318452  -0.226226 
      234.0000  -0.541171   0.315927  -0.225245 
      234.5000  -0.521951   0.298202  -0.223748 
      235.0000  -0.543636   0.324120  -0.219515 
      235.5000  -0.517551   0.288139  -0.229411 
      236.0000  -0.566561   0.340395  -0.226166 
      236.5000  -0.537600   0.313513  -0.224087 
      237.0000  -0.548429   0.326175  -0.222254 
      237.5000  -0.551980   0.340100  -0.211880 
      238.0000  -0.541449   0.332735  -0.208714 
      238.5000  -0.561418   0.356234  -0.205184 
      239.0000  -0.530971   0.318666  -0.212305 
      239.5000  -0.531116   0.319903  -0.211213 
      240.0000  -0.556699   0.344209  -0.212490 
      240.5000  -0.522720   0.309362  -0.213358 
      241.0000  -0.529445   0.306126  -0.223319 
      241.5000  -0.539834   0.304898  -0.234937 
      242.0000  -0.562533   0.337871  -0.224662 
      242.5000  -0.561035   0.331967  -0.229068 
      243.0000  -0.520082   0.296715  -0.223367 
      243.5000  -0.579596   0.350222  -0.229374 
      244.0000  -0.556441   0.332522  -0.223919 
      244.5000  -0.546922   0.329279  -0.217644 
      245.0000  -0.550872   0.329650  -0.221223 
      245.5000  -0.550438   0.331772  -0.218666 
      246.0000  -0.541750   0.324186  -0.217565 
      246.5000  -0.543067   0.318276  -0.224791 
      247.0000  -0.531034   0.307779  -0.223254 
      247.5000  -0.538319   0.327493  -0.210825 
      248.0000  -0.533768   0.316278  -0.217491 
      248.5000  -0.545143   0.320456  -0.224687 
      249.0000  -0.541695   0.320987  -0.220708 
      249.5000  -0.540555   0.316256  -0.224298 
      250.0000  -0.541294   0.318366  -0.222928 
      250.5000  -0.537676   0.319906  -0.217770 
      251.0000  -0.563241   0.345538  -0.217703 
      251.5000  -0.585217   0.359734  -0.225484 
      252.0000  -0.558002   0.334238  -0.223764 
      252.5000  -0.529843   0.303406  -0.226437 
      253.0000  -0.547287   0.317912  -0.229375 
      253.5000  -0.571992   0.347265  -0.224727 
      254.0000  -0.522322   0.300973  -0.221349 
      254.5000  -0.521244   0.291387  -0.229857 
      255.0000  -0.551784   0.325922  -0.225862 
      255.5000  -0.571075   0.334719  -0.236356 
      256.0000  -0.554109   0.316630  -0.237478 
      256.5000  -0.573086   0.347399  -0.225687 
      257.0000  -0.539375   0.310642  -0.228733 
      257.5000  -0.525461   0.291475  -0.233986 
      258.0000  -0.548465   0.321734  -0.226731 
      258.5000  -0.560146   0.324091  -0.236054 
      259.0000  -0.525779   0.291383  -0.234396 
      259.5000  -0.535118   0.311771  -0.223347 
      260.0000  -0.547721   0.317346  -0.230376 
      260.5000  -0.555329   0.324317  -0.231012 
      261.0000  -0.543099   0.310186  -0.232912 
      261.5000  -0.577051   0.339728  -0.237323 
      262.0000  -0.578625   0.334565  -0.244060 
      262.5000  -0.521960   0.281258  -0.240702 
      263.0000  -0.557172   0.317096  -0.240076 
      263.5000  -0.592170   0.345543  -0.246626 
      264.0000  -0.576135   0.327774  -0.248360 
      264.5000  -0.578733   0.320448  -0.258285 
      265.0000  -0.577433   0.320157  -0.257276 
      265.5000  -0.587933   0.334266  -0.253667 
      266.0000  -0.564770   0.316257  -0.248514 
      266.5000  -0.521890   0.274924  -0.246966 
      267.0000  -0.572741   0.327263  -0.245478 
      267.5000  -0.572884   0.313712  -0.259173 
      268.0000  -0.547930   0.295032  -0.252898 
      268.5000  -0.595348   0.348161  -0.247187 
      269.0000  -0.533140   0.279485  -0.253655 
      269.5000  -0.564194   0.311146  -0.253048 
      270.0000  -0.551540   0.306457  -0.245083 
      270.5000  -0.532993   0.288132  -0.244861 
      271.0000  -0.542354   0.297995  -0.244359 
      271.5000  -0.588457   0.348980  -0.239478 
      272.0000  -0.515018   0.276787  -0.238231 
      272.5000  -0.559438   0.319389  -0.240049 
      273.0000  -0.565374   0.324065  -0.241309 
      273.5000  -0.571272   0.326155  -0.245118 
      274.0000  -0.567720   0.321255  -0.246464 
      274.5000  -0.554238   0.312170  -0.242068 
      275.0000  -0.555065   0.307846  -0.247218 
      275.5000  -0.532818   0.285469  -0.247349 
      276.0000  -0.555002   0.303365  -0.251637 
      276.5000  -0.520529   0.273921  -0.246607 
      277.0000  -0.535978   0.281957  -0.254022 
      277.5000  -0.525120   0.274735  -0.250385 
      278.0000  -0.546707   0.300517  -0.246189 
      278.5000  -0.520835   0.273371  -0.247464 
      279.0000  -0.547680   0.294594  -0.253086 
      279.5000  -0.549532   0.305265  -0.244268 
      280.0000  -0.534499   0.294342  -0.240156 
      280.5000  -0.521970   0.285473  -0.236496 
      281.0000  -0.521434   0.286417  -0.235017 
      281.5000  -0.544042   0.302592  -0.241450 
      282.0000  -0.531584   0.295063  -0.236521 
      282.5000  -0.555199   0.318334  -0.236864 
      283.0000  -0.528538   0.301767  -0.226771 
      283.5000  -0.546151   0.321414  -0.224737 
      284.0000  -0.534855   0.301756  -0.233098 
      284.5000  -0.548606   0.313588  -0.235017 
      285.0000  -0.560065   0.327561  -0.232504 
      285.5000  -0.540046   0.309816  -0.230230 
      286.0000  -0.559549   0.330225  -0.229324 
      286.5000  -0.561521   0.326665  -0.234857 
      287.0000  -0.533372   0.295056  -0.238316 
      287.5000  -0.538876   0.297451  -0.241426 
      288.0000  -0.548683   0.309213  -0.239469 
      288.5000  -0.533457   0.294894  -0.238563 
      289.0000  -0.546555   0.317387  -0.229168 
      289.5000  -0.547268   0.319123  -0.228145 
      290.0000  -0.543728   0.315897  -0.227830 
      290.5000  -0.527021   0.313769  -0.213252 
      291.0000  -0.540028   0.322991  -0.217037 
      291.5000  -0.518802   0.316385  -0.202417 
      292.0000  -0.582381   0.382264  -0.200116 
      292.5000  -0.528209   0.321574  -0.206635 
      293.0000  -0.504572   0.289151  -0.215421 
      293.5000  -0.533120   0.325015  -0.208105 
      294.0000  -0.547268   0.337773  -0.209494 
      294.5000  -0.521215   0.307572  -0.213643 
      295.0000  -0.534185   0.316835  -0.217351 
      295.5000  -0.533695   0.304832  -0.228863 
      296.0000  -0.542557   0.318856  -0.223701 
      296.5000  -0.530483   0.309020  -0.221462 
      297.0000  -0.546216   0.315509  -0.230708 
      297.5000  -0.528691   0.286668  -0.242023 
      298.0000  -0.554881   0.301857  -0.253024 
      298.5000  -0.542216   0.295020  -0.247196 
      299.0000  -0.534975   0.298140  -0.236835 
      299.5000  -0.535844   0.308433  -0.227411 
      300.0000  -0.534795   0.311321  -0.223474 
      300.5000  -0.531747   0.310323  -0.221424 
      301.0000  -0.537527   0.308371  -0.229157 
      301.5000  -0.515535   0.288534  -0.227001 
      302.0000  -0.531193   0.309138  -0.222055 
      302.5000  -0.520368   0.300310  -0.220059 
      303.0000  -0.524680   0.309930  -0.214750 
      303.5000  -0.538620   0.333399  -0.205221 
      304.0000  -0.547334   0.340567  -0.206768 
      304.5000  -0.498319   0.286310  -0.212010 
      305.0000  -0.538137   0.323201  -0.214936 
      305.5000  -0.534202   0.317156  -0.217046 
      306.0000  -0.506936   0.284078  -0.222858 
      306.5000  -0.509363   0.295877  -0.213486 
      307.0000  -0.509909   0.302325  -0.207584 
      307.5000  -0.518376   0.314370  -0.204006 
      308.0000  -0.537206   0.327655  -0.209552 
      308.5000  -0.541417   0.324269  -0.217148 
      309.0000  -0.513426   0.290020  -0.223406 
      309.5000  -0.524422   0.309626  -0.214796 
      310.0000  -0.539634   0.326651  -0.212982 
      310.5000  -0.528246   0.314991  -0.213256 
      311.0000  -0.533234   0.314907  -0.218327 
      311.5000  -0.562861   0.328189  -0.234672 
      312.0000  -0.525261   0.293937  -0.231324 
      312.5000  -0.540689   0.307357  -0.233332 
      313.0000  -0.524977   0.295540  -0.229437 
      313.5000  -0.524847   0.297890  -0.226957 
      314.0000  -0.561058   0.328447  -0.232611 
      314.5000  -0.566926   0.328383  -0.238542 
      315.0000  -0.546475   0.310568  -0.235907 
      315.5000  -0.514683   0.274000  -0.240683 
      316.0000  -0.530787   0.285852  -0.244935 
      316.5000  -0.535236   0.290682  -0.244553 
      317.0000  -0.537942   0.303220  -0.234721 
      317.5000  -0.508564   0.272803  -0.235761 
      318.0000  -0.546093   0.309510  -0.236583 
      318.5000  -0.528377   0.295969  -0.232407 
      319.0000  -0.538049   0.308651  -0.229398 
      319.5000  -0.508047   0.279514  -0.228533 
      320.0000  -0.526589   0.301609  -0.224980 
      320.5000  -0.525541   0.308478  -0.217063 
      321.0000  -0.548276   0.331298  -0.216978 
      321.5000  -0.550535   0.324567  -0.225969 
      322.0000  -0.532429   0.300509  -0.231919 
      322.5000  -0.537602   0.311734  -0.225868 
      323.0000  -0.534005   0.315320  -0.218685 
      323.5000  -0.530532   0.298853  -0.231679 
      324.0000  -0.525906   0.294924  -0.230982 
      324.5000  -0.537643   0.310380  -0.227264 
      325.0000  -0.535060   0.305610  -0.229450 
      325.5000  -0.525195   0.300999  -0.224197 
      326.0000  -0.523721   0.294284  -0.229437 
      326.5000  -0.541055   0.307882  -0.233173 
      327.0000  -0.514902   0.278070  -0.236832 
      327.5000  -0.522097   0.293502  -0.228595 
      328.0000  -0.515201   0.282964  -0.232237 
      328.5000  -0.561641   0.330873  -0.230768 
      329.0000  -0.510823   0.278985  -0.231838 
      329.5000  -0.531564   0.301913  -0.229652 
      330.0000  -0.546314   0.313893  -0.232421 
      330.5000  -0.533917   0.304782  -0.229136 
      331.0000  -0.540567   0.308487  -0.232080 
      331.5000  -0.543784   0.306923  -0.236861 
      332.0000  -0.531329   0.288190  -0.243139 
      332.5000  -0.557373   0.309678  -0.247695 
      333.0000  -0.564515   0.317914  -0.246602 
      333.5000  -0.555797   0.306082  -0.249715 
      334.0000  -0.541185   0.289039  -0.252146 
      334.5000  -0.562503   0.309452  -0.253051 
      335.0000  -0.541863   0.286432  -0.255431 
      335.5000  -0.554295   0.299419  -0.254876 
      336.0000  -0.562845   0.306277  -0.256568 
      336.5000  -0.560224   0.304322  -0.255902 
      337.0000  -0.561965   0.307083  -0.254882 
      337.5000  -0.566592   0.301804  -0.264788 
      338.0000  -0.526464   0.263860  -0.262604 
      338.5000  -0.538529   0.273635  -0.264894 
      339.0000  -0.544243   0.277234  -0.267008 
      339.5000  -0.535793   0.274784  -0.261009 
      340.0000  -0.532820   0.264867  -0.267953 
      340.5000  -0.558712   0.291694  -0.267018 
      341.0000  -0.533834   0.273234  -0.260600 
      341.5000  -0.558716   0.297186  -0.261530 
      342.0000  -0.559558   0.291963  -0.267594 
      342.5000  -0.548372   0.275274  -0.273099 
      343.0000  -0.575683   0.296015  -0.279668 
      343.5000  -0.593590   0.318869  -0.274721 
      344.0000  -0.554379   0.277600  -0.276779 
      344.5000  -0.559740   0.284804  -0.274936 
      345.0000  -0.563492   0.276467  -0.287025 
      345.5000  -0.549726   0.259507  -0.290219 
      346.0000  -0.558694   0.268653  -0.290042 
      346.5000  -0.560437   0.269057  -0.291380 
      347.0000  -0.592230   0.303128  -0.289102 
      347.5000  -0.531308   0.246794  -0.284514 
      348.0000  -0.580435   0.289608  -0.290827 
      348.5000  -0.570493   0.284289  -0.286204 
      349.0000  -0.554773   0.271846  -0.282927 
      349.5000  -0.566186   0.286681  -0.279505 
      350.0000  -0.554459   0.279080  -0.275380 
      350.5000  -0.550317   0.274858  -0.275459 
      351.0000  -0.527297   0.257962  -0.269335 
      351.5000  -0.549210   0.271891  -0.277319 
      352.0000  -0.562466   0.281408  -0.281058 
      352.5000  -0.592144   0.306045  -0.286099 
      353.0000  -0.556967   0.276745  -0.280222 
      353.5000  -0.543463   0.263149  -0.280314 
      354.0000  -0.567922   0.282470  -0.285452 
      354.5000  -0.573625   0.278956  -0.294669 
      355.0000  -0.564825   0.266036  -0.298789 
      355.5000  -0.593191   0.287905  -0.305285 
      356.0000  -0.552293   0.243423  -0.308870 
      356.5000  -0.570502   0.259579  -0.310923 
      357.0000  -0.590106   0.281223  -0.308883 
      357.5000  -0.596438   0.280709  -0.315729 
      358.0000  -0.583552   0.266324  -0.317228 
      358.5000  -0.600239   0.275915  -0.324324 
      359.0000  -0.601755   0.278167  -0.323589 
      359.5000  -0.587128   0.271539  -0.315589 
      360.0000  -0.601327   0.290162  -0.311165 
      360.5000  -0.604563   0.287166  -0.317396 
      361.0000  -0.614039   0.299465  -0.314574 
      361.5000  -0.601650   0.293439  -0.308211 
      362.0000  -0.589167   0.280221  -0.308946 
      362.5000  -0.585321   0.267126  -0.318195 
      363.0000  -0.607719   0.283614  -0.324105 
      363.5000  -0.612323   0.292931  -0.319392 
      364.0000  -0.618917   0.304061  -0.314856 
      364.5000  -0.580712   0.270496  -0.310216 
      365.0000  -0.582365   0.275285  -0.307080 
      365.5000  -0.597548   0.292220  -0.305328 
      366.0000  -0.590330   0.282421  -0.307909 
      366.5000  -0.598389   0.292441  -0.305947 
      367.0000  -0.602843   0.290839  -0.312004 
      367.5000  -0.615843   0.311985  -0.303858 
      368.0000  -0.599749   0.285985  -0.313764 
      368.5000  -0.623738   0.317031  -0.306707 
      369.0000  -0.624388   0.313180  -0.311208 
      369.5000  -0.601249   0.294093  -0.307155 
      370.0000  -0.587108   0.289513  -0.297595 
      370.5000  -0.603473   0.304784  -0.298689 
      371.0000  -0.634439   0.329925  -0.304514 
      371.5000  -0.618689   0.311084  -0.307605 
      372.0000  -0.631659   0.327548  -0.304111 
      372.5000  -0.584832   0.286906  -0.297925 
      373.0000  -0.596316   0.284127  -0.312189 
      373.5000  -0.634888   0.329719  -0.305169 
      374.0000  -0.606215   0.294530  -0.311684 
      374.5000  -0.613861   0.303112  -0.310749 
      375.0000  -0.625165   0.310713  -0.314452 
      375.5000  -0.591525   0.278035  -0.313490 
      376.0000  -0.608380   0.296346  -0.312034 
      376.5000  -0.610202   0.290608  -0.319594 
      377.0000  -0.602164   0.276824  -0.325340 
      377.5000  -0.616398   0.291233  -0.325165 
      378.0000  -0.590340   0.266050  -0.324290 
      378.5000  -0.619747   0.295268  -0.324479 
      379.0000  -0.604092   0.280391  -0.323701 
      379.5000  -0.606959   0.285819  -0.321139 
      380.0000  -0.610360   0.288233  -0.322127 
      380.5000  -0.595069   0.277437  -0.317632 
      381.0000  -0.577974   0.261632  -0.316342 
      381.5000  -0.598572   0.282924  -0.315648 
      382.0000  -0.598631   0.272878  -0.325753 
      382.5000  -0.585200   0.259725  -0.325475 
      383.0000  -0.609781   0.295427  -0.314354 
      383.5000  -0.596053   0.288267  -0.307786 
      384.0000  -0.597545   0.295821  -0.301724 
      384.5000  -0.595788   0.293910  -0.301878 
      385.0000  -0.609001   0.305757  -0.303243 
      385.5000  -0.585590   0.283472  -0.302118 
      386.0000  -0.615443   0.312193  -0.303250 
      386.5000  -0.621333   0.308278  -0.313054 
      387.0000  -0.640825   0.331442  -0.309384 
      387.5000  -0.590757   0.269432  -0.321325 
      388.0000  -0.625951   0.302526  -0.323426 
      388.5000  -0.609642   0.292223  -0.317419 
      389.0000  -0.608453   0.298166  -0.310287 
      389.5000  -0.616430   0.309920  -0.306510 
      390.0000  -0.560686   0.260537  -0.300149 
      390.5000  -0.571456   0.282808  -0.288648 
      391.0000  -0.577190   0.289556  -0.287635 
      391.5000  -0.585523   0.299443  -0.286080 
      392.0000  -0.593151   0.296171  -0.296980 
      392.5000  -0.583377   0.289399  -0.293978 
      393.0000  -0.607889   0.314346  -0.293544 
      393.5000  -0.569808   0.271981  -0.297827 
      394.0000  -0.602837   0.301980  -0.300857 
      394.5000  -0.600921   0.302184  -0.298737 
      395.0000  -0.596168   0.304618  -0.291549 
      395.5000  -0.605629   0.322683  -0.282947 
      396.0000  -0.619353   0.330203  -0.289150 
      396.5000  -0.587237   0.298664  -0.288572 
      397.0000  -0.616240   0.322416  -0.293824 
      397.5000  -0.656838   0.367848  -0.288990 
      398.0000  -0.602649   0.325637  -0.277013 
      398.5000  -0.626036   0.349499  -0.276536 
      399.0000  -0.588890   0.315020  -0.273870 
      399.5000  -0.597718   0.323619  -0.274099 
      400.0000  -0.626298   0.349360  -0.276939 
      400.5000  -0.625270   0.349016  -0.276254 
      401.0000  -0.602109   0.325492  -0.276616 
      401.5000  -0.600268   0.323802  -0.276466 
      402.0000  -0.597841   0.332664  -0.265177 
      402.5000  -0.601284   0.335505  -0.265779 
      403.0000  -0.600430   0.330324  -0.270105 
      403.5000  -0.604050   0.323246  -0.280804 
      404.0000  -0.573557   0.297452  -0.276105 
      404.5000  -0.616587   0.342043  -0.274544 
      405.0000  -0.587142   0.324992  -0.262150 
      405.5000  -0.611796   0.356907  -0.254889 
      406.0000  -0.578463   0.319507  -0.258957 
      406.5000  -0.600016   0.345432  -0.254583 
      407.0000  -0.593695   0.333121  -0.260574 
      407.5000  -0.586928   0.335367  -0.251561 
      408.0000  -0.594138   0.342585  -0.251553 
      408.5000  -0.548768   0.294100  -0.254668 
      409.0000  -0.563949   0.310038  -0.253912 
      409.5000  -0.584832   0.332453  -0.252379 
      410.0000  -0.597973   0.332872  -0.265101 
      410.5000  -0.621979   0.354309  -0.267669 
      411.0000  -0.599125   0.321674  -0.277451 
      411.5000  -0.636567   0.357301  -0.279265 
      412.0000  -0.585513   0.324335  -0.261177 
      412.5000  -0.589932   0.336594  -0.253339 
      413.0000  -0.572371   0.313888  -0.258484 
      413.5000  -0.608453   0.342765  -0.265687 
      414.0000  -0.607348   0.339486  -0.267862 
      414.5000  -0.595399   0.330468  -0.264931 
      415.0000  -0.606116   0.339072  -0.267044 
      415.5000  -0.613159   0.341648  -0.271511 
      416.0000  -0.596772   0.326662  -0.270110 
      416.5000  -0.648458   0.372181  -0.276277 
      417.0000  -0.644293   0.362414  -0.281879 
      417.5000  -0.607810   0.324115  -0.283695 
      418.0000  -0.623965   0.337796  -0.286169 
      418.5000  -0.644067   0.355154  -0.288913 
      419.0000  -0.610296   0.322140  -0.288156 
      419.5000  -0.627747   0.337713  -0.290035 
      420.0000  -0.606388   0.338443  -0.267946 
      420.5000  -0.646066   0.371175  -0.274891 
      421.0000  -0.644803   0.365214  -0.279588 
      421.5000  -0.623054   0.351499  -0.271555 
      422.0000  -0.621871   0.358391  -0.263481 
      422.5000  -0.621560   0.357694  -0.263866 
      423.0000  -0.640447   0.371472  -0.268974 
      423.5000  -0.638682   0.367540  -0.271142 
      424.0000  -0.639169   0.366667  -0.272501 
      424.5000  -0.606210   0.327719  -0.278491 
      425.0000  -0.628249   0.352613  -0.275636 
      425.5000  -0.627542   0.348466  -0.279076 
      426.0000  -0.613616   0.326346  -0.287270 
      426.5000  -0.610788   0.320820  -0.289968 
      427.0000  -0.624820   0.331797  -0.293022 
      427.5000  -0.610576   0.324168  -0.286408 
      428.0000  -0.592838   0.306440  -0.286398 
      428.5000  -0.583641   0.311514  -0.272127 
      429.0000  -0.616906   0.355801  -0.261105 
      429.5000  -0.615099   0.358283  -0.256816 
      430.0000  -0.597849   0.339541  -0.258308 
      430.5000  -0.612470   0.358686  -0.253784 
      431.0000  -0.599415   0.345405  -0.254010 
      431.5000  -0.622841   0.368549  -0.254292 
      432.0000  -0.611953   0.354478  -0.257475 
      432.5000  -0.611269   0.343903  -0.267366 
      433.0000  -0.609111   0.345431  -0.263680 
      433.5000  -0.607011   0.349907  -0.257104 
      434.0000  -0.607361   0.346701  -0.260659 
      434.5000  -0.628299   0.355323  -0.272976 
      435.0000  -0.625498   0.344821  -0.280677 
      435.5000  -0.600598   0.311977  -0.288621 
      436.0000  -0.622094   0.339636  -0.282459 
      436.5000  -0.607005   0.327306  -0.279699 
      437.0000  -0.567312   0.289260  -0.278052 
      437.5000  -0.615706   0.333350  -0.282356 
      438.0000  -0.609851   0.324197  -0.285654 
      438.5000  -0.602047   0.313492  -0.288555 
      439.0000  -0.600317   0.303199  -0.297118 
      439.5000  -0.629630   0.322722  -0.306908 
      440.0000  -0.635876   0.326828  -0.309049 
      440.5000  -0.604216   0.298274  -0.305941 
      441.0000  -0.574818   0.263792  -0.311026 
      441.5000  -0.603869   0.293696  -0.310173 
      442.0000  -0.604526   0.293190  -0.311336 
      442.5000  -0.579640   0.266168  -0.313472 
      443.0000  -0.599299   0.290093  -0.309206 
      443.5000  -0.625776   0.312390  -0.313385 
      444.0000  -0.621405   0.309556  -0.311849 
      444.5000  -0.617968   0.296392  -0.321576 
      445.0000  -0.621222   0.300406  -0.320816 
      445.5000  -0.603136   0.281299  -0.321838 
      446.0000  -0.619426   0.300362  -0.319064 
      446.5000  -0.605966   0.292008  -0.313958 
      447.0000  -0.594207   0.275408  -0.318799 
      447.5000  -0.617911   0.299232  -0.318680 
      448.0000  -0.642360   0.316935  -0.325425 
      448.5000  -0.628495   0.293935  -0.334560 
      449.0000  -0.650995   0.322229  -0.328765 
      449.5000  -0.622558   0.296542  -0.326015 
      450.0000  -0.637003   0.299814  -0.337189 
      450.5000  -0.640790   0.313336  -0.327454 
      451.0000  -0.639395   0.312252  -0.327143 
      451.5000  -0.626518   0.295585  -0.330933 
      452.0000  -0.627491   0.305627  -0.321864 
      452.5000  -0.611756   0.298166  -0.313590 
      453.0000  -0.638070   0.322996  -0.315075 
      453.5000  -0.618844   0.293809  -0.325035 
      454.0000  -0.624631   0.312828  -0.311804 
      454.5000  -0.599394   0.279213  -0.320181 
      455.0000  -0.623974   0.306558  -0.317416 
      455.5000  -0.642028   0.332820  -0.309209 
      456.0000  -0.589901   0.282194  -0.307707 
      456.5000  -0.599336   0.293190  -0.306147 
      457.0000  -0.655668   0.340583  -0.315084 
      457.5000  -0.628630   0.314818  -0.313812 
      458.0000  -0.651450   0.334942  -0.316508 
      458.5000  -0.644114   0.321082  -0.323031 
      459.0000  -0.614633   0.279544  -0.335089 
      459.5000  -0.618206   0.283377  -0.334829 
      460.0000  -0.638233   0.299056  -0.339177 
      460.5000  -0.642273   0.305317  -0.336956 
      461.0000  -0.672854   0.337441  -0.335414 
      461.5000  -0.626449   0.289788  -0.336661 
      462.0000  -0.633533   0.300855  -0.332678 
      462.5000  -0.626470   0.299902  -0.326568 
      463.0000  -0.641323   0.323454  -0.317869 
      463.5000  -0.628410   0.308343  -0.320067 
      464.0000  -0.639790   0.321024  -0.318767 
      464.5000  -0.652768   0.326081  -0.326687 
      465.0000  -0.621764   0.301751  -0.320013 
      465.5000  -0.628208   0.305810  -0.322398 
      466.0000  -0.643201   0.314242  -0.328959 
      466.5000  -0.626373   0.302588  -0.323785 
      467.0000  -0.635619   0.303202  -0.332416 
      467.5000  -0.629399   0.302647  -0.326752 
      468.0000  -0.630372   0.309213  -0.321159 
      468.5000  -0.621181   0.294410  -0.326771 
      469.0000  -0.644851   0.324707  -0.320144 
      469.5000  -0.628043   0.308738  -0.319306 
      470.0000  -0.624707   0.301048  -0.323659 
      470.5000  -0.640244   0.320487  -0.319757 
      471.0000  -0.625047   0.295021  -0.330027 
      471.5000  -0.619446   0.284761  -0.334684 
      472.0000  -0.641000   0.307893  -0.333107 
      472.5000  -0.650761   0.325748  -0.325013 
      473.0000  -0.634393   0.314400  -0.319994 
      473.5000  -0.611460   0.282207  -0.329252 
      474.0000  -0.616993   0.283208  -0.333785 
      474.5000  -0.624983   0.291879  -0.333104 
      475.0000  -0.636405   0.288392  -0.348013 
      475.5000  -0.643767   0.294390  -0.349377 
      476.0000  -0.620071   0.272369  -0.347702 
      476.5000  -0.649414   0.308388  -0.341026 
      477.0000  -0.618325   0.271306  -0.347019 
      477.5000  -0.636407   0.293855  -0.342552 
      478.0000  -0.660906   0.321664  -0.339242 
      478.5000  -0.632510   0.294970  -0.337540 
      479.0000  -0.644834   0.303728  -0.341106 
      479.5000  -0.637830   0.301889  -0.335941 
      480.0000  -0.650815   0.305545  -0.345270 
      480.5000  -0.641910   0.289681  -0.352230 
      481.0000  -0.651698   0.304487  -0.347211 
      481.5000  -0.643687   0.300029  -0.343658 
      482.0000  -0.632445   0.298752  -0.333693 
      482.5000  -0.628004   0.296749  -0.331255 
      483.0000  -0.621965   0.291483  -0.330482 
      483.5000  -0.631717   0.304047  -0.327670 
      484.0000  -0.622979   0.292939  -0.330040 
      484.5000  -0.625480   0.299914  -0.325566 
      485.0000  -0.628087   0.304815  -0.323272 
      485.5000  -0.619601   0.296013  -0.323588 
      486.0000  -0.629565   0.310504  -0.319060 
      486.5000  -0.623464   0.305844  -0.317620 
      487.0000  -0.636152   0.316995  -0.319156 
      487.5000  -0.655645   0.335813  -0.319832 
      488.0000  -0.636011   0.310932  -0.325079 
      488.5000  -0.622317   0.294776  -0.327541 
      489.0000  -0.655834   0.336890  -0.318944 
      489.5000  -0.603856   0.292019  -0.311838 
      490.0000  -0.621453   0.319058  -0.302395 
      490.5000  -0.588118   0.279371  -0.308747 
      491.0000  -0.656923   0.344952  -0.311970 
      491.5000  -0.632700   0.319791  -0.312909 
      492.0000  -0.611715   0.303362  -0.308353 
      492.5000  -0.616376   0.318205  -0.298171 
      493.0000  -0.607088   0.314661  -0.292427 
      493.5000  -0.589093   0.302142  -0.286951 
      494.0000  -0.618164   0.333444  -0.284720 
      494.5000  -0.601901   0.314047  -0.287853 
      495.0000  -0.606053   0.319407  -0.286646 
      495.5000  -0.585956   0.303915  -0.282040 
      496.0000  -0.617103   0.335213  -0.281890 
      496.5000  -0.597630   0.312715  -0.284915 
      497.0000  -0.616639   0.336475  -0.280164 
      497.5000  -0.587267   0.306883  -0.280385 
      498.0000  -0.590103   0.318934  -0.271169 
      498.5000  -0.570244   0.297731  -0.272513 
      499.0000  -0.602951   0.335063  -0.267889 
      499.5000  -0.594122   0.321889  -0.272232 
      500.0000  -0.601620   0.334586  -0.267034 
