t = 0
b =  30.0 30.0 30.0
E = 0. 0. 0.
27.474795473771792 24.303883659959055 28.51272933066408 0.6112306396871636 0.7816949989188828 -0.12389525322960722 0.004788392987739054 0.15288631015319587 0.9882321829713582 0.0 0.0 0.0 0.0 0.0 0.0
27.82477326766876 24.239843404789156 28.915345142096196 0.03104487939618999 0.9877444321281291 -0.15296127700550788 0.004788392987739054 0.15288631015319587 0.9882321829713582 0.0 0.0 0.0 0.0 0.0 0.0
28.181827742800923 24.400959524002285 29.283093425621974 -0.5609353496201003 0.818533241365659 -0.1239147542708437 0.004788392987739054 0.15288631015319587 0.9882321829713582 0.0 0.0 0.0 0.0 0.0 0.0
28.411016987337327 24.7486603213399 29.622595337012733 -0.9398068609767942 0.3383475870623771 -0.04779094464447611 0.004788392987739054 0.15288631015319587 0.9882321829713582 0.0 0.0 0.0 0.0 0.0 0.0
28.425977228343005 25.17348746179451 29.95120330106804 -0.9616300331156128 -0.27038197243588946 0.046489443874312274 0.004788392987739054 0.15288631015319587 0.9882321829713582 0.0 0.0 0.0 0.0 0.0 0.0
28.221733873042247 25.53668102312478 30.29040853531729 -0.6181138780770381 -0.7763889000602529 0.12310771540319734 0.004788392987739054 0.15288631015319587 0.9882321829713582 0.0 0.0 0.0 0.0 0.0 0.0
27.876591439784846 25.7228967102572 30.657676177166287 -0.039765926444060615 -0.9874327040215395 0.15295530759916795 0.004788392987739054 0.15288631015319587 0.9882321829713582 0.0 0.0 0.0 0.0 0.0 0.0
27.522384362343285 25.684027081438295 31.05980998619526 0.5536897654958507 -0.8233343147306191 0.12469262116184521 0.004788392987739054 0.15288631015319587 0.9882321829713582 0.0 0.0 0.0 0.0 0.0 0.0
27.294390884368376 25.457478369670294 31.490367482141533 0.9367894583246746 -0.34643745385787256 0.04905712319568649 0.004788392987739054 0.15288631015319587 0.9882321829713582 0.0 0.0 0.0 0.0 0.0 0.0
27.279938592894702 25.151959229394723 31.93210755086385 0.9639871736514456 0.2620767878608274 -0.04521599606387455 0.004788392987739054 0.15288631015319587 0.9882321829713582 0.0 0.0 0.0 0.0 0.0 0.0
27.48522720798677 24.906180501158286 32.36354063186068 0.6249500447019721 0.7710236761809716 -0.12231080244762982 0.004788392987739054 0.15288631015319587 0.9882321829713582 0.0 0.0 0.0 0.0 0.0 0.0
27.83297320543274 24.836156644167595 32.76709296159106 0.04848394516267247 0.9870457790915373 -0.15293769005396504 0.004788392987739054 0.15288631015319587 0.9882321829713582 0.0 0.0 0.0 0.0 0.0 0.0
28.191771119704086 24.99112990357826 33.13578314006145 -0.5464020157522615 0.8280726879998438 -0.12546099222697937 0.004788392987739054 0.15288631015319587 0.9882321829713582 0.0 0.0 0.0 0.0 0.0 0.0
28.42601667729214 25.33486235827383 33.475874481406066 -0.9337007155283756 0.35450093809996935 -0.050319565857034385 0.004788392987739054 0.15288631015319587 0.9882321829713582 0.0 0.0 0.0 0.0 0.0 0.0
28.447425127396567 25.75940331296368 33.804495476130256 -0.9662709028317764 -0.2537516451236983 0.04393910488027444 0.004788392987739054 0.15288631015319587 0.9882321829713582 0.0 0.0 0.0 0.0 0.0 0.0
28.248572094796735 26.126101572163275 34.143132391194456 -0.6317386189614095 -0.7655997358636094 0.12150457505090904 0.004788392987739054 0.15288631015319587 0.9882321829713582 0.0 0.0 0.0 0.0 0.0 0.0
27.905714224126964 26.318281347483133 34.509466277964655 -0.057198271641147096 -0.9865836868039545 0.15290842571154084 0.004788392987739054 0.15288631015319587 0.9882321829713582 0.0 0.0 0.0 0.0 0.0 0.0
27.549818005636848 26.285569340353128 34.91065564518708 0.5390726553796914 -0.832748000327864 0.1262198089518122 0.004788392987739054 0.15288631015319587 0.9882321829713582 0.0 0.0 0.0 0.0 0.0 0.0
27.316803415902477 26.063032400345932 35.34061682183157 0.9305408678076201 -0.36253742572312403 0.05157817648862084 0.004788392987739054 0.15288631015319587 0.9882321829713582 0.0 0.0 0.0 0.0 0.0 0.0
27.295905646264362 25.75785504273789 35.78233524542955 0.968481046741787 0.24540717821635336 -0.042658867563721885 0.004788392987739054 0.15288631015319587 0.9882321829713582 0.0 0.0 0.0 0.0 0.0 0.0
27.49577316170434 25.50861825912602 36.21432957882413 0.6384790838791377 0.7601174921622214 -0.12068909461037544 0.004788392987739054 0.15288631015319587 0.9882321829713582 0.0 0.0 0.0 0.0 0.0 0.0
27.841182004404338 25.432650281769657 36.61881282930477 0.06590824224978423 0.9860464623489072 -0.15286751680049107 0.004788392987739054 0.15288631015319587 0.9882321829713582 0.0 0.0 0.0 0.0 0.0 0.0
28.201614632998982 25.581451626531724 36.988449924520765 -0.5317022425373092 0.837359895671544 -0.12696901354951484 0.004788392987739054 0.15288631015319587 0.9882321829713582 0.0 0.0 0.0 0.0 0.0 0.0
28.44084571867721 25.921129185859684 37.32914442910307 -0.9273101557970452 0.370546304717689 -0.05283285924237609 0.004788392987739054 0.15288631015319587 0.9882321829713582 0.0 0.0 0.0 0.0 0.0 0.0
28.468696425163646 26.3452727870073 37.65779568175867 -0.9706174370704611 -0.23704402260225474 0.041375381609242375 0.004788392987739054 0.15288631015319587 0.9882321829713582 0.0 0.0 0.0 0.0 0.0 0.0
28.27529485632935 26.71538219574413 37.995878453953985 -0.6451709261426559 -0.7545773625708905 0.11986442322801896 0.004788392987739054 0.15288631015319587 0.9882321829713582 0.0 0.0 0.0 0.0 0.0 0.0
27.934826554580503 26.913485670940116 38.36128432519567 -0.07461319369059989 -0.9854341466381179 0.1528149664361848 0.004788392987739054 0.15288631015319587 0.9882321829713582 0.0 0.0 0.0 0.0 0.0 0.0
27.132313835937616 10.383421022013922 2.6507642816513153 0.8155991914890871 -0.5327075851696011 -0.22587737280462464 0.5548967548404361 0.6094755906647978 0.5662411993588499 0.0 0.0 0.0 0.0 0.0 0.0
27.383859934308354 10.353678399054408 3.124605013218691 0.7568192666531088 -0.0872183029875026 -0.6477789478260545 0.5548967548404361 0.6094755906647978 0.5662411993588499 0.0 0.0 0.0 0.0 0.0 0.0
27.807923008326025 10.304054361184566 3.450784513246724 0.4105110490722503 0.3914066707118109 -0.823578470281913 0.5548967548404361 0.6094755906647978 0.5662411993588499 0.0 0.0 0.0 0.0 0.0 0.0
28.32556208889646 10.343651486219109 3.589229275060061 -0.09175717942988809 0.7213297062371482 -0.6864867623799455 0.5548967548404361 0.6094755906647978 0.5662411993588499 0.0 0.0 0.0 0.0 0.0 0.0
28.82228511752871 10.547675740487081 3.571189357788553 -0.5591653213683817 0.7772075263734365 -0.2885872560032359 0.5548967548404361 0.6094755906647978 0.5662411993588499 0.0 0.0 0.0 0.0 0.0 0.0
29.191546393560877 10.92886447484675 3.4873659664306964 -0.814137208973401 0.5378112130235674 0.21895137385072128 0.5548967548404361 0.6094755906647978 0.5662411993588499 0.0 0.0 0.0 0.0 0.0 0.0
29.37522506719069 11.432647292137393 3.4534525476314264 -0.7598047592411694 0.09409142812207164 0.643306716107034 0.5548967548404361 0.6094755906647978 0.5662411993588499 0.0 0.0 0.0 0.0 0.0 0.0
29.385706222044192 11.957878253429053 3.566180915010429 -0.41680977821507875 -0.38537526344778605 0.8232590813995584 0.5548967548404361 0.6094755906647978 0.5662411993588499 0.0 0.0 0.0 0.0 0.0 0.0
29.301175574838624 12.39526291129194 3.866571215898345 0.0845382062427878 -0.7184314493030223 0.6904415575105607 0.5548967548404361 0.6094755906647978 0.5662411993588499 0.0 0.0 0.0 0.0 0.0 0.0
29.2359154144061 12.668881097680726 4.324347691545568 0.5537687127455844 -0.7785435160347556 0.2953137423560518 0.5548967548404361 0.6094755906647978 0.5662411993588499 0.0 0.0 0.0 0.0 0.0 0.0
29.29688684946829 12.765030265092483 4.849440944054912 0.812613226757192 -0.5428738844714402 -0.21200870090199392 0.5548967548404361 0.6094755906647978 0.5662411993588499 0.0 0.0 0.0 0.0 0.0 0.0
29.54309349513869 12.737431313457424 5.3262068065227846 0.7627323897551106 -0.10095738783009844 -0.638785494090918 0.5548967548404361 0.6094755906647978 0.5662411993588499 0.0 0.0 0.0 0.0 0.0 0.0
29.96316501305318 12.686819122089865 5.657361495513217 0.4230767656795521 0.3793145083654094 -0.8228769981507771 0.5548967548404361 0.6094755906647978 0.5662411993588499 0.0 0.0 0.0 0.0 0.0 0.0
30.479676893016453 12.72267168483935 5.800941346883318 -0.07731279514397837 0.7154784810325121 -0.6943437728434173 0.5548967548404361 0.6094755906647978 0.5662411993588499 0.0 0.0 0.0 0.0 0.0 0.0
30.978565318894006 12.921617589852756 5.786245513386205 -0.548329932491308 0.7798202165930754 -0.30201773942403265 0.5548967548404361 0.6094755906647978 0.5662411993588499 0.0 0.0 0.0 0.0 0.0 0.0
31.352461919406938 13.298323537775634 5.702704726684381 -0.8110273608976049 0.5478952139711896 0.2050498826698685 0.5548967548404361 0.6094755906647978 0.5662411993588499 0.0 0.0 0.0 0.0 0.0 0.0
31.54148480748425 13.799922216962791 5.665905067189058 -0.7656019352445329 0.10781565924217024 0.6342156260862692 0.5548967548404361 0.6094755906647978 0.5662411993588499 0.0 0.0 0.0 0.0 0.0 0.0
31.55598871033287 14.326097479066627 5.773674879615723 -0.4293115342103101 -0.3732248670146444 0.8224322496326897 0.5548967548404361 0.6094755906647978 0.5662411993588499 0.0 0.0 0.0 0.0 0.0 0.0
31.472631035449943 14.767196120990937 6.068918149224027 0.07008149637649075 -0.7124710263055833 0.6981931112097115 0.5548967548404361 0.6094755906647978 0.5662411993588499 0.0 0.0 0.0 0.0 0.0 0.0
31.405248439871155 15.045886970050955 6.523314560501262 0.5428493947897275 -0.7810375308227047 0.308698736671848 0.5548967548404361 0.6094755906647978 0.5662411993588499 0.0 0.0 0.0 0.0 0.0 0.0
31.461608380915465 15.146540289384557 7.048078858516066 0.8093797321644659 -0.552874819129132 -0.19807544909529423 0.5548967548404361 0.6094755906647978 0.5662411993588499 0.0 0.0 0.0 0.0 0.0 0.0
31.702466457373834 15.121165776301442 7.527691851677143 0.7684131771824385 -0.11466572007436489 -0.6295974601062276 0.5548967548404361 0.6094755906647978 0.5662411993588499 0.0 0.0 0.0 0.0 0.0 0.0
32.118484341749095 15.069653208719414 7.863788083996693 0.4355136090055914 0.36710680314525795 -0.8219248697146161 0.5548967548404361 0.6094755906647978 0.5662411993588499 0.0 0.0 0.0 0.0 0.0 0.0
32.63377756700064 15.10182264846538 8.012526516402893 -0.0628448606317219 0.7094093141515582 -0.7019892794674218 0.5548967548404361 0.6094755906647978 0.5662411993588499 0.0 0.0 0.0 0.0 0.0 0.0
33.134745304293766 15.295701963693789 8.001246470466372 -0.537327517005006 0.7821953660204525 -0.3153562253156893 0.5548967548404361 0.6094755906647978 0.5662411993588499 0.0 0.0 0.0 0.0 0.0 0.0
33.51322921717856 15.66788273721837 7.91808096304644 -0.8076704660310808 0.5578123207290563 0.19108593130839174 0.5548967548404361 0.6094755906647978 0.5662411993588499 0.0 0.0 0.0 0.0 0.0 0.0
33.707604621918186 16.16721684680473 7.878473499680784 -0.7711659014818684 0.12150704866803014 0.624931347842014 0.5548967548404361 0.6094755906647978 0.5662411993588499 0.0 0.0 0.0 0.0 0.0 0.0
