t = 100000
b = 30 30 30
E = -0.531794114198773 -0.687733495726451 0.155939381527679
30.311626367192 36.6334278818295 18.1813670351621 -0.846453002150698 -0.0961495090260597 0.523710340946742 0.353522043016767 0.634014409548933 0.687784680437102 -0.565834222300732 0.356091323346855 -0.0888205036985457 -0.0118230548646137 -0.0166809757654697 -0.330380278963064
30.4848662266884 36.1274412250291 17.0253496870581 -0.710236875811883 -0.241279521028276 -0.661322649509297 0.584394211084029 0.321686614006627 -0.74498389031088 -0.144276887277433 -0.132810718629684 0.155520221890903 -0.133341570212618 -0.265466539425364 -0.639223700990436
31.3994240450405 36.2385148585731 17.3864308811348 -0.20738901378184 -0.270923004947185 0.939994896167891 -0.436258968066859 -0.834432791258108 -0.33674901729866 -0.0845157939738909 -0.0685666484296323 -0.0176974747104474 0.292415062219593 0.17933771717573 0.190696705853854
31.3351519946824 35.7180095778476 17.3542228544339 -0.656430737057481 0.110008671626796 0.746322093039332 -0.301138969846705 -0.945281273809186 -0.12553256343181 -0.0953841097885789 -0.164659916222638 0.332338669436885 -0.124487026639532 0.506801338083842 -0.346781277305766
31.3201071594214 35.2777608770434 17.5461090140368 -0.923993240709692 0.366415800050392 -0.109434119974231 -0.349846812227798 -0.925517048356547 -0.145000658124937 -0.233749657802951 0.0782610847707498 0.511629125971886 -0.296731676408912 0.227715992029622 0.173923565318289
31.0204504920237 34.904165449156 17.5726501020156 -0.64430583854358 0.415419584943644 -0.64210315288722 -0.176243371736235 -0.897661100219711 -0.403909235348108 -0.0299055298118039 -0.296841802920393 -0.960946141531671 0.400391284877739 -0.14981894467347 -0.208035610623367
30.8073861496537 34.46426381186 17.4560449926136 -0.138383400170911 0.631217448101589 -0.763160796282853 -0.318230618225265 -0.758051202238725 -0.56928679992372 -0.380825328443847 0.181250602178947 0.443571820007317 0.20672022082704 -0.432940280178864 0.224132236114091
30.9362629919796 34.0580773920477 18.7711557594208 0.148646615218396 0.332182932606856 0.931428238012939 -0.675068028692078 0.722368337032499 -0.149890100368273 -0.413107179029772 0.358802354585963 -0.167820643909512 -0.370387145645622 0.421734973697779 -0.495291254758063
30.5226326333765 34.1958005202812 18.8388311126814 0.602167579403854 0.729359742579773 0.324697404120171 -0.637043656294 0.684093741739575 -0.3552336860827 0.0820659798175977 -0.0745664311512181 0.0630169030087094 -0.216366514645288 -0.20065914097144 -0.276108875514054
30.1707910614833 34.3993948768009 19.0297445930181 0.687947674436073 0.530385685479413 -0.495397695628062 -0.72574410704869 0.507288559930178 -0.464708151396767 0.336067442023959 0.053333002532267 -0.0935923298026257 0.0211692721128951 0.278019257773647 0.245047977018905
29.9479861598988 34.8733697445191 18.9565984555833 0.355002567228455 -0.368417514358283 -0.8592098677743 -0.901558450919711 0.108221587610363 -0.41890379209641 0.0313206780991469 -0.134966143532006 0.232898657150609 0.0887430795283693 0.175145591067331 0.116034001723412
30.0037650838542 35.1036191905993 20.3457681543399 0.358870217226365 0.628299869909883 0.690254499618296 0.0867591971053143 -0.758767992264571 0.645556959242742 0.234571731177489 -0.365945891015237 0.126835187305001 0.193920659533771 0.0633963091879428 0.338510221968542
30.4030565487895 34.8324691767094 20.5020624931092 -0.465808573540341 0.440908755393324 0.767216876093454 0.0760017805319845 -0.843885462263201 0.531112900210818 -0.0776382576735044 0.0206960746835643 -0.154579279521395 0.338377426568346 0.0687536817724878 0.140148756708622
30.5778857061001 34.5937199810683 20.9065934828543 -0.99618424772156 -0.0866039132496443 0.010798240379927 0.0813132472519074 -0.876065640044426 0.475286180898263 -0.232297002563589 0.136400632616078 0.324369919175855 -0.198036170427294 0.182072216665917 0.14000331023029
30.7753194266116 35.0403801952701 21.1903144095923 -0.64292459088043 -0.390235209425884 -0.659063214247546 0.415481260901751 -0.900561722468114 0.127920678025904 0.209791455549366 0.165046407680627 0.242852292949453 0.0417508814249849 -0.212042272952507 -0.111406561951635
30.0437042055907 34.6154259221009 21.5721028062893 -0.57448622997165 -0.810689855791028 -0.112904398240212 0.786310205356854 -0.508296471770426 -0.351213426446888 0.407523728168489 0.283044697243141 0.288196554819644 -0.321635067256343 0.0278839892195187 0.32376247416484
30.280390774053 34.1490827276634 21.6540130188913 -0.511933413910976 -0.27252540052345 -0.814649591908909 0.81346196496295 -0.458548750334269 -0.357788387889579 -0.0967643923161527 0.212536973657591 0.107317378539923 -0.0350701487450968 -0.132663629603856 -0.777920717406255
30.5844107376245 33.7813178083086 21.4840786780543 -0.126635810170675 0.630441869765203 -0.765836986363369 0.93947641391939 -0.171551607324871 -0.29657051139129 0.223001623588444 0.262540754634589 -0.118143422111326 -0.422755214137582 0.52780501844857 0.0171678763437395
30.8801283783946 33.6326899320808 21.1135926568156 0.112635760767562 0.948376243021328 -0.296471714770871 0.905066473980911 -0.221062668463425 -0.363298587353127 0.0493903717464262 -0.536562068741713 0.210410473218425 0.0263141870802209 -0.127141885352096 0.0332962653143082
31.2410420573596 33.5106164489829 20.7515419973325 0.276366809785012 0.936074650441956 0.217681926221247 0.892496162935324 -0.165967754724547 -0.419410524022424 -0.294350980739032 0.138327045654016 0.230610807497901 0.35814467972201 0.0726572665831467 0.0272159976997038
31.5767602356426 33.6224410824672 20.3347577208726 0.312526165071383 0.418043142374361 0.852975502229515 0.932978227719201 0.033693990261173 -0.358352178668806 0.246801850510133 0.0157783292602568 -0.257115928146377 -0.0783548123771734 0.139440077259187 -0.471669085354484
32.2059068499889 33.510813078777 19.6154620325842 0.504573165738816 0.863147980111008 -0.0195262977974305 0.862300666114676 -0.502695263122833 0.0611136956871117 0.0375860625041945 -0.265294504888884 -0.0473584778878526 0.175333156884238 0.0917793973526765 0.129883795153073
32.7053690057851 33.2437122638205 19.4210216128411 -0.00412520100718491 0.951342989021072 0.308106071203878 0.940682188029207 -0.100839283025054 0.323957429816866 -0.0828664501724481 0.588337226148438 -0.032661230633135 -0.010449734225304 0.0411377864736273 -0.328816062359889
32.0602419935799 33.3246972057456 18.6334769133931 -0.284838656581559 0.767984410429049 -0.573643363943236 -0.255174321524999 -0.637588629617218 -0.72688833222076 0.167372461968385 -0.0319141507167045 0.457649489144834 0.362567778008809 -0.0677661445807474 -0.776129416385644
31.8785842226178 32.9354080009159 18.2376014739055 -0.221337625123547 0.935075668443177 -0.276844605108295 -0.0972438192026394 -0.303633898509725 -0.947813256061016 -0.453187991453834 -0.193776639583218 -0.120900655336569 0.0949670137548172 -0.528186843554955 0.798396481423099
31.3868933008116 32.4755393779448 19.2025086123174 -0.537108341207803 0.5121457832192 0.67023966993247 -0.639343713524792 -0.765488032252952 0.072578021792456 0.305221912100005 0.400606435074561 0.315061772538965 0.242476492595095 0.225614078408112 -0.699077087152773
31.4428175488291 33.1902875920257 18.7117350578595 0.313266600595885 0.815422564153218 0.486774978654374 0.679118054868098 -0.550648546414624 0.485370672807793 0.184537951703568 -0.0431887971114336 0.438450932342448 0.0282698267332646 -0.000620108292549491 0.0106014039952211
24.2049093844219 37.3825765133535 13.5951462858732 -0.944234927684636 -0.196147143048078 -0.264474170612219 0.248733541551667 0.101410615439837 -0.963248390837042 0.114581029911225 0.181311908566568 0.312837366323714 0.171829445313938 -0.662753488398278 0.467124078501596
24.2603378517824 37.2129518861841 13.0711545841156 -0.976710481140245 0.202583060676269 0.0706868519174495 -0.0663014892815155 0.0283609793371111 -0.997396450248206 0.253038227030189 0.147503218650247 0.133344890229218 -0.100551337213489 0.491627228400161 0.485450226481675
24.0878014654569 37.04626967592 12.6892185721855 -0.460510608706471 0.886760283302414 0.0398249757715273 -0.0915720270877785 -0.0028332354741714 -0.995794365355716 -0.0505437647130323 -0.325582208645061 -0.196351720821753 -0.0177355996517052 0.00334927144586828 0.774657669707146
24.829651070247 37.323556503117 12.0168483649013 0.116458444753059 0.773968287734979 -0.622423010504262 -0.621574360421879 -0.431993261970382 -0.653473072546293 0.230563990150801 0.116793022115653 -0.240467403166602 -0.381530778921007 0.335409669831241 -0.458214173981144
24.8217468226554 37.002512063008 11.3631888749921 0.877832796863379 0.00504735600935238 -0.478940535863622 -0.442572615440742 -0.373788246083316 -0.815114570846832 -0.103560473300115 0.179116708927562 -0.0191669150875321 0.441283536940294 -0.207452120149273 -0.202708876463492
24.6364914458633 37.1399493323094 10.9105526674711 0.778753481227848 -0.605950760180284 -0.162377836395807 -0.379750759865446 -0.249321629737547 -0.890858026761072 -0.0261909493274451 -0.278947555750257 -0.662095655460317 -0.253478067557124 -0.214590137169117 -0.0306601530635025
23.5069096777469 37.81800013266 11.4187986241171 -0.885825525176315 -0.0832478004759697 0.456489693502657 0.438149645006623 0.173822827734801 0.881935609296274 0.18575217470264 0.124877100910067 0.227161344620016 -0.264960487111167 0.478922489846174 -0.00249499411250334
23.6317063055353 38.0208059467573 11.9120909834919 -0.62489819024008 -0.771267300340754 0.121032533410812 0.200826649113379 -0.00899103304841531 0.979585474470552 -0.0896650351611865 0.166956967459247 -0.0916740531700117 0.0550676528441407 -0.55125619165085 0.0805331503995075
23.56621100819 38.0590997706313 12.4009453663076 -0.250429491214963 -0.96292429748718 -0.100308229820214 0.156663523587658 -0.142550607025175 0.977310478001529 0.183179369606624 0.196985458660345 0.384564507121536 0.447071437191041 -0.177408839869269 -0.289403454534181
23.3691534475896 37.949757055153 12.8546081145022 0.611419891350202 -0.752364511764946 -0.245180053422979 0.0304662314275629 -0.287230489271934 0.957376832856241 0.708759652990146 -0.312402312182758 -0.408304904425289 0.0163121163637165 -0.789027656439226 -0.204479906096133
23.1263961476863 37.632964370481 13.0750724971976 0.950755769812128 -0.30051790154276 0.0758441696791247 -0.161075832227506 -0.270020479568248 0.949285764681013 -0.12935951032855 -0.570651505789014 0.169372734289183 0.181395224988408 0.237655140361572 0.0951111290674189
23.0621811633364 37.3348590034106 13.5028956578577 0.970647029341796 0.237058759472123 0.0405879055937751 0.0658436817245738 -0.424233112220286 0.903156005370711 -0.0172018239384453 -0.0654630301790833 -0.733601198220407 0.109060129953089 0.115456320768355 0.0252675467931311
23.2872451585312 37.004072441275 13.8369592436474 0.472679376902596 0.862502741653714 0.180729296950229 0.210868107077704 -0.309830405493031 0.927113606546562 -0.137714444783619 -0.161043990440586 0.0689850532811252 -0.373731605833421 0.0734392159389003 0.480737351742022
23.9693574738511 36.8988545012359 14.2795320362261 0.186722690721269 0.812112020882296 0.552818762314844 0.66500076459148 -0.518681171301364 0.53734881189065 0.540699229094593 0.223067703430796 0.576895574647714 -0.349929617365767 0.247919860339083 0.509600380282467
24.4762476557482 36.8971697380629 14.3614412081351 -0.3670665525728 0.412848939331899 0.833557337352375 0.775892245188645 -0.358391181033673 0.519179075734901 0.463575275654682 -0.129088902059522 0.12237783199013 0.31770323481876 -0.397461244669296 0.197041860034243
25.3858585402972 37.1946199424904 14.1407918754403 0.028376309785881 0.964548710690962 0.262374578332261 0.997268945483253 -0.0452222531166924 0.0583907804096894 0.00956395554782555 0.133469729508606 0.232589182794666 -0.0161063305300017 -0.25602098299117 -0.241156193144828
25.8108075758311 37.4104925386369 13.9230963085172 -0.174877905757868 0.585970330530536 0.79123723776416 0.984079372398483 0.0781430406258915 0.159628780097826 0.59244369781816 0.459389681472603 0.647253372588625 -0.154373938272131 0.677320796808286 0.282645987002822
26.1858784695581 37.7091450986691 13.9303782080675 -0.134747793703714 -0.32841113823796 0.934873805538922 0.989136206561998 -0.100528824915053 0.107254182477508 0.381827366379907 -0.243878810438762 -0.00783387054985723 -0.222948871105951 0.101668559022224 0.127589219887351
26.4565639128226 37.9607800591623 14.2301806101464 0.178024755153297 -0.977112745288847 0.116437706438745 0.983821826977058 0.174327105245599 -0.0412871992356214 0.297149964947252 0.483096668371122 0.0282365632017824 0.294715688979173 0.081345356431761 -0.168084999483556
26.8387953919699 37.8666113425864 14.6036644930896 0.274163884783143 -0.712630095837522 -0.645749504879206 0.909472604325817 0.410371759799778 -0.0667421954529889 0.561654566701593 0.10437432730985 0.0583595889373224 -0.0133211235473359 -0.0829050418669025 -0.877624606709936
27.3407829641322 37.6915136839163 14.6436322339018 -0.0981808988971824 0.158998173794616 -0.982384876373523 0.954311487774236 0.294992824845885 -0.0476308641777348 0.757236384440937 -0.113907758739364 0.174238307648136 -0.535035699967824 0.176061605352487 0.38370544537635
28.1362263966233 37.5705354424585 15.5089446795249 0.806341654618032 -0.397209186553994 -0.438221270269431 0.591062283217811 0.567993886452618 0.572737457070256 -0.362534203863173 0.0328396351109225 0.168471374042807 0.0930188539940816 -0.27707416237388 0.380765029303535
28.4468651773459 37.5107837707386 15.8551126786008 0.454149736166791 0.488298090213753 -0.745193177367068 0.279803155769621 0.715933237435608 0.639648066558079 -0.00198473826591014 -0.0227744390235798 -0.0371562197890129 0.131645786810091 -0.240976005135838 0.221832996574606
28.8487259735183 37.822397876136 16.1049981793683 -0.372112067556611 0.5364115571872 -0.757492673964319 0.209913680624314 0.843588687212468 0.49426132025983 -0.0769435736582206 0.0304791267775574 0.210246638946245 -0.265720670042194 -0.443420192544493 0.244183537706766
29.5210925018199 37.3316545038484 16.804349716186 0.696638878134429 -0.102322136431584 -0.710087595182188 -0.683737937176243 -0.394414630470966 -0.613953957195136 0.306104127567194 0.0031477083800652 -0.131768333130609 -0.231812924153086 0.442836216547031 0.527281369922334
29.5104666411218 37.2599712519423 17.7074905127266 -0.503364921256625 -0.840133505986578 0.201988382290095 -0.254977009410179 -0.0789324032143583 -0.963720059162913 0.0181936710116849 0.0223974120210904 -0.247539073303213 -0.0460356721700771 -0.445010489604813 -0.402154949268145
30.3324070709306 37.4992459902626 17.2814240389786 -0.0493667502252863 0.738203869498255 -0.672768777189446 -0.272345626801164 0.638115292699667 0.720164288548932 0.447724080405218 -0.0963045704634286 0.225745393849546 0.302918546197907 -0.357219263998886 -0.383793954254845
