#id1 id2 FENE BEXC STCK NEXC HB CRSTCK CXSTCK total, t = 100000
0 1 0.0867044 0 0 0 0 0 0 0.0867044
1 2 0.00887146 0 0 0 0 0 0 0.00887146
2 3 0.0775911 0 -1.11996 0 0 0 0 -1.04236
3 4 0.00342246 0 -1.37914 0 0 0 0 -1.37572
4 5 0.332433 0 -1.03378 0 0 0 0 -0.701348
5 6 0.104079 0 -1.19773 0 0 0 0 -1.09365
6 7 0.047083 0 0 0 0 0 0 0.047083
7 8 0.111047 0 -1.31774 0 0 0 0 -1.20669
8 9 0.0350097 0 -0.964594 0 0 0 0 -0.929584
9 10 0.135256 0 -0.954285 0 0 0 0 -0.819029
10 11 0.022112 0 0 0 0 0 0 0.022112
11 12 0.00268942 0 -1.23994 0 0 0 0 -1.23725
12 13 0.0478568 0 -1.25251 0 0 0 0 -1.20466
12 14 0 0 0 0 0 0 -1.34503e-15 -1.34503e-15
11 14 0 0 0 0 -0 -0.00201753 0 -0.00201753
13 14 0.0277723 0 -0 0 0 0 0 0.0277723
14 15 0.0704958 0 0 0 0 0 0 0.0704958
15 16 0.037638 0 -1.25332 0 0 0 0 -1.21568
16 17 0.00382291 0 -0.986128 0 0 0 0 -0.982305
17 18 0.168763 0 -1.28686 0 0 0 0 -1.1181
18 19 0.181641 0 -1.22119 0 0 0 0 -1.03955
19 20 0.053156 0 -1.28231 0 0 0 0 -1.22916
20 21 0.011888 0 0 0 0 0 0 0.011888
21 22 0.105392 0 -0.466718 0 0 0 0 -0.361326
22 23 0.0369889 0 0 0 0 0 0 0.0369889
23 24 0.0190653 0 -0.650967 0 0 0 0 -0.631902
24 25 0.00016109 0 0 0 0 0 0 0.00016109
25 26 0.0114785 0 0 0 0 0 0 0.0114785
27 28 0.00294501 0 -1.13702 0 0 0 0 -1.13408
28 29 0.067576 0 -1.36977 0 0 0 0 -1.3022
29 30 0.00902156 0 0 0 0 0 0 0.00902156
30 31 0.00948593 0 -0.00169643 0 0 0 0 0.0077895
31 32 0.0308776 0 -1.29499 0 0 0 0 -1.26411
32 33 0.0304614 0 0 0 0 0 0 0.0304614
33 34 0.0216361 0 -1.03928 0 0 0 0 -1.01765
29 35 0 0 0 0 0 -0.125311 0 -0.125311
34 35 0.289526 0 -1.38292 0 0 0 0 -1.09339
29 36 0 0 0 0 -0.535451 0 -0 -0.535451
28 36 0 0 0 0 0 -0.18263 0 -0.18263
35 36 0.00486054 0 -1.26165 0 0 0 0 -1.25678
29 37 0 0 0 0 0 -0.17562 0 -0.17562
28 37 0 0 0 0 -0.60875 0 -0 -0.60875
27 37 0 0 0 0 0 -0.143365 0 -0.143365
36 37 0.264998 0 -1.11467 0 0 0 0 -0.849673
28 38 0 0 0 0 0 -0.0929037 0 -0.0929037
37 38 0.0852358 0 -1.17674 0 0 0 0 -1.09151
27 39 0 0 0 0 0 -0.0556775 -0 -0.0556775
38 39 0.00562902 0 -1.34997 0 0 0 0 -1.34434
39 40 0.176968 0 -0.0234226 0 0 0 0 0.153545
40 41 0.000682812 0 -1.29667 0 0 0 0 -1.29599
41 42 0.000133245 0 0 0 0 0 0 0.000133245
42 43 0.000592392 0 -1.10467 0 0 0 0 -1.10408
43 44 0.000305029 0 -1.36266 0 0 0 0 -1.36236
44 45 0.0805782 0 -1.18242 0 0 0 0 -1.10184
45 46 0.0184969 0 -0.837741 0 0 0 0 -0.819244
46 47 0.178297 0 -1.36588 0 0 0 0 -1.18758
47 48 0.0181141 0 0 0 0 0 0 0.0181141
48 49 0.00576618 0 -1.1403 0 0 0 0 -1.13453
49 50 0.0975396 0 -1.30973 0 0 0 0 -1.21219
50 51 0.001003 0 0 0 0 0 0 0.001003
51 52 0.000276494 0 0 0 0 0 0 0.000276494
52 53 7.63666e-05 0 0 0 0 0 0 7.63666e-05
#Total energy per particle is  -0.687734 and should be -0.68773410

