t = 0
b =  30.0 30.0 30.0
E = 0. 0. 0.
13.015086377185735 4.945349141896343 1.6993605758456094 -0.3118030166776847 0.36647093293140026 0.8766287321934437 0.8010303316240442 0.5975943049212288 0.03509208662914365 0.0 0.0 0.0 0.0 0.0 0.0
13.111975875337215 5.470939906742756 1.644116796336263 0.0470676015694636 -0.12131357098643292 0.991497684504113 0.8010303316240442 0.5975943049212288 0.03509208662914365 0.0 0.0 0.0 0.0 0.0 0.0
13.219594434747437 5.968877239265674 1.8148849452071483 0.38805645105203945 -0.5630090210317755 0.7296800895143963 0.8010303316240442 0.5975943049212288 0.03509208662914365 0.0 0.0 0.0 0.0 0.0 0.0
13.415670474385184 6.338476647729294 2.151983693442257 0.581616166822072 -0.7908079309782892 0.19064482891764073 0.8010303316240442 0.5975943049212288 0.03509208662914365 0.0 0.0 0.0 0.0 0.0 0.0
13.744325937550602 6.5278113634436075 2.53253993642779 0.5542101767126544 -0.7181656863426229 -0.4208195895964885 0.8010303316240442 0.5975943049212288 0.03509208662914365 0.0 0.0 0.0 0.0 0.0 0.0
14.199313627935918 6.553440188359004 2.817170340723696 0.31625047457007416 -0.3726802903754294 -0.872407610294573 0.8010303316240442 0.5975943049212288 0.03509208662914365 0.0 0.0 0.0 0.0 0.0 0.0
14.72639062395032 6.494116529356919 2.9029354028026098 -0.0418580702876456 0.11439257878756603 -0.9925533939643368 0.8010303316240442 0.5975943049212288 0.03509208662914365 0.0 0.0 0.0 0.0 0.0 0.0
15.243926071525584 6.460868662288828 2.7624478874966156 -0.38406403441347386 0.5580057947272393 -0.7356115486592547 0.8010303316240442 0.5975943049212288 0.03509208662914365 0.0 0.0 0.0 0.0 0.0 0.0
15.673914110371705 6.554818233686488 2.454277696527694 -0.5803576506573964 0.7896232798906601 -0.19919857724929346 0.8010303316240442 0.5975943049212288 0.03509208662914365 0.0 0.0 0.0 0.0 0.0 0.0
15.971609604489492 6.8287624565807565 2.100700183607004 -0.5561636923540972 0.7212496792264009 0.4128932640802821 0.8010303316240442 0.5975943049212288 0.03509208662914365 0.0 0.0 0.0 0.0 0.0 0.0
16.142527567435447 7.267115566548836 1.8412417032251196 -0.3206738487644114 0.3788612667724559 0.8681200511785152 0.8010303316240442 0.5975943049212288 0.03509208662914365 0.0 0.0 0.0 0.0 0.0 0.0
16.24034791646554 7.791830114198583 1.7796712158248138 0.03664535135171537 -0.10746287515093578 0.9935335166407835 0.8010303316240442 0.5975943049212288 0.03509208662914365 0.0 0.0 0.0 0.0 0.0 0.0
16.34652157448931 8.292048496076351 1.9445767248043513 0.3800423698117235 -0.5529600741210274 0.7414869881366464 0.8010303316240442 0.5975943049212288 0.03509208662914365 0.0 0.0 0.0 0.0 0.0 0.0
16.539325902669706 8.666219611659317 2.2785042160605586 0.5790549380106773 -0.7883784959331162 0.20773715583805952 0.8010303316240442 0.5975943049212288 0.03509208662914365 0.0 0.0 0.0 0.0 0.0 0.0
16.864125822189624 8.860679824287963 2.6597853985265107 0.558074853977092 -0.7242787461546739 -0.4049354951434348 0.8010303316240442 0.5975943049212288 0.03509208662914365 0.0 0.0 0.0 0.0 0.0 0.0
17.316138922233474 8.890040673941188 2.9487615221332035 0.325072802403626 -0.3850133914171965 -0.8637663813594967 0.8010303316240442 0.5975943049212288 0.03509208662914365 0.0 0.0 0.0 0.0 0.0 0.0
17.84225237781366 8.8316377089064 3.0408420719305504 -0.031429841730401364 0.10052498780030339 -0.9944379778933166 0.8010303316240442 0.5975943049212288 0.03509208662914365 0.0 0.0 0.0 0.0 0.0 0.0
18.36120139998246 8.796149418003715 2.9062404533770807 -0.3759917635121181 0.5478722434642993 -0.747305960509108 0.8010303316240442 0.5975943049212288 0.03509208662914365 0.0 0.0 0.0 0.0 0.0 0.0
18.794443087828075 8.88554862223754 2.601290417611544 -0.5777081280885265 0.7870736739007755 -0.21625991443812165 0.8010303316240442 0.5975943049212288 0.03509208662914365 0.0 0.0 0.0 0.0 0.0 0.0
19.095996189698297 9.154361295202357 2.24704392754521 -0.5599435160392819 0.7272526564522681 0.3969468888008609 0.8010303316240442 0.5975943049212288 0.03509208662914365 0.0 0.0 0.0 0.0 0.0 0.0
19.269910149468718 9.588951234088505 1.9832814932709835 -0.3294470004903671 0.3911361958015408 0.8593469323863302 0.8010303316240442 0.5975943049212288 0.03509208662914365 0.0 0.0 0.0 0.0 0.0 0.0
19.368726655111296 10.112700681114733 1.915407219273611 0.026211938604953966 -0.09357944508265176 0.9952667088437099 0.8010303316240442 0.5975943049212288 0.03509208662914365 0.0 0.0 0.0 0.0 0.0 0.0
19.47351817298363 10.615118690689888 2.074404022873274 0.3719125239840098 -0.5427426902150578 0.7530680226393642 0.8010303316240442 0.5975943049212288 0.03509208662914365 0.0 0.0 0.0 0.0 0.0 0.0
19.663087162400366 10.993818486953097 2.4050627059288985 0.5763173234557335 -0.785708913160888 0.22476620400841502 0.8010303316240442 0.5975943049212288 0.03509208662914365 0.0 0.0 0.0 0.0 0.0 0.0
19.984027703832687 11.193415911738917 2.7869568522605204 0.5617695362348158 -0.7301711836444006 -0.38892805341586223 0.8010303316240442 0.5975943049212288 0.03509208662914365 0.0 0.0 0.0 0.0 0.0 0.0
1.3584375991141997 0.18059812543710985 15.323773541209444 -0.22702108324406886 0.7547299659444161 -0.6155031326225969 0.6176322869730428 0.6002265190980786 0.50819138507048 0.0 0.0 0.0 0.0 0.0 0.0
1.83821200043931 0.4074071182589241 15.239753860618253 -0.6254282128004569 0.7666249809223855 -0.14534678964111436 0.6176322869730428 0.6002265190980786 0.50819138507048 0.0 0.0 0.0 0.0 0.0 0.0
2.1754200209774295 0.8089682996038856 15.122602374755024 -0.7862247077118601 0.4872663483617762 0.3800292287937601 0.6176322869730428 0.6002265190980786 0.50819138507048 0.0 0.0 0.0 0.0 0.0 0.0
2.333408094654035 1.3216018603897717 15.092078563552972 -0.6483212911874066 0.022787083399626165 0.7610257894600105 0.6176322869730428 0.6002265190980786 0.50819138507048 0.0 0.0 0.0 0.0 0.0 0.0
2.3436113096050124 1.839429737553599 15.23503060500404 -0.2641097767869067 -0.45034937552575954 0.8528959290377276 0.6176322869730428 0.6002265190980786 0.50819138507048 0.0 0.0 0.0 0.0 0.0 0.0
2.2936106926271886 2.254600460396066 15.572400300315666 0.22044145749492855 -0.7523905772488784 0.6207366455145136 0.6176322869730428 0.6002265190980786 0.50819138507048 0.0 0.0 0.0 0.0 0.0 0.0
2.293859712821534 2.4982637274806487 16.051266933503832 0.6212432964898149 -0.7685860193755223 0.15274913219706648 0.6176322869730428 0.6002265190980786 0.50819138507048 0.0 0.0 0.0 0.0 0.0 0.0
2.435721161998181 2.566727787264987 16.56495273618258 0.7860244205141986 -0.49278278266842657 -0.3732703302713467 0.6176322869730428 0.6002265190980786 0.50819138507048 0.0 0.0 0.0 0.0 0.0 0.0
2.7567569025633336 2.5228619962346253 16.993551555331006 0.6521817255577402 -0.029763127936830613 -0.757478153522558 0.6176322869730428 0.6002265190980786 0.50819138507048 0.0 0.0 0.0 0.0 0.0 0.0
3.2264574879903 2.472211699254565 17.24948320554988 0.270564289164925 0.44456403671092964 -0.8539073618911841 0.6176322869730428 0.6002265190980786 0.50819138507048 0.0 0.0 0.0 0.0 0.0 0.0
3.7578332116457287 2.5228997884309887 17.310766645757425 -0.2138450442753273 0.7499938910978836 -0.6259228869075957 0.6176322869730428 0.6002265190980786 0.50819138507048 0.0 0.0 0.0 0.0 0.0 0.0
4.2404629507299525 2.744549008681766 17.229370944199694 -0.6170110700969051 0.7704885270275809 -0.16013984231521045 0.6176322869730428 0.6002265190980786 0.50819138507048 0.0 0.0 0.0 0.0 0.0 0.0
4.582444996971306 3.141831112911937 17.1114713605474 -0.7857642745136988 0.4982616896582895 0.3664830057681072 0.6176322869730428 0.6002265190980786 0.50819138507048 0.0 0.0 0.0 0.0 0.0 0.0
4.745312052113155 3.652691984977541 17.077111589591357 -0.6559924937646497 0.03673690589660894 0.7538728326910177 0.6176322869730428 0.6002265190980786 0.50819138507048 0.0 0.0 0.0 0.0 0.0 0.0
4.758645597660518 4.171927035898206 17.21459715456787 -0.2769981970247922 -0.43874484262350566 0.8548537663929949 0.6176322869730428 0.6002265190980786 0.50819138507048 0.0 0.0 0.0 0.0 0.0 0.0
4.7088373954803195 4.591150186137717 17.546946662491678 0.2072323459276686 -0.7475400900083633 0.6310614618494799 0.6176322869730428 0.6002265190980786 0.50819138507048 0.0 0.0 0.0 0.0 0.0 0.0
4.706267813074907 4.839971549338439 18.023146650500454 0.6127318559221508 -0.7723323589952396 0.1675183571643546 0.6176322869730428 0.6002265190980786 0.50819138507048 0.0 0.0 0.0 0.0 0.0 0.0
4.8433704765065855 4.912739727004723 18.537532453295814 0.7854442895214836 -0.5037026520913873 -0.3596677721650827 0.6176322869730428 0.6002265190980786 0.50819138507048 0.0 0.0 0.0 0.0 0.0 0.0
5.159515190448726 4.870688869277751 18.969931976109184 0.6597533056033796 -0.04370788619877149 -0.7502101015245315 0.6176322869730428 0.6002265190980786 0.50819138507048 0.0 0.0 0.0 0.0 0.0 0.0
5.626050691162324 4.818674797516497 19.23132108267464 0.2834110103995129 0.4328922364176451 -0.8557350704707946 0.6176322869730428 0.6002265190980786 0.50819138507048 0.0 0.0 0.0 0.0 0.0 0.0
6.15718974061403 4.865338524667619 19.297645353000537 -0.2006038660345358 0.7450293608467686 -0.6361519790177912 0.6176322869730428 0.6002265190980786 0.50819138507048 0.0 0.0 0.0 0.0 0.0 0.0
6.642601132491156 5.0818317180661445 19.21895875969278 -0.6084059798442811 0.7741173748635535 -0.17488411484202782 0.6176322869730428 0.6002265190980786 0.50819138507048 0.0 0.0 0.0 0.0 0.0 0.0
6.989326362119256 5.474784991422455 19.100407326904044 -0.7850644899056509 0.5091052556173634 0.3528251484686967 0.6176322869730428 0.6002265190980786 0.50819138507048 0.0 0.0 0.0 0.0 0.0 0.0
7.157096116571273 5.983788823815763 19.062282397810407 -0.66346387467355 0.050675537976177173 0.7464902389542569 0.6176322869730428 0.6002265190980786 0.50819138507048 0.0 0.0 0.0 0.0 0.0 0.0
7.173629259915534 6.5043441466852485 19.194319942174744 -0.28980224092852197 -0.42700666379197183 0.8565512070098642 0.6176322869730428 0.6002265190980786 0.50819138507048 0.0 0.0 0.0 0.0 0.0 0.0
7.124101973321498 6.927563287107571 19.521608361128397 0.19396010938033437 -0.7424618948148478 0.641194050749937 0.6176322869730428 0.6002265190980786 0.50819138507048 0.0 0.0 0.0 0.0 0.0 0.0
7.118787899763673 7.181538215245252 19.9950569841257 0.604033771295506 -0.775843438696655 0.18223655441726366 0.6176322869730428 0.6002265190980786 0.50819138507048 0.0 0.0 0.0 0.0 0.0 0.0
