#id1 id2 FENE BEXC STCK NEXC HB CRSTCK CXSTCK total, t = 100000
0 1 0.07766 0 -0 0 0 0 0 0.07766
1 2 0.0426121 0 0 0 0 0 0 0.0426121
2 3 0.0612775 0 -1.42391 0 0 0 0 -1.36263
3 4 0.0201516 0 -1.13702 0 0 0 0 -1.11687
4 5 0.0055622 0 -1.13284 0 0 0 0 -1.12727
5 6 0.0583081 0 0 0 0 0 0 0.0583081
6 7 0.0264191 0 -1.06113 0 0 0 0 -1.03471
7 8 0.00665296 0 0 0 0 0 0 0.00665296
8 9 0.0131714 0 0 0 0 0 0 0.0131714
9 10 0.149784 0 -0.725554 0 0 0 0 -0.57577
10 11 0.158137 0 -0.89898 0 0 0 0 -0.740843
11 12 0.010416 0 0 0 0 0 0 0.010416
12 13 2.49096e-09 0 0 0 0 0 0 2.49096e-09
13 14 0.000438893 0 -0.774209 0 0 0 0 -0.77377
14 15 0.0864424 0 -1.16391 0 0 0 0 -1.07747
15 16 0.00028968 0 -1.24938 0 0 0 0 -1.24909
16 17 0.030191 0 -1.17796 0 0 0 0 -1.14777
17 18 0.0847614 0 -0 0 0 0 0 0.0847614
18 19 0.00123283 0 -1.1817 0 0 0 0 -1.18047
19 20 0.31327 0 -1.36072 0 0 0 0 -1.04745
20 21 0.000135258 0 -0.817236 0 0 0 0 -0.8171
21 22 0.0613076 0 -1.03242 0 0 0 0 -0.971117
22 23 0.032724 0 0 0 0 0 0 0.032724
23 24 0.0179292 0 0 0 0 0 0 0.0179292
25 26 0.0119891 0 -1.19382 0 0 0 0 -1.18183
26 27 0.00250632 0 -1.13809 0 0 0 0 -1.13559
27 28 0.0580175 0 0 0 0 0 0 0.0580175
28 29 0.00176036 0 -1.17979 0 0 0 0 -1.17803
29 30 2.11808e-05 0 -1.28348 0 0 0 0 -1.28346
30 31 0.193217 0 0 0 0 0 0 0.193217
31 32 0.0140718 0 -1.12328 0 0 0 0 -1.1092
32 33 0.053265 0 -1.27902 0 0 0 0 -1.22575
33 34 0.000270266 0 -0.706871 0 0 0 0 -0.706601
34 35 0.112204 0 -1.03642 0 0 0 0 -0.92422
35 36 0.0262393 0 0 0 0 0 0 0.0262393
36 37 0.0048737 0 -0 0 0 0 0 0.0048737
36 38 0 0 0 0.0672426 0 -0 0 0.0672426
37 38 0.00422961 0 -1.24235 0 0 0 0 -1.23812
38 39 0.292284 0 -1.05896 0 0 0 0 -0.76668
36 40 0 0 0 0 0 -0.0892667 0 -0.0892667
39 40 0.00721982 0 -1.25078 0 0 0 0 -1.24356
40 41 0.00997399 0 0 0 0 0 0 0.00997399
41 42 0.00407654 0 0 0 0 0 0 0.00407654
42 43 0.0059902 0 -1.18602 0 0 0 0 -1.18003
43 44 0.0871868 0 0 0 0 0 0 0.0871868
44 45 0.00224882 0 0 0 0 0 0 0.00224882
45 46 0.0569312 0 -1.09523 0 0 0 0 -1.03829
46 47 0.0995101 0 0 0 0 0 0 0.0995101
47 48 0.0482982 0 -0.960757 0 0 0 0 -0.912459
48 49 0.00720751 0 -1.39067 0 0 0 0 -1.38346
49 50 0.0693915 0 -1.13527 0 0 0 0 -1.06588
50 51 0.00209228 0 -1.32338 0 0 0 0 -1.32128
#Total energy per particle is  -0.621332 and should be -0.62133210

