#id1 id2 FENE BEXC STCK NEXC HB CRSTCK CXSTCK total, t = 100000
0 1 7.55258e-05 0 -1.21678 0 0 0 0 -1.21671
1 2 0.149256 0 -1.29291 0 0 0 0 -1.14365
2 3 0.0580081 0 0 0 0 0 0 0.0580081
3 4 0.0512712 0 -1.19096 0 0 0 0 -1.13969
4 5 4.36788e-06 0 -0.855921 0 0 0 0 -0.855917
5 6 0.150527 0 0 0 0 0 0 0.150527
6 7 0.082739 0 -0.957793 0 0 0 0 -0.875054
7 8 0.103884 0 -1.04177 0 0 0 0 -0.937887
8 9 0.159596 0 0 0 0 0 0 0.159596
9 10 0.000172332 0 -1.07104 0 0 0 0 -1.07086
10 11 0.01352 0 -1.16725 0 0 0 0 -1.15373
11 12 0.0452904 0 0 0 0 0 0 0.0452904
12 13 0.0487122 0 -1.43656 0 0 0 0 -1.38785
13 14 0.0467325 0 -0.864132 0 0 0 0 -0.8174
14 15 0.0148448 0 0 0 0 0 0 0.0148448
15 16 0.249814 0 -1.11305 0 0 0 0 -0.863238
16 17 0.0240961 0 0 0 0 0 0 0.0240961
17 18 0.0237358 0 -1.20561 0 0 0 0 -1.18188
18 19 0.0216139 0 -1.3387 0 0 0 0 -1.31709
19 20 0.0281203 0 -1.19428 0 0 0 0 -1.16616
20 21 0.024735 0 0 0 0 0 0 0.024735
21 22 0.174956 0 0 0 0 0 0 0.174956
22 23 0.0122214 0 -1.0571 0 0 0 0 -1.04488
23 24 0.0336313 0 -1.18236 0 0 0 0 -1.14873
25 26 0.307645 0 0 0 0 0 0 0.307645
26 27 0.0115301 0 0 0 0 0 0 0.0115301
27 28 0.0233083 0 0 0 0 0 0 0.0233083
28 29 0.0109914 0 -1.27571 0 0 0 0 -1.26472
28 30 0 0 0 0 0 0 -5.0819e-09 -5.0819e-09
29 30 0.0403811 0 -0 0 0 0 0 0.0403811
28 31 0 0 0 0 -0 -6.14555e-09 0 -6.14555e-09
30 31 0.0192204 0 -1.04432 0 0 0 0 -1.0251
31 32 0.0232853 0 -1.22441 0 0 0 0 -1.20112
32 33 0.0105695 0 0 0 0 0 0 0.0105695
33 34 0.108468 0 -1.10959 0 0 0 0 -1.00112
34 35 0.0157364 0 0 0 0 0 0 0.0157364
1 36 0 0 0 0 0 -0.0649821 0 -0.0649821
0 36 0 0 0 0 -0.7554 0 -0 -0.7554
35 36 0.0953535 0 0 0 0 0 0 0.0953535
36 37 0.0287393 0 0 0 0 0 0 0.0287393
37 38 0.000632911 0 0 0 0 0 0 0.000632911
35 39 0 0 0 0.0797281 0 0 0 0.0797281
38 39 0.00689185 0 -0 0 0 0 0 0.00689185
39 40 0.0985415 0 0 0 0 0 0 0.0985415
40 41 0.00248424 0 -1.26268 0 0 0 0 -1.26019
41 42 0.000751065 0 -1.16356 0 0 0 0 -1.16281
42 43 0.0731448 0 -1.22239 0 0 0 0 -1.14925
43 44 0.115019 0 0 0 0 0 0 0.115019
44 45 0.0208277 0 -0.551347 0 0 0 0 -0.530519
45 46 0.036645 0 -0.445193 0 0 0 0 -0.408548
46 47 0.0544586 0 -1.15363 0 0 0 0 -1.09917
47 48 0.174024 0 -1.24759 0 0 0 0 -1.07356
48 49 0.0220919 0 -1.04905 0 0 0 0 -1.02695
49 50 0.000885121 0 0 0 0 0 0 0.000885121
32 51 0 0 0 0 0 -0.000332513 0 -0.000332513
50 51 0.0280682 0 -1.11847 0 0 0 0 -1.0904
#Total energy per particle is  -0.575921 and should be -0.57592110

