        0.0000  -1.016306   0.344396  -0.671910 
        0.5000  -0.823607   1.303342   0.479736 
        1.0000  -0.688802   3.187301   2.498500 
        1.5000  -0.567293   3.324093   2.756800 
        2.0000  -0.438141   1.597245   1.159104 
        2.5000  -0.404761   0.720857   0.316096 
        3.0000  -0.359625   2.027735   1.668110 
        3.5000  -0.389352   3.302019   2.912667 
        4.0000  -0.352539   2.619307   2.266768 
        4.5000  -0.364238   0.913579   0.549341 
        5.0000  -0.341730   0.836927   0.495196 
        5.5000  -0.360365   2.482165   2.121799 
        6.0000  -0.305489   2.976698   2.671209 
        6.5000  -0.290925   1.797336   1.506412 
        7.0000  -0.285780   0.576104   0.290325 
        7.5000  -0.252694   1.203031   0.950336 
        8.0000  -0.280046   2.572584   2.292538 
        8.5000  -0.325507   2.537502   2.211995 
        9.0000  -0.315032   1.119911   0.804879 
        9.5000  -0.275798   0.517941   0.242142 
       10.0000  -0.264318   1.638565   1.374246 
       10.5000  -0.264012   2.525496   2.261484 
       11.0000  -0.274038   1.857394   1.583357 
       11.5000  -0.298812   0.699406   0.400594 
       12.0000  -0.261223   0.844291   0.583068 
       12.5000  -0.263166   1.961339   1.698174 
       13.0000  -0.278975   2.236330   1.957355 
       13.5000  -0.257922   1.269170   1.011247 
       14.0000  -0.271801   0.478366   0.206565 
       14.5000  -0.265318   1.140637   0.875319 
       15.0000  -0.300607   2.091409   1.790802 
       15.5000  -0.295524   1.907863   1.612339 
       16.0000  -0.241326   0.826887   0.585561 
       16.5000  -0.249269   0.526809   0.277540 
       17.0000  -0.277549   1.417414   1.139865 
       17.5000  -0.263241   1.920754   1.657513 
       18.0000  -0.278657   1.457008   1.178351 
       18.5000  -0.245187   0.541736   0.296549 
       19.0000  -0.298896   0.740541   0.441645 
       19.5000  -0.228238   1.531732   1.303495 
       20.0000  -0.201284   1.693587   1.492303 
       20.5000  -0.048924   1.379684   1.330759 
       21.0000  -0.043946   1.146094   1.102148 
       21.5000  -0.099407   1.218685   1.119278 
       22.0000  -0.055426   1.326463   1.271036 
       22.5000  -0.047010   1.329432   1.282422 
       23.0000  -0.032913   1.189592   1.156679 
       23.5000  -0.010281   1.021254   1.010972 
       24.0000   0.022026   1.007763   1.029789 
       24.5000  -0.002408   1.121405   1.118998 
       25.0000   0.020066   1.098713   1.118780 
       25.5000   0.041235   1.022424   1.063659 
       26.0000   0.035011   0.918729   0.953740 
       26.5000   0.036950   0.919339   0.956289 
       27.0000   0.019589   0.997336   1.016925 
       27.5000   0.064364   0.952220   1.016584 
       28.0000   0.066391   0.872201   0.938593 
       28.5000   0.042394   0.812228   0.854622 
       29.0000   0.045546   0.852235   0.897782 
       29.5000   0.048157   0.923230   0.971387 
       30.0000   0.051340   0.903199   0.954540 
       30.5000   0.068069   0.843023   0.911092 
       31.0000   0.141695   0.733336   0.875031 
       31.5000   0.082325   0.792482   0.874806 
       32.0000   0.084809   0.794018   0.878827 
       32.5000   0.073491   0.787312   0.860803 
       33.0000   0.125530   0.703843   0.829373 
       33.5000   0.073205   0.674231   0.747436 
       34.0000   0.077206   0.653563   0.730769 
       34.5000   0.066660   0.731618   0.798278 
       35.0000   0.074030   0.746833   0.820864 
       35.5000   0.085327   0.709933   0.795260 
       36.0000   0.092918   0.650909   0.743827 
       36.5000   0.088863   0.616837   0.705700 
       37.0000   0.090151   0.666889   0.757040 
       37.5000   0.094688   0.683870   0.778558 
       38.0000   0.105189   0.663944   0.769133 
       38.5000   0.098053   0.595814   0.693867 
       39.0000   0.120044   0.517511   0.637555 
       39.5000   0.115904   0.556924   0.672828 
       40.0000   0.081343   0.662009   0.743352 
       40.5000   0.118810   0.604023   0.722833 
       41.0000   0.108834   0.561126   0.669961 
       41.5000   0.118881   0.499263   0.618144 
       42.0000   0.124286   0.531306   0.655592 
       42.5000   0.096909   0.603894   0.700803 
       43.0000   0.111625   0.580934   0.692559 
       43.5000   0.108486   0.550077   0.658564 
       44.0000   0.138145   0.477583   0.615728 
       44.5000   0.113750   0.511450   0.625200 
       45.0000   0.119512   0.552625   0.672137 
       45.5000   0.125816   0.546731   0.672547 
       46.0000   0.098942   0.554386   0.653329 
       46.5000   0.111876   0.499697   0.611573 
       47.0000   0.111328   0.477084   0.588412 
       47.5000   0.116213   0.506901   0.623113 
       48.0000   0.109084   0.543000   0.652084 
       48.5000   0.124560   0.517925   0.642486 
       49.0000   0.138847   0.451806   0.590653 
       49.5000   0.112654   0.437604   0.550258 
       50.0000   0.121318   0.459321   0.580639 
       50.5000   0.138500   0.485889   0.624389 
       51.0000   0.131261   0.481337   0.612599 
       51.5000   0.089812   0.516803   0.606615 
       52.0000   0.122614   0.450153   0.572767 
       52.5000   0.120552   0.451175   0.571727 
       53.0000   0.097764   0.507717   0.605480 
       53.5000   0.094918   0.520004   0.614921 
       54.0000   0.081739   0.511066   0.592804 
       54.5000   0.130343   0.403467   0.533810 
       55.0000   0.093673   0.422446   0.516119 
       55.5000   0.092350   0.461070   0.553420 
       56.0000   0.126832   0.457565   0.584397 
       56.5000   0.083457   0.497252   0.580708 
       57.0000   0.127154   0.420069   0.547224 
       57.5000   0.097183   0.419404   0.516587 
       58.0000   0.108712   0.419141   0.527854 
       58.5000   0.102818   0.461975   0.564792 
       59.0000   0.050801   0.503429   0.554230 
       59.5000   0.084996   0.438287   0.523283 
       60.0000   0.080370   0.397510   0.477880 
       60.5000   0.079075   0.408731   0.487806 
       61.0000   0.096124   0.427052   0.523176 
       61.5000   0.060289   0.457553   0.517842 
       62.0000   0.085877   0.416346   0.502223 
       62.5000   0.074602   0.390236   0.464839 
       63.0000   0.070956   0.380726   0.451682 
       63.5000   0.072188   0.398806   0.470994 
       64.0000   0.064411   0.442429   0.506840 
       64.5000   0.063308   0.445899   0.509207 
       65.0000   0.022103   0.471461   0.493564 
       65.5000   0.059577   0.417583   0.477161 
       66.0000   0.059164   0.430511   0.489675 
       66.5000   0.063956   0.430345   0.494301 
       67.0000   0.049536   0.443689   0.493225 
       67.5000   0.059150   0.426322   0.485471 
       68.0000   0.070054   0.390573   0.460627 
       68.5000   0.032056   0.421737   0.453792 
       69.0000   0.029403   0.441064   0.470466 
       69.5000   0.024614   0.443277   0.467891 
       70.0000   0.007369   0.458939   0.466308 
       70.5000   0.013093   0.434831   0.447924 
       71.0000  -0.017358   0.444291   0.426933 
       71.5000   0.010006   0.414190   0.424196 
       72.0000   0.001964   0.434178   0.436143 
       72.5000   0.027600   0.416938   0.444538 
       73.0000   0.004963   0.446785   0.451748 
       73.5000  -0.010317   0.455839   0.445522 
       74.0000  -0.018982   0.445123   0.426142 
       74.5000  -0.009969   0.438425   0.428456 
       75.0000   0.027494   0.411946   0.439441 
       75.5000  -0.021456   0.433365   0.411909 
       76.0000  -0.029453   0.433936   0.404483 
       76.5000   0.007980   0.393480   0.401460 
       77.0000  -0.029776   0.426474   0.396697 
       77.5000  -0.008607   0.406474   0.397867 
       78.0000  -0.023644   0.422643   0.398999 
       78.5000  -0.013932   0.410292   0.396361 
       79.0000  -0.034241   0.422013   0.387772 
       79.5000  -0.007918   0.381538   0.373620 
       80.0000  -0.025866   0.400429   0.374562 
       80.5000  -0.018381   0.394525   0.376144 
       81.0000   0.011113   0.366242   0.377355 
       81.5000   0.019812   0.358535   0.378347 
       82.0000  -0.015834   0.391970   0.376135 
       82.5000   0.012407   0.352932   0.365339 
       83.0000   0.006897   0.345292   0.352189 
       83.5000  -0.012053   0.370248   0.358195 
       84.0000   0.021637   0.344446   0.366083 
       84.5000  -0.011467   0.382257   0.370790 
       85.0000  -0.003228   0.378225   0.374997 
       85.5000   0.016296   0.353418   0.369715 
       86.0000   0.030542   0.330106   0.360648 
       86.5000   0.028758   0.324857   0.353616 
       87.0000  -0.009355   0.371029   0.361674 
       87.5000   0.001793   0.359821   0.361613 
       88.0000  -0.016390   0.380288   0.363899 
       88.5000  -0.002611   0.368465   0.365853 
       89.0000   0.004132   0.369110   0.373241 
       89.5000   0.000914   0.367354   0.368268 
       90.0000  -0.005332   0.376791   0.371459 
       90.5000   0.020677   0.362944   0.383621 
       91.0000   0.008809   0.370706   0.379515 
       91.5000   0.019557   0.359085   0.378642 
       92.0000   0.020701   0.353799   0.374500 
       92.5000   0.020005   0.346185   0.366190 
       93.0000   0.019101   0.360832   0.379933 
       93.5000   0.032656   0.353190   0.385846 
       94.0000   0.018837   0.371170   0.390007 
       94.5000   0.008142   0.374859   0.383001 
       95.0000  -0.001906   0.371940   0.370034 
       95.5000   0.001916   0.354963   0.356879 
       96.0000  -0.014056   0.377083   0.363027 
       96.5000  -0.009987   0.386871   0.376884 
       97.0000  -0.001843   0.390315   0.388472 
       97.5000   0.014135   0.371947   0.386081 
       98.0000  -0.036750   0.413859   0.377109 
       98.5000  -0.033799   0.409475   0.375676 
       99.0000  -0.042020   0.411196   0.369176 
       99.5000  -0.009418   0.357289   0.347871 
      100.0000  -0.012911   0.356491   0.343580 
      100.5000  -0.038196   0.395112   0.356916 
      101.0000  -0.034043   0.392053   0.358010 
      101.5000  -0.042538   0.404204   0.361666 
      102.0000  -0.075225   0.439605   0.364379 
      102.5000  -0.078445   0.442541   0.364096 
      103.0000  -0.029143   0.381690   0.352547 
      103.5000  -0.069976   0.420434   0.350458 
      104.0000  -0.049221   0.382894   0.333673 
      104.5000  -0.078553   0.410020   0.331467 
      105.0000  -0.078145   0.406045   0.327899 
      105.5000  -0.127048   0.453559   0.326511 
      106.0000  -0.110589   0.440187   0.329598 
      106.5000  -0.107858   0.423423   0.315564 
      107.0000  -0.119380   0.434889   0.315508 
      107.5000  -0.099132   0.414308   0.315176 
      108.0000  -0.116705   0.430558   0.313853 
      108.5000  -0.123601   0.430909   0.307308 
      109.0000  -0.139501   0.440440   0.300939 
      109.5000  -0.142472   0.442937   0.300465 
      110.0000  -0.193060   0.483566   0.290505 
      110.5000  -0.174182   0.461618   0.287436 
      111.0000  -0.173773   0.462045   0.288271 
      111.5000  -0.171349   0.464206   0.292857 
      112.0000  -0.151008   0.455456   0.304448 
      112.5000  -0.142805   0.442031   0.299226 
      113.0000  -0.110209   0.392652   0.282444 
      113.5000  -0.135545   0.419528   0.283983 
      114.0000  -0.126296   0.418744   0.292447 
      114.5000  -0.117873   0.411935   0.294062 
      115.0000  -0.125113   0.413833   0.288720 
      115.5000  -0.097191   0.379686   0.282494 
      116.0000  -0.108215   0.390407   0.282192 
      116.5000  -0.151649   0.417077   0.265428 
      117.0000  -0.148428   0.405656   0.257228 
      117.5000  -0.119855   0.380048   0.260193 
      118.0000  -0.103444   0.352946   0.249502 
      118.5000  -0.118724   0.369391   0.250667 
      119.0000  -0.111276   0.350621   0.239345 
      119.5000  -0.112734   0.350701   0.237968 
      120.0000  -0.145263   0.379555   0.234292 
      120.5000  -0.147284   0.374368   0.227084 
      121.0000  -0.130701   0.351944   0.221243 
      121.5000  -0.139463   0.354721   0.215258 
      122.0000  -0.112654   0.328114   0.215460 
      122.5000  -0.180602   0.391702   0.211099 
      123.0000  -0.139788   0.347620   0.207832 
      123.5000  -0.123839   0.329437   0.205597 
      124.0000  -0.152576   0.355385   0.202809 
      124.5000  -0.128590   0.335617   0.207026 
      125.0000  -0.170222   0.377041   0.206819 
      125.5000  -0.192261   0.400811   0.208550 
      126.0000  -0.204392   0.398121   0.193729 
      126.5000  -0.171954   0.371260   0.199305 
      127.0000  -0.179532   0.355537   0.176005 
      127.5000  -0.186002   0.364554   0.178552 
      128.0000  -0.166178   0.343796   0.177618 
      128.5000  -0.169435   0.350708   0.181273 
      129.0000  -0.174817   0.345738   0.170921 
      129.5000  -0.160575   0.323575   0.163000 
      130.0000  -0.171859   0.335073   0.163214 
      130.5000  -0.180775   0.345710   0.164936 
      131.0000  -0.207923   0.366817   0.158894 
      131.5000  -0.188997   0.340801   0.151804 
      132.0000  -0.192418   0.344807   0.152389 
      132.5000  -0.206451   0.354644   0.148193 
      133.0000  -0.159794   0.298794   0.139000 
      133.5000  -0.191163   0.316889   0.125726 
      134.0000  -0.206051   0.344146   0.138094 
      134.5000  -0.186417   0.320623   0.134206 
      135.0000  -0.185105   0.309383   0.124278 
      135.5000  -0.238480   0.362503   0.124024 
      136.0000  -0.243700   0.371459   0.127759 
      136.5000  -0.223667   0.338686   0.115019 
      137.0000  -0.239677   0.350744   0.111067 
      137.5000  -0.220991   0.330974   0.109983 
      138.0000  -0.227358   0.334327   0.106969 
      138.5000  -0.213520   0.322416   0.108896 
      139.0000  -0.219035   0.321655   0.102620 
      139.5000  -0.253693   0.355463   0.101770 
      140.0000  -0.245508   0.342218   0.096710 
      140.5000  -0.237601   0.332611   0.095010 
      141.0000  -0.269783   0.349594   0.079811 
      141.5000  -0.238754   0.304594   0.065840 
      142.0000  -0.256585   0.329693   0.073109 
      142.5000  -0.240485   0.320741   0.080256 
      143.0000  -0.267815   0.339385   0.071570 
      143.5000  -0.255843   0.327251   0.071408 
      144.0000  -0.245432   0.321225   0.075793 
      144.5000  -0.264530   0.344722   0.080192 
      145.0000  -0.277232   0.361538   0.084306 
      145.5000  -0.272408   0.361101   0.088693 
      146.0000  -0.266005   0.342948   0.076943 
      146.5000  -0.252113   0.328208   0.076095 
      147.0000  -0.259285   0.338329   0.079044 
      147.5000  -0.246989   0.330178   0.083188 
      148.0000  -0.266328   0.341300   0.074972 
      148.5000  -0.285219   0.352634   0.067415 
      149.0000  -0.278426   0.337751   0.059325 
      149.5000  -0.303450   0.354508   0.051058 
      150.0000  -0.292662   0.341766   0.049104 
      150.5000  -0.283875   0.331118   0.047242 
      151.0000  -0.279674   0.339512   0.059838 
      151.5000  -0.269913   0.327101   0.057188 
      152.0000  -0.251781   0.304407   0.052626 
      152.5000  -0.296824   0.356422   0.059598 
      153.0000  -0.289932   0.338135   0.048203 
      153.5000  -0.295860   0.342412   0.046552 
      154.0000  -0.266590   0.316697   0.050107 
      154.5000  -0.276261   0.316239   0.039977 
      155.0000  -0.303018   0.340032   0.037014 
      155.5000  -0.319047   0.366381   0.047334 
      156.0000  -0.272719   0.318693   0.045974 
      156.5000  -0.313502   0.353154   0.039652 
      157.0000  -0.292008   0.331695   0.039687 
      157.5000  -0.300678   0.323840   0.023163 
      158.0000  -0.315506   0.337774   0.022268 
      158.5000  -0.321005   0.342292   0.021287 
      159.0000  -0.307659   0.335232   0.027572 
      159.5000  -0.295700   0.323848   0.028148 
      160.0000  -0.296963   0.319540   0.022577 
      160.5000  -0.300552   0.312342   0.011790 
      161.0000  -0.301835   0.311562   0.009727 
      161.5000  -0.298085   0.308405   0.010320 
      162.0000  -0.288583   0.310552   0.021969 
      162.5000  -0.309059   0.330618   0.021559 
      163.0000  -0.273449   0.287976   0.014527 
      163.5000  -0.320392   0.324728   0.004335 
      164.0000  -0.299932   0.307398   0.007466 
      164.5000  -0.308931   0.318338   0.009407 
      165.0000  -0.321749   0.315097  -0.006651 
      165.5000  -0.321489   0.308517  -0.012972 
      166.0000  -0.310620   0.309073  -0.001547 
      166.5000  -0.317676   0.315737  -0.001938 
      167.0000  -0.344762   0.336242  -0.008520 
      167.5000  -0.337553   0.329046  -0.008507 
      168.0000  -0.364473   0.367210   0.002737 
      168.5000  -0.303100   0.307344   0.004244 
      169.0000  -0.322010   0.331590   0.009580 
      169.5000  -0.325631   0.331349   0.005718 
      170.0000  -0.345848   0.354747   0.008898 
      170.5000  -0.322232   0.332987   0.010755 
      171.0000  -0.320841   0.335968   0.015127 
      171.5000  -0.308281   0.315012   0.006731 
      172.0000  -0.343656   0.342786  -0.000870 
      172.5000  -0.328962   0.314810  -0.014152 
      173.0000  -0.318665   0.312287  -0.006377 
      173.5000  -0.307180   0.314127   0.006947 
      174.0000  -0.321324   0.330225   0.008901 
      174.5000  -0.301371   0.294288  -0.007084 
      175.0000  -0.315090   0.301358  -0.013732 
      175.5000  -0.307075   0.288455  -0.018620 
      176.0000  -0.338400   0.326386  -0.012014 
      176.5000  -0.304110   0.293396  -0.010714 
      177.0000  -0.317361   0.314056  -0.003305 
      177.5000  -0.313132   0.302860  -0.010272 
      178.0000  -0.321424   0.307338  -0.014086 
      178.5000  -0.299243   0.285990  -0.013253 
      179.0000  -0.325044   0.307825  -0.017218 
      179.5000  -0.311006   0.285337  -0.025669 
      180.0000  -0.319087   0.295756  -0.023331 
      180.5000  -0.302535   0.282589  -0.019946 
      181.0000  -0.296532   0.285268  -0.011264 
      181.5000  -0.290231   0.274890  -0.015340 
      182.0000  -0.293688   0.264383  -0.029305 
      182.5000  -0.314291   0.286106  -0.028185 
      183.0000  -0.312530   0.283588  -0.028942 
      183.5000  -0.348141   0.312088  -0.036053 
      184.0000  -0.319498   0.288773  -0.030725 
      184.5000  -0.337165   0.304308  -0.032857 
      185.0000  -0.303849   0.271989  -0.031861 
      185.5000  -0.331767   0.292421  -0.039346 
      186.0000  -0.349735   0.309736  -0.039999 
      186.5000  -0.347554   0.313459  -0.034095 
      187.0000  -0.341732   0.319773  -0.021959 
      187.5000  -0.318646   0.300622  -0.018024 
      188.0000  -0.364925   0.342455  -0.022470 
      188.5000  -0.349164   0.318684  -0.030480 
      189.0000  -0.354683   0.326568  -0.028115 
      189.5000  -0.357989   0.333087  -0.024902 
      190.0000  -0.323703   0.288939  -0.034764 
      190.5000  -0.341958   0.290354  -0.051604 
      191.0000  -0.338798   0.290821  -0.047978 
      191.5000  -0.363780   0.320692  -0.043088 
      192.0000  -0.343168   0.295326  -0.047842 
      192.5000  -0.343133   0.293638  -0.049495 
      193.0000  -0.318853   0.260686  -0.058168 
      193.5000  -0.348514   0.281724  -0.066790 
      194.0000  -0.351104   0.283988  -0.067117 
      194.5000  -0.359878   0.284710  -0.075168 
      195.0000  -0.340287   0.272700  -0.067587 
      195.5000  -0.343019   0.285445  -0.057574 
      196.0000  -0.321268   0.268738  -0.052531 
      196.5000  -0.342683   0.286446  -0.056237 
      197.0000  -0.330910   0.265160  -0.065750 
      197.5000  -0.347482   0.296656  -0.050826 
      198.0000  -0.362027   0.305267  -0.056760 
      198.5000  -0.355076   0.300065  -0.055011 
      199.0000  -0.343657   0.289100  -0.054557 
      199.5000  -0.326723   0.276381  -0.050342 
      200.0000  -0.342687   0.297918  -0.044769 
      200.5000  -0.330630   0.284293  -0.046337 
      201.0000  -0.313039   0.279308  -0.033730 
      201.5000  -0.332154   0.298770  -0.033384 
      202.0000  -0.342817   0.295240  -0.047577 
      202.5000  -0.309368   0.261208  -0.048160 
      203.0000  -0.331378   0.284277  -0.047101 
      203.5000  -0.343416   0.291897  -0.051518 
      204.0000  -0.366146   0.314066  -0.052080 
      204.5000  -0.349198   0.294581  -0.054617 
      205.0000  -0.358992   0.293808  -0.065183 
      205.5000  -0.345553   0.280144  -0.065409 
      206.0000  -0.346041   0.279654  -0.066387 
      206.5000  -0.398048   0.336350  -0.061698 
      207.0000  -0.358257   0.293600  -0.064656 
      207.5000  -0.365537   0.302248  -0.063289 
      208.0000  -0.361518   0.301371  -0.060148 
      208.5000  -0.382682   0.318254  -0.064428 
      209.0000  -0.347921   0.289193  -0.058728 
      209.5000  -0.371463   0.324899  -0.046564 
      210.0000  -0.354279   0.302752  -0.051528 
      210.5000  -0.356487   0.304972  -0.051515 
      211.0000  -0.344606   0.295585  -0.049021 
      211.5000  -0.348243   0.293005  -0.055238 
      212.0000  -0.358298   0.308426  -0.049873 
      212.5000  -0.368043   0.313069  -0.054974 
      213.0000  -0.360675   0.310823  -0.049852 
      213.5000  -0.369328   0.316803  -0.052525 
      214.0000  -0.352266   0.295014  -0.057252 
      214.5000  -0.337124   0.282491  -0.054633 
      215.0000  -0.364941   0.309006  -0.055935 
      215.5000  -0.348241   0.294402  -0.053839 
      216.0000  -0.391680   0.331841  -0.059838 
      216.5000  -0.374548   0.322061  -0.052486 
      217.0000  -0.375036   0.316260  -0.058776 
      217.5000  -0.362693   0.306836  -0.055857 
      218.0000  -0.335272   0.274796  -0.060477 
      218.5000  -0.359863   0.294287  -0.065576 
      219.0000  -0.345523   0.273574  -0.071948 
      219.5000  -0.343538   0.267835  -0.075702 
      220.0000  -0.367429   0.289311  -0.078117 
      220.5000  -0.369914   0.298204  -0.071709 
      221.0000  -0.374743   0.304713  -0.070030 
      221.5000  -0.349193   0.273229  -0.075964 
      222.0000  -0.349411   0.281141  -0.068270 
      222.5000  -0.379303   0.313997  -0.065306 
      223.0000  -0.380713   0.310206  -0.070507 
      223.5000  -0.350586   0.287342  -0.063243 
      224.0000  -0.388912   0.331905  -0.057007 
      224.5000  -0.375624   0.309744  -0.065880 
      225.0000  -0.365026   0.301288  -0.063738 
      225.5000  -0.381787   0.317942  -0.063845 
      226.0000  -0.364167   0.293251  -0.070916 
      226.5000  -0.373243   0.308052  -0.065191 
      227.0000  -0.414283   0.350260  -0.064022 
      227.5000  -0.391479   0.328756  -0.062722 
      228.0000  -0.359013   0.291777  -0.067236 
      228.5000  -0.360121   0.288355  -0.071766 
      229.0000  -0.396726   0.320955  -0.075771 
      229.5000  -0.368766   0.302315  -0.066451 
      230.0000  -0.368432   0.306357  -0.062075 
      230.5000  -0.374257   0.309269  -0.064987 
      231.0000  -0.405585   0.336751  -0.068834 
      231.5000  -0.362747   0.292524  -0.070224 
      232.0000  -0.386545   0.320071  -0.066474 
      232.5000  -0.378010   0.309132  -0.068878 
      233.0000  -0.351011   0.279536  -0.071475 
      233.5000  -0.392242   0.313306  -0.078936 
      234.0000  -0.395925   0.317968  -0.077957 
      234.5000  -0.423385   0.344224  -0.079161 
      235.0000  -0.390313   0.303908  -0.086405 
      235.5000  -0.385114   0.301152  -0.083962 
      236.0000  -0.402101   0.323165  -0.078935 
      236.5000  -0.397883   0.314944  -0.082940 
      237.0000  -0.401194   0.325497  -0.075697 
      237.5000  -0.382691   0.297994  -0.084697 
      238.0000  -0.415188   0.334998  -0.080190 
      238.5000  -0.365869   0.284398  -0.081471 
      239.0000  -0.388613   0.308421  -0.080192 
      239.5000  -0.359433   0.280054  -0.079379 
      240.0000  -0.393709   0.316948  -0.076761 
      240.5000  -0.392227   0.307215  -0.085012 
      241.0000  -0.395897   0.309782  -0.086116 
      241.5000  -0.403391   0.309075  -0.094316 
      242.0000  -0.390583   0.285991  -0.104592 
      242.5000  -0.398249   0.295492  -0.102757 
      243.0000  -0.427866   0.327579  -0.100287 
      243.5000  -0.429450   0.328537  -0.100913 
      244.0000  -0.422556   0.332635  -0.089922 
      244.5000  -0.384686   0.302031  -0.082655 
      245.0000  -0.404118   0.315343  -0.088775 
      245.5000  -0.407676   0.324094  -0.083582 
      246.0000  -0.401198   0.313893  -0.087306 
      246.5000  -0.404502   0.324603  -0.079899 
      247.0000  -0.372039   0.287115  -0.084924 
      247.5000  -0.418566   0.333595  -0.084970 
      248.0000  -0.416099   0.329539  -0.086561 
      248.5000  -0.393708   0.307028  -0.086680 
      249.0000  -0.405945   0.313548  -0.092397 
      249.5000  -0.397826   0.303694  -0.094131 
      250.0000  -0.439610   0.349948  -0.089662 
      250.5000  -0.395876   0.307729  -0.088147 
      251.0000  -0.421344   0.331721  -0.089623 
      251.5000  -0.376684   0.285755  -0.090929 
      252.0000  -0.420731   0.326803  -0.093928 
      252.5000  -0.409709   0.309552  -0.100158 
      253.0000  -0.392340   0.288115  -0.104226 
      253.5000  -0.403291   0.298658  -0.104633 
      254.0000  -0.404158   0.298473  -0.105684 
      254.5000  -0.422890   0.310144  -0.112746 
      255.0000  -0.432910   0.310753  -0.122157 
      255.5000  -0.456119   0.334058  -0.122062 
      256.0000  -0.437435   0.322054  -0.115381 
      256.5000  -0.440144   0.314830  -0.125314 
      257.0000  -0.396887   0.272366  -0.124521 
      257.5000  -0.416852   0.296253  -0.120599 
      258.0000  -0.406742   0.291021  -0.115721 
      258.5000  -0.446707   0.329150  -0.117557 
      259.0000  -0.402208   0.278031  -0.124177 
      259.5000  -0.451250   0.318483  -0.132767 
      260.0000  -0.436725   0.296328  -0.140397 
      260.5000  -0.397822   0.252286  -0.145535 
      261.0000  -0.436857   0.304704  -0.132153 
      261.5000  -0.422137   0.295000  -0.127137 
      262.0000  -0.441021   0.315757  -0.125264 
      262.5000  -0.446209   0.328004  -0.118205 
      263.0000  -0.443222   0.324817  -0.118405 
      263.5000  -0.445696   0.325155  -0.120541 
      264.0000  -0.424720   0.299203  -0.125517 
      264.5000  -0.459714   0.335051  -0.124663 
      265.0000  -0.447726   0.325660  -0.122066 
      265.5000  -0.406294   0.280213  -0.126081 
      266.0000  -0.443488   0.311612  -0.131876 
      266.5000  -0.435623   0.312362  -0.123260 
      267.0000  -0.448157   0.329643  -0.118514 
      267.5000  -0.479062   0.367948  -0.111114 
      268.0000  -0.443649   0.333370  -0.110279 
      268.5000  -0.467525   0.350243  -0.117283 
      269.0000  -0.458378   0.336363  -0.122016 
      269.5000  -0.476093   0.354165  -0.121928 
      270.0000  -0.460104   0.324266  -0.135838 
      270.5000  -0.460808   0.323122  -0.137686 
      271.0000  -0.469323   0.340145  -0.129178 
      271.5000  -0.460427   0.330499  -0.129928 
      272.0000  -0.459327   0.331893  -0.127433 
      272.5000  -0.442436   0.316628  -0.125808 
      273.0000  -0.461913   0.331793  -0.130120 
      273.5000  -0.451430   0.314691  -0.136739 
      274.0000  -0.427551   0.285473  -0.142078 
      274.5000  -0.450834   0.302316  -0.148519 
      275.0000  -0.463930   0.311250  -0.152680 
      275.5000  -0.447050   0.307133  -0.139917 
      276.0000  -0.481172   0.344671  -0.136502 
      276.5000  -0.446444   0.304126  -0.142317 
      277.0000  -0.458176   0.315170  -0.143006 
      277.5000  -0.452484   0.314643  -0.137841 
      278.0000  -0.490900   0.349494  -0.141405 
      278.5000  -0.463504   0.318204  -0.145300 
      279.0000  -0.425986   0.283128  -0.142858 
      279.5000  -0.473819   0.327667  -0.146152 
      280.0000  -0.428865   0.286283  -0.142581 
      280.5000  -0.449970   0.297388  -0.152582 
      281.0000  -0.453362   0.300620  -0.152742 
      281.5000  -0.480045   0.327510  -0.152535 
      282.0000  -0.458149   0.299793  -0.158356 
      282.5000  -0.460290   0.299572  -0.160719 
      283.0000  -0.462368   0.319573  -0.142795 
      283.5000  -0.465659   0.328639  -0.137020 
      284.0000  -0.445745   0.304083  -0.141662 
      284.5000  -0.466043   0.318030  -0.148013 
      285.0000  -0.464203   0.308714  -0.155489 
      285.5000  -0.444165   0.294943  -0.149222 
      286.0000  -0.434057   0.294814  -0.139243 
      286.5000  -0.455274   0.321126  -0.134147 
      287.0000  -0.480061   0.354242  -0.125819 
      287.5000  -0.418311   0.298688  -0.119623 
      288.0000  -0.444473   0.319857  -0.124616 
      288.5000  -0.431013   0.301070  -0.129943 
      289.0000  -0.432574   0.296050  -0.136524 
      289.5000  -0.414199   0.295226  -0.118973 
      290.0000  -0.427584   0.305542  -0.122042 
      290.5000  -0.451027   0.312724  -0.138303 
      291.0000  -0.458507   0.319411  -0.139096 
      291.5000  -0.434939   0.291915  -0.143024 
      292.0000  -0.428289   0.277538  -0.150751 
      292.5000  -0.436384   0.279297  -0.157087 
      293.0000  -0.462359   0.315771  -0.146588 
      293.5000  -0.442225   0.292865  -0.149360 
      294.0000  -0.442075   0.303431  -0.138644 
      294.5000  -0.423632   0.278340  -0.145292 
      295.0000  -0.437106   0.288709  -0.148398 
      295.5000  -0.427900   0.279631  -0.148270 
      296.0000  -0.447690   0.299728  -0.147961 
      296.5000  -0.451725   0.312044  -0.139682 
      297.0000  -0.393008   0.245968  -0.147040 
      297.5000  -0.447019   0.290937  -0.156082 
      298.0000  -0.419470   0.257386  -0.162084 
      298.5000  -0.432778   0.264943  -0.167835 
      299.0000  -0.452972   0.290103  -0.162868 
      299.5000  -0.439367   0.278469  -0.160898 
      300.0000  -0.467389   0.313280  -0.154109 
      300.5000  -0.453830   0.307562  -0.146268 
      301.0000  -0.460759   0.308191  -0.152568 
      301.5000  -0.442727   0.292374  -0.150353 
      302.0000  -0.413947   0.270600  -0.143347 
      302.5000  -0.429842   0.284587  -0.145255 
      303.0000  -0.405304   0.260715  -0.144590 
      303.5000  -0.391280   0.253405  -0.137875 
      304.0000  -0.413504   0.274983  -0.138521 
      304.5000  -0.400725   0.270157  -0.130568 
      305.0000  -0.424925   0.293043  -0.131882 
      305.5000  -0.407630   0.278320  -0.129310 
      306.0000  -0.423169   0.282910  -0.140259 
      306.5000  -0.403868   0.262770  -0.141097 
      307.0000  -0.405047   0.263390  -0.141657 
      307.5000  -0.402555   0.267086  -0.135469 
      308.0000  -0.400505   0.275815  -0.124689 
      308.5000  -0.410669   0.291955  -0.118714 
      309.0000  -0.426856   0.308819  -0.118037 
      309.5000  -0.413847   0.295980  -0.117867 
      310.0000  -0.429174   0.309886  -0.119288 
      310.5000  -0.412521   0.291407  -0.121114 
      311.0000  -0.418493   0.296778  -0.121715 
      311.5000  -0.409767   0.296386  -0.113380 
      312.0000  -0.431882   0.313921  -0.117961 
      312.5000  -0.402925   0.280083  -0.122842 
      313.0000  -0.396486   0.287176  -0.109310 
      313.5000  -0.430485   0.311872  -0.118614 
      314.0000  -0.423513   0.293860  -0.129653 
      314.5000  -0.457500   0.332171  -0.125329 
      315.0000  -0.447909   0.324071  -0.123838 
      315.5000  -0.424793   0.297923  -0.126870 
      316.0000  -0.421844   0.290940  -0.130905 
      316.5000  -0.422658   0.298695  -0.123963 
      317.0000  -0.441556   0.315526  -0.126029 
      317.5000  -0.406917   0.277949  -0.128968 
      318.0000  -0.439640   0.318105  -0.121535 
      318.5000  -0.392519   0.278785  -0.113734 
      319.0000  -0.423867   0.307215  -0.116652 
      319.5000  -0.457729   0.344814  -0.112915 
      320.0000  -0.430441   0.323326  -0.107115 
      320.5000  -0.424867   0.316588  -0.108279 
      321.0000  -0.411030   0.300918  -0.110112 
      321.5000  -0.414405   0.307502  -0.106903 
      322.0000  -0.424126   0.325974  -0.098152 
      322.5000  -0.436106   0.340211  -0.095895 
      323.0000  -0.400719   0.304415  -0.096304 
      323.5000  -0.391775   0.296117  -0.095658 
      324.0000  -0.402050   0.301910  -0.100140 
      324.5000  -0.410936   0.308503  -0.102433 
      325.0000  -0.427104   0.324491  -0.102613 
      325.5000  -0.413414   0.312895  -0.100519 
      326.0000  -0.399634   0.293661  -0.105972 
      326.5000  -0.432356   0.331653  -0.100703 
      327.0000  -0.417630   0.312295  -0.105335 
      327.5000  -0.439021   0.329695  -0.109326 
      328.0000  -0.438457   0.311750  -0.126706 
      328.5000  -0.451718   0.327620  -0.124098 
      329.0000  -0.423621   0.303343  -0.120278 
      329.5000  -0.435048   0.317467  -0.117580 
      330.0000  -0.442168   0.333561  -0.108607 
      330.5000  -0.448406   0.334309  -0.114097 
      331.0000  -0.468070   0.346217  -0.121852 
      331.5000  -0.451388   0.329063  -0.122325 
      332.0000  -0.470680   0.355678  -0.115002 
      332.5000  -0.422535   0.309941  -0.112594 
      333.0000  -0.488894   0.383984  -0.104910 
      333.5000  -0.465994   0.364534  -0.101460 
      334.0000  -0.424364   0.330901  -0.093463 
      334.5000  -0.443801   0.345575  -0.098226 
      335.0000  -0.455161   0.356345  -0.098817 
      335.5000  -0.424257   0.328187  -0.096070 
      336.0000  -0.437199   0.343414  -0.093785 
      336.5000  -0.434727   0.344196  -0.090531 
      337.0000  -0.444402   0.358897  -0.085505 
      337.5000  -0.436860   0.342519  -0.094340 
      338.0000  -0.448932   0.354493  -0.094438 
      338.5000  -0.451129   0.359291  -0.091837 
      339.0000  -0.460578   0.354517  -0.106061 
      339.5000  -0.482168   0.364952  -0.117217 
      340.0000  -0.426754   0.304257  -0.122497 
      340.5000  -0.439608   0.307820  -0.131788 
      341.0000  -0.431128   0.299223  -0.131905 
      341.5000  -0.456927   0.324644  -0.132283 
      342.0000  -0.420303   0.282911  -0.137391 
      342.5000  -0.464081   0.329662  -0.134419 
      343.0000  -0.436121   0.295905  -0.140216 
      343.5000  -0.443377   0.311835  -0.131541 
      344.0000  -0.443817   0.310791  -0.133026 
      344.5000  -0.435920   0.311678  -0.124242 
      345.0000  -0.462169   0.328417  -0.133752 
      345.5000  -0.430836   0.298785  -0.132051 
      346.0000  -0.449031   0.320307  -0.128724 
      346.5000  -0.460593   0.338123  -0.122469 
      347.0000  -0.455565   0.318329  -0.137236 
      347.5000  -0.427101   0.285543  -0.141558 
      348.0000  -0.441387   0.312206  -0.129181 
      348.5000  -0.408862   0.279560  -0.129303 
      349.0000  -0.415327   0.293579  -0.121748 
      349.5000  -0.416321   0.291023  -0.125298 
      350.0000  -0.433511   0.307204  -0.126307 
      350.5000  -0.400357   0.278238  -0.122119 
      351.0000  -0.417596   0.297200  -0.120397 
      351.5000  -0.387556   0.275304  -0.112252 
      352.0000  -0.422102   0.311517  -0.110585 
      352.5000  -0.391486   0.281071  -0.110415 
      353.0000  -0.409520   0.302284  -0.107236 
      353.5000  -0.409028   0.300334  -0.108694 
      354.0000  -0.386069   0.277859  -0.108211 
      354.5000  -0.411049   0.297753  -0.113296 
      355.0000  -0.420294   0.297763  -0.122531 
      355.5000  -0.424335   0.308527  -0.115807 
      356.0000  -0.425105   0.309021  -0.116085 
      356.5000  -0.382836   0.265419  -0.117417 
      357.0000  -0.406498   0.281540  -0.124958 
      357.5000  -0.416847   0.282638  -0.134208 
      358.0000  -0.394387   0.265392  -0.128994 
      358.5000  -0.432026   0.303624  -0.128402 
      359.0000  -0.412761   0.284698  -0.128063 
      359.5000  -0.411634   0.281090  -0.130544 
      360.0000  -0.414898   0.291218  -0.123680 
      360.5000  -0.400674   0.284259  -0.116415 
      361.0000  -0.420246   0.312376  -0.107870 
      361.5000  -0.410525   0.307022  -0.103503 
      362.0000  -0.396662   0.292887  -0.103775 
      362.5000  -0.399811   0.288363  -0.111448 
      363.0000  -0.423265   0.312382  -0.110883 
      363.5000  -0.392664   0.282225  -0.110439 
      364.0000  -0.402871   0.286460  -0.116412 
      364.5000  -0.408840   0.291064  -0.117776 
      365.0000  -0.415851   0.290872  -0.124979 
      365.5000  -0.444551   0.329792  -0.114759 
      366.0000  -0.412347   0.286542  -0.125805 
      366.5000  -0.430818   0.292790  -0.138027 
      367.0000  -0.433833   0.299114  -0.134719 
      367.5000  -0.417390   0.283849  -0.133540 
      368.0000  -0.403780   0.273265  -0.130515 
      368.5000  -0.408632   0.272789  -0.135843 
      369.0000  -0.425215   0.285416  -0.139798 
      369.5000  -0.442038   0.303857  -0.138181 
      370.0000  -0.419528   0.269924  -0.149604 
      370.5000  -0.437314   0.276464  -0.160850 
      371.0000  -0.417414   0.266711  -0.150703 
      371.5000  -0.427735   0.281303  -0.146432 
      372.0000  -0.416823   0.278000  -0.138823 
      372.5000  -0.419603   0.274402  -0.145201 
      373.0000  -0.426433   0.268909  -0.157524 
      373.5000  -0.431043   0.279661  -0.151383 
      374.0000  -0.421517   0.275332  -0.146185 
      374.5000  -0.414790   0.264278  -0.150512 
      375.0000  -0.428255   0.272258  -0.155997 
      375.5000  -0.402433   0.246074  -0.156359 
      376.0000  -0.428483   0.273689  -0.154795 
      376.5000  -0.449499   0.290760  -0.158739 
      377.0000  -0.412865   0.250065  -0.162800 
      377.5000  -0.446473   0.288422  -0.158051 
      378.0000  -0.440084   0.281535  -0.158549 
      378.5000  -0.429182   0.270756  -0.158426 
      379.0000  -0.462616   0.301556  -0.161060 
      379.5000  -0.431002   0.261251  -0.169750 
      380.0000  -0.446752   0.281318  -0.165434 
      380.5000  -0.490397   0.328822  -0.161575 
      381.0000  -0.448033   0.288481  -0.159552 
      381.5000  -0.463346   0.307443  -0.155903 
      382.0000  -0.442199   0.293071  -0.149128 
      382.5000  -0.459480   0.310284  -0.149196 
      383.0000  -0.480710   0.327750  -0.152959 
      383.5000  -0.433811   0.271832  -0.161979 
      384.0000  -0.463652   0.290211  -0.173441 
      384.5000  -0.453809   0.285272  -0.168537 
      385.0000  -0.461894   0.297017  -0.164877 
      385.5000  -0.455143   0.290542  -0.164601 
      386.0000  -0.480863   0.312097  -0.168766 
      386.5000  -0.477683   0.298382  -0.179301 
      387.0000  -0.482862   0.311982  -0.170880 
      387.5000  -0.478096   0.301698  -0.176398 
      388.0000  -0.480604   0.304374  -0.176230 
      388.5000  -0.476782   0.303216  -0.173566 
      389.0000  -0.479724   0.304676  -0.175049 
      389.5000  -0.476467   0.311641  -0.164826 
      390.0000  -0.487678   0.314032  -0.173646 
      390.5000  -0.491920   0.320015  -0.171905 
      391.0000  -0.493903   0.321717  -0.172186 
      391.5000  -0.502197   0.330229  -0.171969 
      392.0000  -0.482257   0.311959  -0.170299 
      392.5000  -0.471082   0.308329  -0.162753 
      393.0000  -0.488309   0.320316  -0.167993 
      393.5000  -0.507268   0.341812  -0.165456 
      394.0000  -0.503757   0.334015  -0.169742 
      394.5000  -0.451868   0.283491  -0.168377 
      395.0000  -0.492202   0.323934  -0.168268 
      395.5000  -0.487822   0.318747  -0.169075 
      396.0000  -0.483982   0.313229  -0.170753 
      396.5000  -0.501033   0.338532  -0.162501 
      397.0000  -0.504075   0.345993  -0.158082 
      397.5000  -0.486676   0.332634  -0.154043 
      398.0000  -0.515208   0.350350  -0.164858 
      398.5000  -0.499143   0.323089  -0.176054 
      399.0000  -0.516068   0.352656  -0.163411 
      399.5000  -0.505435   0.352194  -0.153241 
      400.0000  -0.501075   0.348915  -0.152160 
      400.5000  -0.477924   0.318393  -0.159531 
      401.0000  -0.492925   0.342097  -0.150828 
      401.5000  -0.496230   0.346740  -0.149490 
      402.0000  -0.482196   0.325312  -0.156884 
      402.5000  -0.502346   0.339900  -0.162446 
      403.0000  -0.501433   0.350802  -0.150630 
      403.5000  -0.510649   0.356419  -0.154230 
      404.0000  -0.512711   0.350869  -0.161841 
      404.5000  -0.508851   0.344552  -0.164298 
      405.0000  -0.527070   0.358072  -0.168998 
      405.5000  -0.486428   0.312368  -0.174059 
      406.0000  -0.507391   0.319352  -0.188040 
      406.5000  -0.513051   0.322800  -0.190251 
      407.0000  -0.511368   0.335620  -0.175748 
      407.5000  -0.502137   0.334693  -0.167444 
      408.0000  -0.489875   0.318643  -0.171232 
      408.5000  -0.473921   0.311662  -0.162259 
      409.0000  -0.468595   0.322798  -0.145797 
      409.5000  -0.483783   0.344155  -0.139628 
      410.0000  -0.486466   0.351414  -0.135053 
      410.5000  -0.483593   0.346495  -0.137098 
      411.0000  -0.479183   0.346036  -0.133147 
      411.5000  -0.458630   0.323555  -0.135075 
      412.0000  -0.475486   0.334748  -0.140739 
      412.5000  -0.477332   0.337892  -0.139439 
      413.0000  -0.485402   0.344987  -0.140415 
      413.5000  -0.486594   0.344353  -0.142241 
      414.0000  -0.458684   0.314364  -0.144320 
      414.5000  -0.472451   0.320403  -0.152048 
      415.0000  -0.458473   0.307051  -0.151422 
      415.5000  -0.463943   0.305717  -0.158227 
      416.0000  -0.476362   0.321832  -0.154531 
      416.5000  -0.455078   0.297329  -0.157750 
      417.0000  -0.452400   0.295425  -0.156975 
      417.5000  -0.471271   0.307488  -0.163782 
      418.0000  -0.475527   0.305325  -0.170202 
      418.5000  -0.484738   0.304366  -0.180373 
      419.0000  -0.521204   0.338662  -0.182542 
      419.5000  -0.471652   0.279430  -0.192221 
      420.0000  -0.470554   0.287416  -0.183139 
      420.5000  -0.499877   0.316534  -0.183344 
      421.0000  -0.456561   0.274626  -0.181935 
      421.5000  -0.511173   0.317483  -0.193690 
      422.0000  -0.503108   0.305395  -0.197713 
      422.5000  -0.522955   0.316683  -0.206271 
      423.0000  -0.519618   0.312296  -0.207322 
      423.5000  -0.508926   0.303433  -0.205494 
      424.0000  -0.512247   0.306498  -0.205748 
      424.5000  -0.497756   0.292854  -0.204902 
      425.0000  -0.521724   0.310995  -0.210729 
      425.5000  -0.519084   0.299235  -0.219849 
      426.0000  -0.505367   0.280227  -0.225140 
      426.5000  -0.553869   0.333873  -0.219997 
      427.0000  -0.544029   0.326403  -0.217625 
      427.5000  -0.521527   0.299665  -0.221863 
      428.0000  -0.536486   0.312192  -0.224294 
      428.5000  -0.527584   0.316308  -0.211276 
      429.0000  -0.519951   0.307735  -0.212216 
      429.5000  -0.518541   0.300136  -0.218405 
      430.0000  -0.554637   0.330677  -0.223959 
      430.5000  -0.542447   0.306498  -0.235949 
      431.0000  -0.558930   0.325069  -0.233861 
      431.5000  -0.550524   0.313730  -0.236794 
      432.0000  -0.528571   0.297013  -0.231558 
      432.5000  -0.565949   0.338550  -0.227399 
      433.0000  -0.548898   0.312583  -0.236315 
      433.5000  -0.536135   0.292028  -0.244107 
      434.0000  -0.555441   0.320616  -0.234825 
      434.5000  -0.537139   0.309135  -0.228004 
      435.0000  -0.543917   0.320963  -0.222955 
      435.5000  -0.567175   0.342591  -0.224583 
      436.0000  -0.546934   0.324332  -0.222602 
      436.5000  -0.560013   0.333806  -0.226207 
      437.0000  -0.559680   0.322069  -0.237611 
      437.5000  -0.584921   0.344643  -0.240278 
      438.0000  -0.569415   0.321919  -0.247496 
      438.5000  -0.595329   0.347864  -0.247465 
      439.0000  -0.555346   0.311388  -0.243958 
      439.5000  -0.594285   0.342441  -0.251844 
      440.0000  -0.573510   0.321183  -0.252327 
      440.5000  -0.557506   0.311012  -0.246494 
      441.0000  -0.576245   0.344747  -0.231498 
      441.5000  -0.557792   0.320655  -0.237137 
      442.0000  -0.550638   0.312957  -0.237682 
      442.5000  -0.558281   0.320093  -0.238189 
      443.0000  -0.537340   0.286009  -0.251331 
      443.5000  -0.585201   0.331657  -0.253544 
      444.0000  -0.577374   0.323834  -0.253540 
      444.5000  -0.541517   0.285566  -0.255951 
      445.0000  -0.560558   0.292058  -0.268500 
      445.5000  -0.574948   0.301647  -0.273302 
      446.0000  -0.568021   0.295381  -0.272641 
      446.5000  -0.583180   0.315539  -0.267641 
      447.0000  -0.536384   0.278640  -0.257744 
      447.5000  -0.582799   0.326018  -0.256781 
      448.0000  -0.576245   0.313931  -0.262314 
      448.5000  -0.579349   0.313460  -0.265889 
      449.0000  -0.567237   0.300493  -0.266744 
      449.5000  -0.585282   0.314669  -0.270613 
      450.0000  -0.580676   0.312787  -0.267889 
      450.5000  -0.552008   0.284194  -0.267813 
      451.0000  -0.553846   0.286319  -0.267527 
      451.5000  -0.566916   0.294402  -0.272514 
      452.0000  -0.571812   0.294702  -0.277109 
      452.5000  -0.549142   0.277345  -0.271797 
      453.0000  -0.570240   0.291864  -0.278376 
      453.5000  -0.555530   0.268972  -0.286557 
      454.0000  -0.573207   0.279515  -0.293692 
      454.5000  -0.545871   0.248889  -0.296982 
      455.0000  -0.568337   0.274996  -0.293341 
      455.5000  -0.572539   0.282080  -0.290459 
      456.0000  -0.547969   0.257584  -0.290385 
      456.5000  -0.576423   0.287794  -0.288629 
      457.0000  -0.572151   0.280353  -0.291798 
      457.5000  -0.556263   0.264586  -0.291677 
      458.0000  -0.584175   0.295389  -0.288786 
      458.5000  -0.577165   0.286781  -0.290383 
      459.0000  -0.572136   0.282551  -0.289585 
      459.5000  -0.552494   0.271043  -0.281451 
      460.0000  -0.585044   0.304897  -0.280148 
      460.5000  -0.564980   0.290672  -0.274308 
      461.0000  -0.594484   0.318523  -0.275961 
      461.5000  -0.574556   0.303311  -0.271246 
      462.0000  -0.581322   0.331308  -0.250014 
      462.5000  -0.581400   0.335669  -0.245731 
      463.0000  -0.548964   0.301799  -0.247165 
      463.5000  -0.568060   0.324530  -0.243529 
      464.0000  -0.566053   0.314648  -0.251405 
      464.5000  -0.540777   0.291728  -0.249050 
      465.0000  -0.567628   0.326520  -0.241108 
      465.5000  -0.592757   0.343781  -0.248976 
      466.0000  -0.560220   0.311505  -0.248715 
      466.5000  -0.600024   0.349757  -0.250268 
      467.0000  -0.574752   0.321828  -0.252925 
      467.5000  -0.578704   0.320732  -0.257972 
      468.0000  -0.582875   0.322615  -0.260261 
      468.5000  -0.562663   0.314794  -0.247869 
      469.0000  -0.592096   0.343846  -0.248250 
      469.5000  -0.587094   0.340597  -0.246497 
      470.0000  -0.580567   0.323504  -0.257063 
      470.5000  -0.595227   0.341522  -0.253705 
      471.0000  -0.606991   0.347713  -0.259278 
      471.5000  -0.576113   0.327951  -0.248163 
      472.0000  -0.568206   0.331770  -0.236436 
      472.5000  -0.549300   0.317493  -0.231807 
      473.0000  -0.553318   0.323182  -0.230136 
      473.5000  -0.495620   0.266157  -0.229463 
      474.0000  -0.560274   0.321507  -0.238767 
      474.5000  -0.548806   0.311532  -0.237274 
      475.0000  -0.547876   0.312574  -0.235302 
      475.5000  -0.554925   0.321817  -0.233107 
      476.0000  -0.556075   0.329323  -0.226752 
      476.5000  -0.557680   0.342713  -0.214967 
      477.0000  -0.544312   0.339894  -0.204417 
      477.5000  -0.557525   0.355902  -0.201623 
      478.0000  -0.541367   0.345134  -0.196234 
      478.5000  -0.537705   0.347101  -0.190604 
      479.0000  -0.566166   0.374749  -0.191418 
      479.5000  -0.566135   0.368734  -0.197401 
      480.0000  -0.541318   0.350041  -0.191277 
      480.5000  -0.564472   0.368536  -0.195935 
      481.0000  -0.577372   0.375386  -0.201985 
      481.5000  -0.566462   0.349591  -0.216872 
      482.0000  -0.575749   0.364746  -0.211003 
      482.5000  -0.560303   0.344818  -0.215484 
      483.0000  -0.564916   0.344175  -0.220741 
      483.5000  -0.584977   0.365651  -0.219325 
      484.0000  -0.565326   0.359073  -0.206253 
      484.5000  -0.564606   0.347649  -0.216957 
      485.0000  -0.578529   0.361652  -0.216878 
      485.5000  -0.560512   0.342003  -0.218508 
      486.0000  -0.576677   0.351647  -0.225030 
      486.5000  -0.586148   0.352722  -0.233426 
      487.0000  -0.596262   0.363667  -0.232595 
      487.5000  -0.595519   0.372004  -0.223515 
      488.0000  -0.570986   0.349460  -0.221526 
      488.5000  -0.559351   0.335284  -0.224067 
      489.0000  -0.577355   0.346252  -0.231103 
      489.5000  -0.556692   0.322038  -0.234654 
      490.0000  -0.566133   0.332781  -0.233352 
      490.5000  -0.569773   0.331393  -0.238380 
      491.0000  -0.599429   0.362766  -0.236664 
      491.5000  -0.535483   0.300135  -0.235348 
      492.0000  -0.567175   0.326800  -0.240375 
      492.5000  -0.590530   0.357298  -0.233233 
      493.0000  -0.540426   0.299824  -0.240602 
      493.5000  -0.563287   0.319868  -0.243419 
      494.0000  -0.551301   0.311193  -0.240109 
      494.5000  -0.563337   0.320649  -0.242688 
      495.0000  -0.559166   0.321052  -0.238114 
      495.5000  -0.550907   0.321721  -0.229186 
      496.0000  -0.584779   0.352607  -0.232172 
      496.5000  -0.546957   0.311735  -0.235222 
      497.0000  -0.572579   0.325810  -0.246769 
      497.5000  -0.566981   0.317005  -0.249976 
      498.0000  -0.577557   0.325384  -0.252173 
      498.5000  -0.572691   0.318321  -0.254370 
      499.0000  -0.550043   0.291465  -0.258579 
      499.5000  -0.606361   0.353114  -0.253246 
      500.0000  -0.575920   0.317869  -0.258051 
