t = 0
b =  30.0 30.0 30.0
E = 0. 0. 0.
18.771110110096604 2.9657005054967356 18.384813828610685 -0.4284946165924574 0.4831119710666466 0.7635412149736138 0.8593358812363381 0.4789944076596883 0.17918203216425094 0.0 0.0 0.0 0.0 0.0 0.0
18.9589921534733 3.4653147535361257 18.323405009610543 -0.183402677909286 -0.03842139579751519 0.9822867473811673 0.8593358812363381 0.4789944076596883 0.17918203216425094 0.0 0.0 0.0 0.0 0.0 0.0
19.1050675506498 3.9561708431945415 18.485908485583636 0.1313670044408774 -0.5453578320267194 0.8278451214999981 0.8593358812363381 0.4789944076596883 0.17918203216425094 0.0 0.0 0.0 0.0 0.0 0.0
19.281088060622068 4.322712597882758 18.837119283050836 0.396228165464763 -0.845103709972258 0.35889129312864837 0.8593358812363381 0.4789944076596883 0.17918203216425094 0.0 0.0 0.0 0.0 0.0 0.0
19.547428793379364 4.496612935291571 19.27013936207924 0.5105556218469325 -0.8237805591187929 -0.24641133784471125 0.8593358812363381 0.4789944076596883 0.17918203216425094 0.0 0.0 0.0 0.0 0.0 0.0
19.930150696201324 4.482732468328964 19.6469899688926 0.43091446145466233 -0.4894894009796262 -0.7580981817929947 0.8593358812363381 0.4789944076596883 0.17918203216425094 0.0 0.0 0.0 0.0 0.0 0.0
20.411099564070618 4.357272877011246 19.851032071312655 0.1875616926501704 0.03076696441806004 -0.9817708517524343 0.8593358812363381 0.4789944076596883 0.17918203216425094 0.0 0.0 0.0 0.0 0.0 0.0
20.934803125681157 4.238826616200708 19.83127947718428 -0.12704889905639385 0.5393344456371117 -0.8324523607978218 0.8593358812363381 0.4789944076596883 0.17918203216425094 0.0 0.0 0.0 0.0 0.0 0.0
21.429545886754187 4.243321659243332 19.62176934121889 -0.3933914898671176 0.84299975376756 -0.3668713001148522 0.8593358812363381 0.4789944076596883 0.17918203216425094 0.0 0.0 0.0 0.0 0.0 0.0
21.83461504533393 4.439978522682296 19.328630880848696 -0.5102780765223575 0.8263953612374411 0.23809030124278802 0.8593358812363381 0.4789944076596883 0.17918203216425094 0.0 0.0 0.0 0.0 0.0 0.0
22.12336630031448 4.825012234717902 19.089765112138316 -0.4333014905122742 0.495829554379586 0.7525974165007357 0.8593358812363381 0.4789944076596883 0.17918203216425094 0.0 0.0 0.0 0.0 0.0 0.0
22.313346466898903 5.323070309275633 19.022453948199793 -0.19170642384198472 -0.023110190015145304 0.98118019047226 0.8593358812363381 0.4789944076596883 0.17918203216425094 0.0 0.0 0.0 0.0 0.0 0.0
22.459627148136498 5.815860415292249 19.1788028395523 0.1227211184063575 -0.5332699868413507 0.8369962056254004 0.8593358812363381 0.4789944076596883 0.17918203216425094 0.0 0.0 0.0 0.0 0.0 0.0
22.633882112176245 6.187091611029016 19.52594504231324 0.3905248559844419 -0.8408315998678062 0.3748233684311523 0.8593358812363381 0.4789944076596883 0.17918203216425094 0.0 0.0 0.0 0.0 0.0 0.0
22.897157229425527 6.366655217119112 19.958528243701895 0.5099616715466336 -0.828947230149811 -0.22975113314262108 0.8593358812363381 0.4789944076596883 0.17918203216425094 0.0 0.0 0.0 0.0 0.0 0.0
23.276678125749836 6.3572602760136965 20.33873966706156 0.4356555219837889 -0.5021319484392972 -0.7470393380014108 0.8593358812363381 0.4789944076596883 0.17918203216425094 0.0 0.0 0.0 0.0 0.0 0.0
23.755506712018263 6.233404341461939 20.548663449818175 0.19583655584740217 0.01545165568178647 -0.9805148085217874 0.8593358812363381 0.4789944076596883 0.17918203216425094 0.0 0.0 0.0 0.0 0.0 0.0
24.278976247354116 6.113070612309032 20.535078851120307 -0.11838399206802 0.5271649174714531 -0.8414763099513577 0.8593358812363381 0.4789944076596883 0.17918203216425094 0.0 0.0 0.0 0.0 0.0 0.0
24.775460147973106 6.1129041426810105 20.32967970109194 -0.38762848212200407 0.8385994133863106 -0.3827468924967584 0.8593358812363381 0.4789944076596883 0.17918203216425094 0.0 0.0 0.0 0.0 0.0 0.0
25.183584123895635 6.303896435720967 20.037033384875787 -0.5096064310152242 0.8314359715212055 0.22139446860414774 0.8593358812363381 0.4789944076596883 0.17918203216425094 0.0 0.0 0.0 0.0 0.0 0.0
25.475543297833458 6.6844145846303515 19.794853944744137 -0.437976376600595 0.5083961032070522 0.7414243695642166 0.8593358812363381 0.4789944076596883 0.17918203216425094 0.0 0.0 0.0 0.0 0.0 0.0
25.667665742944227 7.18082164126249 19.7216822129836 -0.19995177414087925 -0.007791944645023752 0.9797747565724286 0.8593358812363381 0.4789944076596883 0.17918203216425094 0.0 0.0 0.0 0.0 0.0 0.0
25.81420917484809 7.675452523867621 19.871850167812404 0.1140378503303448 -0.5210197024520878 0.8458923325984044 0.8593358812363381 0.4789944076596883 0.17918203216425094 0.0 0.0 0.0 0.0 0.0 0.0
25.986747538322962 8.05131694890489 20.214839306473056 0.38470258884988856 -0.8363033643127158 0.3906412689046362 0.8593358812363381 0.4789944076596883 0.17918203216425094 0.0 0.0 0.0 0.0 0.0 0.0
26.24697886903085 8.236545995732754 20.646875134672065 0.5092123819810719 -0.833861395824333 -0.2130209440197266 0.8593358812363381 0.4789944076596883 0.17918203216425094 0.0 0.0 0.0 0.0 0.0 0.0
20.136890018190478 28.055949848956722 0.30535357374458366 -0.771791593855743 0.43634675654192734 0.462535667499223 0.5963546897509969 0.24425655083429149 0.7646566689609969 0.0 0.0 0.0 0.0 0.0 0.0
20.359001684921097 28.50556048433266 0.4982312193579523 -0.7545828608272729 -0.15433408468886844 0.637797535624729 0.5963546897509969 0.24425655083429149 0.7646566689609969 0.0 0.0 0.0 0.0 0.0 0.0
20.409106164783157 28.919990660247635 0.8364948332853059 -0.4506954830178689 -0.6863808268180702 0.5707494565602598 0.5963546897509969 0.24425655083429149 0.7646566689609969 0.0 0.0 0.0 0.0 0.0 0.0
20.356474595110136 29.17796030509243 1.3048608037942284 0.024418644016662966 -0.9576600171636342 0.2868641165265096 0.5963546897509969 0.24425655083429149 0.7646566689609969 0.0 0.0 0.0 0.0 0.0 0.0
20.309409256109053 29.21763131889196 1.838617458691561 0.4902557199313079 -0.8651081557670887 -0.10600569748792427 0.5963546897509969 0.24425655083429149 0.7646566689609969 0.0 0.0 0.0 0.0 0.0 0.0
20.374097723892223 29.060100901363715 2.3482101115110474 0.7698364512055197 -0.4438872421575851 -0.45860217470594766 0.5963546897509969 0.24425655083429149 0.7646566689609969 0.0 0.0 0.0 0.0 0.0 0.0
20.614270434950637 28.801386373018715 2.7532643841763744 0.7569434436876701 0.1459738561465075 -0.6369680183337065 0.5963546897509969 0.24425655083429149 0.7646566689609969 0.0 0.0 0.0 0.0 0.0 0.0
21.02698842781491 28.575946589775388 3.0131217770203063 0.4564749664933808 0.6803770459478162 -0.5733390622591396 0.5963546897509969 0.24425655083429149 0.7646566689609969 0.0 0.0 0.0 0.0 0.0 0.0
21.543759903654355 28.505598775563957 3.142286512582128 -0.017415982326194374 0.9562936206959599 -0.2918890107143891 0.5963546897509969 0.24425655083429149 0.7646566689609969 0.0 0.0 0.0 0.0 0.0 0.0
22.056561405774552 28.653238122279994 3.204915138967304 -0.4846903082803519 0.868898260564994 0.10045455612477089 0.5963546897509969 0.24425655083429149 0.7646566689609969 0.0 0.0 0.0 0.0 0.0 0.0
22.458877736871436 28.998942854831746 3.2904423845819286 -0.7678226825289954 0.45139392404117284 0.4546337575815163 0.5963546897509969 0.24425655083429149 0.7646566689609969 0.0 0.0 0.0 0.0 0.0 0.0
22.686168863326266 29.44754284657181 3.4796034095423316 -0.7592463823742064 -0.1376025111298407 0.6360899934619645 0.5963546897509969 0.24425655083429149 0.7646566689609969 0.0 0.0 0.0 0.0 0.0 0.0
22.74038975302917 29.86477634157016 3.81376116852699 -0.4622196876328811 -0.6743214517313271 0.5758850059686542 0.5963546897509969 0.24425655083429149 0.7646566689609969 0.0 0.0 0.0 0.0 0.0 0.0
22.6892476503924 30.128298240428798 4.27919193274245 0.01041199434124146 -0.954854398766629 0.29689167642400666 0.5963546897509969 0.24425655083429149 0.7646566689609969 0.0 0.0 0.0 0.0 0.0 0.0
22.640478962193324 30.174161049044045 4.812299163940473 0.4790879855858641 -0.8726221953962818 -0.09489576475824485 0.5963546897509969 0.24425655083429149 0.7646566689609969 0.0 0.0 0.0 0.0 0.0 0.0
22.700918395383074 30.021109600761616 5.3237749025759555 0.7657504411824487 -0.458866230529803 -0.45063071833626095 0.5963546897509969 0.24425655083429149 0.7646566689609969 0.0 0.0 0.0 0.0 0.0 0.0
22.935910665734735 29.763459580791668 5.73252935478757 0.7614915015091813 0.1292206871492009 -0.6351635278744998 0.5963546897509969 0.24425655083429149 0.7646566689609969 0.0 0.0 0.0 0.0 0.0 0.0
23.34448494781578 29.53526542052332 5.996498260834745 0.46792920895361023 0.6682145053255463 -0.578387093805337 0.5963546897509969 0.24425655083429149 0.7646566689609969 0.0 0.0 0.0 0.0 0.0 0.0
23.859723707801212 29.459390777769325 6.128623810650017 -0.0034072134426094414 0.9533424609779622 -0.3018717326830038 0.5963546897509969 0.24425655083429149 0.7646566689609969 0.0 0.0 0.0 0.0 0.0 0.0
24.374185793375194 29.600830578992223 6.191937689501791 -0.47344917848641105 0.876279676668895 0.08932974671182636 0.5963546897509969 0.24425655083429149 0.7646566689609969 0.0 0.0 0.0 0.0 0.0 0.0
24.780725123816097 29.942018360083974 6.27561428692729 -0.7636198849750844 0.46630359257840454 0.4465933618171141 0.5963546897509969 0.24425655083429149 0.7646566689609969 0.0 0.0 0.0 0.0 0.0 0.0
25.0131972774496 30.389500059776235 6.461091855231081 -0.7636786301180839 -0.12082902251293723 0.6341886921252494 0.5963546897509969 0.24425655083429149 0.7646566689609969 0.0 0.0 0.0 0.0 0.0 0.0
25.0715888633185 30.809438779984784 6.791132755859598 -0.4736030956534177 -0.662056671798088 0.5808451352255074 0.5963546897509969 0.24425655083429149 0.7646566689609969 0.0 0.0 0.0 0.0 0.0 0.0
25.02202260863126 31.078461661025315 7.253577323339088 -0.0035978269285196207 -0.951757922469877 0.3068288002408107 0.5963546897509969 0.24425655083429149 0.7646566689609969 0.0 0.0 0.0 0.0 0.0 0.0
24.97163622918246 31.13053129369173 7.785963525487853 0.46777431639898126 -0.8798704258514759 -0.08375692585934413 0.5963546897509969 0.24425655083429149 0.7646566689609969 0.0 0.0 0.0 0.0 0.0 0.0
25.02787901987535 30.98203443510014 8.299257333751566 0.7614311761570025 -0.4737054438030643 -0.44252199548441096 0.5963546897509969 0.24425655083429149 0.7646566689609969 0.0 0.0 0.0 0.0 0.0 0.0
25.257690071131695 30.72555640568848 8.711678239220634 0.7658076016425989 0.11242815627879973 -0.6331655604517349 0.5963546897509969 0.24425655083429149 0.7646566689609969 0.0 0.0 0.0 0.0 0.0 0.0
