        0.0000  -1.016306   0.286545  -0.729762 
        0.5000  -0.857786   2.787952   1.930166 
        1.0000  -0.790513   7.307854   6.517341 
        1.5000  -0.683611   6.835072   6.151461 
        2.0000  -0.670357   2.270771   1.600415 
        2.5000  -0.634317   0.721974   0.087657 
        3.0000  -0.678408   4.636400   3.957992 
        3.5000  -0.616579   7.166004   6.549425 
        4.0000  -0.639291   4.691576   4.052285 
        4.5000  -0.670923   0.819454   0.148531 
        5.0000  -0.654005   1.840899   1.186894 
        5.5000  -0.648674   5.836328   5.187654 
        6.0000  -0.640041   6.257024   5.616983 
        6.5000  -0.597927   2.554886   1.956959 
        7.0000  -0.645784   0.515979  -0.129805 
        7.5000  -0.634874   3.364343   2.729469 
        8.0000  -0.650645   6.111293   5.460648 
        8.5000  -0.679216   4.644030   3.964814 
        9.0000  -0.655587   1.020601   0.365014 
        9.5000  -0.655391   1.149952   0.494561 
       10.0000  -0.632327   4.544031   3.911703 
       10.5000  -0.649044   5.562515   4.913471 
       11.0000  -0.621129   2.757809   2.136680 
       11.5000  -0.605598   0.417154  -0.188443 
       12.0000  -0.616387   2.253031   1.636644 
       12.5000  -0.614412   4.988183   4.373771 
       13.0000  -0.657828   4.348521   3.690693 
       13.5000  -0.624301   1.292595   0.668294 
       14.0000  -0.638021   0.678469   0.040448 
       14.5000  -0.662484   3.343003   2.680518 
       15.0000  -0.629404   7.805512   7.176108 
       15.5000  -0.613766   4.982460   4.368694 
       16.0000  -0.585374   1.893940   1.308566 
       16.5000  -0.644250   3.635609   2.991359 
       17.0000  -0.625128   6.934504   6.309376 
       17.5000  -0.627189  35.346481  34.719291 
       18.0000  -0.590503  14.704167  14.113665 
       18.5000  -0.578226  10.184102   9.605876 
       19.0000  -0.591529  27.915615  27.324086 
       19.5000  -0.639196  463.518070  462.878873 
       20.0000  -0.487390  248.299926  247.812535 
       20.5000  -0.507019  24.987932  24.480913 
       21.0000  -0.503313  156.865408  156.362095 
       21.5000  -0.598646  405.580865  404.982219 
       22.0000  1443.750720  185008400111.695251  185008401555.445984 
       22.5000  3106.890205  58149181769.993599  58149184876.883804 
       23.0000  3262.983783  41323368163.769760  41323371426.753540 
       23.5000  1865.904820  154846682480.211700  154846684346.116516 
       24.0000  390.850480  202379230974.671600  202379231365.522095 
       24.5000  2421.138598  104209212781.504501  104209215202.643097 
       25.0000  819585.284101  20520652398913884.000000  20520652399733468.000000 
       25.5000  2307480.582692  19772013105190616.000000  19772013107498096.000000 
       26.0000  3764703.431819  19052018741392020.000000  19052018745156724.000000 
       26.5000  5195878.696787  18359397671830448.000000  18359397677026328.000000 
       27.0000  6599197.095217  17693147360060960.000000  17693147366660158.000000 
       27.5000  7973324.571256  17052414536269396.000000  17052414544242720.000000 
       28.0000  9329110.383860  16440453333472408.000000  16440453342801518.000000 
       28.5000  10664689.423671  15846948634365718.000000  15846948645030408.000000 
       29.0000  12003212.493910  15287530897418018.000000  15287530909421230.000000 
       29.5000  13321171.042530  14738912159842634.000000  14738912173163806.000000 
       30.0000  14612914.410931  14210849724683912.000000  14210849739296826.000000 
       30.5000  15881204.018084  13703379996122024.000000  13703380012003228.000000 
       31.0000  17133285.097947  13214116310417116.000000  13214116327550402.000000 
       31.5000  18361731.580084  12744068856012184.000000  12744068874373916.000000 
       32.0000  19566267.088352  12291849499446358.000000  12291849519012626.000000 
       32.5000  20746912.411237  11856179549476740.000000  11856179570223652.000000 
       33.0000  21904222.086373  11436720178013184.000000  11436720199917406.000000 
       33.5000  23038808.864519  11033549860246306.000000  11033549883285114.000000 
       34.0000  24152259.351702  10646228741340766.000000  10646228765493026.000000 
       34.5000  25246108.723727  10273083793642176.000000  10273083818888284.000000 
       35.0000  26320596.031423  9913519569494758.000000  9913519595815354.000000 
       35.5000  27535856.871413  15601183800023498.000000  15601183827559354.000000 
       36.0000  29178545.022736  15051828015277538.000000  15051828044456084.000000 
       36.5000  30794121.761025  14523201029751528.000000  14523201060545650.000000 
       37.0000  32381093.438609  13996700471354940.000000  13996700503736034.000000 
       37.5000  33940876.169258  13506989668586908.000000  13506989702527784.000000 
       38.0000  35474305.184940  13044085946687148.000000  13044085982161454.000000 
       38.5000  36981020.100768  12591087696823336.000000  12591087733804356.000000 
       39.0000  38460433.963740  12154526640069854.000000  12154526678530288.000000 
       39.5000  39912784.569219  11734078613756276.000000  11734078653669060.000000 
       40.0000  41338160.701354  11329929537779190.000000  11329929579117350.000000 
       40.5000  42737394.104023  10941231582435564.000000  10941231625172958.000000 
       41.0000  44120905.248190  10589257148435942.000000  10589257192556848.000000 
       41.5000  45503980.133034  10225368257222162.000000  10225368302726142.000000 
       42.0000  46875942.373453  9875973680130024.000000  9875973727005966.000000 
       42.5000  48221267.763994  9543982437625054.000000  9543982485846322.000000 
       43.0000  49539470.213911  9223780349723880.000000  9223780399263350.000000 
       43.5000  50833533.796555  8911002668767935.000000  8911002719601469.000000 
       44.0000  52143425.364960  10318050451793106.000000  10318050503936532.000000 
       44.5000  53780204.660292  9967522040610904.000000  9967522094391108.000000 
       45.0000  55399515.905601  10352006848130690.000000  10352006903530206.000000 
       45.5000  62105066.415359  307578654375641472.000000  307578654437746560.000000 
       46.0000  69332911.853336  296042391361919040.000000  296042391431251968.000000 
       46.5000  76421156.570595  284954211170400992.000000  284954211246822144.000000 
       47.0000  83371238.469283  274297443303813344.000000  274297443387184576.000000 
       47.5000  90186007.639701  264050495159139808.000000  264050495249325824.000000 
       48.0000  97078050.829309  261430397971115552.000000  261430398068193600.000000 
       48.5000  104499086.353534  251698971138468416.000000  251698971242967488.000000 
       49.0000  111781536.224862  242336757347993440.000000  242336757459774976.000000 
       49.5000  118925808.682743  233336094228149024.000000  233336094347074848.000000 
       50.0000  125932372.803377  224678795362316256.000000  224678795488248640.000000 
       50.5000  132801101.149033  216352302038863296.000000  216352302171664384.000000 
       51.0000  139530975.131835  208208760741021024.000000  208208760880552000.000000 
       51.5000  146131737.863002  200520368874137760.000000  200520369020269504.000000 
       52.0000  152603877.936647  193129874216575200.000000  193129874369179072.000000 
       52.5000  158951387.980819  186015783292811744.000000  186015783451763136.000000 
       53.0000  165556062.290470  1115322712103596160.000000  1115322712269152256.000000 
       53.5000  181256894.362071  1075303981150838016.000000  1075303981332094848.000000 
       54.0000  196695882.657855  1036973941748855552.000000  1036973941945551488.000000 
       54.5000  211874920.897192  999938149195382016.000000  999938149407256960.000000 
       55.0000  226806683.103086  964307284859123072.000000  964307285085929728.000000 
       55.5000  241462476.915394  930024864519217792.000000  930024864760680320.000000 
       56.0000  255931048.901700  900536531180743552.000000  900536531436674560.000000 
       56.5000  270494788.567101  868670144696115840.000000  868670144966610688.000000 
       57.0000  284861963.099496  838005642446555648.000000  838005642731417600.000000 
       57.5000  298974433.182115  808498471685169408.000000  808498471984143872.000000 
       58.0000  312820132.126647  780186608232817408.000000  780186608545637504.000000 
       58.5000  326400937.864273  752861538563514624.000000  752861538889915520.000000 
       59.0000  339721291.982357  726562717946996992.000000  726562718286718336.000000 
       59.5000  352782052.087657  701251386903194368.000000  701251387255976448.000000 
       60.0000  365861414.956928  688580178136979712.000000  688580178502841088.000000 
       60.5000  378697091.333546  664690956135315328.000000  664690956514012416.000000 
       61.0000  391290774.730630  641708294188694272.000000  641708294579985024.000000 
       61.5000  403644675.400927  619611353726657664.000000  619611354130302336.000000 
       62.0000  415762447.362238  598317694212121472.000000  598317694627883904.000000 
       62.5000  427648432.257300  577816146311409792.000000  577816146739058176.000000 
       63.0000  439295565.999798  95174130593001439232.000000  95174130593440727040.000000 
       63.5000  517431002.132931  91780442938606026752.000000  91780442939123449856.000000 
       64.0000  610088321.707997  88515352387754754048.000000  88515352388364845056.000000 
       64.5000  708232023.113160  85373877631759646720.000000  85373877632467877888.000000 
       65.0000  807165432.899772  82353438701957447680.000000  82353438702764605440.000000 
       65.5000  905301689.792961  79444678493206790144.000000  79444678494112088064.000000 
       66.0000  1002262430.821364  76645859593606725632.000000  76645859594608984064.000000 
       66.5000  1097687551.483095  73952940671590825984.000000  73952940672688521216.000000 
       67.0000  1191462442.105579  71361465499080663040.000000  71361465500272123904.000000 
       67.5000  1283572368.757214  68867194092445073408.000000  68867194093728645120.000000 
       68.0000  1373975772.720547  66466586698075209728.000000  66466586699449188352.000000 
       68.5000  1462649214.705100  64156471402197934080.000000  64156471403660582912.000000 
       69.0000  1548746413.523693  62182921583331508224.000000  62182921584880254976.000000 
       69.5000  1634742059.217209  60033049239630020608.000000  60033049241264758784.000000 
       70.0000  1719338743.479744  57963472295113531392.000000  57963472296832868352.000000 
       70.5000  1802321810.784510  55971370083394609152.000000  55971370085196931072.000000 
       71.0000  56235487836.268990  63425195261469183466012672.000000  63425195261469243595554816.000000 
       71.5000  139981521139.236115  61078574588053150289100800.000000  61078574588053287728054272.000000 
       72.0000  222069245583.059601  58822113474840940462997504.000000  58822113474841163801296896.000000 
       72.5000  302531403032.340759  56652301043650388148879360.000000  56652301043650688796590080.000000 
       73.0000  381400162218.865356  54565763744346126766047232.000000  54565763744346504723169280.000000 
       73.5000  458707061186.230530  52559260002333147216740352.000000  52559260002333602483273728.000000 
       74.0000  534483049393.158264  50629675041135367947288576.000000  50629675041135900523233280.000000 
       74.5000  608758450325.437622  48774015915779987400032256.000000  48774015915780597285388288.000000 
       75.0000  681659127289.961182  46990094923712228333977600.000000  46990094923712906938810368.000000 
       75.5000  10537640789405.433594  47011380435448416755619242967040.000000  47011380435448416755619242967040.000000 
       76.0000  85027984946018.187500  45196780529251937983630487322624.000000  45196780529251937983630487322624.000000 
       76.5000  158043181400580.218750  43452955978042534604818792579072.000000  43452955978042534604818792579072.000000 
       77.0000  229612439118202.812500  41777145929270760630599104331776.000000  41777145929270760630599104331776.000000 
       77.5000  299764391129394.687500  40166669362201678625236399947776.000000  40166669362201678625236399947776.000000 
       78.0000  368527049987405.562500  38617005681338609427662730428416.000000  38617005681338609427662730428416.000000 
       78.5000  435925229404318.437500  37128179658357270433038969339904.000000  37128179658357270433038969339904.000000 
       79.0000  501556657550828.875000  34237981029755754036990645895168.000000  34237981029755754036990645895168.000000 
       79.5000  564811442986636.625000  32921515977493319365721388482560.000000  32921515977493319365721388482560.000000 
       80.0000  626839075294751.750000  36927194154575484695383002578944.000000  36927194154575484695383002578944.000000 
       80.5000  687656162089890.000000  35641428406514111277904003334144.000000  35641428406514111277904003334144.000000 
       81.0000  747281841923596.750000  34403969331773057838969868255232.000000  34403969331773057838969868255232.000000 
       81.5000  805738513699842.000000  14939372122619934756209554811256832.000000  14939372122619934756209554811256832.000000 
       82.0000  863045399870640.625000  14740789219879174410083546404225024.000000  14740789219879174410083546404225024.000000 
       82.5000  919223322181835.375000  14544864612993379281252371782434816.000000  14544864612993379281252371782434816.000000 
       83.0000  975275555723318.750000  14351245832151862277360660116406272.000000  14351245832151862277360660116406272.000000 
       83.5000  1030414303174102.125000  14160000603409035525799247404335104.000000  14160000603409035525799247404335104.000000 
       84.0000  1084495431080170.250000  14005153181807784675124903537541120.000000  14005153181807784675124903537541120.000000 
       84.5000  1137514767249976.250000  13819084032552916642076204722028544.000000  13819084032552916642076204722028544.000000 
       85.0000  1189494817283429.500000  13635498310154962602785337138741248.000000  13635498310154962602785337138741248.000000 
       85.5000  1240463577300544.500000  13454368805165653909352729272123392.000000  13454368805165653909352729272123392.000000 
       86.0000  1290428490350934.000000  13275658625184241812332179770834944.000000  13275658625184241812332179770834944.000000 
       86.5000  1456572988023980.000000  14230937157943986216010620598222848.000000  14230937157943986216010620598222848.000000 
       87.0000  1735694431480977.750000  14016342130159596514110331221442560.000000  14016342130159596514110331221442560.000000 
       87.5000  16178652868709668.000000  60827088861505325456933156185618513920.000000  60827088861505325456933156185618513920.000000 
       88.0000  1749845735148069847040.000000  97820034025833119139603410115509022043275212244033470464.000000  97820034025833119139603410115509022043275212244033470464.000000 
       88.5000  31209508068826151911424.000000  96570619532413401665175839159172300338414282590014930944.000000  96570619532413401665175839159172300338414282590014930944.000000 
       89.0000  73860642917179242703749120.000000  11224000873734157600755986641304205889724383559051424825344.000000  11224000873734157600755986641304205889724383559051424825344.000000 
       89.5000  1780827510081679827843153920.000000  27915652487538053202399830794157448987477189533147345096556937216.000000  27915652487538053202399830794157448987477189533147345096556937216.000000 
       90.0000  445284822230451456599641850642432.000000  197283193919007493639767333407848958478127329379087946725059483585908773486592.000000  197283193919007493639767333407848958478127329379087946725059483585908773486592.000000 
       90.5000  1031123864210664552297930361405440.000000  194670121716732478311560194532374742977023051141810729323259511836118744039424.000000  194670121716732478311560194532374742977023051141810729323259511836118744039424.000000 
       91.0000  1664308171242851815931208441790464.000000  192065451212815557010434937337701051620474174966172653240126158495330647146496.000000  192065451212815557010434937337701051620474174966172653240126158495330647146496.000000 
       91.5000  1473410746146711343529334113257750790144.000000  29285415132221083033651136934920842737809005653945904362145502425480690645103280128.000000  29285415132221083033651136934920842737809005653945904362145502425480690645103280128.000000 
       92.0000  3216418342968198271037992066479047049216.000000  28243692844470829432511419422936139325994360404110135429285566497979366948735025152.000000  28243692844470829432511419422936139325994360404110135429285566497979366948735025152.000000 
       92.5000  4924909030603387147391464069318584565760.000000  27241408830833869396076422276794627358983093630356333098139040610445846655942000640.000000  27241408830833869396076422276794627358983093630356333098139040610445846655942000640.000000 
       93.0000  6601293031902548102060813172859320926208.000000  492269745781414615955257953581102533903775776496203607399013513925171147774648909824.000000  492269745781414615955257953581102533903775776496203607399013513925171147774648909824.000000 
       93.5000  8244841188522813984701090177015489757184.000000  485169608852231854292561983310804930971089265039845447129262824458500917528266539008.000000  485169608852231854292561983310804930971089265039845447129262824458500917528266539008.000000 
       94.0000  690529955776854944138450432647561094365184.000000  22986215132434529414157216909169234966620649493262897218382006942978279275946927939250708021248.000000  22986215132434529414157216909169234966620649493262897218382006942978279275946927939250708021248.000000 
       94.5000  1827607210812285848917190405761884426862592.000000  22681756073624755005088237177441051847194854940998324650950934556659431444338679811703973085184.000000  22681756073624755005088237177441051847194854940998324650950934556659431444338679811703973085184.000000 
       95.0000  2943135154533499777743865335225758580211712.000000  22381329670632824709106044184597193790839487863162693418466627148676144057442861934894324383744.000000  22381329670632824709106044184597193790839487863162693418466627148676144057442861934894324383744.000000 
       95.5000  4040681210434896384269461087803762920128512.000000  22084882508505338169002726062384194884043876013692823634671677698220178552930538972955090616320.000000  22084882508505338169002726062384194884043876013692823634671677698220178552930538972955090616320.000000 
       96.0000  18823087615242130041381620397139213123002022644771450110607360.000000  4557777175576970804597686480678393387768939048319622764418386716733478516244528322713069467351797760175516677062633819648032768.000000  4557777175576970804597686480678393387768939048319622764418386716733478516244528322713069467351797760175516677062633819648032768.000000 
       96.5000  40562044217643509531846766319439475555036019318772193571110912.000000  4395702862332713409800808417935750959441304335173285648343918601406184546099453267969092617164082190094539020939157638171590656.000000  4395702862332713409800808417935750959441304335173285648343918601406184546099453267969092617164082190094539020939157638171590656.000000 
       97.0000  61870498015757144266683033499488506334464164035461735237287936.000000  4239763580729050369476625005615149373186552561179430600882763109732235790417757090895694204377668937317231275577113384532836352.000000  4239763580729050369476625005615149373186552561179430600882763109732235790417757090895694204377668937317231275577113384532836352.000000 
       97.5000  82756974380321365986506842259121085645414106335362285274398720.000000  4089721671274046977424608228746025799131689164609280018767154250497938930539199509095359663778240364157055719493935414256861184.000000  4089721671274046977424608228746025799131689164609280018767154250497938930539199509095359663778240364157055719493935414256861184.000000 
       98.0000  103229829851707963504635110401969547974087446801117156512628736.000000  3945348755446936936668447535388759052104939653900060094040393733381111895012592400925952492303238349368093630080700867690889216.000000  3945348755446936936668447535388759052104939653900060094040393733381111895012592400925952492303238349368093630080700867690889216.000000 
       98.5000  123297255483318502103898493848221851001037714568309831500824576.000000  3806425372262990515413635844569923835375268568513682791166439812358023916177292449453601465297458454219611937062337504570507264.000000  3806425372262990515413635844569923835375268568513682791166439812358023916177292449453601465297458454219611937062337504570507264.000000 
       99.0000  142967280118770479744055877791097652542089320509973775398207488.000000  3672740629083524028688364921215995599288566026172502464902242539496070086923313312224159313532883301211037730334307404931399680.000000  3672740629083524028688364921215995599288566026172502464902242539496070086923313312224159313532883301211037730334307404931399680.000000 
       99.5000  162247776167866240222514644124913547045262389234853559970824192.000000  3544091871161137597723953024800850454942915760652950713565774374195933476096270223560201073404838648468650912444955147261444096.000000  3544091871161137597723953024800850454942915760652950713565774374195933476096270223560201073404838648468650912444955147261444096.000000 
      100.0000  181146456705558431643787426967877815715497861924914293588885504.000000  3420284339024689115043383441495548249066873770070139152376418473504275511963602388782824614108879553311495711670303275750522880.000000  3420284339024689115043383441495548249066873770070139152376418473504275511963602388782824614108879553311495711670303275750522880.000000 
      100.5000  199670881242025654005287888673759321715696784572023109545099264.000000  3301130889253717481453574817069941002820026390127504749901854566651377190525467855339119759666594751961299986165476224212664320.000000  3301130889253717481453574817069941002820026390127504749901854566651377190525467855339119759666594751961299986165476224212664320.000000 
      101.0000  217828461276402750159851602313324041423184578956472788002537472.000000  3186451676501288552519066714360564547962431000647803613970578132365989045462417446453262009788151317389324553770489889815527424.000000  3186451676501288552519066714360564547962431000647803613970578132365989045462417446453262009788151317389324553770489889815527424.000000 
      101.5000  235626461535777565036869902703660006541360759066494322773852160.000000  3076073872693405305448123207499838341632610621364806267450392347244290013293924997175105315518238293655751909428068148643364864.000000  3076073872693405305448123207499838341632610621364806267450392347244290013293924997175105315518238293655751909428068148643364864.000000 
      102.0000  253072002881848763156223821282998861430590549926367875588685824.000000  2969831392317804588814800263802610810879596038274281797648409710132650280967026289608412593340825885647092518934552993933033472.000000  2969831392317804588814800263802610810879596038274281797648409710132650280967026289608412593340825885647092518934552993933033472.000000 
      102.5000  270172065161049953986799450780372968402842802617813858353414144.000000  2867564628479179513325163011333032908640803096052945415217503576449724700072841047739205818341314738068084985815076610334785536.000000  2867564628479179513325163011333032908640803096052945415217503576449724700072841047739205818341314738068084985815076610334785536.000000 
      103.0000  286933489993232242799685984613273408783784348771204247056285696.000000  2769120199298778824757126767228718678003228160157489932009180552970953015011244600698558199969319090136181854680267785473359872.000000  2769120199298778824757126767228718678003228160157489932009180552970953015011244600698558199969319090136181854680267785473359872.000000 
      103.5000  303362983513066472802900381429959677794086241229394649941016576.000000  2674350704252719836941529532760827657349745501529631453298226704606257917440830650189881740466214936760275720396479767003529216.000000  2674350704252719836941529532760827657349745501529631453298226704606257917440830650189881740466214936760275720396479767003529216.000000 
      104.0000  319467119051711474746311198076826505464611321354467107510681600.000000  2583114490059442138208594342370273538310529851710195360170927466064865181788712404406383896059323584916525832990133054349508608.000000  2583114490059442138208594342370273538310529851710195360170927466064865181788712404406383896059323584916525832990133054349508608.000000 
      104.5000  335252339766760641348018933514149954759641955561892360545632256.000000  2495275425741865472574851249358018782843331684474438960847231751468847935981284477612180904190916604592407338794460816938631168.000000  2495275425741865472574851249358018782843331684474438960847231751468847935981284477612180904190916604592407338794460816938631168.000000 
      105.0000  350724961220105424590436651342970741968107817721657292566298624.000000  2410702686504577722277410478383280072249165517731573912089539845819965908120908430823637348554754935962928238694911640378277888.000000  2410702686504577722277410478383280072249165517731573912089539845819965908120908430823637348554754935962928238694911640378277888.000000 
      105.5000  365891173904751229796119825660662090066793203945783774947573760.000000  2329270546080423879287729636490218187069183640184221977689840500647322853543047240273886125212019552018611595986981746378801152.000000  2329270546080423879287729636490218187069183640184221977689840500647322853543047240273886125212019552018611595986981746378801152.000000 
      106.0000  380757045721590625874788905773595729973469391489785461051752448.000000  2250858177214481676614467718465748582565767068711677807844850055452240017325262779927155371958263354602356836703969323113250816.000000  2250858177214481676614467718465748582565767068711677807844850055452240017325262779927155371958263354602356836703969323113250816.000000 
      106.5000  395328524407132123031767773050755360295848285454331895554768896.000000  2175349459966371701581226631445139838264044348621129166374582770663387030282882061391630273701649020162547149010515955246170112.000000  2175349459966371701581226631445139838264044348621129166374582770663387030282882061391630273701649020162547149010515955246170112.000000 
      107.0000  409611439913148880658845652890731028240194988160871033204637696.000000  2102632797524395314398664212590804656829512412387909110795921194700232740372852045522951474746634541968117706950105005884964864.000000  2102632797524395314398664212590804656829512412387909110795921194700232740372852045522951474746634541968117706950105005884964864.000000 
      107.5000  423611506739203304494155392082748223155648807447598239638880256.000000  2032600939236998392886525466453373017880913441766810855146992807994632076007420246117194455895671973073891105068207095997792256.000000  2032600939236998392886525466453373017880913441766810855146992807994632076007420246117194455895671973073891105068207095997792256.000000 
      108.0000  437334326218981752300805714661477194378415565422242464891142144.000000  1965150810578606088065395834313697505609057295935127049370948483828186920761485733365480133741366807883008724566633250688073728.000000  1965150810578606088065395834313697505609057295935127049370948483828186920761485733365480133741366807883008724566633250688073728.000000 
      108.5000  450785388761348721786170444005758542397837892396806129363976192.000000  1900183349777979338043313264084494727528239193486774708639491273648912028603713387688262488926586007461744800949758204764487680.000000  1900183349777979338043313264084494727528239193486774708639491273648912028603713387688262488926586007461744800949758204764487680.000000 
      109.0000  463970076047026012370013518720504653828513288102624300973948928.000000  1837603350847895824630760874194747331186631407230054857732570252536963203762019108275615642704971340681511997583850258789564416.000000  1837603350847895824630760874194747331186631407230054857732570252536963203762019108275615642704971340681511997583850258789564416.000000 
      109.5000  476893663181764125007427193411582285541223997006375866689650688.000000  1777319312765187632227860983556708070971230207503780544577124716249863165106228181897042802506810868554519807247764712348188672.000000  1777319312765187632227860983556708070971230207503780544577124716249863165106228181897042802506810868554519807247764712348188672.000000 
      110.0000  489561320806879786701854971117329713752340990205112217627525120.000000  1719243294560030695228164296595197101162147143618496479447397053807329060144789049020167601333186263185611855929613069869645824.000000  1719243294560030695228164296595197101162147143618496479447397053807329060144789049020167601333186263185611855929613069869645824.000000 
      110.5000  501978117167992975344961048195097905482407491908417878990258176.000000  1663290776082841124860203681323485791698280299834567681658176897081250424399067531261518802279055623166669979772431345442095104.000000  1663290776082841124860203681323485791698280299834567681658176897081250424399067531261518802279055623166669979772431345442095104.000000 
      111.0000  514149020142799971883013547220622546490028033001078649237012480.000000  1609380524226156719721043018855606686264334441036269201968007261398977587781339964813142870626924265049319149897817232769024000.000000  1609380524226156719721043018855606686264334441036269201968007261398977587781339964813142870626924265049319149897817232769024000.000000 
      111.5000  526078899228687453180393865863859992832983569327021481829335040.000000  1557434464387709778846225860225915140671439369167686018506982331497448888856365585318412911671252608584347910906360089137905664.000000  1557434464387709778846225860225915140671439369167686018506982331497448888856365585318412911671252608584347910906360089137905664.000000 
      112.0000  537772527490985331442657815190329194784329620920192063233851392.000000  1507377556969178334884070486729598134319584562484151298722138065562916897148696623208300983639138371503747667456877533507616768.000000  1507377556969178334884070486729598134319584562484151298722138065562916897148696623208300983639138371503747667456877533507616768.000000 
      112.5000  549234583472640243575120580449198564488980643597886011092238336.000000  1459137678713235120007755280267376624855444348266815791265509477341257668984206401283448044687220527740225162984638206657429504.000000  1459137678713235120007755280267376624855444348266815791265509477341257668984206401283448044687220527740225162984638206657429504.000000 
      113.0000  560469653066068118482887909781233112058658339036046393052495872.000000  1412645508689224312206401359431454558834546610976220952694504252103353240072050274998622075396332499530539367224544690253594624.000000  1412645508689224312206401359431454558834546610976220952694504252103353240072050274998622075396332499530539367224544690253594624.000000 
      113.5000  571482231347939500437934610845233012827375281526226384974774272.000000  1367834418745222464279859568405675712465612761907057388150335937413039531301847912450978122919809938016194446938332299660361728.000000  1367834418745222464279859568405675712465612761907057388150335937413039531301847912450978122919809938016194446938332299660361728.000000 
      114.0000  582276724377629749489680804543551264138342674439375962220003328.000000  1324640368251402433935786582615274466396381847640114570768777022187764249310904391839278737520426106773966478131999642312769536.000000  1324640368251402433935786582615274466396381847640114570768777022187764249310904391839278737520426106773966478131999642312769536.000000 
      114.5000  592857450960055095945531736892526786936341587763586641243930624.000000  1283001802966491758095098943094375809591917795946770249944934394679265454408757272590951055044939669780878848557042493938466816.000000  1283001802966491758095098943094375809591917795946770249944934394679265454408757272590951055044939669780878848557042493938466816.000000 
      115.0000  603228644373596526426561648345732679536771716403672761596116992.000000  1242859557865681109819087357602016788740269769107579210303408815306767312370097092836724310401588271728318714892186427429224448.000000  1242859557865681109819087357602016788740269769107579210303408815306767312370097092836724310401588271728318714892186427429224448.000000 
      115.5000  613394454063806445526892544907645475709334251818435704248074240.000000  1204156763774719147067078854156318345432471059960065049617757293832398839985189629453400542660003857715534515239907784149434368.000000  1204156763774719147067078854156318345432471059960065049617757293832398839985189629453400542660003857715534515239907784149434368.000000 
      116.0000  623358947303575062366409078633160876344802640336777928505294848.000000  1166838757660962021686449361537616179096966150582537908970872606591348129071556038040071210885482748441022003352600550750289920.000000  1166838757660962021686449361537616179096966150582537908970872606591348129071556038040071210885482748441022003352600550750289920.000000 
      116.5000  633126110820419018997782102442064162585611928199014607424061440.000000  1130852996438061739437774590640415405944333570548631775772213073443899302632973307954339535738025901658461542131735275996446720.000000  1130852996438061739437774590640415405944333570548631775772213073443899302632973307954339535738025901658461542131735275996446720.000000 
      117.0000  642699852391543450991084149679947419743543842176328308176715776.000000  1096148974146548229710883974207924339690377401857405223231984683783581288403020778311991429426990493849670116994349414853115904.000000  1096148974146548229710883974207924339690377401857405223231984683783581288403020778311991429426990493849670116994349414853115904.000000 
      117.5000  652084002407320449572570102528150805600600725529326599188512768.000000  1062678142377975685206777557525104215850166940199585335839239464024390576674096190350127761849086150538122832174100880625238016.000000  1062678142377975685206777557525104215850166940199585335839239464024390576674096190350127761849086150538122832174100880625238016.000000 
      118.0000  661282315403798852131530026665562063486433705386222817663516672.000000  1030393833815499685047175885660886014499630300089292968472979528405120871174898155316278672291503336749809089459003687392247808.000000  1030393833815499685047175885660886014499630300089292968472979528405120871174898155316278672291503336749809089459003687392247808.000000 
      118.5000  670298471564872071266072129989886497734654242653006207073124352.000000  999251188768727819527898103837452706584853644572368396992745550690240943819820995074466673953177590823518219264846374341967872.000000  999251188768727819527898103837452706584853644572368396992745550690240943819820995074466673953177590823518219264846374341967872.000000 
      119.0000  679136078194694591717022196540206475651050532330919878346145792.000000  969207084585485527857562876131688790394872277189459668870147263904006316866609056283432288513699459596356783232919735281647616.000000  969207084585485527857562876131688790394872277189459668870147263904006316866609056283432288513699459596356783232919735281647616.000000 
      119.5000  687798671160939865447729509935594437923677251773405803902402560.000000  940220067827715399394965778857756834747246504835846188486739868733581314130695211827624082244121286244880211538755023397715968.000000  940220067827715399394965778857756834747246504835846188486739868733581314130695211827624082244121286244880211538755023397715968.000000 
      120.0000  696289716309478268174309970703955688938272260190611865321078784.000000  912250289103185985757360831115616503230248182243676183277923700083375980385205207518633314815751770695443548191023153496981504.000000  912250289103185985757360831115616503230248182243676183277923700083375980385205207518633314815751770695443548191023153496981504.000000 
      120.5000  704612610851037521445141805580312222468689884060962303185518592.000000  885259440448910541686360774293970900384540765110177884616916874380640986491923927102407560462456247179750728761263026042044416.000000  885259440448910541686360774293970900384540765110177884616916874380640986491923927102407560462456247179750728761263026042044416.000000 
      121.0000  712770684720542351175211376740781189486348276379412534944333824.000000  859210695166258443217251500186171691459798796089869763766665038164421879266875795623392878132746963658534155335465327946366976.000000  859210695166258443217251500186171691459798796089869763766665038164421879266875795623392878132746963658534155335465327946366976.000000 
      121.5000  720767201909179237249180348051306648700317323122130045672357888.000000  834068650011669245816089769110625413719819102931276560580376439711211801388439928870878554590240097591803356625598542505836544.000000  834068650011669245816089769110625413719819102931276560580376439711211801388439928870878554590240097591803356625598542505836544.000000 
      122.0000  728605361770130201563185305253439404769377726222921627162640384.000000  809799269650652645180822435225831398607391157109713147252669391020832899939078689456272980764397855312050400124502377364455424.000000  809799269650652645180822435225831398607391157109713147252669391020832899939078689456272980764397855312050400124502377364455424.000000 
      122.5000  736288300299058881250189028693851027838000163082038196851179520.000000  786369833286355044565936367396665361110821624822143682935355778064349173506968031081693176116569053253749550652429264641589248.000000  786369833286355044565936367396665361110821624822143682935355778064349173506968031081693176116569053253749550652429264641589248.000000 
      123.0000  743819091388606170225562320370837419310318516530305797355208704.000000  763748883377481290845141900040361733356751793252996710508775308820937780202209608990850458624969150954844108490961582450278400.000000  763748883377481290845141900040361733356751793252996710508775308820937780202209608990850458624969150954844108490961582450278400.000000 
      123.5000  751200748058233890521134492826589335977959156191521425347051520.000000  741906176363675907886656057085111303739677612608546930449445910956905210627552668583232566777060494539792912145720854112632832.000000  741906176363675907886656057085111303739677612608546930449445910956905210627552668583232566777060494539792912145720854112632832.000000 
      124.0000  758436223659713908990909358629084322365184034837613672036040704.000000  720812635319695692127965553511948855177292970192760020742649025565391380021583236133944843132609273943657223634338284721668096.000000  720812635319695692127965553511948855177292970192760020742649025565391380021583236133944843132609273943657223634338284721668096.000000 
      124.5000  765528413058743807458685587047986226792217391153101162552492032.000000  700440304462777053168404508999368474384481779335379884453332800445010517216546819812978978527395261234756250096729280537952256.000000  700440304462777053168404508999368474384481779335379884453332800445010517216546819812978978527395261234756250096729280537952256.000000 
      125.0000  772480153793162998213485973195779845963764313677972230360793088.000000  680762305440580110573102867587037697625925220662813956237306021587857336704673471517722372501094085268682977053545563456274432.000000  680762305440580110573102867587037697625925220662813956237306021587857336704673471517722372501094085268682977053545563456274432.000000 
      125.5000  779294227276372080365255869433189276400121446103946571773116416.000000  661752795329922209486027162987892291580988725334727561737243841321073063769042400926311300797589725035245182661068823365419008.000000  661752795329922209486027162987892291580988725334727561737243841321073063769042400926311300797589725035245182661068823365419008.000000 
      126.0000  785973359848515243523397447025638986189604250899031601107173376.000000  643386926279262176735351114825152023581656432667313946641427094056605833354793541591736414840734626529238087288239930898120704.000000  643386926279262176735351114825152023581656432667313946641427094056605833354793541591736414840734626529238087288239930898120704.000000 
      126.5000  792520223642010676113024689180407658889482094440470092791676928.000000  625640806730520468464549791934327549438703450520583142737698148096472100146544797334811540475347587916134530492844259334422528.000000  625640806730520468464549791934327549438703450520583142737698148096472100146544797334811540475347587916134530492844259334422528.000000 
      127.0000  798937438010926387152581733116683503552512381009483300140482560.000000  608491464158340703492399983546464598952701917436615106773842303226714968038555430373836535543559513271293178777069791505022976.000000  608491464158340703492399983546464598952701917436615106773842303226714968038555430373836535543559513271293178777069791505022976.000000 
      127.5000  805227570439820480059204840636468931769683834625636316949250048.000000  591916809267340034817615664387233651783464095212699145633577441035139891361391926800082532975528046261029788765618420762804224.000000  591916809267340034817615664387233651783464095212699145633577441035139891361391926800082532975528046261029788765618420762804224.000000 
      128.0000  811393137568805608629630092818417904158983337433255633152376832.000000  575895601590199638015845259169703761237752188643656090890511740348277224380286910773504322372242245303352073156477062024790016.000000  575895601590199638015845259169703761237752188643656090890511740348277224380286910773504322372242245303352073156477062024790016.000000 
      128.5000  817439588701660179041506824824434655963551811026593268474314752.000000  560407525623614814371559611651266921562015493549070985909770051080418014460894545836233426798563605773382833222853672258502656.000000  560407525623614814371559611651266921562015493549070985909770051080418014460894545836233426798563605773382833222853672258502656.000000 
      129.0000  823366741446137426685604260589431125272351931809234501769363456.000000  545432718415332825375454321920552213528550439311572880394431359555814779104064744215640964671676033955706159817885341794172928.000000  545432718415332825375454321920552213528550439311572880394431359555814779104064744215640964671676033955706159817885341794172928.000000 
      129.5000  829176517081657271011464018766124206022728335734414691541188608.000000  530952405990302143303729215135788884763129493828410640140246292595513705825710528401253568530341751394891780976996133067816960.000000  530952405990302143303729215135788884763129493828410640140246292595513705825710528401253568530341751394891780976996133067816960.000000 
      130.0000  834871240060834173015248491332952773732714703823388667897970688.000000  516948425309135714670658310177035855044205780529526664181439470098262834967818071411899649371024448805792078411018083705552896.000000  516948425309135714670658310177035855044205780529526664181439470098262834967818071411899649371024448805792078411018083705552896.000000 
      130.5000  840453188804480191711692668626322000731430747100057788884189184.000000  503403309316325562296512523193428837431024926905789788879782702562984020930157801782568131858483625861443105106011975340523520.000000  503403309316325562296512523193428837431024926905789788879782702562984020930157801782568131858483625861443105106011975340523520.000000 
      131.0000  845924596613186030228723218790301880914678742925633818074284032.000000  490300259863134571017942958824848931092756925215451212458412036198777884367292295355328183832046982016325439633503642420510720.000000  490300259863134571017942958824848931092756925215451212458412036198777884367292295355328183832046982016325439633503642420510720.000000 
      131.5000  851287652560848608895390589384917574413506051029936709941854208.000000  477623121689444620903832628625692165962358113658598160401574926412129010783235435880649819620260868933958282405849821255565312.000000  477623121689444620903832628625692165962358113658598160401574926412129010783235435880649819620260868933958282405849821255565312.000000 
      132.0000  856544502370507526385319861895313698283945202660512245779267584.000000  465356357423082048296698263753047148706908723176906936814508357442827505300949581511161208678840338288954362951264716533530624.000000  465356357423082048296698263753047148706908723176906936814508357442827505300949581511161208678840338288954362951264716533530624.000000 
      132.5000  861697249272831121484883125884598797244558546328526809441763328.000000  453485023556742256777505182472380721944322144412641148084826201810232965543374916972085441849375366789330233943623526432899072.000000  453485023556742256777505182472380721944322144412641148084826201810232965543374916972085441849375366789330233943623526432899072.000000 
      133.0000  866747954847607280383964782199493489876137506925215694523990016.000000  441994747364230430273978160562214083857661387069834448774012644087691326590549847562457349591050384624569462625258457698140160.000000  441994747364230430273978160562214083857661387069834448774012644087691326590549847562457349591050384624569462625258457698140160.000000 
      133.5000  871698639848566365856081897482459915686084905605287871858606080.000000  430871704719205751226076942969252153833715169305481403019680579493803315342149265598353524259388177052212914563155492914331648.000000  430871704719205751226076942969252153833715169305481403019680579493803315342149265598353524259388177052212914563155492914331648.000000 
      134.0000  876551285011873144455264383112958432391421443673317909788098560.000000  420102598781083896128022126066214317229360052553264381185811816044461167013780844108260305861505347969941128164614525190930432.000000  420102598781083896128022126066214317229360052553264381185811816044461167013780844108260305861505347969941128164614525190930432.000000 
      134.5000  881307831848603396083358473608163559344283067605370728639102976.000000  409674639514123678714421165893722384257485426453622553975708977416648138622887788477238600043528189504962793425415143358988288.000000  409674639514123678714421165893722384257485426453622553975708977416648138622887788477238600043528189504962793425415143358988288.000000 
      135.0000  885970183421532399606810960373952017041833573066884661297283072.000000  399575524007059411772400726582298549620953728947570582412524925884981936158091819168651979013519571966068708196617921356627968.000000  399575524007059411772400726582298549620953728947570582412524925884981936158091819168651979013519571966068708196617921356627968.000000 
      135.5000  890540205106536181172519680444448046335527912693484484995055616.000000  389793417561925004682681585828857631135219536483990691386424071729111438045632782154567996836299087050315195877043667099189248.000000  389793417561925004682681585828857631135219536483990691386424071729111438045632782154567996836299087050315195877043667099189248.000000 
      136.0000  895019725338916459696092409805973841287886596847156223960678400.000000  380316935521933298267442269447415772321606751605113368300784008531050757166203580844562063553630258757063632534124841222012928.000000  380316935521933298267442269447415772321606751605113368300784008531050757166203580844562063553630258757063632534124841222012928.000000 
      136.5000  899410536344944330165550337332017464552385786982376764310814720.000000  371135125809468475762031723258781621973856751784151667455997946401863652255305999009121106019521439805537315271138028424265728.000000  371135125809468475762031723258781621973856751784151667455997946401863652255305999009121106019521439805537315271138028424265728.000000 
      137.0000  903714394858920465719082290798802246061129024287453177442205696.000000  362237452146375787326970985381423444826470078056775916170815627920220447586855376157633611383607296810866212885099708667658240.000000  362237452146375787326970985381423444826470078056775916170815627920220447586855376157633611383607296810866212885099708667658240.000000 
      137.5000  907933022826030985309579917438834568823349403657826035038158848.000000  353613777929824954182695641008671695278405606649933968042783954104905407116507890800647544832391050636615018540966298014187520.000000  353613777929824954182695641008671695278405606649933968042783954104905407116507890800647544832391050636615018540966298014187520.000000 
      138.0000  912068108091285806652280008730127514983162763543944192451411968.000000  345254350738072834545430217299642667361277976707176289679438437462230732917298164472465634749461932796716316375396351901433856.000000  345254350738072834545430217299642667361277976707176289679438437462230732917298164472465634749461932796716316375396351901433856.000000 
      138.5000  916121305074816621703492841886964745872975716841313296671834112.000000  337149787441455020044254469574187791117622973204981257046126666593556070092979893907908917691287014794704104415552285005840384.000000  337149787441455020044254469574187791117622973204981257046126666593556070092979893907908917691287014794704104415552285005840384.000000 
      139.0000  920094235433795372712680104223103973805188379341726602837884928.000000  329291059894901902316183407750807884902958534057802670284139198111418963668578441179584169902069221993014629714302687550373888.000000  329291059894901902316183407750807884902958534057802670284139198111418963668578441179584169902069221993014629714302687550373888.000000 
      139.5000  923988488711253837162249933747715133090073322085452038340083712.000000  321669481189213565282291255156321125657052007150232760697654099031177728279788482966526266128787296497531812583611115728011264.000000  321669481189213565282291255156321125657052007150232760697654099031177728279788482966526266128787296497531812583611115728011264.000000 
      140.0000  927805622972045286677524008612692082816624844777241286394511360.000000  314276692439201403718657424652853447276741270520680403483432910197617509774293168336395935337296683312401748296527368190689280.000000  314276692439201403718657424652853447276741270520680403483432910197617509774293168336395935337296683312401748296527368190689280.000000 
      140.5000  931547165426216770832736238822557768484390187271022666691117056.000000  307104650087684527342573580958869762086954875180039779574695074527275547860900417335337534507510317566367437625495132760440832.000000  307104650087684527342573580958869762086954875180039779574695074527275547860900417335337534507510317566367437625495132760440832.000000 
      141.0000  935214613040035183187973989179978980550325850710673068893667328.000000  300145613705134578528682945028796315367119886963910808090333818829453215403955312632887973298653887077912860327979465471688704.000000  300145613705134578528682945028796315367119886963910808090333818829453215403955312632887973298653887077912860327979465471688704.000000 
      141.5000  938809433134916843649340751503038764536469423187852646464618496.000000  293392134265564027229009401397135312364839271498850567799086344308121531589940959734730232277705244882306311240789805800357888.000000  293392134265564027229009401397135312364839271498850567799086344308121531589940959734730232277705244882306311240789805800357888.000000 
      142.0000  942333063974487677969240555155182380229310202391081311333777408.000000  286837042880013408394114150020166101698426730748510515001226521021384970034779003785400424867518548950533945516067099714256896.000000  286837042880013408394114150020166101698426730748510515001226521021384970034779003785400424867518548950533945516067099714256896.000000 
      142.5000  945786915340027382233156361181280373828730800814589876715388928.000000  280473439969716957111694499265155145012420342109617461641065347158351060902717168123647483745217147747744548949524662838099968.000000  280473439969716957111694499265155145012420342109617461641065347158351060902717168123647483745217147747744548949524662838099968.000000 
      143.0000  949172369094510220821154086424407399189679952706305786258653184.000000  274294684861737535986453908449055107328420551314785138226720133515046904347115488768704470528000801689009250565204474024951808.000000  274294684861737535986453908449055107328420551314785138226720133515046904347115488768704470528000801689009250565204474024951808.000000 
      143.5000  952490779735483240238862523879110845232766530382461744418127872.000000  268294385790529749948975915261348463278704055108513686272364464788488728769057768293161905892304097383708471152751368954970112.000000  268294385790529749948975915261348463278704055108513686272364464788488728769057768293161905892304097383708471152751368954970112.000000 
      144.0000  955743474936987787861088150229771213624583676279221277541007360.000000  262466390289539694194707839104527775395602717340417881754817856784571367097457264781463615217102327574035667242017363830243328.000000  262466390289539694194707839104527775395602717340417881754817856784571367097457264781463615217102327574035667242017363830243328.000000 
      144.5000  958931756080754522095944437783671327088915865316917035046797312.000000  256804775957576898188782751429548761296513738050122855333273723840600267958708048155767788047168560434452124477966738639552512.000000  256804775957576898188782751429548761296513738050122855333273723840600267958708048155767788047168560434452124477966738639552512.000000 
      145.0000  962056898776878351075768660835970638831450072553428231171080192.000000  251303841585282291618541393890514023704291088256883136045814826724503420846482843867526656795004409224042471223587948539674624.000000  251303841585282291618541393890514023704291088256883136045814826724503420846482843867526656795004409224042471223587948539674624.000000 
      145.5000  965120153374181381170441183769563892706049026921620740669177856.000000  245958098627605445998869970711048107525028023816763484499760185760631207461149451645425364068873758603539198928530574812381184.000000  245958098627605445998869970711048107525028023816763484499760185760631207461149451645425364068873758603539198928530574812381184.000000 
      146.0000  968122745460466475987582227306860119932521845784449652128481280.000000  240762263008742406135353557942666939767887315980539859947572535647710714579019742206810445267200011224110419850124955287027712.000000  240762263008742406135353557942666939767887315980539859947572535647710714579019742206810445267200011224110419850124955287027712.000000 
      146.5000  971065876352872978221629761110891955745427732274819475125043200.000000  235711247246526003787777422132507397177482418725092090746432919869080965218308632584303133192670118575657305234431212783665152.000000  235711247246526003787777422132507397177482418725092090746432919869080965218308632584303133192670118575657305234431212783665152.000000 
      147.0000  973950723578509243797459565634480616311422331241050885163319296.000000  230800152883763472179354060660535911382231648719450155863342445845728266986488234088766834149905750440677754974106470815105024.000000  230800152883763472179354060660535911382231648719450155863342445845728266986488234088766834149905750440677754974106470815105024.000000 
      147.5000  976778441345573723358255777777731294755286515300426659626221568.000000  226024263214515686821898777047928379211277384300334464257573434719301868795875609402931700831185364512321309445789501972545536.000000  226024263214515686821898777047928379211277384300334464257573434719301868795875609402931700831185364512321309445789501972545536.000000 
      148.0000  979550161005152759433438274104577700716849822439597506050392064.000000  221379036293769553608850352200453346799300463649823797845453280098160446882302693495316338349606902946673873922658687265013760.000000  221379036293769553608850352200453346799300463649823797845453280098160446882302693495316338349606902946673873922658687265013760.000000 
      148.5000  982266991503859883596255950922403208903697306072313989120917504.000000  216860098219418874105620211327199873842658694958646952547683136374126182541102885940038513571363601607103837159443535457419264.000000  216860098219418874105620211327199873842658694958646952547683136374126182541102885940038513571363601607103837159443535457419264.000000 
      149.0000  984930019827519031587816231278909826988991002752706903042686976.000000  212463236675899421274642950047667422142368392419579089006036691550408494967255700982885341500588329091741151998762455983456256.000000  212463236675899421274642950047667422142368392419579089006036691550408494967255700982885341500588329091741151998762455983456256.000000 
      149.5000  987540311436063768225346512694853466743458359869680575345328128.000000  208184394729239594544630065109574081287545241605180643351059878338597786113508745918442105414112304229099088673647258733903872.000000  208184394729239594544630065109574081287545241605180643351059878338597786113508745918442105414112304229099088673647258733903872.000000 
      150.0000  990107428246323253842660688385464467682555536212570884022468608.000000  249162834466104054077755629412855233890649280656615255519950314351562278962127391134870741867834847103859114620176903308312576.000000  249162834466104054077755629412855233890649280656615255519950314351562278962127391134870741867834847103859114620176903308312576.000000 
      150.5000  992638700380335149540934569987747369040037702585073430872195072.000000  244510401823709907090067869961169663213252074873986084953930493524864201921420811775515507173096622415274858731554680023810048.000000  244510401823709907090067869961169663213252074873986084953930493524864201921420811775515507173096622415274858731554680023810048.000000 
      151.0000  995119845005070444955099332197675699963167903342836991813222400.000000  239972617733136884261166449071585334656550057421550738067044801338075959835245951596994109671735707149254111612900424615460864.000000  239972617733136884261166449071585334656550057421550738067044801338075959835245951596994109671735707149254111612900424615460864.000000 
      151.5000  997551854809860772405818791824215885965824441089005425008836608.000000  235545884267656702809899776345093591618499392277846134168000013613100940319441400137269171585655650805515724524608435301384192.000000  235545884267656702809899776345093591618499392277846134168000013613100940319441400137269171585655650805515724524608435301384192.000000 
      152.0000  999935702829372976387492971505426011961164053921361245717397504.000000  231226732697882537019433865810795522187760259687326972581089963970460051438584892093262071491469676681208252555841229276839936.000000  231226732697882537019433865810795522187760259687326972581089963970460051438584892093262071491469676681208252555841229276839936.000000 
      152.5000  1002272342831038399920602487932205859105777291577539327118278656.000000  227011818581487966840586820529584434644749010626068238437518688790997112777791019755815337613560303683551937705724342995779584.000000  227011818581487966840586820529584434644749010626068238437518688790997112777791019755815337613560303683551937705724342995779584.000000 
      153.0000  1004562709679336734849052763282184735869324296468704511437832192.000000  222897917046924524659118468959762879631291682153491771616617818913192065443744550086433736809928310594032410190499355589345280.000000  222897917046924524659118468959762879631291682153491771616617818913192065443744550086433736809928310594032410190499355589345280.000000 
      153.5000  1006807719734810266296231148150342573626423976250822974060363776.000000  218881918256512357051943424325242859477829987413571602282743025504208726273899717633755538378197274255276915652027445252456448.000000  218881918256512357051943424325242859477829987413571602282743025504208726273899717633755538378197274255276915652027445252456448.000000 
      154.0000  1009008271211057570107639922864033002320096875620918586138165248.000000  214960823047161458089212031493898522548741189469990172588401111826848138986279683223807716884193807862179518202592279868211200.000000  214960823047161458089212031493898522548741189469990172588401111826848138986279683223807716884193807862179518202592279868211200.000000 
      154.5000  1011165244534093564132072696985442967329979799857529688980193280.000000  211131738739683125882514243073294337807404405224939025178062803258019636012354478806474326688907170400036860207598481161846784.000000  211131738739683125882514243073294337807404405224939025178062803258019636012354478806474326688907170400036860207598481161846784.000000 
      155.0000  1013279502694609036485523283348824519041392466845544977172267008.000000  207391875110462067419206514419481521412572912855013194012570547668722141906861051117208846068504368652906925047849769966239744.000000  207391875110462067419206514419481521412572912855013194012570547668722141906861051117208846068504368652906925047849769966239744.000000 
      155.5000  1015351891593245474802585520688766417138248953014726223082815488.000000  203738540519142713243942981313135706603115798787166319070416960278761854429685574091931585905930119543243623012428031096520704.000000  203738540519142713243942981313135706603115798787166319070416960278761854429685574091931585905930119543243623012428031096520704.000000 
      156.0000  1017383240379029154386621138796948612575836487069353952109658112.000000  200169138186241342619146710661723521140322718275565327475183202020266790868552386843060650191521284100210551780134061091061760.000000  200169138186241342619146710661723521140322718275565327475183202020266790868552386843060650191521284100210551780134061091061760.000000 
      156.5000  1019374361781112462299475420127847730322774115164736231837794304.000000  196681162614827843686741491215959448418376073285450431088862635112874224102529018833028268052955074911037568876806559806521344.000000  196681162614827843686741491215959448418376073285450431088862635112874224102529018833028268052955074911037568876806559806521344.000000 
      157.0000  1021326052433932800764359141023717931077021316898564598015197184.000000  193272196150653795847631822401026046133727767735044544286884457285287402220766125470892480691236651592871660082278949271371776.000000  193272196150653795847631822401026046133727767735044544286884457285287402220766125470892480691236651592871660082278949271371776.000000 
      157.5000  1023239093195944354430863200993906293469412677187955560179302400.000000  189939905675323084547715795102507881934460793057179085429863574552852697412582215999649679279859157695350608860943404228411392.000000  189939905675323084547715795102507881934460793057179085429863574552852697412582215999649679279859157695350608860943404228411392.000000 
      158.0000  1025114249462037632068341082290446481474690931784598134630383616.000000  186682039427311162001093552365565395688534540828461854550594202457572664682874718255682133128512264005807608977493661017178112.000000  186682039427311162001093552365565395688534540828461854550594202457572664682874718255682133128512264005807608977493661017178112.000000 
      158.5000  1026952271469764616257168943827710869119676136746467164313092096.000000  183496423945843860294351896223346860717852769402599839293069491169696166719556533508764641268985317781674114290322556177088512.000000  183496423945843860294351896223346860717852769402599839293069491169696166719556533508764641268985317781674114290322556177088512.000000 
      159.0000  1028753894599514209739979108835023287287009873885048362927915008.000000  180380961132843339665857418760472993008190677724510350299685248189279232614837227903653638390400621443568953785316952514756608.000000  180380961132843339665857418760472993008190677724510350299685248189279232614837227903653638390400621443568953785316952514756608.000000 
      159.5000  1030519839668727678095858130408837143771082454058406466132377600.000000  177333625428332204112216165178525660513393948195736256558046159067851006054536330935651838345648200718723570965723940883791872.000000  177333625428332204112216165178525660513393948195736256558046159067851006054536330935651838345648200718723570965723940883791872.000000 
