        0.0000  -1.017812   0.240223  -0.777589 
        0.5000  -1.073417   0.332882  -0.740535 
        1.0000  -1.050069   0.357820  -0.692249 
        1.5000  -0.940547   0.293095  -0.647452 
        2.0000  -0.965753   0.378325  -0.587428 
        2.5000  -0.960347   0.413012  -0.547335 
        3.0000  -0.923567   0.397276  -0.526291 
        3.5000  -0.885810   0.367373  -0.518437 
        4.0000  -0.871464   0.359746  -0.511717 
        4.5000  -0.841499   0.326502  -0.514997 
        5.0000  -0.895792   0.362588  -0.533204 
        5.5000  -0.953692   0.422421  -0.531270 
        6.0000  -0.879094   0.338985  -0.540109 
        6.5000  -0.891032   0.347583  -0.543449 
        7.0000  -0.889195   0.328913  -0.560282 
        7.5000  -0.850438   0.290443  -0.559995 
        8.0000  -0.871370   0.297970  -0.573400 
        8.5000  -0.926830   0.356447  -0.570383 
        9.0000  -0.887214   0.301322  -0.585892 
        9.5000  -0.917978   0.327315  -0.590663 
       10.0000  -0.893043   0.300118  -0.592925 
       10.5000  -0.933228   0.345797  -0.587431 
       11.0000  -0.900027   0.321637  -0.578389 
       11.5000  -0.862185   0.286170  -0.576016 
       12.0000  -0.897167   0.309630  -0.587537 
       12.5000  -0.905068   0.320383  -0.584685 
       13.0000  -0.846101   0.269156  -0.576945 
       13.5000  -0.864958   0.289115  -0.575843 
       14.0000  -0.902861   0.323159  -0.579702 
       14.5000  -0.862266   0.282316  -0.579950 
       15.0000  -0.884834   0.298325  -0.586509 
       15.5000  -0.871265   0.277149  -0.594116 
       16.0000  -0.870524   0.281629  -0.588895 
       16.5000  -0.900346   0.310323  -0.590023 
       17.0000  -0.878163   0.273018  -0.605145 
       17.5000  -0.889218   0.278615  -0.610603 
       18.0000  -0.865810   0.258851  -0.606959 
       18.5000  -0.891470   0.290912  -0.600557 
       19.0000  -0.886836   0.281065  -0.605771 
       19.5000  -0.890841   0.280892  -0.609948 
       20.0000  -0.936317   0.320569  -0.615748 
       20.5000  -0.867604   0.251017  -0.616587 
       21.0000  -0.924728   0.312445  -0.612283 
       21.5000  -0.851433   0.241641  -0.609792 
       22.0000  -0.883252   0.280447  -0.602805 
       22.5000  -0.895526   0.280320  -0.615206 
       23.0000  -0.902037   0.291362  -0.610675 
       23.5000  -0.882765   0.285003  -0.597762 
       24.0000  -0.863134   0.267521  -0.595613 
       24.5000  -0.881987   0.290893  -0.591094 
       25.0000  -0.909234   0.316780  -0.592454 
       25.5000  -0.875705   0.295018  -0.580688 
       26.0000  -0.836303   0.261881  -0.574422 
       26.5000  -0.899250   0.318722  -0.580527 
       27.0000  -0.873862   0.306991  -0.566871 
       27.5000  -0.877009   0.306149  -0.570860 
       28.0000  -0.844813   0.265533  -0.579279 
       28.5000  -0.847254   0.269736  -0.577519 
       29.0000  -0.813036   0.244785  -0.568251 
       29.5000  -0.806613   0.236407  -0.570206 
       30.0000  -0.806451   0.237785  -0.568666 
       30.5000  -0.811020   0.244245  -0.566775 
       31.0000  -0.817607   0.252617  -0.564990 
       31.5000  -0.855060   0.281692  -0.573368 
       32.0000  -0.836080   0.264846  -0.571234 
       32.5000  -0.826010   0.260210  -0.565800 
       33.0000  -0.866637   0.289956  -0.576681 
       33.5000  -0.851997   0.280196  -0.571801 
       34.0000  -0.858186   0.279254  -0.578932 
       34.5000  -0.817796   0.252942  -0.564854 
       35.0000  -0.808977   0.243941  -0.565036 
       35.5000  -0.861589   0.305882  -0.555707 
       36.0000  -0.853135   0.304360  -0.548775 
       36.5000  -0.899485   0.330497  -0.568988 
       37.0000  -0.946296   0.380507  -0.565790 
       37.5000  -0.865805   0.282652  -0.583153 
       38.0000  -0.893570   0.315865  -0.577704 
       38.5000  -0.924401   0.345018  -0.579383 
       39.0000  -0.873040   0.304807  -0.568234 
       39.5000  -0.877379   0.321236  -0.556144 
       40.0000  -0.858183   0.304932  -0.553251 
       40.5000  -0.864867   0.300624  -0.564243 
       41.0000  -0.891145   0.323757  -0.567388 
       41.5000  -0.827645   0.269701  -0.557944 
       42.0000  -0.860877   0.303244  -0.557633 
       42.5000  -0.855453   0.309129  -0.546324 
       43.0000  -0.833116   0.293481  -0.539635 
       43.5000  -0.857011   0.318596  -0.538415 
       44.0000  -0.861778   0.319219  -0.542559 
       44.5000  -0.865854   0.322342  -0.543512 
       45.0000  -0.828653   0.289286  -0.539367 
       45.5000  -0.862188   0.323104  -0.539084 
       46.0000  -0.873140   0.340723  -0.532416 
       46.5000  -0.856631   0.344693  -0.511939 
       47.0000  -0.842128   0.323925  -0.518203 
       47.5000  -0.812279   0.297154  -0.515125 
       48.0000  -0.833617   0.324686  -0.508931 
       48.5000  -0.833755   0.325067  -0.508688 
       49.0000  -0.882410   0.363389  -0.519021 
       49.5000  -0.806715   0.277337  -0.529378 
       50.0000  -0.860921   0.339042  -0.521879 
       50.5000  -0.839835   0.324011  -0.515824 
       51.0000  -0.810409   0.288520  -0.521889 
       51.5000  -0.863109   0.346852  -0.516257 
       52.0000  -0.843893   0.325018  -0.518875 
       52.5000  -0.829175   0.306440  -0.522735 
       53.0000  -0.825823   0.305315  -0.520508 
       53.5000  -0.860200   0.346038  -0.514163 
       54.0000  -0.839304   0.323410  -0.515894 
       54.5000  -0.812639   0.292001  -0.520638 
       55.0000  -0.833185   0.303359  -0.529826 
       55.5000  -0.835285   0.306686  -0.528599 
       56.0000  -0.853371   0.327797  -0.525574 
       56.5000  -0.862786   0.332510  -0.530275 
       57.0000  -0.832633   0.312615  -0.520018 
       57.5000  -0.807267   0.286110  -0.521157 
       58.0000  -0.818213   0.304136  -0.514077 
       58.5000  -0.822717   0.311975  -0.510741 
       59.0000  -0.792079   0.296307  -0.495772 
       59.5000  -0.857626   0.361291  -0.496335 
       60.0000  -0.825285   0.337545  -0.487740 
       60.5000  -0.825787   0.341034  -0.484753 
       61.0000  -0.831307   0.352529  -0.478778 
       61.5000  -0.789314   0.311664  -0.477649 
       62.0000  -0.840413   0.361901  -0.478512 
       62.5000  -0.835139   0.353122  -0.482016 
       63.0000  -0.885893   0.397533  -0.488359 
       63.5000  -0.823655   0.333714  -0.489941 
       64.0000  -0.782778   0.284394  -0.498384 
       64.5000  -0.870054   0.371928  -0.498126 
       65.0000  -0.853992   0.339328  -0.514664 
       65.5000  -0.820519   0.313456  -0.507063 
       66.0000  -0.803019   0.289574  -0.513445 
       66.5000  -0.860379   0.327760  -0.532619 
       67.0000  -0.839499   0.291781  -0.547718 
       67.5000  -0.873538   0.315582  -0.557956 
       68.0000  -0.876168   0.308889  -0.567279 
       68.5000  -0.856110   0.300695  -0.555415 
       69.0000  -0.897803   0.341777  -0.556025 
       69.5000  -0.862976   0.323548  -0.539428 
       70.0000  -0.870114   0.325537  -0.544577 
       70.5000  -0.834678   0.293986  -0.540691 
       71.0000  -0.874564   0.335253  -0.539311 
       71.5000  -0.855735   0.334041  -0.521694 
       72.0000  -0.831593   0.302456  -0.529138 
       72.5000  -0.866052   0.339853  -0.526200 
       73.0000  -0.847389   0.323660  -0.523729 
       73.5000  -0.851468   0.309956  -0.541511 
       74.0000  -0.865176   0.323950  -0.541226 
       74.5000  -0.841582   0.304234  -0.537347 
       75.0000  -0.826713   0.290416  -0.536297 
       75.5000  -0.840092   0.307139  -0.532953 
       76.0000  -0.820684   0.294253  -0.526431 
       76.5000  -0.823509   0.308038  -0.515471 
       77.0000  -0.838901   0.315279  -0.523621 
       77.5000  -0.882319   0.358260  -0.524060 
       78.0000  -0.855611   0.317644  -0.537967 
       78.5000  -0.889876   0.342340  -0.547536 
       79.0000  -0.873061   0.316142  -0.556919 
       79.5000  -0.873495   0.327211  -0.546285 
       80.0000  -0.847917   0.294113  -0.553804 
       80.5000  -0.822554   0.265507  -0.557047 
       81.0000  -0.879066   0.316369  -0.562697 
       81.5000  -0.892770   0.335969  -0.556802 
       82.0000  -0.830017   0.269951  -0.560065 
       82.5000  -0.892286   0.333739  -0.558548 
       83.0000  -0.872047   0.316905  -0.555142 
       83.5000  -0.885225   0.332588  -0.552637 
       84.0000  -0.896521   0.336808  -0.559714 
       84.5000  -0.938165   0.379278  -0.558888 
       85.0000  -0.874849   0.330767  -0.544082 
       85.5000  -0.845359   0.299898  -0.545461 
       86.0000  -0.835027   0.284963  -0.550064 
       86.5000  -0.838085   0.296009  -0.542075 
       87.0000  -0.872233   0.332928  -0.539305 
       87.5000  -0.819198   0.269802  -0.549396 
       88.0000  -0.856481   0.307342  -0.549140 
       88.5000  -0.913444   0.363779  -0.549665 
       89.0000  -0.842618   0.283940  -0.558679 
       89.5000  -0.911377   0.348760  -0.562618 
       90.0000  -0.916424   0.343802  -0.572622 
       90.5000  -0.868048   0.291452  -0.576596 
       91.0000  -0.879443   0.284864  -0.594579 
       91.5000  -0.933339   0.327915  -0.605425 
       92.0000  -0.898159   0.293281  -0.604879 
       92.5000  -0.897497   0.281758  -0.615739 
       93.0000  -0.892164   0.266729  -0.625435 
       93.5000  -0.965691   0.331456  -0.634235 
       94.0000  -0.891597   0.262442  -0.629155 
       94.5000  -0.934827   0.309876  -0.624951 
       95.0000  -0.919121   0.313532  -0.605589 
       95.5000  -0.920642   0.314607  -0.606035 
       96.0000  -0.952556   0.334837  -0.617719 
       96.5000  -0.873266   0.257443  -0.615823 
       97.0000  -0.926246   0.311614  -0.614632 
       97.5000  -0.881577   0.259229  -0.622348 
       98.0000  -0.967689   0.345460  -0.622229 
       98.5000  -0.901525   0.272403  -0.629122 
       99.0000  -0.934196   0.300236  -0.633959 
       99.5000  -0.923491   0.301583  -0.621908 
      100.0000  -0.926898   0.299596  -0.627302 
      100.5000  -0.948117   0.316384  -0.631732 
      101.0000  -0.898103   0.259827  -0.638276 
      101.5000  -0.967691   0.325375  -0.642316 
      102.0000  -0.928332   0.276249  -0.652083 
      102.5000  -0.922524   0.282799  -0.639725 
      103.0000  -0.927362   0.275826  -0.651535 
      103.5000  -0.943152   0.278124  -0.665027 
      104.0000  -0.959117   0.296047  -0.663070 
      104.5000  -0.962614   0.300590  -0.662024 
      105.0000  -0.957863   0.284239  -0.673624 
      105.5000  -0.954425   0.274356  -0.680069 
      106.0000  -0.939139   0.263040  -0.676099 
      106.5000  -0.993008   0.323982  -0.669025 
      107.0000  -0.946714   0.289459  -0.657256 
      107.5000  -0.933273   0.263632  -0.669642 
      108.0000  -0.988284   0.293250  -0.695035 
      108.5000  -0.970882   0.287988  -0.682894 
      109.0000  -0.931811   0.248573  -0.683239 
      109.5000  -0.984756   0.295030  -0.689726 
      110.0000  -0.954947   0.262126  -0.692821 
      110.5000  -0.961738   0.267807  -0.693931 
      111.0000  -0.993294   0.300953  -0.692342 
      111.5000  -0.956585   0.260959  -0.695626 
      112.0000  -0.954079   0.255566  -0.698512 
      112.5000  -0.992467   0.294373  -0.698094 
      113.0000  -0.958600   0.273953  -0.684647 
      113.5000  -0.981378   0.295551  -0.685827 
      114.0000  -0.993118   0.302513  -0.690605 
      114.5000  -0.951188   0.272150  -0.679038 
      115.0000  -0.981307   0.300880  -0.680427 
      115.5000  -0.995996   0.308268  -0.687728 
      116.0000  -0.997921   0.309420  -0.688501 
      116.5000  -0.964977   0.287404  -0.677573 
      117.0000  -0.925663   0.246112  -0.679551 
      117.5000  -0.977303   0.302106  -0.675197 
      118.0000  -1.007526   0.327743  -0.679783 
      118.5000  -0.979839   0.293809  -0.686030 
      119.0000  -0.967670   0.289860  -0.677810 
      119.5000  -0.973100   0.305979  -0.667122 
      120.0000  -0.935620   0.264864  -0.670756 
      120.5000  -0.930531   0.258627  -0.671904 
      121.0000  -0.948108   0.280665  -0.667444 
      121.5000  -0.962296   0.288819  -0.673477 
      122.0000  -0.926406   0.263664  -0.662742 
      122.5000  -0.942887   0.278819  -0.664069 
      123.0000  -0.920218   0.254571  -0.665647 
      123.5000  -0.961982   0.292507  -0.669474 
      124.0000  -0.934270   0.273244  -0.661025 
      124.5000  -0.934883   0.264939  -0.669944 
      125.0000  -1.012998   0.337408  -0.675590 
      125.5000  -0.956522   0.300372  -0.656150 
      126.0000  -0.926817   0.275387  -0.651430 
      126.5000  -0.909976   0.265466  -0.644510 
      127.0000  -0.921270   0.279179  -0.642092 
      127.5000  -0.967674   0.324816  -0.642858 
      128.0000  -0.936875   0.296390  -0.640485 
      128.5000  -0.924451   0.282239  -0.642212 
      129.0000  -0.928594   0.296715  -0.631879 
      129.5000  -0.985066   0.345188  -0.639878 
      130.0000  -0.955803   0.313283  -0.642520 
      130.5000  -0.953158   0.303840  -0.649318 
      131.0000  -0.946938   0.299737  -0.647202 
      131.5000  -0.954287   0.322165  -0.632122 
      132.0000  -0.907121   0.286452  -0.620669 
      132.5000  -0.939297   0.318064  -0.621233 
      133.0000  -0.947438   0.330677  -0.616761 
      133.5000  -0.920055   0.306148  -0.613908 
      134.0000  -0.914007   0.276234  -0.637773 
      134.5000  -0.929420   0.311771  -0.617649 
      135.0000  -0.942695   0.305491  -0.637204 
      135.5000  -0.950395   0.315006  -0.635390 
      136.0000  -0.946772   0.307845  -0.638927 
      136.5000  -0.925623   0.287922  -0.637702 
      137.0000  -0.944228   0.306347  -0.637880 
      137.5000  -0.980151   0.339449  -0.640702 
      138.0000  -0.994058   0.349001  -0.645057 
      138.5000  -0.906648   0.264772  -0.641876 
      139.0000  -0.944431   0.292257  -0.652175 
      139.5000  -0.926905   0.262438  -0.664468 
      140.0000  -0.959361   0.296065  -0.663296 
      140.5000  -0.952375   0.305422  -0.646953 
      141.0000  -0.945609   0.288549  -0.657060 
      141.5000  -0.924115   0.259234  -0.664881 
      142.0000  -0.944837   0.277577  -0.667260 
      142.5000  -0.956813   0.278414  -0.678399 
      143.0000  -0.965964   0.287829  -0.678134 
      143.5000  -0.964159   0.282267  -0.681892 
      144.0000  -0.964393   0.285953  -0.678440 
      144.5000  -0.958943   0.283426  -0.675517 
      145.0000  -0.905951   0.234388  -0.671562 
      145.5000  -0.995135   0.324454  -0.670680 
      146.0000  -0.922126   0.241127  -0.680999 
      146.5000  -0.947332   0.281743  -0.665589 
      147.0000  -0.947142   0.284094  -0.663048 
      147.5000  -0.964658   0.304650  -0.660008 
      148.0000  -0.909883   0.248183  -0.661700 
      148.5000  -0.935506   0.284655  -0.650851 
      149.0000  -0.968218   0.315672  -0.652546 
      149.5000  -0.942516   0.296604  -0.645913 
      150.0000  -0.916797   0.283161  -0.633637 
      150.5000  -0.907566   0.276915  -0.630651 
      151.0000  -0.925754   0.285970  -0.639784 
      151.5000  -0.927380   0.297012  -0.630368 
      152.0000  -0.940566   0.321443  -0.619123 
      152.5000  -0.944921   0.324483  -0.620437 
      153.0000  -0.922515   0.325553  -0.596963 
      153.5000  -0.860339   0.274398  -0.585940 
      154.0000  -0.934961   0.336397  -0.598564 
      154.5000  -0.938332   0.337382  -0.600949 
      155.0000  -0.905243   0.313454  -0.591789 
      155.5000  -0.911042   0.329792  -0.581250 
      156.0000  -0.876816   0.282355  -0.594460 
      156.5000  -0.933890   0.324599  -0.609291 
      157.0000  -0.910286   0.302797  -0.607488 
      157.5000  -0.883602   0.279974  -0.603628 
      158.0000  -0.922329   0.319345  -0.602984 
      158.5000  -0.902072   0.314153  -0.587920 
      159.0000  -0.902807   0.307115  -0.595692 
      159.5000  -0.923940   0.335306  -0.588634 
      160.0000  -0.890077   0.298695  -0.591383 
      160.5000  -0.884290   0.296723  -0.587567 
      161.0000  -0.895512   0.313926  -0.581586 
      161.5000  -0.887038   0.290662  -0.596376 
      162.0000  -0.875572   0.294572  -0.580999 
      162.5000  -0.906898   0.324212  -0.582686 
      163.0000  -0.887822   0.301310  -0.586512 
      163.5000  -0.911764   0.342415  -0.569348 
      164.0000  -0.874759   0.303538  -0.571222 
      164.5000  -0.857704   0.295831  -0.561873 
      165.0000  -0.882598   0.321432  -0.561166 
      165.5000  -0.898625   0.325534  -0.573091 
      166.0000  -0.907878   0.345372  -0.562507 
      166.5000  -0.892990   0.341986  -0.551004 
      167.0000  -0.855030   0.302810  -0.552219 
      167.5000  -0.853136   0.302521  -0.550615 
      168.0000  -0.905791   0.349656  -0.556135 
      168.5000  -0.825980   0.277343  -0.548636 
      169.0000  -0.899114   0.341503  -0.557611 
      169.5000  -0.860866   0.309589  -0.551277 
      170.0000  -0.849700   0.303409  -0.546291 
      170.5000  -0.852825   0.306976  -0.545849 
      171.0000  -0.850789   0.306317  -0.544472 
      171.5000  -0.864698   0.298480  -0.566218 
      172.0000  -0.862400   0.304068  -0.558331 
      172.5000  -0.862915   0.305530  -0.557384 
      173.0000  -0.878014   0.309765  -0.568249 
      173.5000  -0.846191   0.282977  -0.563214 
      174.0000  -0.887407   0.322618  -0.564789 
      174.5000  -0.901337   0.324700  -0.576637 
      175.0000  -0.857713   0.282651  -0.575062 
      175.5000  -0.839225   0.261706  -0.577519 
      176.0000  -0.877228   0.287440  -0.589787 
      176.5000  -0.841768   0.258854  -0.582913 
      177.0000  -0.899775   0.319369  -0.580406 
      177.5000  -0.907767   0.327797  -0.579970 
      178.0000  -0.855322   0.275403  -0.579918 
      178.5000  -0.909652   0.327188  -0.582464 
      179.0000  -0.883695   0.291845  -0.591850 
      179.5000  -0.894033   0.314423  -0.579610 
      180.0000  -0.864177   0.300960  -0.563217 
      180.5000  -0.874741   0.322127  -0.552614 
      181.0000  -0.850435   0.292734  -0.557701 
      181.5000  -0.854471   0.307362  -0.547109 
      182.0000  -0.864392   0.312755  -0.551637 
      182.5000  -0.855321   0.292353  -0.562968 
      183.0000  -0.884595   0.317598  -0.566997 
      183.5000  -0.840057   0.272540  -0.567517 
      184.0000  -0.869122   0.297703  -0.571419 
      184.5000  -0.875905   0.298944  -0.576961 
      185.0000  -0.847478   0.276981  -0.570496 
      185.5000  -0.880080   0.324409  -0.555672 
      186.0000  -0.815025   0.255771  -0.559254 
      186.5000  -0.862379   0.312574  -0.549805 
      187.0000  -0.836776   0.281272  -0.555504 
      187.5000  -0.884459   0.313483  -0.570976 
      188.0000  -0.814894   0.256281  -0.558613 
      188.5000  -0.854275   0.299242  -0.555032 
      189.0000  -0.875326   0.323349  -0.551977 
      189.5000  -0.843551   0.287212  -0.556339 
      190.0000  -0.886090   0.330699  -0.555391 
      190.5000  -0.825450   0.265870  -0.559581 
      191.0000  -0.868227   0.318870  -0.549358 
      191.5000  -0.831900   0.281449  -0.550451 
      192.0000  -0.863468   0.302380  -0.561088 
      192.5000  -0.833235   0.279209  -0.554026 
      193.0000  -0.890323   0.333765  -0.556558 
      193.5000  -0.827046   0.271344  -0.555702 
      194.0000  -0.848681   0.282367  -0.566315 
      194.5000  -0.845985   0.274070  -0.571914 
      195.0000  -0.863458   0.283349  -0.580109 
      195.5000  -0.835729   0.252751  -0.582978 
      196.0000  -0.829249   0.251268  -0.577982 
      196.5000  -0.805163   0.232125  -0.573037 
      197.0000  -0.873604   0.308526  -0.565078 
      197.5000  -0.816523   0.237330  -0.579193 
      198.0000  -0.843040   0.269977  -0.573063 
      198.5000  -0.819719   0.253081  -0.566638 
      199.0000  -0.856930   0.301813  -0.555118 
      199.5000  -0.832046   0.266636  -0.565410 
      200.0000  -0.799337   0.254743  -0.544594 
      200.5000  -0.776896   0.224805  -0.552091 
      201.0000  -0.862366   0.309144  -0.553222 
      201.5000  -0.782426   0.232156  -0.550270 
      202.0000  -0.850545   0.298626  -0.551919 
      202.5000  -0.864389   0.304996  -0.559394 
      203.0000  -0.813795   0.247915  -0.565879 
      203.5000  -0.842025   0.290671  -0.551354 
      204.0000  -0.792196   0.242168  -0.550028 
      204.5000  -0.831385   0.267900  -0.563484 
      205.0000  -0.813298   0.254711  -0.558587 
      205.5000  -0.796829   0.258956  -0.537873 
      206.0000  -0.837802   0.292716  -0.545086 
      206.5000  -0.834132   0.290778  -0.543354 
      207.0000  -0.846341   0.309766  -0.536575 
      207.5000  -0.809158   0.272144  -0.537014 
      208.0000  -0.855860   0.334762  -0.521099 
      208.5000  -0.803577   0.280176  -0.523401 
      209.0000  -0.830500   0.316038  -0.514462 
      209.5000  -0.821803   0.300960  -0.520843 
      210.0000  -0.813882   0.292598  -0.521284 
      210.5000  -0.795752   0.281975  -0.513777 
      211.0000  -0.799139   0.289262  -0.509876 
      211.5000  -0.778429   0.263217  -0.515211 
      212.0000  -0.829500   0.315804  -0.513697 
      212.5000  -0.805665   0.309238  -0.496427 
      213.0000  -0.787269   0.306936  -0.480333 
      213.5000  -0.747966   0.264979  -0.482987 
      214.0000  -0.767684   0.289278  -0.478406 
      214.5000  -0.791104   0.306580  -0.484525 
      215.0000  -0.797410   0.329351  -0.468059 
      215.5000  -0.767852   0.300448  -0.467405 
      216.0000  -0.722515   0.261941  -0.460574 
      216.5000  -0.718572   0.269579  -0.448993 
      217.0000  -0.773279   0.328382  -0.444896 
      217.5000  -0.774656   0.323689  -0.450968 
      218.0000  -0.755757   0.307828  -0.447930 
      218.5000  -0.686965   0.233973  -0.452992 
      219.0000  -0.681839   0.231672  -0.450167 
      219.5000  -0.747493   0.302618  -0.444874 
      220.0000  -0.773583   0.324760  -0.448823 
      220.5000  -0.698283   0.250840  -0.447443 
      221.0000  -0.754626   0.307303  -0.447323 
      221.5000  -0.760842   0.316240  -0.444602 
      222.0000  -0.708719   0.264610  -0.444109 
      222.5000  -0.778126   0.340997  -0.437129 
      223.0000  -0.775688   0.330183  -0.445504 
      223.5000  -0.724973   0.279133  -0.445840 
      224.0000  -0.715662   0.263101  -0.452562 
      224.5000  -0.731191   0.283078  -0.448113 
      225.0000  -0.698576   0.255565  -0.443011 
      225.5000  -0.744434   0.290687  -0.453747 
      226.0000  -0.754306   0.307443  -0.446863 
      226.5000  -0.775521   0.328229  -0.447293 
      227.0000  -0.727188   0.288357  -0.438831 
      227.5000  -0.753546   0.313643  -0.439904 
      228.0000  -0.722969   0.282782  -0.440187 
      228.5000  -0.694068   0.258483  -0.435585 
      229.0000  -0.735712   0.294962  -0.440750 
      229.5000  -0.723669   0.290963  -0.432706 
      230.0000  -0.738694   0.309669  -0.429025 
      230.5000  -0.707718   0.284598  -0.423120 
      231.0000  -0.732753   0.308483  -0.424270 
      231.5000  -0.719994   0.286570  -0.433424 
      232.0000  -0.782267   0.341220  -0.441047 
      232.5000  -0.749721   0.311718  -0.438003 
      233.0000  -0.738344   0.303329  -0.435015 
      233.5000  -0.742539   0.314851  -0.427688 
      234.0000  -0.773239   0.338359  -0.434880 
      234.5000  -0.774611   0.338145  -0.436466 
      235.0000  -0.746910   0.301952  -0.444958 
      235.5000  -0.733869   0.298145  -0.435725 
      236.0000  -0.697545   0.285253  -0.412292 
      236.5000  -0.748483   0.346500  -0.401983 
      237.0000  -0.692310   0.293212  -0.399098 
      237.5000  -0.731484   0.343283  -0.388201 
      238.0000  -0.677490   0.283682  -0.393808 
      238.5000  -0.718442   0.317384  -0.401057 
      239.0000  -0.754588   0.359661  -0.394927 
      239.5000  -0.681739   0.290873  -0.390866 
      240.0000  -0.752753   0.352458  -0.400295 
      240.5000  -0.708843   0.306632  -0.402211 
      241.0000  -0.721585   0.335957  -0.385628 
      241.5000  -0.688309   0.309806  -0.378503 
      242.0000  -0.699812   0.321463  -0.378349 
      242.5000  -0.739325   0.354274  -0.385052 
      243.0000  -0.738837   0.358630  -0.380207 
      243.5000  -0.688021   0.298252  -0.389769 
      244.0000  -0.721516   0.339565  -0.381952 
      244.5000  -0.726334   0.341679  -0.384655 
      245.0000  -0.738779   0.346931  -0.391848 
      245.5000  -0.718086   0.317404  -0.400682 
      246.0000  -0.663731   0.270795  -0.392936 
      246.5000  -0.716500   0.321184  -0.395317 
      247.0000  -0.668543   0.275405  -0.393139 
      247.5000  -0.701016   0.298990  -0.402026 
      248.0000  -0.756605   0.357291  -0.399315 
      248.5000  -0.765875   0.361663  -0.404212 
      249.0000  -0.714578   0.318853  -0.395725 
      249.5000  -0.694024   0.288764  -0.405260 
      250.0000  -0.716327   0.301034  -0.415293 
      250.5000  -0.698124   0.288753  -0.409372 
      251.0000  -0.738231   0.302427  -0.435805 
      251.5000  -0.739136   0.300137  -0.438998 
      252.0000  -0.734479   0.300234  -0.434244 
      252.5000  -0.730500   0.299042  -0.431458 
      253.0000  -0.720059   0.286869  -0.433190 
      253.5000  -0.691890   0.263811  -0.428079 
      254.0000  -0.762351   0.327010  -0.435342 
      254.5000  -0.746253   0.301543  -0.444711 
      255.0000  -0.725072   0.275243  -0.449830 
      255.5000  -0.770100   0.321685  -0.448415 
      256.0000  -0.718211   0.258986  -0.459225 
      256.5000  -0.734168   0.267334  -0.466834 
      257.0000  -0.738624   0.269583  -0.469042 
      257.5000  -0.757000   0.278067  -0.478933 
      258.0000  -0.757358   0.266603  -0.490755 
      258.5000  -0.726186   0.241106  -0.485081 
      259.0000  -0.736958   0.268791  -0.468168 
      259.5000  -0.750996   0.290986  -0.460010 
      260.0000  -0.793495   0.337754  -0.455742 
      260.5000  -0.750266   0.300980  -0.449286 
      261.0000  -0.730813   0.282463  -0.448351 
      261.5000  -0.717514   0.263489  -0.454025 
      262.0000  -0.711062   0.258957  -0.452105 
      262.5000  -0.741905   0.284431  -0.457474 
      263.0000  -0.785606   0.339558  -0.446047 
      263.5000  -0.732210   0.290394  -0.441816 
      264.0000  -0.783799   0.350884  -0.432915 
      264.5000  -0.736808   0.300003  -0.436805 
      265.0000  -0.753440   0.310943  -0.442498 
      265.5000  -0.720472   0.275748  -0.444724 
      266.0000  -0.729537   0.284807  -0.444731 
      266.5000  -0.788475   0.345590  -0.442885 
      267.0000  -0.768724   0.327912  -0.440812 
      267.5000  -0.751630   0.309490  -0.442140 
      268.0000  -0.763849   0.294907  -0.468942 
      268.5000  -0.723934   0.255555  -0.468379 
      269.0000  -0.793680   0.320362  -0.473318 
      269.5000  -0.769546   0.289103  -0.480443 
      270.0000  -0.773603   0.305763  -0.467840 
      270.5000  -0.802085   0.336129  -0.465956 
      271.0000  -0.753750   0.277722  -0.476028 
      271.5000  -0.773307   0.308916  -0.464391 
      272.0000  -0.747791   0.282695  -0.465096 
      272.5000  -0.753734   0.293378  -0.460356 
      273.0000  -0.726613   0.283114  -0.443499 
      273.5000  -0.726975   0.271923  -0.455052 
      274.0000  -0.753838   0.286628  -0.467210 
      274.5000  -0.744153   0.266868  -0.477285 
      275.0000  -0.759523   0.286201  -0.473322 
      275.5000  -0.726779   0.260185  -0.466594 
      276.0000  -0.742214   0.272499  -0.469715 
      276.5000  -0.771172   0.298079  -0.473094 
      277.0000  -0.736729   0.268649  -0.468081 
      277.5000  -0.769109   0.299080  -0.470030 
      278.0000  -0.743921   0.273808  -0.470112 
      278.5000  -0.754575   0.280012  -0.474562 
      279.0000  -0.824082   0.349760  -0.474322 
      279.5000  -0.764924   0.305294  -0.459629 
      280.0000  -0.763163   0.299226  -0.463937 
      280.5000  -0.791799   0.330939  -0.460860 
      281.0000  -0.796951   0.347046  -0.449905 
      281.5000  -0.759201   0.292150  -0.467051 
      282.0000  -0.763659   0.290022  -0.473636 
      282.5000  -0.745736   0.279908  -0.465828 
      283.0000  -0.819292   0.360060  -0.459233 
      283.5000  -0.852513   0.387739  -0.464775 
      284.0000  -0.802801   0.344778  -0.458023 
      284.5000  -0.779290   0.314581  -0.464709 
      285.0000  -0.784508   0.306153  -0.478355 
      285.5000  -0.811098   0.352258  -0.458841 
      286.0000  -0.804513   0.344377  -0.460136 
      286.5000  -0.780757   0.328826  -0.451931 
      287.0000  -0.812971   0.357395  -0.455576 
      287.5000  -0.766632   0.314416  -0.452216 
      288.0000  -0.801244   0.357286  -0.443958 
      288.5000  -0.797689   0.337788  -0.459900 
      289.0000  -0.765064   0.302263  -0.462801 
      289.5000  -0.773405   0.299563  -0.473843 
      290.0000  -0.819374   0.354636  -0.464738 
      290.5000  -0.800414   0.334222  -0.466192 
      291.0000  -0.775669   0.316511  -0.459159 
      291.5000  -0.742389   0.296627  -0.445762 
      292.0000  -0.792035   0.342453  -0.449582 
      292.5000  -0.779626   0.314466  -0.465160 
      293.0000  -0.780824   0.324334  -0.456490 
      293.5000  -0.822599   0.362580  -0.460018 
      294.0000  -0.793817   0.330148  -0.463670 
      294.5000  -0.773315   0.296950  -0.476365 
      295.0000  -0.811931   0.335519  -0.476412 
      295.5000  -0.809224   0.332055  -0.477168 
      296.0000  -0.820263   0.325422  -0.494841 
      296.5000  -0.828965   0.330855  -0.498110 
      297.0000  -0.796502   0.303470  -0.493032 
      297.5000  -0.772047   0.282285  -0.489762 
      298.0000  -0.811888   0.323980  -0.487908 
      298.5000  -0.792024   0.292090  -0.499934 
      299.0000  -0.795582   0.298980  -0.496602 
      299.5000  -0.845576   0.345131  -0.500445 
      300.0000  -0.762936   0.268235  -0.494701 
      300.5000  -0.821404   0.331261  -0.490143 
      301.0000  -0.805891   0.308837  -0.497055 
      301.5000  -0.792216   0.302694  -0.489522 
      302.0000  -0.760361   0.281997  -0.478364 
      302.5000  -0.850563   0.368040  -0.482523 
      303.0000  -0.780454   0.295582  -0.484872 
      303.5000  -0.752543   0.271846  -0.480698 
      304.0000  -0.771465   0.290547  -0.480918 
      304.5000  -0.819217   0.326835  -0.492382 
      305.0000  -0.787360   0.299917  -0.487443 
      305.5000  -0.782027   0.305359  -0.476667 
      306.0000  -0.787553   0.318485  -0.469069 
      306.5000  -0.802548   0.333471  -0.469076 
      307.0000  -0.757757   0.278250  -0.479507 
      307.5000  -0.792390   0.313834  -0.478556 
      308.0000  -0.817421   0.351179  -0.466241 
      308.5000  -0.823920   0.368236  -0.455684 
      309.0000  -0.747544   0.279996  -0.467548 
      309.5000  -0.758901   0.293397  -0.465504 
      310.0000  -0.770650   0.295655  -0.474994 
      310.5000  -0.820433   0.341247  -0.479186 
      311.0000  -0.808459   0.330900  -0.477559 
      311.5000  -0.786366   0.304767  -0.481599 
      312.0000  -0.752033   0.277069  -0.474964 
      312.5000  -0.776787   0.289764  -0.487023 
      313.0000  -0.744902   0.248933  -0.495969 
      313.5000  -0.796978   0.282492  -0.514486 
      314.0000  -0.824350   0.331185  -0.493165 
      314.5000  -0.820717   0.324971  -0.495746 
      315.0000  -0.799067   0.313360  -0.485707 
      315.5000  -0.805004   0.329364  -0.475640 
      316.0000  -0.799602   0.313057  -0.486545 
      316.5000  -0.770120   0.288225  -0.481895 
      317.0000  -0.768740   0.287323  -0.481417 
      317.5000  -0.785107   0.303403  -0.481704 
      318.0000  -0.738908   0.267049  -0.471859 
      318.5000  -0.797906   0.329347  -0.468559 
      319.0000  -0.757025   0.282642  -0.474383 
      319.5000  -0.801214   0.315766  -0.485449 
      320.0000  -0.806619   0.313462  -0.493157 
      320.5000  -0.771343   0.281592  -0.489752 
      321.0000  -0.819805   0.327740  -0.492065 
      321.5000  -0.813891   0.328535  -0.485356 
      322.0000  -0.788377   0.301793  -0.486585 
      322.5000  -0.839296   0.353450  -0.485846 
      323.0000  -0.816269   0.317770  -0.498498 
      323.5000  -0.798290   0.290864  -0.507426 
      324.0000  -0.789668   0.279712  -0.509955 
      324.5000  -0.838854   0.317877  -0.520977 
      325.0000  -0.786764   0.279505  -0.507259 
      325.5000  -0.816352   0.318932  -0.497420 
      326.0000  -0.824685   0.313310  -0.511375 
      326.5000  -0.840474   0.340813  -0.499661 
      327.0000  -0.817447   0.335363  -0.482085 
      327.5000  -0.836092   0.359048  -0.477043 
      328.0000  -0.806530   0.316283  -0.490247 
      328.5000  -0.780705   0.289567  -0.491138 
      329.0000  -0.808625   0.317012  -0.491613 
      329.5000  -0.822066   0.335539  -0.486527 
      330.0000  -0.817342   0.330720  -0.486622 
      330.5000  -0.809079   0.316167  -0.492912 
      331.0000  -0.847430   0.337393  -0.510038 
      331.5000  -0.824819   0.329273  -0.495547 
      332.0000  -0.838739   0.343865  -0.494874 
      332.5000  -0.822579   0.334260  -0.488319 
      333.0000  -0.797696   0.309710  -0.487986 
      333.5000  -0.841295   0.363387  -0.477908 
      334.0000  -0.790130   0.318579  -0.471551 
      334.5000  -0.784379   0.316147  -0.468232 
      335.0000  -0.812591   0.347897  -0.464693 
      335.5000  -0.811679   0.346048  -0.465631 
      336.0000  -0.838256   0.359625  -0.478630 
      336.5000  -0.789674   0.318546  -0.471129 
      337.0000  -0.787379   0.323130  -0.464249 
      337.5000  -0.770414   0.309939  -0.460475 
      338.0000  -0.852917   0.394064  -0.458853 
      338.5000  -0.778735   0.320381  -0.458354 
      339.0000  -0.798923   0.340694  -0.458229 
      339.5000  -0.876635   0.389053  -0.487581 
      340.0000  -0.822543   0.337919  -0.484624 
      340.5000  -0.797288   0.312632  -0.484656 
      341.0000  -0.828080   0.348821  -0.479258 
      341.5000  -0.772532   0.288678  -0.483854 
      342.0000  -0.788331   0.316666  -0.471665 
      342.5000  -0.772371   0.300892  -0.471479 
      343.0000  -0.775791   0.318800  -0.456991 
      343.5000  -0.824803   0.375003  -0.449800 
      344.0000  -0.763469   0.316386  -0.447083 
      344.5000  -0.783675   0.340655  -0.443019 
      345.0000  -0.734775   0.294891  -0.439884 
      345.5000  -0.763291   0.307407  -0.455883 
      346.0000  -0.761302   0.301552  -0.459749 
      346.5000  -0.741445   0.281133  -0.460313 
      347.0000  -0.796860   0.337776  -0.459084 
      347.5000  -0.793943   0.326482  -0.467461 
      348.0000  -0.821292   0.347936  -0.473356 
      348.5000  -0.769022   0.310393  -0.458629 
      349.0000  -0.749210   0.293450  -0.455760 
      349.5000  -0.794002   0.327052  -0.466950 
      350.0000  -0.847322   0.374260  -0.473063 
      350.5000  -0.791882   0.325618  -0.466264 
      351.0000  -0.772712   0.305048  -0.467664 
      351.5000  -0.792102   0.328481  -0.463620 
      352.0000  -0.763261   0.299075  -0.464186 
      352.5000  -0.774842   0.316264  -0.458577 
      353.0000  -0.768834   0.311560  -0.457275 
      353.5000  -0.786587   0.330204  -0.456383 
      354.0000  -0.730334   0.263395  -0.466939 
      354.5000  -0.804063   0.342116  -0.461947 
      355.0000  -0.747785   0.274472  -0.473313 
      355.5000  -0.825916   0.382835  -0.443081 
      356.0000  -0.800680   0.355073  -0.445607 
      356.5000  -0.772485   0.320585  -0.451900 
      357.0000  -0.773709   0.325500  -0.448209 
      357.5000  -0.793659   0.355820  -0.437839 
      358.0000  -0.794362   0.354602  -0.439760 
      358.5000  -0.720895   0.286405  -0.434490 
      359.0000  -0.797597   0.373086  -0.424510 
      359.5000  -0.776089   0.341642  -0.434447 
      360.0000  -0.746019   0.312645  -0.433373 
      360.5000  -0.757874   0.327766  -0.430108 
      361.0000  -0.726039   0.301472  -0.424567 
      361.5000  -0.761504   0.333023  -0.428480 
      362.0000  -0.693408   0.257376  -0.436032 
      362.5000  -0.793324   0.367579  -0.425745 
      363.0000  -0.751983   0.336244  -0.415739 
      363.5000  -0.706875   0.297421  -0.409454 
      364.0000  -0.747809   0.336917  -0.410892 
      364.5000  -0.735038   0.326129  -0.408908 
      365.0000  -0.765065   0.347198  -0.417867 
      365.5000  -0.735544   0.311663  -0.423881 
      366.0000  -0.736880   0.313773  -0.423107 
      366.5000  -0.718981   0.289907  -0.429074 
      367.0000  -0.730985   0.309280  -0.421705 
      367.5000  -0.709962   0.299949  -0.410013 
      368.0000  -0.718197   0.306550  -0.411647 
      368.5000  -0.743788   0.335464  -0.408324 
      369.0000  -0.754488   0.344723  -0.409766 
      369.5000  -0.759180   0.352469  -0.406711 
      370.0000  -0.763704   0.355721  -0.407984 
      370.5000  -0.710475   0.310485  -0.399990 
      371.0000  -0.763786   0.359063  -0.404723 
      371.5000  -0.695898   0.286974  -0.408924 
      372.0000  -0.755318   0.345957  -0.409361 
      372.5000  -0.714259   0.308023  -0.406236 
      373.0000  -0.733893   0.325641  -0.408251 
      373.5000  -0.761617   0.344683  -0.416934 
      374.0000  -0.750407   0.323341  -0.427065 
      374.5000  -0.752511   0.311391  -0.441120 
      375.0000  -0.751069   0.305312  -0.445757 
      375.5000  -0.763486   0.318651  -0.444835 
      376.0000  -0.780067   0.327210  -0.452856 
      376.5000  -0.722890   0.275067  -0.447823 
      377.0000  -0.766637   0.318313  -0.448324 
      377.5000  -0.731615   0.302872  -0.428743 
      378.0000  -0.768607   0.330604  -0.438003 
      378.5000  -0.785231   0.346379  -0.438852 
      379.0000  -0.768258   0.331115  -0.437143 
      379.5000  -0.731241   0.294008  -0.437233 
      380.0000  -0.744518   0.310833  -0.433684 
      380.5000  -0.800485   0.364743  -0.435742 
      381.0000  -0.772544   0.352890  -0.419654 
      381.5000  -0.739591   0.307596  -0.431995 
      382.0000  -0.800220   0.344022  -0.456198 
      382.5000  -0.747517   0.288906  -0.458611 
      383.0000  -0.828031   0.360503  -0.467528 
      383.5000  -0.789744   0.326543  -0.463201 
      384.0000  -0.805673   0.335759  -0.469914 
      384.5000  -0.737796   0.261347  -0.476449 
      385.0000  -0.779023   0.309395  -0.469628 
      385.5000  -0.787084   0.319214  -0.467870 
      386.0000  -0.727041   0.262836  -0.464205 
      386.5000  -0.744648   0.284977  -0.459670 
      387.0000  -0.786697   0.336965  -0.449732 
      387.5000  -0.806279   0.363927  -0.442352 
      388.0000  -0.752535   0.308243  -0.444292 
      388.5000  -0.768632   0.321474  -0.447158 
      389.0000  -0.758611   0.334321  -0.424290 
      389.5000  -0.740924   0.314586  -0.426338 
      390.0000  -0.727577   0.318565  -0.409012 
      390.5000  -0.736801   0.330894  -0.405906 
      391.0000  -0.739725   0.347250  -0.392474 
      391.5000  -0.773802   0.374005  -0.399796 
      392.0000  -0.751358   0.349069  -0.402290 
      392.5000  -0.762028   0.368778  -0.393250 
      393.0000  -0.750507   0.374160  -0.376347 
      393.5000  -0.764188   0.380741  -0.383447 
      394.0000  -0.735178   0.366328  -0.368850 
      394.5000  -0.693274   0.340158  -0.353116 
      395.0000  -0.676583   0.327995  -0.348588 
      395.5000  -0.714715   0.369513  -0.345202 
      396.0000  -0.725737   0.391364  -0.334373 
      396.5000  -0.742869   0.396733  -0.346136 
      397.0000  -0.692591   0.350019  -0.342572 
      397.5000  -0.755728   0.417202  -0.338526 
      398.0000  -0.699557   0.362086  -0.337471 
      398.5000  -0.662104   0.328713  -0.333391 
      399.0000  -0.702883   0.367906  -0.334977 
      399.5000  -0.700373   0.375225  -0.325148 
      400.0000  -0.705432   0.373217  -0.332214 
      400.5000  -0.683490   0.348785  -0.334704 
      401.0000  -0.692461   0.359973  -0.332488 
      401.5000  -0.667791   0.346863  -0.320927 
      402.0000  -0.635353   0.319136  -0.316216 
      402.5000  -0.686633   0.369485  -0.317148 
      403.0000  -0.716347   0.399395  -0.316951 
      403.5000  -0.716607   0.403914  -0.312693 
      404.0000  -0.649328   0.347530  -0.301798 
      404.5000  -0.742765   0.429477  -0.313288 
      405.0000  -0.679268   0.375397  -0.303871 
      405.5000  -0.709182   0.416315  -0.292867 
      406.0000  -0.681129   0.385116  -0.296013 
      406.5000  -0.662397   0.375923  -0.286474 
      407.0000  -0.660813   0.367892  -0.292921 
      407.5000  -0.691118   0.375737  -0.315380 
      408.0000  -0.689294   0.362055  -0.327239 
      408.5000  -0.714752   0.379607  -0.335146 
      409.0000  -0.690998   0.348150  -0.342848 
      409.5000  -0.673308   0.333144  -0.340165 
      410.0000  -0.711626   0.379387  -0.332239 
      410.5000  -0.702842   0.355726  -0.347116 
      411.0000  -0.721520   0.374618  -0.346902 
      411.5000  -0.711072   0.357981  -0.353091 
      412.0000  -0.690090   0.325986  -0.364104 
      412.5000  -0.753254   0.371524  -0.381730 
      413.0000  -0.662377   0.279815  -0.382562 
      413.5000  -0.755146   0.367348  -0.387798 
      414.0000  -0.682958   0.284045  -0.398914 
      414.5000  -0.721463   0.318155  -0.403308 
      415.0000  -0.687214   0.282356  -0.404858 
      415.5000  -0.715313   0.306263  -0.409050 
      416.0000  -0.721708   0.322836  -0.398873 
      416.5000  -0.689734   0.312727  -0.377007 
      417.0000  -0.719877   0.354614  -0.365263 
      417.5000  -0.667292   0.290519  -0.376773 
      418.0000  -0.708856   0.324761  -0.384095 
      418.5000  -0.696535   0.296073  -0.400462 
      419.0000  -0.699461   0.291000  -0.408461 
      419.5000  -0.688626   0.275561  -0.413064 
      420.0000  -0.767500   0.360966  -0.406534 
      420.5000  -0.731424   0.323960  -0.407464 
      421.0000  -0.711347   0.308862  -0.402485 
      421.5000  -0.735457   0.337973  -0.397484 
      422.0000  -0.696466   0.305430  -0.391036 
      422.5000  -0.699195   0.297001  -0.402194 
      423.0000  -0.726142   0.338246  -0.387895 
      423.5000  -0.739661   0.365133  -0.374527 
      424.0000  -0.744325   0.360932  -0.383393 
      424.5000  -0.674671   0.266565  -0.408106 
      425.0000  -0.725915   0.308917  -0.416998 
      425.5000  -0.721958   0.316622  -0.405336 
      426.0000  -0.704050   0.305903  -0.398148 
      426.5000  -0.684818   0.284116  -0.400702 
      427.0000  -0.732594   0.333470  -0.399124 
      427.5000  -0.745004   0.348871  -0.396134 
      428.0000  -0.659396   0.269116  -0.390280 
      428.5000  -0.688507   0.292559  -0.395948 
      429.0000  -0.681981   0.289022  -0.392960 
      429.5000  -0.691410   0.309211  -0.382199 
      430.0000  -0.659410   0.274615  -0.384795 
      430.5000  -0.687031   0.312570  -0.374461 
      431.0000  -0.716730   0.338879  -0.377851 
      431.5000  -0.656786   0.280708  -0.376078 
      432.0000  -0.655650   0.281480  -0.374170 
      432.5000  -0.716006   0.317228  -0.398777 
      433.0000  -0.659072   0.272253  -0.386819 
      433.5000  -0.681291   0.282406  -0.398885 
      434.0000  -0.680823   0.292931  -0.387892 
      434.5000  -0.725063   0.334040  -0.391023 
      435.0000  -0.681670   0.291597  -0.390073 
      435.5000  -0.688895   0.316165  -0.372729 
      436.0000  -0.676325   0.309858  -0.366467 
      436.5000  -0.692435   0.326852  -0.365583 
      437.0000  -0.673980   0.299162  -0.374818 
      437.5000  -0.716035   0.347621  -0.368415 
      438.0000  -0.675205   0.303985  -0.371220 
      438.5000  -0.664228   0.290103  -0.374126 
      439.0000  -0.674094   0.290319  -0.383775 
      439.5000  -0.720865   0.331487  -0.389378 
      440.0000  -0.674886   0.291558  -0.383328 
      440.5000  -0.655448   0.280952  -0.374497 
      441.0000  -0.614712   0.248830  -0.365881 
      441.5000  -0.622536   0.269437  -0.353099 
      442.0000  -0.620645   0.262961  -0.357683 
      442.5000  -0.630007   0.266876  -0.363131 
      443.0000  -0.670478   0.307861  -0.362617 
      443.5000  -0.654235   0.276362  -0.377873 
      444.0000  -0.651526   0.272819  -0.378707 
      444.5000  -0.650947   0.280745  -0.370202 
      445.0000  -0.640150   0.269049  -0.371101 
      445.5000  -0.654112   0.294535  -0.359577 
      446.0000  -0.622440   0.258248  -0.364192 
      446.5000  -0.663309   0.296227  -0.367083 
      447.0000  -0.620300   0.252307  -0.367994 
      447.5000  -0.698880   0.317891  -0.380989 
      448.0000  -0.663566   0.278148  -0.385418 
      448.5000  -0.669428   0.280745  -0.388682 
      449.0000  -0.632582   0.228446  -0.404136 
      449.5000  -0.667237   0.261260  -0.405977 
      450.0000  -0.654628   0.251231  -0.403398 
      450.5000  -0.651820   0.247425  -0.404396 
      451.0000  -0.690547   0.301554  -0.388993 
      451.5000  -0.673707   0.282227  -0.391481 
      452.0000  -0.698540   0.305570  -0.392970 
      452.5000  -0.669063   0.274289  -0.394774 
      453.0000  -0.663212   0.271293  -0.391919 
      453.5000  -0.710151   0.310273  -0.399878 
      454.0000  -0.661123   0.275034  -0.386089 
      454.5000  -0.644144   0.258547  -0.385597 
      455.0000  -0.684354   0.286882  -0.397472 
      455.5000  -0.631657   0.244086  -0.387570 
      456.0000  -0.702157   0.302557  -0.399600 
      456.5000  -0.656381   0.260212  -0.396169 
      457.0000  -0.637344   0.245522  -0.391822 
      457.5000  -0.681005   0.299390  -0.381615 
      458.0000  -0.630254   0.242388  -0.387865 
      458.5000  -0.665481   0.267299  -0.398181 
      459.0000  -0.642397   0.253711  -0.388687 
      459.5000  -0.636654   0.246935  -0.389719 
      460.0000  -0.653197   0.256903  -0.396294 
      460.5000  -0.680945   0.292247  -0.388699 
      461.0000  -0.652722   0.260855  -0.391867 
      461.5000  -0.665984   0.273836  -0.392149 
      462.0000  -0.651055   0.257476  -0.393579 
      462.5000  -0.684200   0.286671  -0.397529 
      463.0000  -0.661345   0.284817  -0.376528 
      463.5000  -0.647399   0.285608  -0.361791 
      464.0000  -0.647707   0.269938  -0.377769 
      464.5000  -0.620794   0.246055  -0.374739 
      465.0000  -0.651630   0.285693  -0.365936 
      465.5000  -0.670618   0.293318  -0.377300 
      466.0000  -0.651796   0.286045  -0.365751 
      466.5000  -0.667552   0.297196  -0.370356 
      467.0000  -0.650696   0.286802  -0.363894 
      467.5000  -0.619537   0.261615  -0.357922 
      468.0000  -0.677883   0.328464  -0.349420 
      468.5000  -0.660404   0.308548  -0.351855 
      469.0000  -0.644517   0.293574  -0.350943 
      469.5000  -0.629571   0.288797  -0.340773 
      470.0000  -0.640707   0.298178  -0.342529 
      470.5000  -0.616185   0.273661  -0.342525 
      471.0000  -0.593652   0.247664  -0.345988 
      471.5000  -0.637796   0.287290  -0.350506 
      472.0000  -0.661240   0.308094  -0.353146 
      472.5000  -0.650798   0.303781  -0.347017 
      473.0000  -0.630027   0.295448  -0.334578 
      473.5000  -0.638636   0.301184  -0.337451 
      474.0000  -0.645829   0.319797  -0.326032 
      474.5000  -0.670972   0.353060  -0.317912 
      475.0000  -0.646016   0.317703  -0.328313 
      475.5000  -0.612198   0.285358  -0.326840 
      476.0000  -0.603839   0.282410  -0.321429 
      476.5000  -0.628811   0.316485  -0.312326 
      477.0000  -0.622619   0.304158  -0.318461 
      477.5000  -0.669332   0.346630  -0.322702 
      478.0000  -0.635839   0.307224  -0.328615 
      478.5000  -0.630519   0.295578  -0.334941 
      479.0000  -0.624486   0.296397  -0.328088 
      479.5000  -0.615475   0.297755  -0.317719 
      480.0000  -0.631535   0.311651  -0.319884 
      480.5000  -0.587657   0.295429  -0.292228 
      481.0000  -0.600803   0.338665  -0.262139 
      481.5000  -0.516432   0.243988  -0.272445 
      482.0000  -0.571195   0.296539  -0.274656 
      482.5000  -0.621401   0.338090  -0.283311 
      483.0000  -0.601540   0.305037  -0.296503 
      483.5000  -0.625427   0.327866  -0.297560 
      484.0000  -0.621143   0.321829  -0.299314 
      484.5000  -0.611485   0.319501  -0.291985 
      485.0000  -0.623377   0.317296  -0.306081 
      485.5000  -0.622430   0.307508  -0.314922 
      486.0000  -0.626337   0.314125  -0.312212 
      486.5000  -0.620796   0.326845  -0.293951 
      487.0000  -0.588797   0.298948  -0.289849 
      487.5000  -0.580679   0.282649  -0.298030 
      488.0000  -0.621720   0.327482  -0.294238 
      488.5000  -0.664749   0.381189  -0.283559 
      489.0000  -0.599183   0.304767  -0.294415 
      489.5000  -0.659291   0.364355  -0.294936 
      490.0000  -0.620896   0.321576  -0.299320 
      490.5000  -0.650807   0.363266  -0.287541 
      491.0000  -0.600380   0.307334  -0.293046 
      491.5000  -0.657813   0.361270  -0.296542 
      492.0000  -0.644978   0.340377  -0.304601 
      492.5000  -0.595203   0.284965  -0.310238 
      493.0000  -0.667415   0.363918  -0.303497 
      493.5000  -0.659507   0.341081  -0.318427 
      494.0000  -0.654375   0.356401  -0.297974 
      494.5000  -0.621188   0.325703  -0.295486 
      495.0000  -0.666392   0.374404  -0.291988 
      495.5000  -0.637005   0.342835  -0.294170 
      496.0000  -0.622656   0.336086  -0.286570 
      496.5000  -0.666653   0.381592  -0.285062 
      497.0000  -0.599470   0.301553  -0.297918 
      497.5000  -0.659136   0.362951  -0.296185 
      498.0000  -0.579187   0.280460  -0.298728 
      498.5000  -0.607640   0.317119  -0.290521 
      499.0000  -0.594991   0.304409  -0.290581 
      499.5000  -0.566377   0.268476  -0.297901 
      500.0000  -0.614721   0.329572  -0.285150 
