t = 0
b =  30.0 30.0 30.0
E = 0. 0. 0.
10.794854091133068 28.672545733454513 1.3940581069949924 -0.13225809860060297 0.16503263271145702 0.9773801847259225 0.8277766998912421 0.5607901897743838 0.01732334176697117 0.0 0.0 0.0 0.0 0.0 0.0
10.91058616655884 29.195380224980894 1.4380499619951412 0.2125827922897087 -0.3420662106732886 0.9153137516381624 0.8277766998912421 0.5607901897743838 0.01732334176697117 0.0 0.0 0.0 0.0 0.0 0.0
11.074776496175977 29.64024071302117 1.6906876154815975 0.4766599261944097 -0.7192083815811929 0.5055043210732235 0.8277766998912421 0.5607901897743838 0.01732334176697117 0.0 0.0 0.0 0.0 0.0 0.0
11.347621470967255 29.921157627850093 2.058554994862411 0.5596459848088744 -0.8231112638035027 -0.09635465264897763 0.8277766998912421 0.5607901897743838 0.01732334176697117 0.0 0.0 0.0 0.0 0.0 0.0
11.748037765605002 30.014446304195772 2.4044583281400866 0.4300131770125573 -0.6143004152204106 -0.6616068828659489 0.8277766998912421 0.5607901897743838 0.01732334176697117 0.0 0.0 0.0 0.0 0.0 0.0
12.246475577473147 29.96770518156297 2.599548351650979 0.13701117383224612 -0.1721065683398476 -0.975503596804948 0.8277766998912421 0.5607901897743838 0.01732334176697117 0.0 0.0 0.0 0.0 0.0 0.0
12.776145090727415 29.881732361261758 2.572272299575919 -0.20804366499160404 0.3354734413213971 -0.91879018476736 0.8277766998912421 0.5607901897743838 0.01732334176697117 0.0 0.0 0.0 0.0 0.0 0.0
13.258391044000742 29.872230722465446 2.3355579959733648 -0.4740592371805554 0.7156014818078094 -0.5130130201839486 0.8277766998912421 0.5607901897743838 0.01732334176697117 0.0 0.0 0.0 0.0 0.0 0.0
13.632575179242467 30.025850463963653 1.981902358277902 -0.5599717793168358 0.8238605551366833 0.08766636788764404 0.8277766998912421 0.5607901897743838 0.01732334176697117 0.0 0.0 0.0 0.0 0.0 0.0
13.879113729769383 30.36726924492808 1.648230271900854 -0.43314168026176675 0.6191212293551968 0.6550398370952121 0.8277766998912421 0.5607901897743838 0.01732334176697117 0.0 0.0 0.0 0.0 0.0 0.0
14.026917620651808 30.849816729604704 1.4638745370005175 -0.14175381513254445 0.1791673973867196 0.973552720508261 0.8277766998912421 0.5607901897743838 0.01732334176697117 0.0 0.0 0.0 0.0 0.0 0.0
14.142408724914478 31.37320542815314 1.501440175372919 0.20348869436293365 -0.3288551243681126 0.9221966484667465 0.8277766998912421 0.5607901897743838 0.01732334176697117 0.0 0.0 0.0 0.0 0.0 0.0
14.30428508345996 31.821631590754418 1.7492205687802742 0.4714224467203921 -0.7119400862110241 0.5204826513669758 0.8277766998912421 0.5607901897743838 0.01732334176697117 0.0 0.0 0.0 0.0 0.0 0.0
14.573622203568684 32.10777098830267 2.1156449989437416 0.5602549298057806 -0.8245471062988863 -0.07897140699298161 0.8277766998912421 0.5607901897743838 0.01732334176697117 0.0 0.0 0.0 0.0 0.0 0.0
14.970669452555082 32.20595484702568 2.46406789439832 0.43623719809504524 -0.623894895011344 -0.6484229075047906 0.8277766998912421 0.5607901897743838 0.01732334176697117 0.0 0.0 0.0 0.0 0.0 0.0
15.46715698457347 32.16192184479997 2.664682767684525 0.14648566133099544 -0.1862145821426075 -0.9715277044026448 0.8277766998912421 0.5607901897743838 0.01732334176697117 0.0 0.0 0.0 0.0 0.0 0.0
15.997035927701436 32.075441222715604 2.6438378701829848 -0.19891822728235176 0.3222117638238914 -0.925532883320923 0.8277766998912421 0.5607901897743838 0.01732334176697117 0.0 0.0 0.0 0.0 0.0 0.0
16.48157145466142 32.0624087823333 2.4120177228065063 -0.4687497556157275 0.708224473620284 -0.5279126457809711 0.8277766998912421 0.5607901897743838 0.01732334176697117 0.0 0.0 0.0 0.0 0.0 0.0
16.859255460079563 32.21081613299705 2.059859871213461 -0.5604954147127083 0.8251708650065788 0.07027043211992645 0.8277766998912421 0.5607901897743838 0.01732334176697117 0.0 0.0 0.0 0.0 0.0 0.0
17.109174518077936 32.547321208303096 1.7237201668332145 -0.43929949477673064 0.6286210486557269 0.6417565979994914 0.8277766998912421 0.5607901897743838 0.01732334176697117 0.0 0.0 0.0 0.0 0.0 0.0
17.258955242419372 33.027120471429804 1.5338688991598526 -0.15120635207919653 0.19324758593710417 0.9694287027009159 0.8277766998912421 0.5607901897743838 0.01732334176697117 0.0 0.0 0.0 0.0 0.0 0.0
17.37426847404664 33.55097052785141 1.5649989347702822 0.19433261180861638 -0.3155438656063634 0.928798635262688 0.8277766998912421 0.5607901897743838 0.01732334176697117 0.0 0.0 0.0 0.0 0.0 0.0
17.53387983065037 34.00289235017946 1.8078486485135319 0.46604136740233154 -0.704454926993877 0.5353024376030929 0.8277766998912421 0.5607901897743838 0.01732334176697117 0.0 0.0 0.0 0.0 0.0 0.0
17.799725331617474 34.294233649733535 2.1727205697517222 0.5606932157237565 -0.825731783758124 -0.06156410588140249 0.8277766998912421 0.5607901897743838 0.01732334176697117 0.0 0.0 0.0 0.0 0.0 0.0
18.193380868751042 34.39734936319826 2.523558951117129 0.4423283371010687 -0.6332993303734511 -0.6350414162445928 0.8277766998912421 0.5607901897743838 0.01732334176697117 0.0 0.0 0.0 0.0 0.0 0.0
18.68786516424468 34.35610447437757 2.7296396216679746 0.1559155278782648 -0.20026587317974526 -0.9672558752501803 0.8277766998912421 0.5607901897743838 0.01732334176697117 0.0 0.0 0.0 0.0 0.0 0.0
19.21789040922406 34.26920897346418 2.7152342850207916 -0.1897321971541052 0.3088519375017897 -0.9319936555923879 0.8277766998912421 0.5607901897743838 0.01732334176697117 0.0 0.0 0.0 0.0 0.0 0.0
