        0.0000  -1.017812   0.309991  -0.707821 
        0.5000  -0.981652   0.362362  -0.619289 
        1.0000  -0.938842   0.445565  -0.493277 
        1.5000  -0.878139   0.561418  -0.316721 
        2.0000  -0.760627   0.595127  -0.165500 
        2.5000  -0.772112   0.715681  -0.056431 
        3.0000  -0.698768   0.679427  -0.019342 
        3.5000  -0.670289   0.660381  -0.009908 
        4.0000  -0.667596   0.626381  -0.041215 
        4.5000  -0.567706   0.488204  -0.079502 
        5.0000  -0.614286   0.520359  -0.093926 
        5.5000  -0.627089   0.503703  -0.123386 
        6.0000  -0.652385   0.539069  -0.113315 
        6.5000  -0.570719   0.467639  -0.103080 
        7.0000  -0.588101   0.478363  -0.109737 
        7.5000  -0.624937   0.506285  -0.118652 
        8.0000  -0.550702   0.451493  -0.099209 
        8.5000  -0.545554   0.434996  -0.110558 
        9.0000  -0.521444   0.395310  -0.126133 
        9.5000  -0.565565   0.429400  -0.136164 
       10.0000  -0.584413   0.448551  -0.135862 
       10.5000  -0.550232   0.423419  -0.126814 
       11.0000  -0.515905   0.391744  -0.124161 
       11.5000  -0.609029   0.452261  -0.156768 
       12.0000  -0.556355   0.393472  -0.162883 
       12.5000  -0.599022   0.440063  -0.158959 
       13.0000  -0.543411   0.371020  -0.172392 
       13.5000  -0.653928   0.479325  -0.174603 
       14.0000  -0.600989   0.428262  -0.172727 
       14.5000  -0.580278   0.417361  -0.162917 
       15.0000  -0.610055   0.429174  -0.180881 
       15.5000  -0.631735   0.454443  -0.177293 
       16.0000  -0.595342   0.396695  -0.198647 
       16.5000  -0.573835   0.368792  -0.205043 
       17.0000  -0.572677   0.349845  -0.222831 
       17.5000  -0.590425   0.360171  -0.230253 
       18.0000  -0.593375   0.348975  -0.244400 
       18.5000  -0.589099   0.342496  -0.246603 
       19.0000  -0.607057   0.363490  -0.243568 
       19.5000  -0.587408   0.331509  -0.255899 
       20.0000  -0.607201   0.355098  -0.252102 
       20.5000  -0.601460   0.354271  -0.247189 
       21.0000  -0.569206   0.318761  -0.250445 
       21.5000  -0.601766   0.348814  -0.252952 
       22.0000  -0.602674   0.341124  -0.261550 
       22.5000  -0.574913   0.309335  -0.265578 
       23.0000  -0.565278   0.294719  -0.270560 
       23.5000  -0.609925   0.335897  -0.274027 
       24.0000  -0.586475   0.315670  -0.270805 
       24.5000  -0.590615   0.324290  -0.266324 
       25.0000  -0.554479   0.281985  -0.272494 
       25.5000  -0.593222   0.323122  -0.270100 
       26.0000  -0.545105   0.270948  -0.274157 
       26.5000  -0.552248   0.267701  -0.284547 
       27.0000  -0.567989   0.276107  -0.291882 
       27.5000  -0.593012   0.310767  -0.282245 
       28.0000  -0.632732   0.347652  -0.285080 
       28.5000  -0.586504   0.290306  -0.296198 
       29.0000  -0.608174   0.304501  -0.303674 
       29.5000  -0.581507   0.276706  -0.304801 
       30.0000  -0.632925   0.329187  -0.303738 
       30.5000  -0.632891   0.314828  -0.318063 
       31.0000  -0.597191   0.277327  -0.319864 
       31.5000  -0.627186   0.316629  -0.310556 
       32.0000  -0.651841   0.344542  -0.307298 
       32.5000  -0.625849   0.322547  -0.303302 
       33.0000  -0.584978   0.278252  -0.306726 
       33.5000  -0.615354   0.298642  -0.316712 
       34.0000  -0.620516   0.303090  -0.317427 
       34.5000  -0.657686   0.334084  -0.323602 
       35.0000  -0.612850   0.290943  -0.321907 
       35.5000  -0.627205   0.304493  -0.322712 
       36.0000  -0.638913   0.316076  -0.322838 
       36.5000  -0.623377   0.295516  -0.327861 
       37.0000  -0.675136   0.334187  -0.340949 
       37.5000  -0.630091   0.291234  -0.338857 
       38.0000  -0.674512   0.335193  -0.339319 
       38.5000  -0.654474   0.317771  -0.336703 
       39.0000  -0.657141   0.325636  -0.331505 
       39.5000  -0.654292   0.318728  -0.335565 
       40.0000  -0.643720   0.304467  -0.339253 
       40.5000  -0.654108   0.306226  -0.347883 
       41.0000  -0.621468   0.284011  -0.337456 
       41.5000  -0.682325   0.337325  -0.345001 
       42.0000  -0.602026   0.256688  -0.345338 
       42.5000  -0.671731   0.320959  -0.350772 
       43.0000  -0.634526   0.289669  -0.344857 
       43.5000  -0.619179   0.274648  -0.344531 
       44.0000  -0.656486   0.300626  -0.355860 
       44.5000  -0.637918   0.284558  -0.353360 
       45.0000  -0.633859   0.278858  -0.355002 
       45.5000  -0.622278   0.270076  -0.352201 
       46.0000  -0.664132   0.317716  -0.346415 
       46.5000  -0.628157   0.273398  -0.354759 
       47.0000  -0.629104   0.264545  -0.364558 
       47.5000  -0.639699   0.273658  -0.366041 
       48.0000  -0.643858   0.266747  -0.377111 
       48.5000  -0.662967   0.291128  -0.371839 
       49.0000  -0.655086   0.269624  -0.385462 
       49.5000  -0.621266   0.237943  -0.383323 
       50.0000  -0.640960   0.259381  -0.381578 
       50.5000  -0.637222   0.248363  -0.388859 
       51.0000  -0.631731   0.244227  -0.387504 
       51.5000  -0.635411   0.247934  -0.387477 
       52.0000  -0.673493   0.286118  -0.387374 
       52.5000  -0.667778   0.276223  -0.391555 
       53.0000  -0.696682   0.297269  -0.399413 
       53.5000  -0.698170   0.302802  -0.395367 
       54.0000  -0.701718   0.314201  -0.387517 
       54.5000  -0.667126   0.284383  -0.382743 
       55.0000  -0.678999   0.307456  -0.371543 
       55.5000  -0.665581   0.300088  -0.365493 
       56.0000  -0.708815   0.334588  -0.374227 
       56.5000  -0.645887   0.278961  -0.366926 
       57.0000  -0.702290   0.337063  -0.365227 
       57.5000  -0.641165   0.284178  -0.356987 
       58.0000  -0.669202   0.315878  -0.353324 
       58.5000  -0.623551   0.287607  -0.335944 
       59.0000  -0.684955   0.351096  -0.333859 
       59.5000  -0.670961   0.323932  -0.347029 
       60.0000  -0.637462   0.277632  -0.359830 
       60.5000  -0.654889   0.296332  -0.358557 
       61.0000  -0.630355   0.275009  -0.355345 
       61.5000  -0.682438   0.314022  -0.368416 
       62.0000  -0.707803   0.349356  -0.358447 
       62.5000  -0.689890   0.327908  -0.361982 
       63.0000  -0.690622   0.329487  -0.361135 
       63.5000  -0.713538   0.352995  -0.360543 
       64.0000  -0.667567   0.319317  -0.348250 
       64.5000  -0.699061   0.354872  -0.344189 
       65.0000  -0.686585   0.353140  -0.333446 
       65.5000  -0.681806   0.353328  -0.328478 
       66.0000  -0.713169   0.386302  -0.326867 
       66.5000  -0.700035   0.366781  -0.333255 
       67.0000  -0.666964   0.328263  -0.338701 
       67.5000  -0.659587   0.315145  -0.344441 
       68.0000  -0.691086   0.330481  -0.360605 
       68.5000  -0.706569   0.364260  -0.342309 
       69.0000  -0.691971   0.356937  -0.335034 
       69.5000  -0.695669   0.347602  -0.348068 
       70.0000  -0.715534   0.358803  -0.356731 
       70.5000  -0.677747   0.328334  -0.349414 
       71.0000  -0.644873   0.290963  -0.353910 
       71.5000  -0.673998   0.320944  -0.353054 
       72.0000  -0.695394   0.331928  -0.363466 
       72.5000  -0.655221   0.294427  -0.360794 
       73.0000  -0.668516   0.300436  -0.368080 
       73.5000  -0.696610   0.331660  -0.364950 
       74.0000  -0.685531   0.311782  -0.373749 
       74.5000  -0.654872   0.279219  -0.375654 
       75.0000  -0.627146   0.256585  -0.370561 
       75.5000  -0.658460   0.291351  -0.367108 
       76.0000  -0.658129   0.294268  -0.363860 
       76.5000  -0.717587   0.353043  -0.364544 
       77.0000  -0.663908   0.303217  -0.360691 
       77.5000  -0.659583   0.299987  -0.359596 
       78.0000  -0.713621   0.368658  -0.344962 
       78.5000  -0.715346   0.378719  -0.336627 
       79.0000  -0.682821   0.341568  -0.341252 
       79.5000  -0.667113   0.325250  -0.341863 
       80.0000  -0.644981   0.302345  -0.342635 
       80.5000  -0.636584   0.301623  -0.334961 
       81.0000  -0.668757   0.331152  -0.337604 
       81.5000  -0.647982   0.327795  -0.320187 
       82.0000  -0.700159   0.360372  -0.339788 
       82.5000  -0.722860   0.386111  -0.336749 
       83.0000  -0.701054   0.365711  -0.335343 
       83.5000  -0.752828   0.427663  -0.325165 
       84.0000  -0.669995   0.341223  -0.328773 
       84.5000  -0.763875   0.408487  -0.355388 
       85.0000  -0.675873   0.324708  -0.351166 
       85.5000  -0.742816   0.386800  -0.356016 
       86.0000  -0.674887   0.333553  -0.341334 
       86.5000  -0.684996   0.341703  -0.343293 
       87.0000  -0.720683   0.375373  -0.345310 
       87.5000  -0.687041   0.341606  -0.345435 
       88.0000  -0.691329   0.361423  -0.329906 
       88.5000  -0.687027   0.346901  -0.340126 
       89.0000  -0.739798   0.389156  -0.350641 
       89.5000  -0.690811   0.339665  -0.351145 
       90.0000  -0.676061   0.325702  -0.350358 
       90.5000  -0.698165   0.351628  -0.346538 
       91.0000  -0.680367   0.317981  -0.362385 
       91.5000  -0.657668   0.285708  -0.371960 
       92.0000  -0.690032   0.320241  -0.369791 
       92.5000  -0.725449   0.338165  -0.387284 
       93.0000  -0.763072   0.375826  -0.387247 
       93.5000  -0.738268   0.343388  -0.394880 
       94.0000  -0.731454   0.334697  -0.396758 
       94.5000  -0.726569   0.317664  -0.408905 
       95.0000  -0.705590   0.303920  -0.401670 
       95.5000  -0.713038   0.311665  -0.401373 
       96.0000  -0.692999   0.296393  -0.396605 
       96.5000  -0.761135   0.347193  -0.413942 
       97.0000  -0.726213   0.316737  -0.409476 
       97.5000  -0.764883   0.370507  -0.394375 
       98.0000  -0.703119   0.321433  -0.381687 
       98.5000  -0.698729   0.316128  -0.382602 
       99.0000  -0.724131   0.349037  -0.375094 
       99.5000  -0.686120   0.320359  -0.365761 
      100.0000  -0.710138   0.335458  -0.374681 
      100.5000  -0.669706   0.299611  -0.370095 
      101.0000  -0.672816   0.299978  -0.372838 
      101.5000  -0.696448   0.319918  -0.376529 
      102.0000  -0.744965   0.354330  -0.390635 
      102.5000  -0.742826   0.338226  -0.404600 
      103.0000  -0.736699   0.334684  -0.402015 
      103.5000  -0.741123   0.338030  -0.403093 
      104.0000  -0.765595   0.358933  -0.406662 
      104.5000  -0.732067   0.328355  -0.403713 
      105.0000  -0.704677   0.301999  -0.402678 
      105.5000  -0.749193   0.340031  -0.409162 
      106.0000  -0.708961   0.298618  -0.410343 
      106.5000  -0.717881   0.297656  -0.420225 
      107.0000  -0.739158   0.327553  -0.411605 
      107.5000  -0.715320   0.314068  -0.401251 
      108.0000  -0.645011   0.249872  -0.395139 
      108.5000  -0.667542   0.277087  -0.390455 
      109.0000  -0.694016   0.302883  -0.391133 
      109.5000  -0.718580   0.330130  -0.388450 
      110.0000  -0.672550   0.292497  -0.380054 
      110.5000  -0.708088   0.321126  -0.386963 
      111.0000  -0.723200   0.352647  -0.370553 
      111.5000  -0.708319   0.341092  -0.367228 
      112.0000  -0.694136   0.324834  -0.369303 
      112.5000  -0.712906   0.330653  -0.382253 
      113.0000  -0.727979   0.334580  -0.393399 
      113.5000  -0.692043   0.295129  -0.396915 
      114.0000  -0.696144   0.299395  -0.396749 
      114.5000  -0.686967   0.300035  -0.386932 
      115.0000  -0.688715   0.305418  -0.383297 
      115.5000  -0.700905   0.316048  -0.384858 
      116.0000  -0.680565   0.298841  -0.381724 
      116.5000  -0.722139   0.333777  -0.388362 
      117.0000  -0.717140   0.324497  -0.392643 
      117.5000  -0.708713   0.299299  -0.409414 
      118.0000  -0.751053   0.346858  -0.404195 
      118.5000  -0.762145   0.369115  -0.393029 
      119.0000  -0.685206   0.298350  -0.386857 
      119.5000  -0.690523   0.299642  -0.390881 
      120.0000  -0.670571   0.277312  -0.393259 
      120.5000  -0.638534   0.234939  -0.403594 
      121.0000  -0.727365   0.322650  -0.404715 
      121.5000  -0.689421   0.287162  -0.402258 
      122.0000  -0.689710   0.285737  -0.403973 
      122.5000  -0.673838   0.278722  -0.395116 
      123.0000  -0.668294   0.269705  -0.398589 
      123.5000  -0.676050   0.276989  -0.399061 
      124.0000  -0.698747   0.283893  -0.414854 
      124.5000  -0.688770   0.280835  -0.407935 
      125.0000  -0.647874   0.262365  -0.385510 
      125.5000  -0.686864   0.296927  -0.389937 
      126.0000  -0.714890   0.318918  -0.395972 
      126.5000  -0.732220   0.350701  -0.381519 
      127.0000  -0.685433   0.309625  -0.375807 
      127.5000  -0.693777   0.303555  -0.390223 
      128.0000  -0.685437   0.304564  -0.380873 
      128.5000  -0.682262   0.305814  -0.376448 
      129.0000  -0.692524   0.311424  -0.381100 
      129.5000  -0.693284   0.302933  -0.390351 
      130.0000  -0.665960   0.269148  -0.396812 
      130.5000  -0.711155   0.316485  -0.394670 
      131.0000  -0.701360   0.295861  -0.405500 
      131.5000  -0.674816   0.282443  -0.392372 
      132.0000  -0.695327   0.301261  -0.394066 
      132.5000  -0.732908   0.340540  -0.392368 
      133.0000  -0.684436   0.276836  -0.407600 
      133.5000  -0.726783   0.312347  -0.414436 
      134.0000  -0.708660   0.283920  -0.424740 
      134.5000  -0.712570   0.278941  -0.433629 
      135.0000  -0.712637   0.272191  -0.440446 
      135.5000  -0.697367   0.264212  -0.433154 
      136.0000  -0.710262   0.284311  -0.425950 
      136.5000  -0.722165   0.286703  -0.435462 
      137.0000  -0.711313   0.277620  -0.433692 
      137.5000  -0.704416   0.265545  -0.438871 
      138.0000  -0.708375   0.271929  -0.436446 
      138.5000  -0.734709   0.292437  -0.442272 
      139.0000  -0.683689   0.226936  -0.456753 
      139.5000  -0.728156   0.259710  -0.468446 
      140.0000  -0.716885   0.252594  -0.464291 
      140.5000  -0.754709   0.289088  -0.465620 
      141.0000  -0.736129   0.270187  -0.465941 
      141.5000  -0.692505   0.233774  -0.458731 
      142.0000  -0.750710   0.287438  -0.463271 
      142.5000  -0.739208   0.271184  -0.468025 
      143.0000  -0.743382   0.279890  -0.463492 
      143.5000  -0.715906   0.261963  -0.453943 
      144.0000  -0.711333   0.263028  -0.448305 
      144.5000  -0.717132   0.260113  -0.457018 
      145.0000  -0.724281   0.259935  -0.464346 
      145.5000  -0.742679   0.275930  -0.466749 
      146.0000  -0.715053   0.244698  -0.470355 
      146.5000  -0.712699   0.250809  -0.461890 
      147.0000  -0.730643   0.268151  -0.462492 
      147.5000  -0.721111   0.269470  -0.451641 
      148.0000  -0.749824   0.303342  -0.446482 
      148.5000  -0.738730   0.301310  -0.437421 
      149.0000  -0.743742   0.294176  -0.449566 
      149.5000  -0.714789   0.272823  -0.441966 
      150.0000  -0.718452   0.275604  -0.442848 
      150.5000  -0.757543   0.307789  -0.449753 
      151.0000  -0.742711   0.301887  -0.440824 
      151.5000  -0.759311   0.319434  -0.439877 
      152.0000  -0.712033   0.282397  -0.429637 
      152.5000  -0.692707   0.278810  -0.413897 
      153.0000  -0.728300   0.307588  -0.420712 
      153.5000  -0.716513   0.290437  -0.426076 
      154.0000  -0.690100   0.259076  -0.431025 
      154.5000  -0.731762   0.292533  -0.439228 
      155.0000  -0.755025   0.306573  -0.448451 
      155.5000  -0.724619   0.280131  -0.444488 
      156.0000  -0.711120   0.277991  -0.433129 
      156.5000  -0.730145   0.299290  -0.430856 
      157.0000  -0.762909   0.326904  -0.436005 
      157.5000  -0.754025   0.303387  -0.450638 
      158.0000  -0.765067   0.316543  -0.448524 
      158.5000  -0.755888   0.314131  -0.441757 
      159.0000  -0.703874   0.281601  -0.422272 
      159.5000  -0.740983   0.316038  -0.424945 
      160.0000  -0.747501   0.318469  -0.429033 
      160.5000  -0.725649   0.284248  -0.441401 
      161.0000  -0.722248   0.290334  -0.431914 
      161.5000  -0.761178   0.322958  -0.438220 
      162.0000  -0.765141   0.308586  -0.456555 
      162.5000  -0.758868   0.302062  -0.456806 
      163.0000  -0.777956   0.328971  -0.448985 
      163.5000  -0.773123   0.331930  -0.441194 
      164.0000  -0.704394   0.275257  -0.429137 
      164.5000  -0.747097   0.310129  -0.436969 
      165.0000  -0.727287   0.290604  -0.436683 
      165.5000  -0.723563   0.284762  -0.438801 
      166.0000  -0.734848   0.293647  -0.441201 
      166.5000  -0.726876   0.273069  -0.453806 
      167.0000  -0.744261   0.294419  -0.449842 
      167.5000  -0.745679   0.301559  -0.444119 
      168.0000  -0.775263   0.322284  -0.452978 
      168.5000  -0.717601   0.278154  -0.439447 
      169.0000  -0.748613   0.310200  -0.438413 
      169.5000  -0.740896   0.305372  -0.435524 
      170.0000  -0.712850   0.282549  -0.430301 
      170.5000  -0.756630   0.317614  -0.439016 
      171.0000  -0.679666   0.240852  -0.438814 
      171.5000  -0.758555   0.319218  -0.439337 
      172.0000  -0.780525   0.327056  -0.453469 
      172.5000  -0.746930   0.292087  -0.454843 
      173.0000  -0.724948   0.257160  -0.467787 
      173.5000  -0.765921   0.303524  -0.462396 
      174.0000  -0.779606   0.315698  -0.463908 
      174.5000  -0.742842   0.280339  -0.462502 
      175.0000  -0.734975   0.283827  -0.451148 
      175.5000  -0.702658   0.261101  -0.441556 
      176.0000  -0.758672   0.317250  -0.441422 
      176.5000  -0.730230   0.269855  -0.460375 
      177.0000  -0.724847   0.263298  -0.461549 
      177.5000  -0.713460   0.252157  -0.461304 
      178.0000  -0.779823   0.307445  -0.472378 
      178.5000  -0.763211   0.296314  -0.466898 
      179.0000  -0.740753   0.279343  -0.461410 
      179.5000  -0.711471   0.254297  -0.457174 
      180.0000  -0.714581   0.248771  -0.465810 
      180.5000  -0.746930   0.279965  -0.466965 
      181.0000  -0.760692   0.297549  -0.463143 
      181.5000  -0.735020   0.279971  -0.455049 
      182.0000  -0.681400   0.230108  -0.451292 
      182.5000  -0.693900   0.240573  -0.453327 
      183.0000  -0.727723   0.274453  -0.453270 
      183.5000  -0.760606   0.301798  -0.458808 
      184.0000  -0.764089   0.305062  -0.459026 
      184.5000  -0.730745   0.269257  -0.461488 
      185.0000  -0.760081   0.311945  -0.448136 
      185.5000  -0.752482   0.301063  -0.451419 
      186.0000  -0.750195   0.300990  -0.449205 
      186.5000  -0.733544   0.288201  -0.445343 
      187.0000  -0.745334   0.303827  -0.441508 
      187.5000  -0.735120   0.286761  -0.448359 
      188.0000  -0.760845   0.307615  -0.453230 
      188.5000  -0.769753   0.303057  -0.466697 
      189.0000  -0.774113   0.296626  -0.477487 
      189.5000  -0.765959   0.282765  -0.483194 
      190.0000  -0.775834   0.289669  -0.486165 
      190.5000  -0.750533   0.268084  -0.482449 
      191.0000  -0.770909   0.294099  -0.476810 
      191.5000  -0.783303   0.304950  -0.478353 
      192.0000  -0.768503   0.283476  -0.485027 
      192.5000  -0.755088   0.264450  -0.490638 
      193.0000  -0.763152   0.284191  -0.478961 
      193.5000  -0.768665   0.298566  -0.470099 
      194.0000  -0.771023   0.303726  -0.467298 
      194.5000  -0.754270   0.288944  -0.465325 
      195.0000  -0.787624   0.324068  -0.463556 
      195.5000  -0.746325   0.289293  -0.457031 
      196.0000  -0.768204   0.320368  -0.447836 
      196.5000  -0.762735   0.306692  -0.456043 
      197.0000  -0.754431   0.305410  -0.449021 
      197.5000  -0.736375   0.282019  -0.454356 
      198.0000  -0.760327   0.307328  -0.452999 
      198.5000  -0.747779   0.282920  -0.464859 
      199.0000  -0.742896   0.280704  -0.462192 
      199.5000  -0.750259   0.290420  -0.459838 
      200.0000  -0.770818   0.291745  -0.479073 
      200.5000  -0.730365   0.246315  -0.484050 
      201.0000  -0.737787   0.259612  -0.478175 
      201.5000  -0.759965   0.287682  -0.472282 
      202.0000  -0.754349   0.279739  -0.474610 
      202.5000  -0.740720   0.269622  -0.471099 
      203.0000  -0.760160   0.288483  -0.471678 
      203.5000  -0.762074   0.283621  -0.478453 
      204.0000  -0.706229   0.234280  -0.471949 
      204.5000  -0.739553   0.275998  -0.463555 
      205.0000  -0.757178   0.289451  -0.467728 
      205.5000  -0.722719   0.246074  -0.476645 
      206.0000  -0.754587   0.270776  -0.483811 
      206.5000  -0.790043   0.303977  -0.486066 
      207.0000  -0.772468   0.293417  -0.479050 
      207.5000  -0.760919   0.284482  -0.476437 
      208.0000  -0.714793   0.226822  -0.487970 
      208.5000  -0.749580   0.267904  -0.481676 
      209.0000  -0.741001   0.265784  -0.475217 
      209.5000  -0.745218   0.268505  -0.476713 
      210.0000  -0.726987   0.258607  -0.468380 
      210.5000  -0.735843   0.266692  -0.469151 
      211.0000  -0.740833   0.283209  -0.457624 
      211.5000  -0.713793   0.260925  -0.452867 
      212.0000  -0.731175   0.273482  -0.457693 
      212.5000  -0.708309   0.260476  -0.447833 
      213.0000  -0.731586   0.268160  -0.463426 
      213.5000  -0.720858   0.255726  -0.465132 
      214.0000  -0.712287   0.240839  -0.471448 
      214.5000  -0.737762   0.270489  -0.467274 
      215.0000  -0.737843   0.272268  -0.465576 
      215.5000  -0.730256   0.252612  -0.477644 
      216.0000  -0.739760   0.266079  -0.473681 
      216.5000  -0.762344   0.281860  -0.480484 
      217.0000  -0.684028   0.211572  -0.472455 
      217.5000  -0.750296   0.265508  -0.484787 
      218.0000  -0.760133   0.284472  -0.475661 
      218.5000  -0.714506   0.243237  -0.471269 
      219.0000  -0.724650   0.254464  -0.470186 
      219.5000  -0.731491   0.271740  -0.459751 
      220.0000  -0.737316   0.280162  -0.457154 
      220.5000  -0.712837   0.266772  -0.446066 
      221.0000  -0.724576   0.280114  -0.444461 
      221.5000  -0.680914   0.229180  -0.451733 
      222.0000  -0.698212   0.254542  -0.443671 
      222.5000  -0.738666   0.298892  -0.439774 
      223.0000  -0.738812   0.308475  -0.430337 
      223.5000  -0.692285   0.261891  -0.430394 
      224.0000  -0.751227   0.312819  -0.438408 
      224.5000  -0.728031   0.283409  -0.444622 
      225.0000  -0.718473   0.274689  -0.443784 
      225.5000  -0.747146   0.294286  -0.452860 
      226.0000  -0.688979   0.243907  -0.445072 
      226.5000  -0.705820   0.260947  -0.444873 
      227.0000  -0.727446   0.295949  -0.431497 
      227.5000  -0.713013   0.279593  -0.433420 
      228.0000  -0.682035   0.255341  -0.426694 
      228.5000  -0.721626   0.298778  -0.422848 
      229.0000  -0.731332   0.315361  -0.415971 
      229.5000  -0.741427   0.342735  -0.398692 
      230.0000  -0.777615   0.361971  -0.415643 
      230.5000  -0.676499   0.266735  -0.409764 
      231.0000  -0.715030   0.293531  -0.421499 
      231.5000  -0.746868   0.316238  -0.430630 
      232.0000  -0.749693   0.325418  -0.424275 
      232.5000  -0.758400   0.329856  -0.428544 
      233.0000  -0.714199   0.288558  -0.425641 
      233.5000  -0.717100   0.302254  -0.414846 
      234.0000  -0.732580   0.326258  -0.406322 
      234.5000  -0.720021   0.302532  -0.417489 
      235.0000  -0.702533   0.288722  -0.413811 
      235.5000  -0.716991   0.304796  -0.412196 
      236.0000  -0.774776   0.368974  -0.405802 
      236.5000  -0.714698   0.309652  -0.405046 
      237.0000  -0.711509   0.298731  -0.412778 
      237.5000  -0.699566   0.286201  -0.413365 
      238.0000  -0.711548   0.297801  -0.413747 
      238.5000  -0.725589   0.301095  -0.424494 
      239.0000  -0.688434   0.268212  -0.420221 
      239.5000  -0.775517   0.353061  -0.422457 
      240.0000  -0.748652   0.329482  -0.419170 
      240.5000  -0.720602   0.303624  -0.416978 
      241.0000  -0.764476   0.349530  -0.414946 
      241.5000  -0.723338   0.317383  -0.405955 
      242.0000  -0.707014   0.296558  -0.410456 
      242.5000  -0.771777   0.369327  -0.402450 
      243.0000  -0.743312   0.336924  -0.406388 
      243.5000  -0.806297   0.399481  -0.406816 
      244.0000  -0.729913   0.304579  -0.425334 
      244.5000  -0.731779   0.305771  -0.426008 
      245.0000  -0.698768   0.281110  -0.417657 
      245.5000  -0.795246   0.385690  -0.409556 
      246.0000  -0.703390   0.294315  -0.409076 
      246.5000  -0.741844   0.323782  -0.418062 
      247.0000  -0.733011   0.311430  -0.421581 
      247.5000  -0.717965   0.285557  -0.432409 
      248.0000  -0.785210   0.349204  -0.436006 
      248.5000  -0.763705   0.327968  -0.435737 
      249.0000  -0.726272   0.301418  -0.424854 
      249.5000  -0.730579   0.318232  -0.412346 
      250.0000  -0.735583   0.322774  -0.412809 
      250.5000  -0.739403   0.320316  -0.419087 
      251.0000  -0.710306   0.294962  -0.415343 
      251.5000  -0.770616   0.340239  -0.430377 
      252.0000  -0.698640   0.258952  -0.439688 
      252.5000  -0.774183   0.342716  -0.431467 
      253.0000  -0.792260   0.372224  -0.420036 
      253.5000  -0.746210   0.326975  -0.419235 
      254.0000  -0.756428   0.340314  -0.416114 
      254.5000  -0.739281   0.325675  -0.413606 
      255.0000  -0.710552   0.299723  -0.410829 
      255.5000  -0.724411   0.324278  -0.400133 
      256.0000  -0.674171   0.281071  -0.393101 
      256.5000  -0.703650   0.306556  -0.397094 
      257.0000  -0.693614   0.297092  -0.396522 
      257.5000  -0.725697   0.338108  -0.387589 
      258.0000  -0.699935   0.325711  -0.374224 
      258.5000  -0.747382   0.388016  -0.359366 
      259.0000  -0.741848   0.364357  -0.377490 
      259.5000  -0.708736   0.322545  -0.386191 
      260.0000  -0.771577   0.387700  -0.383878 
      260.5000  -0.708376   0.342828  -0.365548 
      261.0000  -0.720996   0.366410  -0.354586 
      261.5000  -0.730799   0.371338  -0.359461 
      262.0000  -0.692227   0.329339  -0.362888 
      262.5000  -0.709294   0.332393  -0.376901 
      263.0000  -0.718954   0.338737  -0.380218 
      263.5000  -0.723728   0.353677  -0.370051 
      264.0000  -0.734586   0.367475  -0.367111 
      264.5000  -0.707007   0.334117  -0.372891 
      265.0000  -0.755620   0.380219  -0.375402 
      265.5000  -0.743510   0.361299  -0.382211 
      266.0000  -0.698994   0.313938  -0.385056 
      266.5000  -0.744979   0.356054  -0.388925 
      267.0000  -0.760560   0.386524  -0.374036 
      267.5000  -0.755541   0.383381  -0.372160 
      268.0000  -0.704335   0.337019  -0.367316 
      268.5000  -0.731326   0.375195  -0.356131 
      269.0000  -0.746983   0.387934  -0.359049 
      269.5000  -0.740822   0.371277  -0.369545 
      270.0000  -0.780883   0.405055  -0.375828 
      270.5000  -0.742878   0.367416  -0.375462 
      271.0000  -0.737526   0.366970  -0.370556 
      271.5000  -0.735089   0.365781  -0.369308 
      272.0000  -0.739691   0.372328  -0.367363 
      272.5000  -0.742514   0.386165  -0.356349 
      273.0000  -0.713744   0.352467  -0.361278 
      273.5000  -0.695079   0.325804  -0.369274 
      274.0000  -0.735006   0.361529  -0.373478 
      274.5000  -0.731435   0.358694  -0.372740 
      275.0000  -0.744652   0.361757  -0.382895 
      275.5000  -0.771491   0.384766  -0.386725 
      276.0000  -0.742353   0.354113  -0.388240 
      276.5000  -0.715391   0.323424  -0.391967 
      277.0000  -0.738853   0.330719  -0.408134 
      277.5000  -0.670845   0.261625  -0.409220 
      278.0000  -0.725645   0.312334  -0.413311 
      278.5000  -0.749322   0.339147  -0.410175 
      279.0000  -0.708694   0.324785  -0.383909 
      279.5000  -0.710820   0.326115  -0.384705 
      280.0000  -0.761818   0.382124  -0.379694 
      280.5000  -0.770611   0.380904  -0.389706 
      281.0000  -0.704980   0.317038  -0.387941 
      281.5000  -0.731864   0.347267  -0.384598 
      282.0000  -0.733483   0.356921  -0.376562 
      282.5000  -0.695464   0.307459  -0.388005 
      283.0000  -0.718503   0.326044  -0.392458 
      283.5000  -0.722122   0.318110  -0.404012 
      284.0000  -0.739208   0.344643  -0.394565 
      284.5000  -0.720872   0.335887  -0.384985 
      285.0000  -0.724909   0.332135  -0.392774 
      285.5000  -0.789049   0.391447  -0.397602 
      286.0000  -0.713519   0.321681  -0.391838 
      286.5000  -0.760916   0.374883  -0.386033 
      287.0000  -0.738773   0.351827  -0.386946 
      287.5000  -0.681433   0.294219  -0.387214 
      288.0000  -0.749043   0.352199  -0.396844 
      288.5000  -0.740658   0.346391  -0.394267 
      289.0000  -0.743153   0.354868  -0.388285 
      289.5000  -0.742599   0.357559  -0.385041 
      290.0000  -0.778428   0.382360  -0.396068 
      290.5000  -0.706882   0.331848  -0.375034 
      291.0000  -0.777216   0.393087  -0.384130 
      291.5000  -0.754135   0.360190  -0.393945 
      292.0000  -0.739217   0.342387  -0.396830 
      292.5000  -0.736713   0.339949  -0.396764 
      293.0000  -0.700389   0.296185  -0.404204 
      293.5000  -0.784582   0.372566  -0.412016 
      294.0000  -0.759750   0.337048  -0.422702 
      294.5000  -0.747120   0.336763  -0.410356 
      295.0000  -0.777337   0.361426  -0.415911 
      295.5000  -0.701038   0.281872  -0.419167 
      296.0000  -0.740187   0.317648  -0.422539 
      296.5000  -0.756030   0.322575  -0.433455 
      297.0000  -0.738938   0.318989  -0.419949 
      297.5000  -0.751992   0.335530  -0.416462 
      298.0000  -0.715350   0.290166  -0.425184 
      298.5000  -0.752376   0.330206  -0.422169 
      299.0000  -0.728486   0.300328  -0.428157 
      299.5000  -0.753402   0.307860  -0.445542 
      300.0000  -0.718187   0.269518  -0.448669 
      300.5000  -0.779215   0.334723  -0.444493 
      301.0000  -0.719933   0.276213  -0.443721 
      301.5000  -0.734943   0.291319  -0.443623 
      302.0000  -0.733085   0.294684  -0.438401 
      302.5000  -0.742071   0.294290  -0.447780 
      303.0000  -0.748782   0.298059  -0.450723 
      303.5000  -0.751549   0.307535  -0.444014 
      304.0000  -0.742350   0.292179  -0.450171 
      304.5000  -0.731381   0.281586  -0.449795 
      305.0000  -0.747369   0.311235  -0.436134 
      305.5000  -0.721595   0.282075  -0.439520 
      306.0000  -0.741748   0.302779  -0.438969 
      306.5000  -0.759618   0.305680  -0.453939 
      307.0000  -0.736625   0.277246  -0.459378 
      307.5000  -0.767295   0.318996  -0.448300 
      308.0000  -0.701305   0.260631  -0.440674 
      308.5000  -0.709724   0.268450  -0.441274 
      309.0000  -0.757713   0.328492  -0.429221 
      309.5000  -0.742676   0.330895  -0.411781 
      310.0000  -0.710717   0.307695  -0.403022 
      310.5000  -0.727387   0.335714  -0.391674 
      311.0000  -0.711869   0.310092  -0.401778 
      311.5000  -0.731370   0.327246  -0.404124 
      312.0000  -0.693753   0.289361  -0.404393 
      312.5000  -0.691120   0.286287  -0.404833 
      313.0000  -0.734502   0.341860  -0.392642 
      313.5000  -0.701712   0.314764  -0.386948 
      314.0000  -0.683658   0.304361  -0.379296 
      314.5000  -0.672077   0.303531  -0.368546 
      315.0000  -0.648714   0.277312  -0.371402 
      315.5000  -0.678318   0.313441  -0.364877 
      316.0000  -0.681367   0.312129  -0.369238 
      316.5000  -0.711805   0.346588  -0.365216 
      317.0000  -0.711037   0.327240  -0.383797 
      317.5000  -0.691584   0.291234  -0.400350 
      318.0000  -0.704275   0.313633  -0.390642 
      318.5000  -0.691300   0.313239  -0.378061 
      319.0000  -0.729511   0.353191  -0.376319 
      319.5000  -0.669881   0.301044  -0.368837 
      320.0000  -0.721738   0.354109  -0.367629 
      320.5000  -0.710183   0.334724  -0.375459 
      321.0000  -0.810982   0.412408  -0.398575 
      321.5000  -0.734113   0.337238  -0.396875 
      322.0000  -0.708598   0.323560  -0.385037 
      322.5000  -0.721796   0.330023  -0.391773 
      323.0000  -0.694873   0.313282  -0.381591 
      323.5000  -0.749025   0.358600  -0.390425 
      324.0000  -0.637590   0.245013  -0.392577 
      324.5000  -0.662736   0.275528  -0.387208 
      325.0000  -0.727496   0.345156  -0.382340 
      325.5000  -0.740639   0.366702  -0.373938 
      326.0000  -0.684839   0.314634  -0.370205 
      326.5000  -0.680543   0.304754  -0.375790 
      327.0000  -0.727434   0.345389  -0.382045 
      327.5000  -0.725749   0.344636  -0.381113 
      328.0000  -0.706898   0.322170  -0.384729 
      328.5000  -0.692018   0.320435  -0.371583 
      329.0000  -0.709731   0.352073  -0.357658 
      329.5000  -0.755986   0.381399  -0.374586 
      330.0000  -0.691100   0.309971  -0.381129 
      330.5000  -0.733500   0.365106  -0.368394 
      331.0000  -0.699980   0.320670  -0.379310 
      331.5000  -0.737961   0.354207  -0.383754 
      332.0000  -0.746528   0.359309  -0.387220 
      332.5000  -0.753047   0.350392  -0.402654 
      333.0000  -0.750492   0.330445  -0.420046 
      333.5000  -0.768828   0.345793  -0.423036 
      334.0000  -0.717752   0.293760  -0.423993 
      334.5000  -0.726363   0.310945  -0.415417 
      335.0000  -0.719949   0.302541  -0.417408 
      335.5000  -0.749553   0.341325  -0.408229 
      336.0000  -0.738281   0.328388  -0.409893 
      336.5000  -0.718617   0.310270  -0.408347 
      337.0000  -0.717973   0.301130  -0.416844 
      337.5000  -0.712364   0.293769  -0.418595 
      338.0000  -0.730584   0.304962  -0.425622 
      338.5000  -0.742137   0.314674  -0.427463 
      339.0000  -0.763270   0.334525  -0.428744 
      339.5000  -0.738948   0.322062  -0.416886 
      340.0000  -0.707170   0.293933  -0.413236 
      340.5000  -0.720792   0.307752  -0.413040 
      341.0000  -0.718206   0.299083  -0.419123 
      341.5000  -0.710758   0.292377  -0.418381 
      342.0000  -0.760502   0.343368  -0.417134 
      342.5000  -0.733640   0.322018  -0.411623 
      343.0000  -0.725307   0.307473  -0.417834 
      343.5000  -0.726201   0.300333  -0.425869 
      344.0000  -0.696633   0.269613  -0.427019 
      344.5000  -0.700050   0.278416  -0.421634 
      345.0000  -0.729323   0.307404  -0.421919 
      345.5000  -0.710652   0.281676  -0.428976 
      346.0000  -0.718559   0.285506  -0.433053 
      346.5000  -0.747791   0.304418  -0.443373 
      347.0000  -0.730241   0.288491  -0.441750 
      347.5000  -0.711906   0.264923  -0.446983 
      348.0000  -0.713804   0.273465  -0.440339 
      348.5000  -0.745545   0.308526  -0.437019 
      349.0000  -0.733552   0.291441  -0.442112 
      349.5000  -0.743188   0.284455  -0.458733 
      350.0000  -0.732032   0.275403  -0.456629 
      350.5000  -0.755579   0.301783  -0.453797 
      351.0000  -0.708595   0.257356  -0.451239 
      351.5000  -0.778089   0.308798  -0.469291 
      352.0000  -0.761530   0.286244  -0.475285 
      352.5000  -0.706146   0.252844  -0.453302 
      353.0000  -0.775660   0.324389  -0.451272 
      353.5000  -0.739855   0.313566  -0.426290 
      354.0000  -0.737226   0.305462  -0.431764 
      354.5000  -0.757047   0.324168  -0.432880 
      355.0000  -0.691994   0.258392  -0.433602 
      355.5000  -0.786494   0.358727  -0.427767 
      356.0000  -0.767894   0.332175  -0.435719 
      356.5000  -0.804434   0.359033  -0.445401 
      357.0000  -0.806946   0.357657  -0.449289 
      357.5000  -0.750994   0.285925  -0.465070 
      358.0000  -0.763539   0.298640  -0.464898 
      358.5000  -0.790771   0.313219  -0.477552 
      359.0000  -0.763682   0.299496  -0.464187 
      359.5000  -0.779333   0.317140  -0.462193 
      360.0000  -0.808443   0.344190  -0.464253 
      360.5000  -0.781918   0.314157  -0.467761 
      361.0000  -0.754523   0.303501  -0.451022 
      361.5000  -0.748595   0.295109  -0.453486 
      362.0000  -0.777035   0.333776  -0.443259 
      362.5000  -0.778006   0.324165  -0.453840 
      363.0000  -0.799164   0.357649  -0.441516 
      363.5000  -0.789421   0.355948  -0.433473 
      364.0000  -0.712837   0.289810  -0.423027 
      364.5000  -0.738156   0.300187  -0.437970 
      365.0000  -0.758606   0.316251  -0.442355 
      365.5000  -0.729801   0.283702  -0.446100 
      366.0000  -0.764289   0.319249  -0.445040 
      366.5000  -0.814377   0.378512  -0.435865 
      367.0000  -0.732835   0.305404  -0.427432 
      367.5000  -0.748224   0.312099  -0.436125 
      368.0000  -0.746404   0.308862  -0.437543 
      368.5000  -0.752401   0.323587  -0.428815 
      369.0000  -0.721411   0.288026  -0.433386 
      369.5000  -0.690557   0.258712  -0.431846 
      370.0000  -0.736350   0.291106  -0.445244 
      370.5000  -0.697626   0.244433  -0.453193 
      371.0000  -0.767015   0.304603  -0.462412 
      371.5000  -0.727927   0.269969  -0.457958 
      372.0000  -0.734267   0.282043  -0.452223 
      372.5000  -0.731132   0.301356  -0.429775 
      373.0000  -0.744991   0.317338  -0.427653 
      373.5000  -0.711765   0.283721  -0.428044 
      374.0000  -0.735846   0.306599  -0.429247 
      374.5000  -0.778493   0.354742  -0.423751 
      375.0000  -0.726485   0.287972  -0.438513 
      375.5000  -0.733606   0.302341  -0.431265 
      376.0000  -0.710865   0.277611  -0.433255 
      376.5000  -0.721825   0.284716  -0.437109 
      377.0000  -0.703086   0.278216  -0.424869 
      377.5000  -0.765086   0.342500  -0.422586 
      378.0000  -0.678467   0.262490  -0.415977 
      378.5000  -0.737078   0.307125  -0.429953 
      379.0000  -0.751036   0.313451  -0.437585 
      379.5000  -0.696205   0.264469  -0.431736 
      380.0000  -0.719233   0.287462  -0.431771 
      380.5000  -0.757625   0.317205  -0.440420 
      381.0000  -0.725311   0.270589  -0.454722 
      381.5000  -0.758223   0.312620  -0.445603 
      382.0000  -0.730537   0.288458  -0.442079 
      382.5000  -0.767707   0.322531  -0.445176 
      383.0000  -0.753054   0.305507  -0.447547 
      383.5000  -0.739597   0.293135  -0.446462 
      384.0000  -0.744812   0.290575  -0.454237 
      384.5000  -0.711119   0.261452  -0.449667 
      385.0000  -0.744834   0.289718  -0.455115 
      385.5000  -0.717665   0.255794  -0.461871 
      386.0000  -0.784600   0.314751  -0.469849 
      386.5000  -0.750301   0.274218  -0.476083 
      387.0000  -0.764213   0.290215  -0.473998 
      387.5000  -0.777490   0.306699  -0.470791 
      388.0000  -0.768539   0.293883  -0.474657 
      388.5000  -0.756925   0.282557  -0.474368 
      389.0000  -0.769408   0.284694  -0.484714 
      389.5000  -0.750528   0.265509  -0.485019 
      390.0000  -0.772134   0.286308  -0.485826 
      390.5000  -0.735427   0.256581  -0.478846 
      391.0000  -0.772878   0.299801  -0.473076 
      391.5000  -0.779423   0.306643  -0.472781 
      392.0000  -0.708280   0.246259  -0.462022 
      392.5000  -0.773997   0.308540  -0.465458 
      393.0000  -0.758086   0.304113  -0.453973 
      393.5000  -0.723265   0.267848  -0.455417 
      394.0000  -0.767578   0.300302  -0.467276 
      394.5000  -0.748120   0.280058  -0.468062 
      395.0000  -0.767228   0.296971  -0.470257 
      395.5000  -0.751542   0.287766  -0.463776 
      396.0000  -0.769162   0.304232  -0.464930 
      396.5000  -0.793729   0.310772  -0.482957 
      397.0000  -0.780153   0.296236  -0.483917 
      397.5000  -0.777899   0.290587  -0.487312 
      398.0000  -0.796206   0.312986  -0.483220 
      398.5000  -0.784631   0.314090  -0.470541 
      399.0000  -0.782422   0.316382  -0.466040 
      399.5000  -0.758774   0.302434  -0.456340 
      400.0000  -0.778561   0.319080  -0.459481 
      400.5000  -0.729429   0.261001  -0.468428 
      401.0000  -0.750252   0.279339  -0.470913 
      401.5000  -0.790789   0.329589  -0.461201 
      402.0000  -0.756295   0.282491  -0.473804 
      402.5000  -0.727609   0.246566  -0.481043 
      403.0000  -0.759716   0.278267  -0.481448 
      403.5000  -0.767887   0.290512  -0.477375 
      404.0000  -0.782466   0.313932  -0.468534 
      404.5000  -0.756110   0.277383  -0.478728 
      405.0000  -0.751196   0.265522  -0.485674 
      405.5000  -0.771159   0.292934  -0.478225 
      406.0000  -0.733414   0.259868  -0.473546 
      406.5000  -0.765155   0.290123  -0.475032 
      407.0000  -0.754580   0.273852  -0.480727 
      407.5000  -0.751724   0.275722  -0.476002 
      408.0000  -0.770006   0.306210  -0.463796 
      408.5000  -0.833196   0.362486  -0.470710 
      409.0000  -0.717911   0.253758  -0.464153 
      409.5000  -0.761355   0.297193  -0.464162 
      410.0000  -0.766173   0.301780  -0.464393 
      410.5000  -0.781461   0.322021  -0.459440 
      411.0000  -0.748455   0.294156  -0.454299 
      411.5000  -0.778446   0.334812  -0.443633 
      412.0000  -0.780161   0.342561  -0.437600 
      412.5000  -0.717573   0.295955  -0.421618 
      413.0000  -0.749803   0.328426  -0.421377 
      413.5000  -0.736724   0.302572  -0.434152 
      414.0000  -0.741586   0.310873  -0.430713 
      414.5000  -0.790732   0.347474  -0.443259 
      415.0000  -0.768039   0.314197  -0.453842 
      415.5000  -0.759216   0.310760  -0.448457 
      416.0000  -0.788786   0.332795  -0.455991 
      416.5000  -0.759838   0.301166  -0.458671 
      417.0000  -0.790154   0.326897  -0.463257 
      417.5000  -0.787017   0.318515  -0.468501 
      418.0000  -0.773157   0.293198  -0.479959 
      418.5000  -0.796330   0.314096  -0.482234 
      419.0000  -0.781830   0.303678  -0.478152 
      419.5000  -0.742329   0.262374  -0.479954 
      420.0000  -0.802660   0.313270  -0.489390 
      420.5000  -0.776792   0.283505  -0.493287 
      421.0000  -0.769093   0.284981  -0.484112 
      421.5000  -0.783170   0.307557  -0.475613 
      422.0000  -0.747828   0.279155  -0.468673 
      422.5000  -0.776605   0.307605  -0.469000 
      423.0000  -0.796654   0.344459  -0.452195 
      423.5000  -0.793418   0.341015  -0.452403 
      424.0000  -0.794784   0.346958  -0.447827 
      424.5000  -0.802653   0.356431  -0.446222 
      425.0000  -0.776578   0.330725  -0.445853 
      425.5000  -0.806927   0.360873  -0.446054 
      426.0000  -0.799475   0.348489  -0.450986 
      426.5000  -0.791712   0.335685  -0.456027 
      427.0000  -0.806703   0.358839  -0.447864 
      427.5000  -0.830258   0.376797  -0.453461 
      428.0000  -0.773067   0.322680  -0.450386 
      428.5000  -0.818463   0.369864  -0.448600 
      429.0000  -0.773435   0.312050  -0.461385 
      429.5000  -0.775390   0.328492  -0.446898 
      430.0000  -0.787896   0.348281  -0.439615 
      430.5000  -0.815960   0.386274  -0.429685 
      431.0000  -0.730232   0.298778  -0.431454 
      431.5000  -0.778070   0.340942  -0.437129 
      432.0000  -0.765296   0.331682  -0.433614 
      432.5000  -0.785239   0.375893  -0.409346 
      433.0000  -0.758319   0.344287  -0.414032 
      433.5000  -0.789800   0.374350  -0.415450 
      434.0000  -0.761288   0.326286  -0.435002 
      434.5000  -0.805785   0.383532  -0.422253 
      435.0000  -0.810257   0.394328  -0.415929 
      435.5000  -0.771206   0.358307  -0.412899 
      436.0000  -0.755157   0.325987  -0.429170 
      436.5000  -0.743893   0.327073  -0.416821 
      437.0000  -0.794294   0.382009  -0.412285 
      437.5000  -0.750478   0.332066  -0.418412 
      438.0000  -0.736708   0.317684  -0.419025 
      438.5000  -0.745962   0.339189  -0.406773 
      439.0000  -0.740112   0.332174  -0.407938 
      439.5000  -0.744098   0.335000  -0.409098 
      440.0000  -0.695477   0.286953  -0.408524 
      440.5000  -0.766149   0.358737  -0.407412 
      441.0000  -0.725676   0.317293  -0.408384 
      441.5000  -0.728408   0.318492  -0.409916 
      442.0000  -0.796027   0.380577  -0.415450 
      442.5000  -0.775915   0.364949  -0.410967 
      443.0000  -0.793397   0.378608  -0.414789 
      443.5000  -0.793302   0.363146  -0.430156 
      444.0000  -0.780454   0.339780  -0.440673 
      444.5000  -0.778383   0.324155  -0.454228 
      445.0000  -0.813511   0.346368  -0.467143 
      445.5000  -0.778415   0.314580  -0.463835 
      446.0000  -0.783242   0.325699  -0.457543 
      446.5000  -0.795254   0.327806  -0.467448 
      447.0000  -0.808096   0.332300  -0.475796 
      447.5000  -0.784094   0.314443  -0.469652 
      448.0000  -0.775897   0.302066  -0.473831 
      448.5000  -0.781503   0.311277  -0.470226 
      449.0000  -0.755048   0.294739  -0.460308 
      449.5000  -0.842363   0.383424  -0.458939 
      450.0000  -0.828834   0.360633  -0.468201 
      450.5000  -0.791819   0.326072  -0.465747 
      451.0000  -0.742082   0.279986  -0.462096 
      451.5000  -0.718596   0.256849  -0.461747 
      452.0000  -0.761102   0.282850  -0.478252 
      452.5000  -0.807180   0.331461  -0.475719 
      453.0000  -0.774486   0.309486  -0.465000 
      453.5000  -0.769900   0.299715  -0.470185 
      454.0000  -0.776070   0.320748  -0.455322 
      454.5000  -0.761840   0.289378  -0.472462 
      455.0000  -0.757421   0.288226  -0.469195 
      455.5000  -0.779586   0.323682  -0.455904 
      456.0000  -0.724869   0.290006  -0.434863 
      456.5000  -0.761821   0.339586  -0.422235 
      457.0000  -0.762634   0.332538  -0.430096 
      457.5000  -0.765565   0.332733  -0.432832 
      458.0000  -0.743177   0.309924  -0.433253 
      458.5000  -0.734925   0.307460  -0.427465 
      459.0000  -0.751690   0.321294  -0.430396 
      459.5000  -0.705102   0.278232  -0.426870 
      460.0000  -0.771726   0.344360  -0.427367 
      460.5000  -0.774735   0.347429  -0.427305 
      461.0000  -0.737081   0.319609  -0.417472 
      461.5000  -0.756437   0.344171  -0.412266 
      462.0000  -0.777835   0.364287  -0.413548 
      462.5000  -0.769577   0.356976  -0.412601 
      463.0000  -0.717692   0.307343  -0.410349 
      463.5000  -0.748760   0.328126  -0.420634 
      464.0000  -0.731571   0.306648  -0.424923 
      464.5000  -0.714553   0.296394  -0.418159 
      465.0000  -0.755857   0.326823  -0.429034 
      465.5000  -0.742865   0.324920  -0.417945 
      466.0000  -0.744153   0.314300  -0.429854 
      466.5000  -0.771955   0.337725  -0.434231 
      467.0000  -0.730847   0.281343  -0.449505 
      467.5000  -0.812155   0.359578  -0.452576 
      468.0000  -0.782683   0.341285  -0.441398 
      468.5000  -0.751537   0.325634  -0.425903 
      469.0000  -0.735363   0.306036  -0.429327 
      469.5000  -0.737315   0.312749  -0.424566 
      470.0000  -0.753322   0.313694  -0.439628 
      470.5000  -0.775490   0.333504  -0.441986 
      471.0000  -0.781966   0.346008  -0.435958 
      471.5000  -0.777817   0.337634  -0.440183 
      472.0000  -0.793472   0.367993  -0.425479 
      472.5000  -0.763138   0.342130  -0.421008 
      473.0000  -0.743757   0.311477  -0.432281 
      473.5000  -0.766795   0.331961  -0.434834 
      474.0000  -0.763581   0.341481  -0.422101 
      474.5000  -0.757560   0.343931  -0.413629 
      475.0000  -0.737240   0.322729  -0.414511 
      475.5000  -0.769410   0.351327  -0.418083 
      476.0000  -0.753233   0.319341  -0.433893 
      476.5000  -0.775403   0.346862  -0.428540 
      477.0000  -0.744188   0.317268  -0.426920 
      477.5000  -0.728316   0.310632  -0.417684 
      478.0000  -0.725742   0.300368  -0.425373 
      478.5000  -0.716401   0.292736  -0.423665 
      479.0000  -0.761086   0.346667  -0.414419 
      479.5000  -0.719287   0.295953  -0.423334 
      480.0000  -0.710931   0.288550  -0.422381 
      480.5000  -0.730051   0.310410  -0.419641 
      481.0000  -0.712766   0.286864  -0.425902 
      481.5000  -0.693916   0.274273  -0.419643 
      482.0000  -0.700108   0.287478  -0.412630 
      482.5000  -0.729013   0.321438  -0.407575 
      483.0000  -0.787006   0.379209  -0.407797 
      483.5000  -0.722234   0.307333  -0.414901 
      484.0000  -0.770445   0.367361  -0.403084 
      484.5000  -0.759488   0.359256  -0.400232 
      485.0000  -0.742123   0.357773  -0.384350 
      485.5000  -0.709643   0.322937  -0.386705 
      486.0000  -0.748043   0.372317  -0.375726 
      486.5000  -0.755763   0.366983  -0.388781 
      487.0000  -0.730378   0.342527  -0.387851 
      487.5000  -0.689699   0.298301  -0.391398 
      488.0000  -0.717728   0.317640  -0.400087 
      488.5000  -0.778814   0.364923  -0.413891 
      489.0000  -0.757755   0.335367  -0.422388 
      489.5000  -0.751099   0.322733  -0.428366 
      490.0000  -0.764771   0.335707  -0.429064 
      490.5000  -0.753122   0.323058  -0.430063 
      491.0000  -0.768562   0.332705  -0.435857 
      491.5000  -0.755034   0.313642  -0.441391 
      492.0000  -0.776077   0.329230  -0.446847 
      492.5000  -0.762637   0.318981  -0.443656 
      493.0000  -0.783550   0.338424  -0.445126 
      493.5000  -0.747222   0.295866  -0.451356 
      494.0000  -0.766581   0.317951  -0.448630 
      494.5000  -0.743845   0.294108  -0.449737 
      495.0000  -0.755095   0.301428  -0.453667 
      495.5000  -0.734706   0.275095  -0.459610 
      496.0000  -0.795784   0.337696  -0.458088 
      496.5000  -0.749613   0.280789  -0.468824 
      497.0000  -0.770607   0.297875  -0.472732 
      497.5000  -0.764899   0.288571  -0.476329 
      498.0000  -0.779801   0.307552  -0.472249 
      498.5000  -0.813120   0.336885  -0.476235 
      499.0000  -0.793197   0.305273  -0.487925 
      499.5000  -0.765450   0.284376  -0.481074 
      500.0000  -0.770925   0.289763  -0.481162 
