t = 0
b =  30.0 30.0 30.0
E = 0. 0. 0.
2.704479343233576 29.411235819844403 26.572949130752477 -0.6566740076571567 0.7106782129541279 0.25241974031326414 0.7490040421645214 0.5754337950419806 0.32843399998293676 0.0 0.0 0.0 0.0 0.0 0.0
2.9525856327852846 29.858914220131766 26.409509780780105 -0.5836279002796895 0.33835207729858047 0.7381709461925849 0.7490040421645214 0.5754337950419806 0.32843399998293676 0.0 0.0 0.0 0.0 0.0 0.0
3.0676539241043597 30.383719987085602 26.41433652121891 -0.28885179584783355 -0.16251966946775806 0.9434786680532697 0.7490040421645214 0.5754337950419806 0.32843399998293676 0.0 0.0 0.0 0.0 0.0 0.0
3.1168784394711864 30.871479390270576 26.63422925372706 0.1156639351711029 -0.601647476619323 0.7903430697983855 0.7490040421645214 0.5754337950419806 0.32843399998293676 0.0 0.0 0.0 0.0 0.0 0.0
3.192468552499637 31.222093232229312 27.03428071386393 0.4762370034206663 -0.8121993483938221 0.33694292549563126 0.7490040421645214 0.5754337950419806 0.32843399998293676 0.0 0.0 0.0 0.0 0.0 0.0
3.376616905442647 31.387566207165783 27.511138324469453 0.6558796718126304 -0.7141831084645536 -0.24446746958821197 0.7490040421645214 0.5754337950419806 0.32843399998293676 0.0 0.0 0.0 0.0 0.0 0.0
3.7102730502126295 31.39024112005596 27.932269567690163 0.5863426871596406 -0.34483676512478756 -0.7330005856973671 0.7490040421645214 0.5754337950419806 0.32843399998293676 0.0 0.0 0.0 0.0 0.0 0.0
4.177586028969951 31.314310481485634 28.186313304337265 0.2940443125277524 0.15551883064914435 -0.9430545241838371 0.7490040421645214 0.5754337950419806 0.32843399998293676 0.0 0.0 0.0 0.0 0.0 0.0
4.711926418020091 31.27383036525519 28.225387732523405 -0.10996641259216677 0.5967902225232771 -0.7948262819020429 0.7490040421645214 0.5754337950419806 0.32843399998293676 0.0 0.0 0.0 0.0 0.0 0.0
5.221199959859748 31.36938859902696 28.08328148474073 -0.4721990590279484 0.8113310310603896 -0.34463024633889 0.7490040421645214 0.5754337950419806 0.32843399998293676 0.0 0.0 0.0 0.0 0.0 0.0
5.6228357113362195 31.649889766857502 27.8626167614613 -0.6550353881917544 0.7176336161661971 0.2364965817188564 0.7490040421645214 0.5754337950419806 0.32843399998293676 0.0 0.0 0.0 0.0 0.0 0.0
5.875156125463663 32.09397554007351 27.69586144142606 -0.5890128217738468 0.3512951922962403 0.7277744043696213 0.7490040421645214 0.5754337950419806 0.32843399998293676 0.0 0.0 0.0 0.0 0.0 0.0
5.993211048334444 32.61813906342696 27.695002319766328 -0.29921443659483393 -0.14850614846946142 0.9425585630612038 0.7490040421645214 0.5754337950419806 0.32843399998293676 0.0 0.0 0.0 0.0 0.0 0.0
6.043060030968636 33.108450605564045 27.908999452214044 0.10426051564515898 -0.5918875205412193 0.7992489649070382 0.7490040421645214 0.5754337950419806 0.32843399998293676 0.0 0.0 0.0 0.0 0.0 0.0
6.116675201424704 33.46384136876999 28.305185411360725 0.4681251548486921 -0.8104009277277466 0.3522913222545996 0.7490040421645214 0.5754337950419806 0.32843399998293676 0.0 0.0 0.0 0.0 0.0 0.0
6.296999515658111 33.6345012150011 28.781676188500203 0.6541412210899945 -0.7210294732895386 -0.22850768371916935 0.7490040421645214 0.5754337950419806 0.32843399998293676 0.0 0.0 0.0 0.0 0.0 0.0
6.626435341821565 33.64080237010863 29.206078631945896 0.5916381007812185 -0.35772686697870565 -0.7224928002032898 0.7490040421645214 0.5754337950419806 0.32843399998293676 0.0 0.0 0.0 0.0 0.0 0.0
7.090735091674017 33.565559674632475 29.465788818851976 0.3043617743241121 0.14148215697160696 -0.9419908224547298 0.7490040421645214 0.5754337950419806 0.32843399998293676 0.0 0.0 0.0 0.0 0.0 0.0
7.624414117560407 33.52256784128974 29.51077216813972 -0.09854667885622465 0.5869397440328857 -0.8036107820089381 0.7490040421645214 0.5754337950419806 0.32843399998293676 0.0 0.0 0.0 0.0 0.0 0.0
8.135629424900745 33.613368941067385 29.372572414382876 -0.4640156011264747 0.8094091092268616 -0.3599255698221687 0.7490040421645214 0.5754337950419806 0.32843399998293676 0.0 0.0 0.0 0.0 0.0 0.0
8.541072361364032 33.888674872761385 29.152327615659996 -0.6531972386016389 0.7243704212269091 0.22050138397466307 0.7490040421645214 0.5754337950419806 0.32843399998293676 0.0 0.0 0.0 0.0 0.0 0.0
8.797618966735197 34.32910106476641 28.98234611435222 -0.5942183242565966 0.36413129937525385 0.7171561754129775 0.7490040421645214 0.5754337950419806 0.32843399998293676 0.0 0.0 0.0 0.0 0.0 0.0
8.918713486394962 34.852530997921434 28.97584038579519 -0.3094859337258921 -0.13444739105972944 0.9413513456000594 0.7490040421645214 0.5754337950419806 0.32843399998293676 0.0 0.0 0.0 0.0 0.0 0.0
8.969260677723923 35.345313644053995 29.183915726087356 0.09282533735615522 -0.5819472697906152 0.8079114010384816 0.7490040421645214 0.5754337950419806 0.32843399998293676 0.0 0.0 0.0 0.0 0.0 0.0
9.040967407623974 35.70544139172679 29.57615449566721 0.45987071081972075 -0.8083556510885549 0.3675324076640867 0.7490040421645214 0.5754337950419806 0.32843399998293676 0.0 0.0 0.0 0.0 0.0 0.0
9.217501680525231 35.881304443299 30.052172289138518 0.6522035126146064 -0.7276562055521899 -0.2124782921960619 0.7490040421645214 0.5754337950419806 0.32843399998293676 0.0 0.0 0.0 0.0 0.0 0.0
9.5427057646486 35.891298239919855 30.47975564921809 0.5967532957059715 -0.37050800176356374 -0.7117649364033249 0.7490040421645214 0.5754337950419806 0.32843399998293676 0.0 0.0 0.0 0.0 0.0 0.0
