mysystem:

<base.System object at 0x10fd8be50>
mystdout :  NULL pointer!
#id1 id2 FENE BEXC STCK NEXC HB CRSTCK CXSTCK total, t = 100
0 1 3.97035e-07 0 -0.750705 0 0 0 0 -0.750704
1 2 0.00109932 0 -1.30949 0 0 0 0 -1.30839
2 3 0.160685 0 -1.39593 0 0 0 0 -1.23524
3 4 0.297168 0 -1.26999 0 0 0 0 -0.972822
4 5 0.112145 0 -1.40724 0 0 0 0 -1.29509
5 6 0.0877036 0 -0.980766 0 0 0 0 -0.893062
6 7 0.427649 0 -1.24641 0 0 0 0 -0.818761
7 8 0.157884 0 -1.18613 0 0 0 0 -1.02825
8 9 0.00161491 0 -1.35861 0 0 0 0 -1.35699
9 10 0.261949 0 -1.33041 0 0 0 0 -1.06846
10 11 0.20326 0 -1.39561 0 0 0 0 -1.19235
11 12 0.445667 0 -1.03341 0 0 0 0 -0.587745
12 13 0.179725 0 -1.36653 0 0 0 0 -1.1868
13 14 0.0793986 0 -1.3472 0 0 0 0 -1.2678
14 15 0.156347 0 -1.32969 0 0 0 0 -1.17334
15 16 0.237286 0 -1.28772 0 0 0 0 -1.05043
16 17 0.198615 0 -1.32583 0 0 0 0 -1.12722
17 18 0.1119 0.0486789 -1.03697 0 0 0 0 -0.876387
18 19 0.0309864 0 -1.27466 0 0 0 0 -1.24367
19 20 0.0265786 0 -1.25003 0 0 0 0 -1.22345
20 21 0.00431045 0 -1.34535 0 0 0 0 -1.34104
21 22 0.221484 0 -1.20542 0 0 0 0 -0.98394
22 23 0.661012 0 -0.812352 0 0 0 0 -0.15134
23 24 0.0178575 0 -0.896331 0 0 0 0 -0.878474
24 25 0.0206038 0 -1.19799 0 0 0 0 -1.17739
25 26 0.156856 0 -1.34973 0 0 0 0 -1.19287
#Total energy per particle is  -1.01415 and should be -1.0141510

