t = 100
b = 30 30 30
E = -0.850116557659081 -1.03703107770854 0.186914520049456
2.46923187316041 13.9250319852237 7.97463785667194 -0.425129784555117 0.296531944956941 0.8551803053423 0.884672213248743 0.335880863403266 0.323324920129882 -0.316547828090567 0.20108465203726 0.311528621465801 0.0470045096583513 -0.0438551999795305 -0.302979171358436
2.8433702437239 14.1851124173154 8.19371290084918 -0.483473251472986 -0.350486356487662 0.802130170997645 0.818548407087703 0.143721878964011 0.556167607898759 0.00595780586703742 0.382171619518177 -0.106860312227493 0.0508588241215815 0.374246513451093 -0.250355516263475
3.16163319110614 14.3281061843209 8.54782490366757 -0.286496820757461 -0.868887348517278 0.403675894867491 0.850324040533244 -0.0364692075105542 0.524994194673722 -0.0622406728096536 0.123138282250291 0.427028582021789 0.480045871626884 0.316654172431623 -0.35748381055206
3.43198537422087 14.3354127745126 8.98557328086386 0.191965015169686 -0.972081225053872 -0.134934822393054 0.877821815600599 0.108593782274685 0.46651488091952 0.0791774142249048 -0.615836417366954 0.122854389762358 0.51630643574318 0.213532562677812 0.26344156363867
3.77951061760047 14.3104519442428 9.31457010623608 0.263282302701072 -0.786361876277075 -0.558853567730285 0.926845011546667 0.0454591915754192 0.372681726494853 -0.175814619021353 -0.277356227581424 -0.590219025854844 0.49830375370415 0.46557827375559 -0.123051488789121
4.15754322195525 14.1542549628498 9.56362385372685 0.321227315912351 -0.318836757674437 -0.891715210129266 0.929096570767711 -0.0761346630735556 0.361915687078007 0.096201269659958 -0.250195749778916 -0.20986313843753 0.495707212417296 0.168179213631799 -0.300562589897867
4.55863379601427 13.9135542279752 9.67022154151279 0.384971050261464 0.419420207578497 -0.822121560813502 0.882332499958507 0.0940306076484435 0.461137165330049 0.193612181913439 0.0853192778960047 -0.258332641352159 0.311315534024295 -0.214603653030958 0.184894305723577
5.01579224991315 13.9099788155821 9.80684431827578 0.0062740150557928 0.753498562291749 -0.65741952891884 0.911732667854178 0.265726160001799 0.313261920989498 0.0309270247405511 0.365544430629365 0.327171232435113 0.257822410350079 0.226850396941055 -0.437039450987856
5.47024076087966 13.9295450045201 9.66581509361762 -0.206458255230665 0.978223932441991 -0.0212792874583847 0.965300776720157 0.207188550375713 0.158956596262521 0.238321632433661 0.402775293929952 0.583747046381873 0.509793739765103 0.389370821690854 0.177294213291997
5.86471708975942 14.2139964600007 9.4583973964815 -0.245829036631401 0.693849633796497 0.676860880757265 0.957144246671202 0.284059428997248 0.0564359914657752 0.0218455050312857 0.470394023216355 0.543675440622392 0.695734827370021 0.0882015285562526 0.251126651295466
6.17733422607821 14.6543937688424 9.40292036415416 -0.0283371362798961 0.0470887931493984 0.998488627001276 0.898606950323102 0.43872803230484 0.00481203880396465 -0.227858286093367 0.485624141126591 0.128251876262293 0.505064412762955 -0.433729883950336 0.532420248276829
6.58311251986366 14.8932418553197 9.5136679446435 -0.12444377675751 -0.371022415387711 0.920247789727443 0.924126851317017 0.294331435132342 0.2436358968709 0.319607843521313 -0.0445050514847545 -0.0128325976083366 0.439264962865046 -0.0432218235078232 0.197068916023282
6.96374301325031 15.1751111602273 9.7356069096159 -0.200916079050167 -0.850634186545572 0.485853980969242 0.791238625599295 0.151497228133846 0.59244401820024 0.320462053302947 -0.123806767102626 -0.298464317376336 0.222052175454308 0.196023477020277 -0.334494871212453
7.12590777615073 15.373358393229 10.1668785580131 0.136515353360212 -0.98813208469964 -0.0704160655717191 0.812328027092262 0.0709761445715837 0.578865661140752 0.120017438105917 0.182091822742052 0.29656500946745 0.62461452837265 -0.0901874821866088 -0.268362680931593
7.38650697609462 15.1957421753727 10.5280920395963 0.330526310882456 -0.753030331823582 -0.568944248611215 0.89485973564873 0.0584501794117876 0.442503688707404 0.0490862542217443 -0.0235382653238286 -0.310238552230721 0.776277684294942 0.0173999013061949 -0.055484860942774
7.69201559779147 15.0183412089479 10.8285359552163 0.381783851879248 -0.244387127121917 -0.891356215832132 0.921859297782831 0.0313450906667395 0.386254844093455 0.243552006626344 -0.196039506209968 -0.0452946248138499 0.374262776564358 0.363394588979327 0.271145281522223
8.1848721703538 14.9073479418704 10.9273255860131 0.134895060751871 0.215586419076672 -0.967122382151646 0.977505169602993 0.13075360528101 0.16549024352846 0.192439202360622 0.496239522299944 -0.198655210639048 0.587896514482896 0.238949182230611 -0.359634069111336
8.58473798130803 14.7346717875232 10.7978967735273 0.0442966528927243 0.841150493150631 -0.538983798677062 0.995323389447758 0.0092002248673027 0.0961592313841828 0.261287454135587 0.250820747970631 -0.0987003394725611 0.527317671599932 -0.233476673650132 -0.0438813858154908
9.04626335657461 14.6765987812997 10.7458344336088 -0.228340515594274 0.970658917877333 -0.0753774221526124 0.954665992677945 0.238419547931004 0.17823817011824 -0.135060123408668 0.302777122089296 -0.074489031160031 0.573004425264552 0.0553516663638126 -0.153298466019819
9.39255722466585 14.9256152600577 10.5814856278625 -0.373198545977853 0.737326633289349 0.563091610588135 0.92440570160739 0.347027600587835 0.158258744694767 -0.131140234755943 0.593020259288637 -0.140539348352646 0.260935806258502 -0.0538952524778997 -0.0829149389575643
9.79922165810146 15.1727459588065 10.5426023355785 -0.514032628193628 0.243841699832101 0.822381641215255 0.855819078120669 0.210428463005787 0.472539361639734 0.130490476121401 0.0956974459401377 -0.226842352405393 0.512012380888204 0.225007268552293 -0.101304745321056
10.0933250482092 15.5080129948819 10.7539695711115 -0.315553424539674 -0.439486669996898 0.840997850277477 0.826023012345551 0.308978740655106 0.471400048252416 -0.0514936654075441 0.0132511262547844 -0.113371132842468 0.37970211496272 0.235710188487915 0.0861625052980931
10.3490822793587 15.8444384350026 10.9871986416646 -0.0250701515852689 -0.901338191986432 0.432389677810957 0.780683246942177 0.252512263730713 0.571638971967722 -0.130465953800092 -0.139212116006191 0.208114662293089 0.448467036161059 -0.167110148806967 0.0419237183282752
10.5518449219386 15.9518457331961 11.4138780055658 0.346069180257665 -0.903837809027664 -0.251621197781724 0.83368444643813 0.173228348521085 0.524368257364476 -0.250869561780114 -0.436920990703873 0.171815283037673 0.505078130211469 -0.122141639244693 0.768010022607078
