mysystem:

<base.System object at 0x111ea8e50>
mystdout :  NULL pointer!
#id1 id2 FENE BEXC STCK NEXC HB CRSTCK CXSTCK total, t = 100
0 1 1.60139 0 0 0 0 0 0 1.60139
1 2 0.124473 0 0 0 0 0 0 0.124473
2 3 0.176743 0 -0 0 0 0 0 0.176743
3 4 0.0120985 0 -0.848778 0 0 0 0 -0.836679
4 5 0.00391655 0 -1.14692 0 0 0 0 -1.143
5 6 0.39438 0 -0.9885 0 0 0 0 -0.59412
6 7 0.211111 0 -1.05953 0 0 0 0 -0.848414
7 8 0.0425844 0 -1.03994 0 0 0 0 -0.997353
8 9 0.221642 0 -1.33088 0 0 0 0 -1.10924
9 10 0.313903 0 -1.36301 0 0 0 0 -1.04911
10 11 0.00102859 0 -1.20581 0 0 0 0 -1.20478
11 12 0.00236347 0 -1.26233 0 0 0 0 -1.25996
12 13 0.0342077 0 -1.02286 0 0 0 0 -0.988648
13 14 0.158822 0 -1.20422 0 0 0 0 -1.0454
14 15 0.245143 0 -1.26124 0 0 0 0 -1.0161
15 16 0.25158 0 -1.07246 0 0 0 0 -0.820881
16 17 0.183996 0 -1.43686 0 0 0 0 -1.25286
17 18 0.028114 0 -1.25735 0 0 0 0 -1.22924
18 19 0.0353912 0 -1.21562 0 0 0 0 -1.18022
19 20 0.197577 0 -1.08544 0 0 0 0 -0.887867
20 21 0.134419 0 -1.2219 0 0 0 0 -1.08748
21 22 0.0554123 0 -1.14695 0 0 0 0 -1.09154
22 23 0.10323 0 -1.33135 0 0 0 0 -1.22812
23 24 0.326799 0 -1.22257 0 0 0 0 -0.895773
24 25 0.115867 0 -1.13221 0 0 0 0 -1.01634
25 26 0.0117958 0 -1.20243 0 0 0 0 -1.19063
27 28 0.0092176 0 -1.29487 0 0 0 0 -1.28566
28 29 0.0147702 0 -1.02649 0 0 0 0 -1.01172
29 30 0.07665 0 -1.20008 0 0 0 0 -1.12343
30 31 0.0193236 0 -1.14061 0 0 0 0 -1.12129
31 32 0.163078 0 -1.15788 0 0 0 0 -0.994806
32 33 0.225062 0 -1.16728 0 0 0 0 -0.942216
33 34 0.553634 0 -1.24748 0 0 0 0 -0.693845
34 35 0.123577 0 -1.11824 0 0 0 0 -0.994665
35 36 0.134833 0 -1.30627 0 0 0 0 -1.17144
36 37 0.0862449 0 -1.25702 0 0 0 0 -1.17077
37 38 0.0234088 0 -7.81985e-05 0 0 0 0 0.0233306
38 39 2.05879 0 0 0 0 0 0 2.05879
39 40 2.1737 0 0 0 0 0 0 2.1737
40 41 0.00542892 0 -1.3415 0 0 0 0 -1.33607
41 42 0.103929 0 -1.39319 0 0 0 0 -1.28926
42 43 0.0860673 0 -0.922344 0 0 0 0 -0.836277
43 44 0.0405279 0 -1.38812 0 0 0 0 -1.34759
44 45 0.0959315 0 -1.21171 0 0 0 0 -1.11578
45 46 0.133936 0 -1.3629 0 0 0 0 -1.22897
46 47 0.563036 0 -1.17426 0 0 0 0 -0.611229
47 48 0.103509 0 -1.36559 0 0 0 0 -1.26208
48 49 0.839387 0 -1.01331 0 0 0 0 -0.173918
49 50 0.215448 0 -1.3674 0 0 0 0 -1.15195
50 51 0.414808 0 -1.41399 0 0 0 0 -0.999182
51 52 0.276847 0 -1.40971 0 0 0 0 -1.13287
52 53 0.00603412 0 -1.14862 0 0 0 0 -1.14258
#Total energy per particle is  -0.776906 and should be -0.77690610

