t = 0
b =  30.0 30.0 30.0
E = 0. 0. 0.
15.459623955708846 -0.0969936582998337 7.902897578712186 -0.5714584596478447 0.43835832790745544 0.6937414541823865 0.7957200236445635 0.5027025793204036 0.33781616408293536 0.0 0.0 0.0 0.0 0.0 0.0
15.634036807481749 0.41103676101252745 7.889845670495012 -0.3452430321025754 -0.0818010499509918 0.9349416222479001 0.7957200236445635 0.5027025793204036 0.33781616408293536 0.0 0.0 0.0 0.0 0.0 0.0
15.729751499223784 0.9004206284146863 8.089913734487228 0.012135995494143015 -0.5708828412924353 0.820941836631099 0.7957200236445635 0.5027025793204036 0.33781616408293536 0.0 0.0 0.0 0.0 0.0 0.0
15.828232591520567 1.2596717341813803 8.477115515970473 0.36490435549961203 -0.8430766965747708 0.39505252186258005 0.7957200236445635 0.5027025793204036 0.33781616408293536 0.0 0.0 0.0 0.0 0.0 0.0
16.009893643135218 1.4267434804364094 8.954369532242639 0.5790394499753002 -0.7949716193376648 -0.18092385088747293 0.7957200236445635 0.5027025793204036 0.33781616408293536 0.0 0.0 0.0 0.0 0.0 0.0
16.323546755591238 1.4126014210496003 9.39038195101223 0.5731877763820351 -0.444843532697495 -0.6881642277998985 0.7957200236445635 0.5027025793204036 0.33781616408293536 0.0 0.0 0.0 0.0 0.0 0.0
16.767858039708926 1.2970572643873755 9.669527312401714 0.34957248335266333 0.07428804940170083 -0.9339595090788155 0.7957200236445635 0.5027025793204036 0.33781616408293536 0.0 0.0 0.0 0.0 0.0 0.0
17.291854382406164 1.1984470709237454 9.735776574309606 -0.006851240642630985 0.5651963595032391 -0.8249279578884097 0.7957200236445635 0.5027025793204036 0.33781616408293536 0.0 0.0 0.0 0.0 0.0 0.0
17.814288984583342 1.2286734053928072 9.613983482260439 -0.36067206377115485 0.8413771230502904 -0.40249248343624033 0.7957200236445635 0.5027025793204036 0.33781616408293536 0.0 0.0 0.0 0.0 0.0 0.0
18.25450837847532 1.4506916815351518 9.400442215947537 -0.5774675397576832 0.7979046504752041 0.17285661478882075 0.7957200236445635 0.5027025793204036 0.33781616408293536 0.0 0.0 0.0 0.0 0.0 0.0
18.563094028509497 1.8545923478594246 9.226303620414686 -0.5748734426478684 0.4512948609302371 0.682534595047127 0.7957200236445635 0.5027025793204036 0.33781616408293536 0.0 0.0 0.0 0.0 0.0 0.0
18.74063725920367 2.3613656919327584 9.207748807298813 -0.35387531330472 -0.06676939152983086 0.9329062712771429 0.7957200236445635 0.5027025793204036 0.33781616408293536 0.0 0.0 0.0 0.0 0.0 0.0
18.837514601095332 2.8529189511059654 9.401850008074499 0.0015659640426174959 -0.5594668358230208 0.8288512576878881 0.7957200236445635 0.5027025793204036 0.33781616408293536 0.0 0.0 0.0 0.0 0.0 0.0
18.93474890453978 3.2169417274496657 9.784887879119983 0.3564123054686419 -0.8396134754003663 0.4099017936489733 0.7957200236445635 0.5027025793204036 0.33781616408293536 0.0 0.0 0.0 0.0 0.0 0.0
19.113227404230333 3.389574585657377 10.261362876925329 0.5758516531511562 -0.8007769180843968 -0.16477621498971118 0.7957200236445635 0.5027025793204036 0.33781616408293536 0.0 0.0 0.0 0.0 0.0 0.0
19.422971306375892 3.3796703201912686 10.700277131339078 0.5765153300753302 -0.45771182131206084 -0.676852984642403 0.7957200236445635 0.5027025793204036 0.33781616408293536 0.0 0.0 0.0 0.0 0.0 0.0
19.864131896152205 3.2654306306551524 10.984902726606382 0.3581511942815837 0.059245648910287135 -0.9317819890510194 0.7957200236445635 0.5027025793204036 0.33781616408293536 0.0 0.0 0.0 0.0 0.0 0.0
20.386933061934243 3.1646959886523036 11.057128588150945 0.003719431811619933 0.5536947065771901 -0.832711437255066 0.7957200236445635 0.5027025793204036 0.33781616408293536 0.0 0.0 0.0 0.0 0.0 0.0
20.910582072314778 3.190176072435754 10.939537851371913 -0.352125404989162 0.8377858879335943 -0.41727988825312107 0.7957200236445635 0.5027025793204036 0.33781616408293536 0.0 0.0 0.0 0.0 0.0 0.0
21.353964085548387 3.4066294757346376 10.726828150935852 -0.5741919132117421 0.8035882034309431 0.15668326684387274 0.7957200236445635 0.5027025793204036 0.33781616408293536 0.0 0.0 0.0 0.0 0.0 0.0
21.66645903409841 3.806260835290544 10.549834406106896 -0.5781133136283376 0.46409392516658793 0.6711198292623552 0.7957200236445635 0.5027025793204036 0.33781616408293536 0.0 0.0 0.0 0.0 0.0 0.0
21.84717303461649 4.31168241969091 10.525822447475111 -0.3623998006583649 -0.05171739450520044 0.9305867480188887 0.7957200236445635 0.5027025793204036 0.33781616408293536 0.0 0.0 0.0 0.0 0.0 0.0
21.94527798917157 4.805315022386525 10.713937767335185 -0.009004544416725213 -0.5478804113357378 0.8365082026223233 0.7957200236445635 0.5027025793204036 0.33781616408293536 0.0 0.0 0.0 0.0 0.0 0.0
22.041330357543526 5.174058268079078 11.092735158303785 0.3478116887967826 -0.8358944998278368 0.42462620537821333 0.7957200236445635 0.5027025793204036 0.33781616408293536 0.0 0.0 0.0 0.0 0.0 0.0
22.21666641132062 5.352259336234416 11.568326106149232 0.5724884463350621 -0.8063382924245803 -0.14857838666064055 0.7957200236445635 0.5027025793204036 0.33781616408293536 0.0 0.0 0.0 0.0 0.0 0.0
22.52250122445317 5.346655565260102 12.01004860608036 0.5796672716142548 -0.47044068647190124 -0.6653355655089634 0.7957200236445635 0.5027025793204036 0.33781616408293536 0.0 0.0 0.0 0.0 0.0 0.0
22.960471210389443 5.233814825002081 12.300107842918907 0.36662080888723736 0.04418520162028977 -0.9293206392029836 0.7957200236445635 0.5027025793204036 0.33781616408293536 0.0 0.0 0.0 0.0 0.0 0.0
15.735109213026565 2.5425116368088325 4.73369028145618 0.06817133963676719 -0.5190189811665906 0.8520398850059325 0.5309645451674598 0.7419079149162107 0.40944999396726517 0.0 0.0 0.0 0.0 0.0 0.0
15.652662548979103 2.92187018423694 5.105139796463322 0.5504995415449323 -0.6693363149442382 0.498938024463647 0.5309645451674598 0.7419079149162107 0.40944999396726517 0.0 0.0 0.0 0.0 0.0 0.0
15.695702272748303 3.1486534976128113 5.59032224984606 0.8236837637586638 -0.5653615919681587 -0.043718733371297946 0.5309645451674598 0.7419079149162107 0.40944999396726517 0.0 0.0 0.0 0.0 0.0 0.0
15.926500736383533 3.246562618310413 6.065539016581198 0.7839367528623388 -0.24659654786163002 -0.569766013460244 0.5309645451674598 0.7419079149162107 0.40944999396726517 0.0 0.0 0.0 0.0 0.0 0.0
16.33599760750034 3.288260048163785 6.410877602620361 0.446359062830055 0.1658546476519486 -0.8793496590558971 0.5309645451674598 0.7419079149162107 0.40944999396726517 0.0 0.0 0.0 0.0 0.0 0.0
16.847242041033965 3.3677640501680424 6.555768406208955 -0.06079789789692702 0.5152948895807178 -0.8548536672339366 0.5309645451674598 0.7419079149162107 0.40944999396726517 0.0 0.0 0.0 0.0 0.0 0.0
17.344627591828974 3.5647295384660014 6.505795289453564 -0.5448567207262205 0.6689659876866513 -0.5055844748386681 0.5309645451674598 0.7419079149162107 0.40944999396726517 0.0 0.0 0.0 0.0 0.0 0.0
17.717813035990506 3.914185844706177 6.3405741757504614 -0.821915365833042 0.5684857225555565 0.035764712469454674 0.5309645451674598 0.7419079149162107 0.40944999396726517 0.0 0.0 0.0 0.0 0.0 0.0
17.903642846648786 4.39322848929032 6.183505629380108 -0.7867146217677873 0.25202822685118204 0.5635262875563266 0.5309645451674598 0.7419079149162107 0.40944999396726517 0.0 0.0 0.0 0.0 0.0 0.0
17.910141034521093 4.92972097611527 6.1548929179896 -0.45262783972590265 -0.1601790059212031 0.8771948043434576 0.5309645451674598 0.7419079149162107 0.40944999396726517 0.0 0.0 0.0 0.0 0.0 0.0
17.813462692085924 5.429700653500442 6.3262367898501575 0.05341982616177332 -0.5115315562939584 0.8576023490454803 0.5309645451674598 0.7419079149162107 0.40944999396726517 0.0 0.0 0.0 0.0 0.0 0.0
17.728961400705185 5.8130766965330425 6.693071144160128 0.5391724069587269 -0.668544716079095 0.5121924229984803 0.5309645451674598 0.7419079149162107 0.40944999396726517 0.0 0.0 0.0 0.0 0.0 0.0
17.767364476455775 6.0440579504996235 7.1766597774087595 0.8200843758701375 -0.5715665607541995 -0.027807967946288203 0.5309645451674598 0.7419079149162107 0.40944999396726517 0.0 0.0 0.0 0.0 0.0 0.0
17.992705811489955 6.144750588957918 7.653909583489056 0.789432579308899 -0.257440712915492 -0.557243646943831 0.5309645451674598 0.7419079149162107 0.40944999396726517 0.0 0.0 0.0 0.0 0.0 0.0
18.397998327817128 6.186759608806742 8.004135682714809 0.45886214725933555 0.1544911659389989 -0.8749731478504693 0.5309645451674598 0.7419079149162107 0.40944999396726517 0.0 0.0 0.0 0.0 0.0 0.0
18.907888485050186 6.263984894792432 8.154911625356979 -0.04603768630003374 0.5077292678987128 -0.8602857211178013 0.5309645451674598 0.7419079149162107 0.40944999396726517 0.0 0.0 0.0 0.0 0.0 0.0
19.407284350242573 6.456947083371358 8.109585410801417 -0.533447033124952 0.6680725322030338 -0.5187613657222473 0.5309645451674598 0.7419079149162107 0.40944999396726517 0.0 0.0 0.0 0.0 0.0 0.0
19.78508094744919 6.802196426686898 7.9460075266066195 -0.8181909333069242 0.574603871946332 0.019849105738699913 0.5309645451674598 0.7419079149162107 0.40944999396726517 0.0 0.0 0.0 0.0 0.0 0.0
19.976370895664083 7.278426740692541 7.786954246689511 -0.7920904185026832 0.2628335938727921 0.5509185700701643 0.5309645451674598 0.7419079149162107 0.40944999396726517 0.0 0.0 0.0 0.0 0.0 0.0
19.987103808058126 7.814569980691557 7.753482872154573 -0.46506151066369705 -0.14879156085637063 0.8726848587646763 0.5309645451674598 0.7419079149162107 0.40944999396726517 0.0 0.0 0.0 0.0 0.0 0.0
19.8918259344632 8.31679617971163 7.918940038634112 0.0386520404902409 -0.5038883139539618 0.8629035791017281 0.5309645451674598 0.7419079149162107 0.40944999396726517 0.0 0.0 0.0 0.0 0.0 0.0
19.80535879471421 8.70416102171103 8.28109610312119 0.5276810352342812 -0.6675494720170964 0.5252908027595489 0.5309645451674598 0.7419079149162107 0.40944999396726517 0.0 0.0 0.0 0.0 0.0 0.0
19.839176563550385 8.939357940559658 8.762992222625604 0.8162351823363853 -0.5775974248289455 -0.011888731944860065 0.5309645451674598 0.7419079149162107 0.40944999396726517 0.0 0.0 0.0 0.0 0.0 0.0
20.059055167883013 9.042891508244399 9.242178305309109 0.7946879369443967 -0.26820645903431617 -0.5445515386144185 0.5309645451674598 0.7419079149162107 0.40944999396726517 0.0 0.0 0.0 0.0 0.0 0.0
20.46008291244701 9.085287405153139 9.597233847631118 0.4712254578334635 0.1430806247203143 -0.8703301113481514 0.5309645451674598 0.7419079149162107 0.40944999396726517 0.0 0.0 0.0 0.0 0.0 0.0
20.96852651495127 9.160298534968913 9.753897613686341 -0.03126345117791657 0.5000089869632216 -0.865455723637239 0.5309645451674598 0.7419079149162107 0.40944999396726517 0.0 0.0 0.0 0.0 0.0 0.0
21.469843612775826 9.349286729095759 9.713280720306852 -0.5218748523897766 0.666975575354343 -0.5317802368684736 0.5309645451674598 0.7419079149162107 0.40944999396726517 0.0 0.0 0.0 0.0 0.0 0.0
