t = 100
b = 30 30 30
E = -0.564372804739229 -0.776905957970017 0.212533153230788
2.73453417097056 7.01989978195674 26.1733757226744 0.261036375068985 0.961139496225158 -0.0898374199554776 0.554049223190212 -0.0729619325746036 0.829280348510424 3.81336370614941 8.94715907879158 -5.38083728833187 -0.117446646941714 -1.17754260476259 -0.320132869960564
2.45099772007884 5.75049150044887 27.6154372022199 -0.346087415499333 0.913084898734973 0.215637078326836 0.844988047873416 0.203479321940058 0.494561674688557 -0.601606602979814 1.9764708324413 -0.639242059737486 0.341311964940713 -0.794252955518124 -0.236233690616704
3.10521928971593 5.36806372824906 28.1556865854975 -0.640476530081464 0.0926225049632597 0.762371816762276 0.726575348495796 0.394622746635542 0.562459806225858 0.932897493063391 0.0379094751841181 0.904445958476822 0.287476828126839 -0.137679327595602 1.1190748144427
2.93771514013243 6.04971440272347 27.9642040000866 -0.50654905076236 -0.186131522278477 0.841880631777797 0.698958023790291 0.483066869833943 0.52735563274734 -0.0391488165133459 0.349963501335336 0.17451226059023 0.460146773433223 -0.294069236756932 0.0729624612104094
3.26025839789613 6.36902029803846 28.3311259127977 -0.405276787658357 -0.639326722779675 0.653461512199155 0.449307473474507 0.483210523437123 0.751418839424894 0.0278230723837368 0.00564895066785618 0.0482708276680726 0.478351595301195 -0.364741075104945 -0.4144141298289
3.24278414750712 6.63468129263398 28.8334245613341 0.0473464270315238 -0.913661187660699 0.403709588034121 0.409831774115261 0.386346598522879 0.826301465528991 0.698021377534518 -0.316497641810247 0.236096081906918 0.593375791409462 -0.263841006308085 -0.0168800413391697
3.26783248184225 6.73836405763692 29.2071208152146 0.624989673079481 -0.777183209413828 -0.0733079056056966 0.530101806600192 0.353598247826554 0.770688157401914 0.683508006136212 0.226498842594056 0.844274553334879 0.496598701498 -0.356924422616849 0.268555231495537
3.5319765674319 6.83202623542127 29.6247100486497 0.59961890786757 -0.639419626742183 -0.481247952158763 0.632838657075254 0.0107527878634938 0.774208953881173 0.943411586789656 0.380299553920636 0.252897103367199 0.361641768700071 0.47924870320652 -0.579105607480895
3.6995218117298 6.5343482122055 29.9205624103299 0.782012950697857 0.12059743347818 -0.611483348205018 0.5923035578042 0.161568627200668 0.789349072342947 0.469314950966565 0.0982890779235042 -0.767069316761124 0.720027055807296 -0.381210393034538 -0.414797754047193
4.07421194356483 6.42090002404395 30.2393308817822 0.541355639837187 0.508753575162002 -0.669405525402309 0.675261191242655 0.211284404548047 0.706669021611633 0.30102338217367 0.160507261975338 0.226627101070351 0.491992529387942 -0.0622254409459586 -0.249779313837298
4.47394545496448 6.42332812318135 30.5162021979617 0.139064013331886 0.798475425264998 -0.585745755519197 0.6808270665489 0.352439592403346 0.642075323000852 -0.152927212509832 0.479968038734057 0.301053091140506 0.38851905713171 0.559399049837923 -0.282130877885414
4.94729604944098 6.55246844017892 30.5609580292703 -0.503242118711441 0.864093042213181 -0.00951135596250136 0.786709574063717 0.462673004107706 0.408682801097956 -0.283958961695839 0.143673149770137 0.365937034349203 0.423980537020102 0.0357345545343914 -0.334030845604064
5.2611331532373 6.90303438297952 30.4811153826111 -0.657083928057145 0.392257882342101 0.643719152783721 0.740553129224874 0.495395291139047 0.454053364937717 0.35401542564644 0.542020732083346 0.158502855753367 0.576532438482285 0.0301789046674908 0.538513337437691
5.40279866121374 7.31447100718213 30.712418740228 -0.610883610503758 -0.253496935239122 0.750040266834036 0.602949043392928 0.465006848508558 0.648244525632176 -0.159992994638083 0.123820745240353 -0.0383362276087351 0.33584642545218 -0.530258836924053 0.0421707128779938
5.63877830092908 7.57814820334521 31.1036031273825 -0.520868110005862 -0.63980238737412 0.565109899555332 0.508870152009448 0.298798522061418 0.807323041580814 0.272070740612897 -0.246337843843278 0.473420533183064 0.498402810356085 0.078596765884084 -0.32600011066379
5.58205462334448 7.85383666835998 31.4405724762055 0.0963212580131868 -0.913439350278307 0.395411999609788 0.54291202638576 0.381175267117407 0.748299291531881 -0.0816114413027199 -0.423676885347899 0.0115687653706227 0.550483983251949 -0.120102279988508 -0.0445036090980832
5.60397956092491 8.08537599671131 31.8744161840514 0.367321374080222 -0.929747740721765 0.025377778867685 0.533603106589185 0.233005210993573 0.813004416490274 0.0566650243855894 0.170183535580249 0.0265641658031923 0.47854336310316 0.152821889451371 -0.333557207978925
5.70879147599398 8.05649051307698 32.3326264417563 0.721997939372121 -0.569581116001326 -0.392805564102242 0.600343777245879 0.233488004317519 0.764899067678331 -0.199688015260515 0.257107116276492 -0.271527699026423 0.244533683795455 0.201218032155996 0.0522741811621053
5.93564828798477 7.93082360453719 32.6881812990251 0.672970043949226 0.302610130162761 -0.674935784797263 0.640804318040878 0.217223784783789 0.736331131871862 0.232973997340473 -0.199456675038814 -0.0124818552287894 0.43274924247648 -0.104577701799584 0.0308286887518869
6.40200471370176 7.83790991270012 32.82194378503 0.257610630082674 0.842498303098107 -0.473110200971079 0.790995317232784 0.0973342963392687 0.604030076879093 0.286528703986265 0.522461502449579 -0.502666004572243 0.720369332840344 0.136920415938657 0.68382548513771
6.88569974428946 7.87255887028048 32.8881442575322 -0.149515426858639 0.929908374905449 -0.336028916697935 0.835876454514683 0.300410132711285 0.459417235881255 0.0170281567009258 0.360463001463371 -0.433442983374529 0.691002365422844 -0.577985894068138 0.161401835365994
7.37385807085523 7.96302931735802 32.9569455094345 -0.530752103787526 0.837253611049286 0.131561682940672 0.712780311949955 0.356976047562438 0.603748466451867 -0.198516619126948 0.61094898199604 -0.258465759171583 0.359747987277077 -0.151165672858679 0.239346423243631
7.75366550084597 8.2241905292694 33.2265696506986 -0.856561822627343 0.450453234401941 0.25178087597942 0.473004468088852 0.490258826082313 0.732060747589202 -0.473525149399226 0.472106240363228 0.362517804451278 0.306980287898042 -0.0869466027342788 -0.503950080862077
7.97481800066102 8.62733943380453 33.4336241781054 -0.813330489700214 -0.135340406857107 0.565841293750905 0.417185778739949 0.542225250345432 0.729347442938548 -0.0814912307534387 0.125344506924831 0.128206806200343 0.634401572751777 0.344126480273342 -0.145132788883589
8.08227366435518 9.03776298504472 33.6189532142358 -0.322510101707502 -0.609586542969283 0.72414871519969 0.469254052093987 0.561438416479606 0.681606505475573 0.14829114236038 0.0304543414273214 -0.201209677537327 0.596820822069921 -0.0740704107504804 0.254417381066982
8.27097725907224 9.323670772709 34.0170147982641 -0.0637326638481548 -0.911641819570859 0.406013821295676 0.465478257720878 0.332719960401851 0.820138589248609 0.349879969007038 0.198019129815249 -0.103469159678692 0.184033969067544 0.0546431984027902 -0.254524812298094
8.30368104447298 9.4776205604697 34.5083082603835 0.512287147647525 -0.82835632247348 -0.226688253691541 0.626164745797095 0.179612443772744 0.758720609658166 0.342789457683363 0.0216823355173809 0.363886004428951 0.215439106157656 0.188925717453064 0.27679698850494
12.8307466438424 28.7466020356342 15.7428709422504 0.324933214239573 -0.157736790381832 0.932489896389145 0.363511544192448 0.931079353543498 0.0308298128659231 0.190911512412308 -0.404182600909935 0.400406634680471 -0.197362040256735 -0.184658138855781 -0.722375267428705
12.8362069352226 29.1973725718204 15.9871924781985 0.845164119581771 -0.438175171706108 0.306104577647572 0.370933889575103 0.893149870845568 0.254344724246893 0.151944681540107 -0.114129272357853 -0.240682264867534 -0.0433738082870232 0.0497599934649508 -0.286186877981681
13.1140486205986 29.4182585279134 16.3324313391218 0.86501112552571 -0.0982357693620476 -0.492042040180725 0.282031342203167 0.906261781024764 0.314877417035281 -0.101460177026171 -0.677255030178641 0.420534335122146 0.172865956173915 0.204560950162649 0.259416623445873
13.3692546596169 29.8462828200892 16.551535474079 0.520549584284294 -0.0992025878885336 -0.848048853394587 0.404408450880994 0.903399840601308 0.142556703382284 -0.22327380102271 0.673078855241917 -0.221136534465659 0.463596209684861 -0.0541081088299464 -0.0729825289318379
13.8295765310954 30.0481629521639 16.618548418975 -0.109887790135428 0.421817388675985 -0.89999702652309 0.57468611518577 0.765748877133509 0.288728964077125 0.341101072481633 -0.0626790053271405 -0.713950289763785 0.381034136965336 -0.22034106246755 0.224818016383363
14.2336980764859 30.2533840124055 16.6908174338444 -0.674852308169958 0.53563090809526 -0.507615780243211 0.466700874000759 0.842620103911024 0.268666216536658 -0.372392536570076 -0.0785898702776174 -0.34904605370697 0.195221681732953 -0.279466260899617 0.568379306028225
14.4181237613255 30.6913686651791 16.6803480989567 -0.950914230302875 0.256153591263839 -0.173629909700921 0.225956492201358 0.958107690462984 0.175992039308785 -0.329845628348857 -0.553812690507665 0.300939402236038 0.322881572913782 0.286763701367832 0.000868600667331607
14.5031755819418 31.0764093555334 16.5174668176744 -0.832368491899584 0.301552589396598 0.465003882569086 0.304860557255564 0.949803668693183 -0.0702347588021388 -0.635974540173692 -0.0731961215797464 0.244580390885625 0.535472147924556 0.0481610078223718 0.101946797789514
14.5054563483596 31.4560631972204 16.2308450796053 -0.398757512528578 0.13014855261371 0.907774025973909 0.251168715019868 0.967526989659253 -0.0283846275255121 -0.138491003668576 -0.358933975585245 -0.103642866246494 0.654360816754081 -0.444605638860939 0.113440557389684
14.4430727800626 31.9572658205833 16.1594295485747 0.0888632786038525 -0.124126128313033 0.988279263623821 0.187070258429513 0.976627919075883 0.105841910391492 -0.140155868163055 0.532394388092677 -0.134858090750793 0.364689179494651 -0.11741484275091 0.34368116523583
14.291841770983 32.4563411599381 16.3691679152441 0.743389966000361 -0.37874246872452 0.551294285595909 0.210676938885713 0.914866783639965 0.344432694029163 0.143587981543581 0.0397799826850642 0.776621420563052 0.304971691360845 -0.110448621097946 0.620944785484821
14.2597179920539 32.5393118805473 17.0987173937153 0.789389021041107 -0.44577241225172 0.422080344440504 0.254162948552018 0.863170388927918 0.436277392737778 0.247984630595329 -0.665814704918501 0.682980441789478 0.632371056471945 -0.134210585866162 -0.458760948338241
13.5667630519966 30.5228261745428 18.4186901467635 0.926015345458489 0.201758333801268 -0.319043940807998 -0.0128193406144041 0.861501886861667 0.507592403404737 -3.99808994732829 -10.6359222903166 4.39283498569395 0.38954148553565 -0.977672684647874 0.115372052656368
14.799184414251 33.3228876340266 17.4118537085489 0.575139245902545 0.0409558571709551 -0.817029587219677 0.470837057351382 0.800163803134153 0.371551127386254 0.0726473239459155 -0.12562439947314 -0.501837258698347 0.505844566955578 -0.135798247986562 -0.366939979378584
15.2575713292314 33.5305310351901 17.5867420281118 -0.00683151891183299 0.316955799678752 -0.948415643229756 0.512947896413298 0.815261644736668 0.26876158765438 0.193985375491306 0.106073608220343 0.201532084383906 0.467098464721602 -0.238512964822719 0.242418801933305
15.6417409162044 33.7797198479241 17.5541847443399 -0.617790991854458 0.527292939686303 -0.58334923528107 0.435138155754764 0.847158258182392 0.304922206169735 0.508537980449533 -0.347404500848969 -0.324949561151197 0.340357126771324 0.0816146359365992 0.401816062871824
15.8048781252125 34.2511094534619 17.5823291367402 -0.929426910353135 0.175095338924208 -0.324818598365046 0.181864128637479 0.983276162627763 0.00965971985884454 -0.386186834552293 -0.0477523250430769 0.51895137902623 0.103439323236527 0.311882787986839 -0.176169699718214
15.915513633172 34.6656412562286 17.3393383301421 -0.911774591604942 0.0954548739847611 0.39944379132119 0.116281053744079 0.99281668685266 0.0281714645013421 -0.423980873929672 0.425400641478586 0.0607049647471736 0.612476106657722 0.0891516943447832 -0.137605000732306
15.7909100793434 35.1347964368772 17.1768375830862 -0.561124372042943 -0.0473161681395442 0.826377940261252 0.2040724297343 0.959638636902546 0.193514890761788 -0.135632706788182 0.114779528211987 0.684256897818239 0.521653952813983 -0.313484457202474 0.0466896316226861
15.6630701579311 35.5938776219547 17.2287208625609 0.0403624133369902 -0.280584113572157 0.95898035017717 0.35098125511564 0.90258308943675 0.249310661651769 -0.585933513645929 -0.104809555003151 0.448182700599089 0.485675895246101 0.0387931527742725 0.125896755707115
15.6254269123057 35.9844015197098 17.3250711569986 0.561126667984018 -0.44204463905785 0.69980946022315 0.310371884563488 0.896135310995808 0.31719186544205 0.0760002759995858 0.413192514702041 0.501424683983965 0.151352392455031 0.183810890042 0.266060031134339
15.6821966169247 36.3697893038817 17.6427353279362 0.824187877497318 -0.534778462856076 0.186349722438776 0.424910900408821 0.801491078954552 0.420788144051509 0.108160261246504 -0.193517723191327 -0.261204247314387 0.3570939959973 0.0727354103102512 -0.0589947526739173
15.8083104220213 36.6513639553118 17.8257575883302 0.901148919584676 -0.276163888295472 -0.334161656256222 0.405128167440985 0.810809807350451 0.422443501597787 0.17948987447398 -0.177741203771305 -0.508589441299228 0.405848542574718 -0.0170126121413135 -0.21972223874501
16.082664255088 36.8922908041492 18.1109204582203 0.578118439482918 -0.0442379642074514 -0.814752694604209 0.479871130776794 0.826023795524291 0.295648899457364 0.265119235045252 0.17665521672478 -0.404466102961211 0.582670928268075 -0.061900054941346 -0.198306794126517
16.4505639320747 37.0792050008442 18.3089432977721 0.144167666186987 0.304542023691317 -0.941525210331632 0.52975059533271 0.779887763102379 0.333375568515017 -0.517277121254808 -0.315523757593636 0.595539107816456 0.563407833260275 -0.127938014517124 0.0903157223404988
16.8521445639791 37.2982066753006 18.4115387951975 -0.388511237729302 0.520951198081545 -0.760045228525871 0.500763305466554 0.811773577048344 0.300432443272127 0.01378699166963 -0.618887522899956 -0.109368061471911 -0.14508049744349 0.0448817742029248 0.032363445009707
17.1162447306605 37.7519348203024 18.368552073968 -0.932098750000384 0.305673323215572 -0.194308057060136 0.251583198109201 0.932312232489256 0.259806999610092 -0.219019767688543 0.105177418940939 -0.165802366189563 -0.242092438185023 -0.257924365143484 0.0962723810333821
