t = 100
b = 30 30 30
E = -0.692350385779755 -0.889034423684657 0.196684037904902
15.706454543901 27.7614418597929 16.0464404569674 -0.433190999107229 -0.479167114408743 0.763376916971376 0.125168226576195 0.806780912980736 0.577440348400574 1.75101971110493 0.987385121483298 0.0247212555819726 0.313994635486589 1.13262924690474 -0.310839441822828
15.2790033423419 27.9405805923057 16.3392567985089 0.354853255662989 -0.501658413783064 0.788934651119709 0.160000972592299 0.863987281740422 0.47741548949694 1.1504380953552 0.12565827844686 0.348576496134285 0.764512608023829 -0.13294216362044 -0.199969803302506
15.0599038101405 28.1747716769967 16.7613339350932 0.840990496143655 -0.42490573572583 0.334947731504394 0.172839573581571 0.797617650331577 0.577868888850373 0.521504455877496 0.129331953255284 0.152025826662806 0.635543998977833 -0.122660298621263 0.20194153771457
15.0110963734884 28.3848617040952 17.2220415990045 0.955503474033335 -0.186535864755045 -0.22851119032576 0.279959099490356 0.817511588120591 0.503286785263278 -0.0197802750771209 0.101436706609122 0.0815101219238431 0.66493286829386 -0.143521281595397 0.235680682909806
15.2532260218556 28.5443888581772 17.5974439571157 0.713772715920589 0.0573781049664924 -0.698023025575762 0.519036578438461 0.625823146280987 0.582190962103587 0.410386498892386 0.0965807704221108 0.0781564675902559 0.470986193277085 -0.207289975929208 0.0447598529235845
15.5393327894112 28.7117521861588 17.8968331518182 0.216621433497438 0.265743047172636 -0.939391115721608 0.560458727867556 0.754021902568767 0.342544704233033 0.341094350981286 -0.129171450296187 -0.175822439163979 0.622459752365901 -0.133762536911759 -0.112189964726493
15.899741492794 29.0526303226404 17.9012386768103 -0.31583538500296 0.335867984479403 -0.887378491818307 0.450564135844126 0.876163431266123 0.171258542210235 0.00780886416559754 0.394104791244392 -0.395975098802421 0.519562138718024 0.178277244303336 -0.10360414920033
16.246595109733 29.3515733476172 17.8431401607976 -0.78683831302349 0.493525233394507 -0.370564696136296 0.339380020013048 0.84750850853735 0.408105881819049 0.14000240590723 0.213880654364145 -0.314018567826724 0.626408706415251 -0.197586047117363 -0.0589440453007943
16.4503474471816 29.757145149362 17.7961150121389 -0.951504090388979 0.278772079860147 0.130099862931415 0.307624639948398 0.865816272719222 0.394625320506078 -0.40120247347881 -0.260161668012251 0.395992933362049 0.340157939536486 0.341529043480942 0.340489680606013
16.4827743146465 30.2600204523892 17.7013013374156 -0.716583729879163 -0.0891358477866692 0.691782075628219 0.155377613378721 0.946479942982967 0.282901750397956 -0.298662462780447 -0.0236281631656076 0.403033087579776 0.334851256625704 -0.390980530671959 -0.207635663095964
16.312201743284 30.6860468430705 17.716144543099 -0.07885530760504 -0.241233068649152 0.967258151005769 0.19513559590032 0.947774087126786 0.252282108824589 -0.119163266296678 -0.370340556615939 0.152693990599933 0.486371037376738 -0.290145778199966 0.57558023742063
16.3554086812305 31.1539232051808 17.9382328605522 0.272420839463413 -0.474936695843121 0.836792627976251 0.228255200688498 0.87675939047366 0.423311252010858 0.606588138776685 0.0483833671196268 0.221575964626282 0.392524560883214 -0.172858618466832 -0.243486195591017
16.257241597763 31.4535952047334 18.2368327056553 0.885665416281131 -0.271132005133804 0.376940431370782 0.125157331612661 0.921158320647104 0.368514412022749 0.90104401261918 -0.306651438809286 0.132859557129138 0.209028793275206 0.225568563042987 0.683811523941057
16.4620684036206 31.8207179881525 18.53525253239 0.933116347400824 -0.343173199898824 -0.107358829990075 0.351436244761646 0.807235643242053 0.474197283804948 0.789802965092971 0.15132225214255 -0.49468722790978 0.290525464349037 0.0505566082834911 -0.36173270369477
16.5097836149057 31.9346994680951 18.9774010712136 0.715794564911937 0.25183873911964 -0.651318104614154 0.259746090924099 0.769760901154927 0.583095195078617 0.915096868294767 -0.518385824876618 -0.496204397335562 0.317973555269649 -0.431864471281611 0.0755745031845296
16.7476348017085 32.1930577571612 19.285625368396 0.212512913516082 0.414684342896578 -0.884802259961784 0.412526483546601 0.782763837773192 0.465942655118029 0.523329071795849 -0.243911120059699 -0.484702882185291 0.380480578565899 -0.0601315642124292 -0.0442807722734632
17.0934272851988 32.44592351448 19.4412112904303 -0.314567349880652 0.516222246084021 -0.796593909013017 0.418600965618984 0.828629281630173 0.371680814359254 -0.144732085831636 0.100059890695344 -0.111706078669948 0.394901748428176 -0.134764630493042 0.128539675077614
17.4043721945155 32.7575922502799 19.4763887762894 -0.78392445937791 0.478919988589085 -0.395092352965767 0.33923921300077 0.863386711720309 0.373470244310751 -0.128930674837725 0.0542349698266903 -0.113732195581215 0.415868031972384 -0.29930023953101 -0.143834930646696
17.753996981203 33.1631518595666 19.4573139756679 -0.959275048740082 0.2539761882343 0.123642053797718 0.278078888849777 0.925989542778743 0.255373025117676 0.447632991293923 0.0390782136652485 0.492134296364674 0.417033967205107 -0.264166450995096 -0.00150366661784102
17.8527805542895 33.5382900485282 19.2715783368424 -0.642706670349786 0.0420630192494625 0.764956678963099 0.329559836884672 0.916565014664532 0.226492318652511 0.20878342012147 -0.471662465671148 -0.179578487353758 0.399579736600022 -0.43546828506847 0.0950561702819891
17.8302240573083 34.0347497831622 19.2862666309287 -0.236330803580244 -0.317713756960296 0.918262272453802 0.0807629140977554 0.935339642633109 0.344408176559909 0.0718616508360469 -0.104284401241433 0.0637843335186588 0.374532846197038 -0.0910364603436341 -0.124235265422334
17.4995460988052 34.4374408016932 19.4409209646597 0.371501970854181 -0.266296285079626 0.88942254019606 0.235124798615882 0.953739207232705 0.187343893623352 0.442428429937161 -0.251907985146309 0.23018112577467 0.55400810121718 -0.461317270570156 0.15408282278223
17.3912405162007 34.8687015700779 19.7292302312117 0.834067419283965 -0.356321930725962 0.42114855217585 0.192178476240089 0.903269533112778 0.383629332577941 0.556497098190174 -0.446915201189742 -0.158564447865142 0.190047139626615 -0.523766817133402 -0.0891781509124183
17.3115552897223 35.2112777050627 20.0745631522099 0.973115324105393 -0.117358715983089 -0.198175126011392 0.210613366437919 0.801657355311075 0.559452749438938 0.242871620390856 -0.0761648395374358 -0.347698483250128 0.23245290672391 -0.382584553354148 0.176940632702415
17.4075825699751 35.5841485298607 20.441836119913 0.778784813919942 -0.0344079992631782 -0.626346696463669 0.392875138367313 0.805159217405639 0.444260782117276 -0.20686759980898 0.463916453834508 -0.674435402045964 0.231721327573172 -0.0705308575853709 -0.128451310394743
17.7278765978307 35.7871620842983 20.7356370120535 0.105739951738308 0.328545406568069 -0.938550405307294 0.386274314872265 0.856149796930563 0.343219405450688 0.301738083475467 0.642160197250143 -0.554899195582241 0.168135355376762 0.216076988633235 0.519463613249826
22.0828598837423 28.1711890424959 14.8540664878523 -0.108837099240561 -0.389647036957817 0.914510555148913 0.247337857904603 0.880428214692811 0.404561521599841 -0.248497027211608 -0.174298015557538 0.376492193640862 0.215037720034735 0.164273323442871 -0.299132615262219
22.1228425612435 28.5727053833837 15.1999048453831 0.457031237918723 -0.624173534713036 0.633663733937508 0.239132280337978 0.772418307705423 0.588375388335681 -0.289172275360236 -0.389778668579358 0.519057092066984 0.338650533522341 0.446653191990281 -0.267609442509781
22.148914022306 28.7595597551138 15.6652299011408 0.935639040840439 -0.351300284735915 0.03416983260227 0.31599654209485 0.876853839806163 0.362316725824021 0.325061659228313 -0.239751277276468 0.184519235619939 0.549121353664471 -0.142379890710671 0.032454030244907
22.3586548065426 29.0633126905358 16.0213418647652 0.870947501592156 -0.198303284240453 -0.449584405557826 0.352748551937392 0.889283047124805 0.291108231351753 -0.23412763808425 0.743383885877617 -0.202286813275884 0.384247459010424 -0.0993459166913241 0.170093679035578
22.5733611161911 29.267432141939 16.3609732785087 0.382258280881449 0.312650458989066 -0.869556313950769 0.345633549542569 0.824338790246758 0.448333458078477 0.0740214551981616 0.395431267528125 0.311569878418705 0.134097614488443 -0.112546426077753 0.580710587123141
22.7960693744824 29.725819976845 16.5878663886609 0.0351943731641199 0.05318961681969 -0.99796397991322 0.553195330949909 0.830606448756806 0.0637788512703672 -0.688958214140638 0.714547231118776 0.118902814495714 0.477142870823813 0.72535503569066 -0.768112922048734
23.3184185310626 29.8127108456267 16.5730604393685 -0.511071068346256 0.440918125132221 -0.73783294325256 0.556326676844273 0.824035019466829 0.107083186452824 -0.745767482841613 0.293563066144979 -0.0746632501474373 0.826347650356443 -0.110966592960227 -0.254426082401042
23.6470173476882 30.1470667871982 16.3910266966028 -0.885201809018871 0.45103635572179 -0.113946671391194 0.413214901902128 0.874839711028158 0.252801912921038 -0.939023200640452 0.225738415953791 0.213100034809589 0.505103941940372 -0.14494928215339 0.100487482386137
23.7843892063026 30.6403394172306 16.3229801065188 -0.881632736126966 0.0929127069625259 0.462699501558096 0.221220888550709 0.947403921831818 0.231272591879767 -0.527648420488142 0.548747812496796 0.0529626869822249 0.549112312639485 -0.0628092629128455 -0.137901284113422
23.6428459780712 31.0507656273538 16.2161561461187 -0.307639203052646 0.074784361650382 0.948559593609885 0.337056063040831 0.94082850402544 0.0351400136060954 -0.504741188220525 -0.413106021051905 0.547354405219876 0.478346915731178 -0.123139481426656 0.624184985626641
23.5957911905867 31.4990146857863 16.3367844246677 0.268893132575372 -0.3518154246215 0.896617129609164 0.426934355087759 0.877990642244652 0.216470253313925 -0.089808713159056 0.0727519107121556 0.814327420377891 0.267411770038967 -0.198791979214643 0.399129606170353
23.4372275429557 31.9122806672295 16.6615503410323 0.663809934356725 -0.556878315002159 0.499242223682613 0.169427379466332 0.762139648377581 0.624849911052017 -0.599713817931082 0.0152936115690159 0.95633967737675 0.526489044463595 0.331086632064924 0.534074331993522
23.0959319847636 32.1535420029938 17.1389009057874 0.956041439428557 -0.2775178544226 0.094702104004188 0.226249032778807 0.903574177086911 0.36381995901871 -0.421243989228968 -0.320886014842508 0.276317871219854 0.201664962034015 -0.128522351657796 0.0330724252581541
23.4958492180538 32.5978900028625 17.349474862762 0.752458402090796 -0.567628560921742 -0.334071932599027 0.657140241788956 0.681212981665491 0.322669273472544 -0.160715365375964 -0.285097830317764 -0.316762847174711 0.414832368706638 0.424691682194823 -0.413419565785222
23.8960238323296 32.5995680128055 17.6284059988063 0.463344510587034 0.27713203941511 -0.841730111233952 0.467926958753989 0.730120667069995 0.497963914092347 -0.244636934906416 0.135934324151064 -0.433093994670769 0.862120564287642 0.250261944999618 0.197880421355026
24.3118401357947 32.861921546588 17.8509101684164 0.0380078430335066 0.327277364870503 -0.944163551334379 0.593071600547013 0.753056104277818 0.284907828725088 -0.346157129724947 -0.278974157909314 -0.177438758665694 0.547054731185227 -0.000993391933036827 -0.315840680662594
24.7291972606677 33.0995970721217 17.7752746874179 -0.470933476499898 0.438008449566249 -0.765748092942192 0.340826142321806 0.890966714707227 0.300026223741855 -0.0300589018851608 0.193610931999666 -0.453810496127581 0.429752497504309 0.227554389766341 -0.0508876288049256
25.0119485519712 33.5192607990026 17.7091602181236 -0.931031910755116 0.248380182453924 -0.267370056728898 0.179601693869589 0.949634954235472 0.256781164707324 -0.406636360259588 0.577496140254061 0.0904266309459724 0.362989544945309 0.105610636233431 -0.0557636490504847
25.007017397514 33.982572288602 17.5920827806588 -0.835829216440399 0.0458090661554333 0.547074890067889 0.199098769803727 0.953963421933409 0.22430638528703 -1.01480349333615 0.43302461939888 -0.0254345721441842 0.543287513720692 0.169533529677369 0.725797067742781
24.2430809653478 33.9256837706435 17.2820008131496 -0.428119794177117 0.0366431584974466 0.902978738299775 0.422999953774755 0.891092751923356 0.164391689140925 -3.02298412725805 -2.04390915105763 0.150773757255439 0.155565879051245 -0.508357996670346 -0.107431237455998
24.717379719697 34.6969612947893 17.4510850481083 0.0338031740636733 -0.330813448738752 0.943090498497491 0.112626026673887 0.938879879221715 0.325299612143224 -0.335893977394199 -0.833379507530885 0.0332803532274016 0.248310587275617 -0.101927252855316 0.0823036246655088
24.7692013437291 35.1926003045919 17.7859951383137 0.547166970946648 -0.507385179663746 0.665708995098097 0.26368592085118 0.859321378408068 0.438219563756589 -0.0133243329575205 -0.728897436357321 -0.0838414918778782 0.276894851522026 0.311482584348667 -0.0287751688702914
24.8669879645092 35.4073078216366 18.2062409827616 0.900196749952787 -0.426344157054789 0.0887488164564971 0.356223906672579 0.838131540199612 0.413085863766292 -0.0814075806123504 -0.879198551961141 -0.410449190480797 0.454973236335766 0.352805261054136 -0.0216998821392973
25.0649996849426 35.671798289509 18.6204405304929 0.89029565080959 -0.230916504896225 -0.392493443070343 0.399996791958737 0.808508406214529 0.431644073039632 -0.150064940520778 0.0830994056945222 -0.357364406751017 0.285993151943147 0.206503187874846 0.289925053451352
25.3060769357481 35.9752254937176 18.9314270678507 0.535844440561131 0.0450400203462174 -0.843114472003362 0.402856899025293 0.863937309722744 0.302189550889861 0.271810471288831 -0.0862658174585977 -0.349081105099075 0.251553209156191 -0.29254505266294 -0.388673877881554
25.6824646252201 36.3164316257135 19.2151086841552 0.0109078570763789 0.266965484459386 -0.963644296315433 0.492263344892643 0.837400910037495 0.237563463785103 0.0519141422474348 0.422979900611093 -0.182705970592249 0.350113527564493 0.3094007309765 0.118202759716614
26.114778699183 36.5767516664538 19.1668519893353 -0.68345083213914 0.471592644379056 -0.557220981656647 0.419067746611072 0.878476616694655 0.22947971762992 0.314045962440854 0.271145792801753 -0.403773856436869 0.338480841330323 0.186440770412357 0.492331683808347
