t = 100
b = 30 30 30
E = -0.756730892852039 -0.973781707645247 0.217050814793208
24.2180985104264 2.27463528431156 20.4046262712251 -0.313990140718513 0.129290223800009 0.940581795710025 0.758374592170075 0.630184050080884 0.166541087390684 1.17435873571398 0.605336685761361 0.795055749859955 0.562927836890622 0.473951818323288 -0.731177923952891
24.2669340781453 2.72082565129283 20.3798382781174 0.306909873543816 -0.476184379003568 0.82404772164677 0.905395592452869 0.412968274338728 -0.0985692979945592 -0.0237520796010643 0.210604950540177 0.505357765441418 0.48981737351615 -0.375340529981558 -0.1153498348142
24.6089004717765 2.95641813313755 20.5935044337259 0.351144269204674 -0.899111150787294 0.261336416894736 0.911550920761666 0.392044454894592 0.123999780358993 1.15014572957025 -0.0346733863657911 0.0816302017405045 0.350315570114399 -0.360393291151173 -0.029249776001442
24.7968035020584 2.94951045829697 21.0770143223023 0.41134471828924 -0.896022415943484 -0.167150335196701 0.896782577171285 0.365049580109737 0.25003939173739 0.344506260295551 -0.320406747847343 0.314433399371354 0.416949751054795 0.34117735646284 0.348420037644086
25.1939613529609 2.96450542805871 21.3381906454256 0.26513707514514 -0.556217159542143 -0.787606934750916 0.957806180648876 0.245922815458491 0.148758771161031 -0.0447219353685146 -0.296367770920018 0.216945104468609 0.430323479519778 -0.363520871657727 -0.335539302012836
25.6121275841577 2.79957463861391 21.4061248713316 0.148882519045601 0.110742372183946 -0.982634217148139 0.963864271776731 0.205738581270275 0.169225250251074 0.116642156969403 -0.0664979024184442 -0.433415774723069 0.300919057422088 -0.235047594895323 0.323943693860116
26.1070283822126 2.70257088478272 21.4010006565494 -0.180785453932161 0.618575305861249 -0.764644422841184 0.901220130354321 0.415519674716601 0.12306729163313 -0.421497092000177 0.200038090170224 -0.256579615197956 0.286189253058856 -0.170798019092405 0.055865526713062
26.5566388981231 2.76166527124585 21.224811789562 -0.374829397969498 0.894108120365419 -0.245098907213768 0.91133739735328 0.403883322360933 0.0796385018877887 -0.0375473020217796 0.351192696934967 0.0393664455864902 0.348993205960373 0.0762900613689175 0.241891815174442
27.0145358944774 2.92456974829596 20.9483321648169 -0.435305499955092 0.900225426926217 0.010158228679605 0.899234555598481 0.435315328885766 -0.0433319906282884 -0.209702721691063 0.623572701378436 0.796135467414877 0.469153585221978 0.352595354629481 -0.196773811869147
27.3173192419315 3.11265736226434 20.6733139093835 -0.2851540570137 0.63440504075676 0.718482629910983 0.893118610389232 0.447943181814116 -0.0410601659392448 -0.215545187372549 -0.0847892294269627 0.656122189757681 0.243500180696551 0.0869298016202061 -0.0386390905802586
27.6357116619952 3.45712094071578 20.6345217437112 -0.178585620283265 0.0117198041865196 0.983854513236735 0.893027075338521 0.421698672442316 0.157075630903262 0.0973868733579462 0.076614417213817 0.376424362682273 0.324565893514785 0.060983204084348 -0.113033761878707
27.8731508584993 3.86757433606986 20.7793399995546 0.158290723001923 -0.570253616011745 0.806073657807334 0.889976391097423 0.435977082173466 0.133663343570127 -0.0179586944712248 -0.117069740047555 0.462355722350955 0.524454731068347 -0.272845501628854 -0.0610720558039319
28.2207774023549 4.13630901254948 20.964695293729 0.161449807733496 -0.830196192573365 0.533580478042464 0.919568877077728 0.322812072252953 0.224020823182609 0.137244352042986 -0.577658099104259 -0.203446067088665 0.677750077716408 0.336765376641554 -0.309464122034912
28.4047072504276 4.34821409063543 21.3142574390062 0.487091502246713 -0.851204180510914 -0.195430786817983 0.867022839299596 0.444411086075738 0.225322136724308 -0.0052685127596927 -0.315644354777177 0.316466180433608 0.124803439884482 0.0267574907794307 0.17255838509595
28.8574489412637 4.46649221274388 21.5402852602458 0.186930182812382 -0.660122894630393 -0.727526461314469 0.966369265926151 0.256697651270826 0.0153830647687041 0.10036086625312 -0.344162989768737 0.128453284317532 0.443856902777622 0.240696382197105 -0.113931315643558
29.2196743468965 4.1487921109805 21.566216446284 0.273080937676509 0.202871339094145 -0.940356265095152 0.955701746479589 0.0543809632092548 0.289269380059229 -0.180777447168156 0.141211386814566 -0.396707567352139 0.474878922745384 -0.290228870109488 0.455890723863609
29.7607797874264 4.18201777482343 21.5496236101319 -0.100791796964207 0.535685285840668 -0.838380682636102 0.940289704777029 0.326652743902275 0.0956720272252482 0.228266934728129 0.318384388657327 -0.280159859790197 0.530633856933663 -0.224513093493016 -0.0571998124004947
30.199897574537 4.08581148960319 21.3798351514946 -0.272296560652748 0.915834614150287 -0.295129504278895 0.961939697145938 0.251784000658465 -0.106191910330835 0.410717401108097 0.28568788075698 -0.366224655594668 0.32649123187122 -0.0282797101640121 0.210214974640802
30.6253068818505 4.24753227126145 21.0534910262727 -0.43406984029098 0.875093214043355 0.213997946928673 0.893961091575508 0.447789532333293 -0.0178320994580198 0.145560193013571 0.562847118556207 -0.114728059332101 0.694293812851316 -0.236337273342337 -0.0535927405488191
30.8818433970487 4.54449800558807 20.7790916536194 -0.254273741417056 0.531008130440062 0.80831621995969 0.823280944999205 0.557418671309049 -0.107204484032518 -1.02284525817621 0.390899895409517 0.0332952301099839 0.555489274575018 0.101864964863853 -0.0190396489281291
31.21943666472 4.85303488698642 20.7320611997999 -0.24091607231179 0.0927278965047364 0.966106031993804 0.800901557929364 0.581240375486306 0.14393126465753 -1.05022620961858 -0.413453204811762 0.714968959584658 0.56816344543228 0.218019815768425 -0.364624686125116
31.5087203817568 5.21795569872835 20.7691114232917 -0.0106252820953961 -0.501214896587426 0.865257540830192 0.876229281685502 0.412241483550647 0.249557786766863 0.302864508496449 -0.0581636019645356 0.506899666389935 0.713508162051611 0.266042891967183 0.0348446039775985
31.6784417894728 5.58545375799774 21.1157017871829 0.353170817650011 -0.840362012864622 0.41117142620822 0.874246688367993 0.452928210980629 0.174781711586085 0.137997448878543 -0.433574814746287 -0.342980374517098 0.633846370990623 -0.216230216428722 -0.0879186727160894
32.0167709593726 5.73922444854896 21.4124078921428 0.307120865465973 -0.946696295500233 -0.0971739724183065 0.933563114488706 0.279878806734058 0.223892047155914 -0.605454008790551 -0.305752362153073 -0.241304527065011 0.536762143329291 0.40864417457415 -0.23484109607903
32.3160697966733 5.77958511285351 21.8164401198764 0.23405696214344 -0.67116142948632 -0.703391466736768 0.971783707658778 0.183247494632989 0.14851486746153 -0.807853786977404 0.295151958032804 0.0296922290809931 0.503789338367046 -0.0408084429900702 -0.159587983069848
32.7643852423369 5.66405861939943 22.0149211208758 0.00238204300807613 -0.0819775666601297 -0.996631268449104 0.983716290218285 0.179299908143854 -0.0123970777994339 -0.445367840456558 -0.0828890034228335 -0.220295530036875 0.69291777571091 0.270670791498438 -0.0496260565929751
33.0430790111226 5.29741303178153 21.790510244809 0.0917375777782984 0.569816056376667 -0.816635634486697 0.989888299532018 -0.141286578888878 0.0126159005801744 -0.904161268914401 -0.634706448088592 -0.590636935011314 0.985971678698376 -0.84885551065332 0.500473115576943
