t = 100
b = 30 30 30
E = -0.506268626997351 -0.71207504605134 0.205806419053989
3.63145942710095 14.230645371978 5.90502365450132 -0.595127489682898 -0.0786574236670438 0.799772568679902 0.383009799799026 0.847137961381377 0.368321396873372 0.194035940563747 -2.43669172164901 1.28227635915967 0.408108909971984 0.203366019821817 0.0556188537829426
3.52999381034138 15.1512982839656 5.81524324141769 -0.212716143901396 -0.297195843640425 0.930820259679188 0.426599069756389 0.828788970076859 0.362107662173316 -0.030890721203232 -0.936764062325239 0.413974253405102 0.435171732825905 -0.639767734946526 -0.744138181181331
3.48400702453337 15.6359154373811 5.98958266037012 0.449864670746646 -0.532523478030279 0.716966110906793 0.496952534132072 0.816285269513985 0.29447651617711 0.571865447203454 -0.976790962110907 0.224224978762068 0.424300946639259 -0.049587152529041 0.0605372753266007
3.64322326096802 16.042021961363 6.31678093750583 0.667781405790208 -0.697559077518887 0.259767608803134 0.453989557159548 0.658237762858727 0.600513460618782 0.632413835228606 -0.42044175114521 -0.202256037698701 0.311226243858465 0.315333062322514 -0.299555920255539
3.77500158679778 16.0917586338089 6.76715694704868 0.943404390461982 -0.156600091846782 -0.292343031578309 0.307997051153473 0.740599431603854 0.597201960389147 0.482485424386851 -0.124857271338431 -0.357198876450968 0.587812672295617 -0.264320688686383 0.106952284201662
4.06667121324607 16.4063935610294 7.12305344416418 0.767582346129471 -0.136176064585193 -0.626317261356335 0.507002273499765 0.726826515512659 0.463326873807324 0.0801477294037274 0.675841471123806 -0.607268330449732 0.536431356643834 0.00996162241331228 -0.388623173885806
4.47703324785985 16.4578912082453 7.38148456069192 0.244305281254036 0.533820945073196 -0.809536910218357 0.569394089548449 0.596786266544178 0.565363958004863 -0.263712273587405 0.478188005234403 -0.177316774966614 0.0855192921017595 -0.209775043595779 0.132501176580253
4.87137944163063 16.6847637629765 7.66546440869282 -0.400054866209158 0.550367256481855 -0.73283822781404 0.456361396494603 0.813057343080935 0.361485703133153 -0.0445770796095358 0.248763407591996 0.181165019057416 0.181905323500738 0.468663410795916 -0.368959202313613
5.20797675675342 16.9814085575137 7.5503541306372 -0.799867663792076 0.594977173311649 -0.078827442736293 0.566309161528839 0.791690129905198 0.229173638221403 -0.387185950654671 0.473255498776945 0.325126391741809 0.65972860514356 -0.0705231231131694 -0.00643625679095346
5.34958171947152 17.3288947409337 7.28286801337558 -0.642254404758938 0.478554719388148 0.598744138631948 0.616013000587465 0.787098693678597 0.0316784112255401 -0.579492608034964 0.257655557855669 0.423720037748145 0.666703049014077 -0.339629805280813 0.593723158264429
5.50726374255546 17.7975922523781 7.26541723616893 -0.470191108993589 0.0501102125583349 0.881140833842817 0.463390711117744 0.863715278437661 0.198153606940314 -0.507151044339201 0.0711985505827202 -0.215274147655508 0.300607738715153 0.0665695640318514 0.153417278794917
5.57574910251247 18.2172860499986 7.46312626813903 -0.214526328136681 -0.41180723237864 0.885659719719257 0.427111851250992 0.775923683340766 0.464238932016577 0.373756672735309 0.299105434758571 0.415684197031637 0.309468562414634 0.0280420394744808 0.00278194444790508
5.52510802882009 18.5867274099707 7.71683110071082 0.352916035864723 -0.674192175036754 0.648779672571513 0.443333353419419 0.731110130895011 0.518587887347735 -0.0288764127536221 -0.0453710965112324 0.328670672679453 0.41792453205743 -0.219240419303985 -0.26606542697933
5.57225772466107 18.8194753197403 8.09542367481322 0.740512033183564 -0.638731961409287 0.208957630002114 0.488435194571907 0.725085180558404 0.485471341563298 0.207038731082024 -0.264131844720137 0.130449646442496 0.292744162558508 -0.133090433253976 0.0330797705799886
5.75104256032394 19.0741631741878 8.45725989527518 0.777814944441819 -0.547205744111338 -0.309143443932797 0.626286058157691 0.716023685626285 0.308343535644449 0.25189868701524 -0.32407387062326 0.233960051203416 0.364728611119685 0.351445596721681 -0.414152382645508
6.02360648637104 19.2127256151277 8.78830581994931 0.631110916380131 -0.1009050432881 -0.769101466268803 0.600196279505842 0.69162496456163 0.401770103746978 -0.285412681195094 0.507358462807748 -0.117205493272986 0.54007133505589 0.0973198488085549 0.0667189022286442
6.42553736195327 19.3018621203927 9.00064731318663 0.209335890038273 0.431058674642238 -0.877705409071154 0.674241724982948 0.586468126192861 0.448835292306081 0.259823105519799 -0.0410980277002581 -0.191508026324691 0.271107035193319 -0.156006457368375 -0.0941967151458462
6.85280416970379 19.5878790727378 9.13517763243136 -0.322478507945864 0.454541419311013 -0.830300905965838 0.612025149351249 0.769271770025157 0.183428585820363 -0.281508373346825 0.483703333659957 -0.258078261687311 0.479677703164005 0.519386031694402 -0.308202564252658
7.17680511971872 19.9114092127527 8.9589498792003 -0.758621384996187 0.518327721680126 -0.394752898794114 0.5226148322303 0.84590709560136 0.106371110605181 -0.128710532152152 0.460958726779603 0.0197492932253035 0.570315831622571 0.158166373219551 -0.429533907626524
7.37041016929493 20.2650485551029 8.81363976471102 -0.836733876242766 0.474052366683791 0.274136201114236 0.545238064307493 0.767742721417146 0.336580522483703 -0.362779088664837 0.498431742898868 0.0169569020464675 0.532057841414795 0.153050226489304 0.0222806578311803
7.50394416930837 20.7386624690438 8.80831676418605 -0.653034421045006 -0.0700865706814165 0.754078111558528 0.392970901954412 0.819812679433374 0.416510411731655 -0.686779429846228 -0.506138589366417 0.402800917675466 0.308994952841574 -0.000757469974725503 -0.22951232891076
7.40341526783475 21.2038116368369 8.90634279396348 0.0340470483410933 -0.422652505396499 0.905651998512126 0.373073170005837 0.846048996868412 0.380811487329644 -0.806942606724723 0.177467576766739 0.32297128931611 0.592344383946406 -0.142559469189529 0.214045002598464
7.42727837347188 21.6083754983154 9.09991425523735 0.28623426225485 -0.675333611412504 0.679701656306097 0.430354040989728 0.724416444230449 0.538531427139349 0.0136665697916196 -0.482911127072976 -0.669106942490952 0.522111253264433 0.159302778257866 -0.0420715832301108
7.44172195215606 21.8701408769487 9.45438161352509 0.811330211529296 -0.568518441285562 0.136124764451972 0.437413716943659 0.744866682673748 0.50382809366879 0.0327635107166746 -0.0564498064982383 0.0468285403627925 0.354116897087619 0.0427574647931946 0.291555728054453
7.60565543936185 22.0918181727312 9.85432529998231 0.805026520137719 -0.336808703626878 -0.488356511203653 0.580354796268975 0.617756293870346 0.530627323930013 -0.59998120626557 -0.419533523564447 -0.781012870476532 0.537192548667486 0.341541102077581 0.064140557720901
7.91020777567685 22.1073814859172 10.1617180728363 0.622159348830688 0.0348815398493858 -0.782113101586953 0.649601683141192 0.53458351290567 0.540590428782163 -0.130408253584151 0.00944857048902679 -0.136776510996878 0.849079096488571 -0.0290711446686715 0.115020262869152
8.3627444018104 22.019185660937 10.4050310618679 0.263013886257766 0.556294603160134 -0.788263846013107 0.573701268971606 0.566708857786462 0.591360978885019 0.0187770937620936 -0.584226287895304 -0.580838042040178 0.432453058220182 -0.818403249447994 0.395883592968991
2.89062333842374 0.362619502454943 8.13575383527402 0.689814179437999 -0.681695066895116 0.243819865000542 0.669006271466746 0.728925704605952 0.145250844172297 0.51832582262118 -1.12643424561869 -0.0791543298255799 -0.12790565425708 -0.0296949529043853 -0.588885574731121
3.13038881906541 0.591319975210537 8.51915255468283 0.62998291836373 -0.350690158372588 -0.692919776876106 0.678762060262103 0.682185949131789 0.271853411144312 -0.276349274753752 -0.439868374763545 0.311949949756686 -0.114347092465032 -0.00382496525721201 0.0448986305447185
3.56210861040771 0.84511796236702 8.64732407797076 0.202845251214472 -0.198282285144631 -0.958925346893126 0.829741143411581 0.554827585303764 0.0607936462710574 0.454673296721229 0.0846845352132342 0.392911819736025 0.27271514029159 0.160580553503858 -0.259317461484377
4.05892245773182 0.819938682779826 8.69131348584222 -0.216478689209024 0.535914571338429 -0.816046832836856 0.885958703715966 0.458985860399843 0.066400646653752 0.172081052727155 0.171282764286116 -0.286686465702949 0.494965907555256 -0.156967969541666 0.200065302387185
4.49397085669316 0.937964728760166 8.57469301965016 -0.539683554706822 0.75288803847838 -0.376697684150554 0.830976805769631 0.548139909760511 -0.094974115599993 -0.0664161408563424 -0.305555429735371 -0.275083983369727 0.524467843289164 0.213281833175314 0.23109306694694
4.85044068705529 1.29966247630934 8.45687213434006 -0.747246002561741 0.662373365880682 0.0537104890686086 0.660506605802803 0.749171937919565 -0.0497224456791856 0.101750924395522 -0.147483018422787 0.0875586888773675 0.736793826041921 0.387683768782745 -0.0343692034718933
4.95655055189838 1.61886574735562 8.19258247060108 -0.360916731324612 0.510854981682881 0.780234698166635 0.739052842215897 0.666942138835418 -0.0948101675194201 -0.199610134064616 0.55570496454946 -0.237084416267378 0.663503558961246 -0.55164692770446 0.209909679081687
5.10955919415836 2.09334630216721 8.17509313755881 -0.121168366409509 0.0241119049518779 0.992339017490889 0.705130312355514 0.705717230957394 0.0689515363875023 -0.264121000462241 -0.133460848175451 0.362732648367781 0.598356968565732 -0.129954830319789 0.32126320467167
5.22329142993356 2.51359545174312 8.28565825448034 0.182447940105358 -0.388701496160528 0.903118916255305 0.539436662405156 0.807519741496607 0.238578795391737 -0.0119543240411142 0.0743144455000466 0.242492341501434 0.344712437748373 0.0258793034898174 0.126132617440558
5.36953735554972 2.89181297865185 8.49362110083031 0.382846579867538 -0.727179123294619 0.569770919700837 0.68367992246333 0.637818226560221 0.354640037401235 0.289271138938218 -0.365088681791656 -0.310480010786494 0.455614213773014 0.0457634523092732 -0.131235889148945
5.59509140935947 3.14323566987113 8.83362989867917 0.535023980159213 -0.844078599066605 -0.0357846459782136 0.778433248967437 0.476068600068938 0.409145757360681 0.17054624939095 -0.224466129845729 -0.127728034706715 0.324941989522067 0.144632259013411 -0.27039538658378
5.88612720492128 3.38647442467228 9.155332173783 0.420459547917038 -0.727866448747546 -0.541686334920537 0.906768117068737 0.357754754334269 0.223121053229077 -0.118985955205782 0.874567683515622 -0.591689247548879 0.436615603818391 0.250219576277863 -0.17463950239177
6.22389832217726 3.36740926188567 9.32168501603152 0.198922978213883 0.0546664712483069 -0.978489197106982 0.841212742795746 0.502712485846988 0.199100884548938 -0.0218023900083239 -0.0498807913288732 -0.326817568970358 0.145918013117043 -0.0741976310261889 0.478386287309217
6.58133667095066 4.06565048298586 9.23601901691059 -0.353675169530253 0.317712396030134 -0.879757120001832 0.679327833382977 0.733790123036207 -0.00810129103406627 -0.3530785316321 3.11659980712784 -1.27697270815063 0.0409709898179916 0.641229474725237 0.261788216440422
7.3935096625524 4.30082279240029 11.3820476554924 -0.68662806952139 0.662876091546868 -0.298558320257213 0.646122922143244 0.744656493066165 0.167367134272747 0.419607441134061 3.4345734789457 7.83544019332007 0.080374905623071 0.0972972107974946 0.656783176467394
7.51026073604555 3.85004167714825 9.44496481764375 -0.692971858301238 0.717897441593462 0.0664315267538466 0.717498530146867 0.677682304658575 0.161066553257153 -0.344210844014926 0.577559911362058 0.103767547361989 0.551340652958152 -0.127088349964044 -0.535343426105713
7.70251940813228 4.20875363392099 9.17921607470284 -0.389490828253638 0.530225558301688 0.753098688575591 0.760937923739969 0.645929278479271 -0.0612268669979536 -0.80574136124165 0.605940969470643 0.621005259403684 0.536670155573375 -0.237692473097186 0.314458182115864
8.03548857549917 4.63003373860036 9.14285559612252 -0.447447714751048 0.117418003623159 0.886568349612254 0.589830155023202 0.783911602616511 0.193863026120583 -0.0635558033855593 0.0411434450787401 1.02714873471652 0.583761082283018 -0.0268269747829245 -0.112522370002951
8.0367142216086 5.09859983833937 9.20343144582547 0.349391250529168 -0.337410597008644 0.874116540284185 0.57005639934198 0.816934778168758 0.0874823056616382 -0.227381084482556 -0.257213330401572 0.544730823596006 0.27327945308762 -0.159417030855437 0.260264170594656
8.24391983367308 5.49999495163601 9.43281197822155 0.660999830964353 -0.714545219085944 0.22913805291304 0.740806560455691 0.670029863701881 -0.0475973603113469 0.503615075771002 -0.150724619551047 0.118180453838062 -0.176906078924393 -0.41331053256787 0.933427343129134
7.85811881660178 5.55297344418285 11.059975795351 0.57940378001881 -0.813879474107702 -0.0434895664455053 0.767824387012458 0.527163121265191 0.364066804002387 -2.44318165110584 -0.97927135679022 5.37425135453004 0.232514115008819 0.427699703121986 -0.0474613631339015
8.68256268746187 5.85111494837765 10.5721086221979 0.497379417599875 -0.513577012027389 -0.699179697282537 0.820386119262166 0.540516313801547 0.186570659627497 -0.557013948732862 0.063205844655456 1.3399755288921 0.322786703891679 0.871727424475857 -0.212147065656188
9.25978683119847 5.89386166834139 10.5568643801838 0.309385167384622 -0.330373206751939 -0.89170300498708 0.836851340412937 0.539929165837291 0.0903117502803936 0.404765918844727 0.495312824813131 0.167955857895291 0.378232718776961 0.648369890947318 -0.106062120367476
9.7285034228439 5.85934384178022 10.5696287229635 -0.13101640370839 0.484358702723673 -0.865003601626854 0.844625535544243 0.511381697319264 0.158418273830255 0.638945570063215 0.210140623741659 0.156594255900829 0.457613224824049 0.1034215615665 0.230850984910271
10.1432182468151 5.96749836355671 10.4395866459349 -0.513484074699565 0.795958776652933 -0.320598841447194 0.833663555064848 0.551261550667484 0.0334016066648176 0.844715717439243 0.0504596932176391 0.411539238126411 0.405321142733932 -0.553803533241307 0.494032343702561
10.5348377157875 6.26323326778021 10.4360293405896 -0.768414614927843 0.63349229440425 -0.090699364467548 0.637643605750006 0.769941560487584 -0.0245053914514671 0.30401410780046 0.0716162272040332 0.346674340945961 0.465727304049553 0.193282063913983 -0.360910935582156
10.7331147739462 6.60247911402191 10.1557123531214 -0.613776134213688 0.379250405867273 0.692421742363408 0.624455473547368 0.769847433064027 0.131871815899084 -0.399389539851555 0.601712655068394 0.384561127084033 0.411555596611659 0.112114388031524 0.32046491053311
1.36909217238209 7.68097586202933 28.6553166607678 -0.488624376326608 0.768292623800945 0.413488263323802 0.819617940381696 0.241718770811423 0.519421167503788 -0.558976884466999 0.0884008092151078 -0.0459054602088175 0.0694477687022453 0.0258443293272522 -0.260869669925803
1.68824478286314 7.9914973951818 28.7075467421198 -0.5755652817206 0.184954982408179 0.796565215881538 0.783714387129403 0.402881912572436 0.472734392721223 -0.452185666147993 -0.39604478483089 -0.621648939357947 0.353417577190145 0.587527885679348 0.170949525132142
1.85812592824191 8.29116372436532 28.8755587108848 -0.337186385224927 -0.359656386624854 0.870030175824785 0.777331034914252 0.414981849033025 0.472806948563365 -0.497039318717502 -0.606796050405582 -0.3259229174867 0.333761570967741 0.421727359236421 0.387036193569388
2.08614530803832 8.67561300591829 29.0820929715207 0.0773363311040876 -0.876319625908471 0.475481748594951 0.717583359129093 0.380016531881378 0.583662097502115 -0.196559220125441 -0.202619819342392 0.0588334607313668 0.329653290199137 -0.239861446934579 0.210739670942665
2.27848274083098 8.79592486263334 29.583944048463 0.250342524863801 -0.967047883236888 0.0463345834065145 0.765513575245657 0.227016558460289 0.602040141948153 -0.0482407475048594 -0.500589109335046 -0.446877778581817 0.285236914338833 0.0446211034735323 0.438547337371082
2.72088124825435 8.80229991251581 29.6088600488824 0.448760234162523 -0.767366053609727 -0.457999424827585 0.893633282917083 0.382006741893536 0.235563775685499 1.30934762537329 -0.911327104452673 -1.35851880633002 -0.279120732032399 0.105200468753456 0.390684588940742
3.49309484156617 8.96429740325086 29.1431147546314 0.293155170337615 -0.440273525722057 -0.848657262989322 0.954300293517422 0.0808455198297588 0.287706159679878 2.15971731585336 0.404656537653188 -5.22856220346259 0.288577702673077 0.681072049176126 -0.377987370171883
3.39643410364583 8.54373486352265 30.2580845890489 0.643352019620108 -0.0395624813002776 -0.764547504314636 0.765396788534777 0.0545075545180652 0.641246104292206 0.371921249164092 -0.390391413493058 -1.7632689944582 0.313003539494631 -0.850322496232925 -1.35870778707257
3.71446233360873 8.48173896520733 30.512494175556 0.255146877477854 0.731710942945257 -0.632059371315239 0.827671067949948 0.172660712143873 0.533993223320867 0.603040083119674 -0.2455410899642 -0.314667436773747 0.221328013360155 -0.0442081793775737 -0.0571008692254694
4.15305087601177 8.53359778021939 30.5709741623832 -0.23044199587875 0.964408015341588 -0.129667063354816 0.934245454172449 0.256542914685087 0.247731812545934 0.136932362644941 0.140637522538937 -0.262039770160489 0.119038698850607 0.131201412097572 0.0379595104923563
4.56717401021034 8.80502129900235 30.4976687195424 -0.488763289834186 0.737575456556194 0.465932156295233 0.872152138206502 0.399951072017588 0.281761732133533 -0.723839967765026 0.151562870982079 -0.194647892525104 0.734316056362431 -0.0554230612456101 -0.117585771641316
4.87246305608406 9.18371836809221 30.5070534621548 -0.629667314139306 0.348476436345244 0.694322063728163 0.722772486347955 0.590447528338918 0.359126081990134 -0.272509489660736 -0.233939226714829 0.366060663975795 0.44493787825601 0.504540708338951 0.184202266547205
5.09176575557644 9.58054953079676 30.6142404902362 -0.465886888519783 -0.322602807595494 0.823939752962912 0.78244879949604 0.284618166420995 0.553864835920989 -0.488428572654777 0.471971765108573 0.139988857870546 0.434177652540896 0.000606887389655598 -0.127551869451289
5.30427937447135 9.90568552192648 30.9414421559426 -0.105363393136618 -0.862772976328941 0.494490879736865 0.807363227367587 0.216093073783504 0.549061274857409 0.304671072816117 -0.235719122435981 0.042584757760428 0.432226074437945 -0.227608414486852 0.178285534706044
5.56930150573721 9.96452027492708 31.4010857664562 0.212089538217698 -0.976874290232059 0.027102234313413 0.755858586578051 0.181557233129028 0.629058545395329 0.282565080989655 -0.681025364319079 0.454949153771546 0.59089694306338 0.0175148255901014 0.117194842648122
5.81394430498684 9.94925349216583 31.8521965467734 0.407486079118513 -0.849896343295154 -0.334112529827498 0.751010099412202 0.103722903301105 0.652092999598218 0.30976473335645 -0.623138911289815 0.11325883675629 0.460732699298437 0.654077889960608 0.198623010153808
6.1061618260518 9.81670283468412 32.2900566372351 0.522722724926993 -0.371955156066837 -0.767079002274485 0.852115549292177 0.200851252886525 0.483278125484206 -0.456940740397548 -0.178134189513279 -0.0484729271935193 0.473382214782504 -0.209099683336907 -0.255756096844808
6.50858056758148 9.65514807209708 32.3979110875299 0.434890533858603 0.364928772703123 -0.82322360029607 0.822351523876911 0.211528004618779 0.528198594762438 0.419146534951772 -0.511944758461517 -0.495715005118733 0.193176138188332 0.0725149743169676 0.573391497847274
7.02279207406584 8.97211641532623 30.3364358664451 0.065779508338332 0.624816452446779 -0.777995719801051 0.919061158688755 0.265694830774055 0.291088864137995 0.0820288604569521 -2.30386021346805 -8.72485748291329 0.289939552853262 0.0898394648124981 -0.41974140508418
7.58947652786547 9.62970548366345 32.2602576650571 -0.34789062657896 0.878422675666447 -0.327636378356239 0.844709354355123 0.44529524885965 0.296948027028444 -0.181985785827647 0.318426060819454 -0.0708837558312423 0.213965870273424 0.126097768793718 -0.200439370093623
8.05324081144244 9.92633129766055 32.17542024116 -0.545385824212817 0.747794279099636 0.378626332939539 0.838179723005389 0.488179435042516 0.243177879305427 0.322661750780012 0.0347686239042433 -0.723556248225833 0.427882136166717 0.190499428837258 -0.0695127730339797
8.31518901907192 10.2995993531666 32.1974894725839 -0.424414908373117 0.287547696040529 0.858596639736623 0.89222686527394 0.294379377432773 0.342449827245022 -0.0563612826358414 0.3272324018116 -0.232836347594929 0.520712807037879 0.181583152892956 0.480807355268862
8.69108262584485 10.6122944402666 32.4516833802412 -0.553062855066206 -0.184569524791059 0.81243796760878 0.726272980143439 0.371004054454985 0.578691137803436 -0.0720021995326685 -0.142381843443763 0.0672852230121643 0.357660363270182 0.248530390647706 -0.370055956563424
8.99062481729392 10.9839456116816 32.6962217987919 -0.345349679644933 -0.694320179734444 0.63138971326983 0.603019513817667 0.351339703106067 0.716189760186193 0.691488035904576 -0.130456714011842 -0.0812112565022262 0.498908084189481 0.299315981223093 -0.178529188138832
9.14073678240197 11.1496611891901 33.1240536008184 0.141435513121959 -0.986664950957465 0.0805490610552717 0.715440541346431 0.158114605535443 0.680547200398485 0.634378392726943 -0.530567273483724 0.334736845084433 0.586896755461564 0.0101253218551531 0.114587153347891
