t = 0
b =  30.0 30.0 30.0
E = 0. 0. 0.
6.0108318100838165 23.38855103822537 12.94323815636997 -0.23523601538036315 0.530905414248673 0.8141274213471834 0.9652366814311012 0.22580267838191845 0.1316483925288377 0.0 0.0 0.0 0.0 0.0 0.0
6.320147670057369 23.824437774415085 12.888360527949446 -0.12374010728446191 -0.04888998503050068 0.9911095576236498 0.9652366814311012 0.22580267838191845 0.1316483925288377 0.0 0.0 0.0 0.0 0.0 0.0
6.601256968681941 24.249180036978768 13.059406354374541 0.0347667363930743 -0.6101112615996273 0.7915526024907537 0.9652366814311012 0.22580267838191845 0.1316483925288377 0.0 0.0 0.0 0.0 0.0 0.0
6.890291345961252 24.53484741826364 13.410886621443641 0.18006511564604666 -0.9395410693707319 0.29127157961784855 0.9652366814311012 0.22580267838191845 0.1316483925288377 0.0 0.0 0.0 0.0 0.0 0.0
7.220371572017836 24.606346383222753 13.828762254251503 0.2569537469368967 -0.9120235165989029 -0.3196683861529929 0.9652366814311012 0.22580267838191845 0.1316483925288377 0.0 0.0 0.0 0.0 0.0 0.0
7.6090244127737465 24.469949558876284 14.17376946837741 0.23622135372886865 -0.5380129816511061 -0.8091609874539097 0.9652366814311012 0.22580267838191845 0.1316483925288377 0.0 0.0 0.0 0.0 0.0 0.0
8.051523918544868 24.210912658433845 14.33432840995291 0.125744518828822 0.04039768012331085 -0.9912398011708174 0.9652366814311012 0.22580267838191845 0.1316483925288377 0.0 0.0 0.0 0.0 0.0 0.0
8.522686891339575 23.961084410446627 14.26893420766212 -0.03250476111053631 0.6034605878056886 -0.7967300417772375 0.9652366814311012 0.22580267838191845 0.1316483925288377 0.0 0.0 0.0 0.0 0.0 0.0
8.986440402816372 23.84881502243763 14.02192536727906 -0.17840493885337724 0.9372587288576977 -0.29952921889654477 0.9652366814311012 0.22580267838191845 0.1316483925288377 0.0 0.0 0.0 0.0 0.0 0.0
9.409526502868024 23.950193791162636 13.706638832023833 -0.2565260975543071 0.9149766086863732 0.31146776210442734 0.9652366814311012 0.22580267838191845 0.1316483925288377 0.0 0.0 0.0 0.0 0.0 0.0
9.774137470910565 24.26014150662748 13.462351382940659 -0.23718870290672134 0.5450795772819843 0.8041329328186473 0.9652366814311012 0.22580267838191845 0.1316483925288377 0.0 0.0 0.0 0.0 0.0 0.0
10.084681266662367 24.694340128884704 13.401366061195572 -0.12773935444123524 -0.03190229877637407 0.9912945579693848 0.9652366814311012 0.22580267838191845 0.1316483925288377 0.0 0.0 0.0 0.0 0.0 0.0
10.366106872549965 25.121266621132047 13.566346365130736 0.03024031046459083 -0.5967639581515962 0.8018468069863741 0.9652366814311012 0.22580267838191845 0.1316483925288377 0.0 0.0 0.0 0.0 0.0 0.0
10.654425758159478 25.412160750341528 13.914107673948587 0.17673117583388973 -0.9349050124637166 0.30776404786554734 0.9652366814311012 0.22580267838191845 0.1316483925288377 0.0 0.0 0.0 0.0 0.0 0.0
10.983030520861181 25.48994325254308 14.332023807161201 0.256078912716206 -0.9178600217626167 -0.3032434185798812 0.9652366814311012 0.22580267838191845 0.1316483925288377 0.0 0.0 0.0 0.0 0.0 0.0
11.370008479774079 25.35849953390333 14.680815593566964 0.23813798924653273 -0.5521046629926916 -0.7990436403472236 0.9652366814311012 0.22580267838191845 0.1316483925288377 0.0 0.0 0.0 0.0 0.0 0.0
11.811270000828745 25.101203539962405 14.847465357013633 0.1297244622072433 0.02340448794587019 -0.9912738238494101 0.9652366814311012 0.22580267838191845 0.1316483925288377 0.0 0.0 0.0 0.0 0.0 0.0
12.282102217125338 24.84924259978516 14.788154221123353 -0.027973556901924795 0.5900218826116245 -0.8069025084566829 0.9652366814311012 0.22580267838191845 0.1316483925288377 0.0 0.0 0.0 0.0 0.0 0.0
12.74655786024595 24.731777166314302 14.544909633041149 -0.1750439540511214 0.9324800994334042 -0.3159754394107483 0.9652366814311012 0.22580267838191845 0.1316483925288377 0.0 0.0 0.0 0.0 0.0 0.0
13.171112228532841 24.82687060084982 14.229638433603082 -0.25561222647745313 0.9206735362445628 0.2949959818949553 0.9652366814311012 0.22580267838191845 0.1316483925288377 0.0 0.0 0.0 0.0 0.0 0.0
13.537399781751349 25.131831596941314 13.981611577520034 -0.2390691404564757 0.5590877037957511 0.793893497608964 0.9652366814311012 0.22580267838191845 0.1316483925288377 0.0 0.0 0.0 0.0 0.0 0.0
13.84919151688048 25.56423665270477 13.914552769196844 -0.13169969095320705 -0.01490489477299567 0.9911776003898763 0.9652366814311012 0.22580267838191845 0.1316483925288377 0.0 0.0 0.0 0.0 0.0 0.0
14.130962303312891 25.99324413723574 14.073432926069973 0.025704673044595172 -0.5832348746209299 0.8118967611769221 0.9652366814311012 0.22580267838191845 0.1316483925288377 0.0 0.0 0.0 0.0 0.0 0.0
14.418592470774618 26.28930321374536 14.417384975199749 0.17334340199354029 -0.9299841744332767 0.324162768202889 0.9652366814311012 0.22580267838191845 0.1316483925288377 0.0 0.0 0.0 0.0 0.0 0.0
14.745736272175028 26.373372368430918 14.83522993754117 0.2551260743780095 -0.9234169378721917 -0.28672608012388506 0.9652366814311012 0.22580267838191845 0.1316483925288377 0.0 0.0 0.0 0.0 0.0 0.0
15.131036070257462 26.246948603073157 15.187715680896503 0.23998208562577752 -0.5660281679055711 -0.7886828968071782 0.9652366814311012 0.22580267838191845 0.1316483925288377 0.0 0.0 0.0 0.0 0.0 0.0
15.571039792309337 25.991498699031215 15.360421133108696 0.13366489025780692 0.006404166534677125 -0.991005894918573 0.9652366814311012 0.22580267838191845 0.1316483925288377 0.0 0.0 0.0 0.0 0.0 0.0
7.378970608301519 3.6048395754436644 21.249685929327526 -0.30062533517315165 0.8828715325540176 -0.36078007824400493 0.8827770926626465 0.40076608677573633 0.24513495948262531 0.0 0.0 0.0 0.0 0.0 0.0
7.815792707906634 3.7755441313277127 20.987518978673233 -0.4552059677152928 0.858703496449127 0.2354056756801492 0.8827770926626465 0.40076608677573633 0.24513495948262531 0.0 0.0 0.0 0.0 0.0 0.0
8.148850592847971 4.141990176246483 20.779012759197283 -0.4368462424844721 0.5082996452863657 0.7421568776404031 0.8827770926626465 0.40076608677573633 0.24513495948262531 0.0 0.0 0.0 0.0 0.0 0.0
8.382329363069585 4.624303141301952 20.73968122333146 -0.25252132605411487 -0.03521573943755918 0.9669502735837747 0.8827770926626465 0.40076608677573633 0.24513495948262531 0.0 0.0 0.0 0.0 0.0 0.0
8.55824588907157 5.098588677444564 20.92076603275419 0.027740664075626142 -0.56535207597339 0.8243830940462211 0.8827770926626465 0.40076608677573633 0.24513495948262531 0.0 0.0 0.0 0.0 0.0 0.0
8.740485900322454 5.444002190080214 21.28976899440401 0.2974635121238667 -0.880701706664283 0.3686189941301891 0.8827770926626465 0.40076608677573633 0.24513495948262531 0.0 0.0 0.0 0.0 0.0 0.0
8.990532728521677 5.588659720970422 21.74279866736442 0.45417499859154353 -0.8614580344461062 -0.2271896246368258 0.8827770926626465 0.40076608677573633 0.24513495948262531 0.0 0.0 0.0 0.0 0.0 0.0
9.344108761940477 5.536947865802824 22.14404045824033 0.43833780969325525 -0.5149320521315869 -0.7366851065963471 0.8827770926626465 0.40076608677573633 0.24513495948262531 0.0 0.0 0.0 0.0 0.0 0.0
9.797603912871175 5.36785723314947 22.377354855887777 0.25596875827513965 0.027225225992524527 -0.9663015998417565 0.8827770926626465 0.40076608677573633 0.24513495948262531 0.0 0.0 0.0 0.0 0.0 0.0
10.30944715030476 5.204972591617756 22.390400773446572 -0.023647103981120215 0.559039185580571 -0.8288039596060799 0.8827770926626465 0.40076608677573633 0.24513495948262531 0.0 0.0 0.0 0.0 0.0 0.0
10.81590002964179 5.169520950029327 22.214520802334803 -0.29427903607645756 0.8784648119298103 -0.3764298382528041 0.8827770926626465 0.40076608677573633 0.24513495948262531 0.0 0.0 0.0 0.0 0.0 0.0
11.25527199344569 5.3343153899612314 21.95283363774893 -0.4531094422832424 0.8641469690784913 0.2189562722239855 0.8827770926626465 0.40076608677573633 0.24513495948262531 0.0 0.0 0.0 0.0 0.0 0.0
11.591357645624015 5.696092158685002 21.741057562305983 -0.43979599578073736 0.521525244907397 0.731157234129231 0.8827770926626465 0.40076608677573633 0.24513495948262531 0.0 0.0 0.0 0.0 0.0 0.0
11.82719178672592 6.176750623395229 21.69594880138869 -0.25939669748419947 -0.019232639241124394 0.9655793384917207 0.8827770926626465 0.40076608677573633 0.24513495948262531 0.0 0.0 0.0 0.0 0.0 0.0
12.003896442474375 6.653025007385286 21.87094388106258 0.019551743068091543 -0.5526837221893621 0.833161708535569 0.8827770926626465 0.40076608677573633 0.24513495948262531 0.0 0.0 0.0 0.0 0.0 0.0
12.185057918670397 7.003315119512059 22.235858198412625 0.29107214954110244 -0.8761610186987947 0.3842120157858283 0.8827770926626465 0.40076608677573633 0.24513495948262531 0.0 0.0 0.0 0.0 0.0 0.0
12.432569300512911 7.153884299857996 22.688353656850296 0.4520093799366256 -0.8667700955735006 -0.21070624544329214 0.8827770926626465 0.40076608677573633 0.24513495948262531 0.0 0.0 0.0 0.0 0.0 0.0
12.783116234734475 7.106873209644994 23.09281862000929 0.44122068970039996 -0.528078721516641 -0.7255736812079461 0.8827770926626465 0.40076608677573633 0.24513495948262531 0.0 0.0 0.0 0.0 0.0 0.0
13.234239439056275 6.939486558246253 23.331889039706724 0.26280488263044927 0.011238587849783321 -0.9647835445366671 0.8827770926626465 0.40076608677573633 0.24513495948262531 0.0 0.0 0.0 0.0 0.0 0.0
13.745269024642852 6.774661743301493 23.351037020070063 -0.01545489321413207 0.5462861697929062 -0.837456008975237 0.8827770926626465 0.40076608677573633 0.24513495948262531 0.0 0.0 0.0 0.0 0.0 0.0
14.25277566683498 6.734362877949945 23.17928687683691 -0.28784309673462966 0.8737905024140094 -0.3919649340863135 0.8827770926626465 0.40076608677573633 0.24513495948262531 0.0 0.0 0.0 0.0 0.0 0.0
14.694668466069452 6.893244585117528 22.918188314545585 -0.4508748953257028 0.8693272141698947 0.20244017256622548 0.8827770926626465 0.40076608677573633 0.24513495948262531 0.0 0.0 0.0 0.0 0.0 0.0
15.033784318727632 7.250289458108558 22.703235995960522 -0.4426117829562882 0.5345919828867012 0.7199348730416641 0.8827770926626465 0.40076608677573633 0.24513495948262531 0.0 0.0 0.0 0.0 0.0 0.0
15.272006801534125 7.729194590419572 22.65239285433809 -0.266193054167398 -0.0032436805964660143 0.9639142785793854 0.8827770926626465 0.40076608677573633 0.24513495948262531 0.0 0.0 0.0 0.0 0.0 0.0
15.449550569267386 8.207360325636559 22.821274002847435 0.011356866410216548 -0.5398470155895883 0.8416865338974786 0.8827770926626465 0.40076608677573633 0.24513495948262531 0.0 0.0 0.0 0.0 0.0 0.0
15.629683135056199 8.56246791666359 23.182017623242412 0.284592123561909 -0.8713534435994486 0.3996880027395139 0.8827770926626465 0.40076608677573633 0.24513495948262531 0.0 0.0 0.0 0.0 0.0 0.0
15.874688484365654 8.71895046280495 23.633870136438066 0.44970607484586617 -0.8718181301331932 -0.1941586830862393 0.8827770926626465 0.40076608677573633 0.24513495948262531 0.0 0.0 0.0 0.0 0.0 0.0
6.480056637490648 29.743855303900123 0.9709053042119056 -0.43761001088949547 -0.13940119490986358 0.888293186525146 0.8397269147923672 0.2898607944336837 0.4591725475500101 0.0 0.0 0.0 0.0 0.0 0.0
6.644366479346466 30.174072313347533 1.24767362387621 -0.16596914758379033 -0.6681345926075254 0.7252933256355569 0.8397269147923672 0.2898607944336837 0.4591725475500101 0.0 0.0 0.0 0.0 0.0 0.0
6.770843648788333 30.451988021387177 1.6897725799405265 0.16872616974516744 -0.9430324879589033 0.2867424040792809 0.8397269147923672 0.2898607944336837 0.4591725475500101 0.0 0.0 0.0 0.0 0.0 0.0
6.935781953932587 30.514939444124025 2.197234476037078 0.43931959423681266 -0.8596565744722956 -0.26074675086405297 0.8397269147923672 0.2898607944336837 0.4591725475500101 0.0 0.0 0.0 0.0 0.0 0.0
7.200863174406333 30.381932123660782 2.6452591420697606 0.5430081598459708 -0.4496827556522005 -0.7091738557009385 0.8397269147923672 0.2898607944336837 0.4591725475500101 0.0 0.0 0.0 0.0 0.0 0.0
7.589723122002744 30.146419604897332 2.9316276053812267 0.44039884691735365 0.1311330603349064 -0.8881739560024638 0.8397269147923672 0.2898607944336837 0.4591725475500101 0.0 0.0 0.0 0.0 0.0 0.0
8.078972000611136 29.94079887136333 3.015536787475498 0.1704746489687693 0.6621292342729306 -0.7297419209419977 0.8397269147923672 0.2898607944336837 0.4591725475500101 0.0 0.0 0.0 0.0 0.0 0.0
8.607080580815952 29.886110517615773 2.9331012757296784 -0.1642157183071875 0.9415714419002205 -0.2940687294813807 0.8397269147923672 0.2898607944336837 0.4591725475500101 0.0 0.0 0.0 0.0 0.0 0.0
9.09775618286559 30.046053403675955 2.783632787845693 -0.4365177886578472 0.8632949165146055 0.2533260888761804 0.8397269147923672 0.2898607944336837 0.4591725475500101 0.0 0.0 0.0 0.0 0.0 0.0
9.488927541255618 30.40278439311926 2.691909989891949 -0.5429794529091602 0.4570382188237947 0.7044780906833379 0.8397269147923672 0.2898607944336837 0.4591725475500101 0.0 0.0 0.0 0.0 0.0 0.0
9.75632671627013 30.86369725892417 2.760772994875907 -0.44315414486794685 -0.12285493946970288 0.8879870875943261 0.8397269147923672 0.2898607944336837 0.4591725475500101 0.0 0.0 0.0 0.0 0.0 0.0
9.92270889001813 31.29660533741133 3.0320526844175455 -0.1749671680492111 -0.6560734522336089 0.7341349435758473 0.8397269147923672 0.2898607944336837 0.4591725475500101 0.0 0.0 0.0 0.0 0.0 0.0
10.049207292303963 31.579961451818455 3.470678457446887 0.15969276120647025 -0.9400386915307953 0.3013726604111963 0.8397269147923672 0.2898607944336837 0.4591725475500101 0.0 0.0 0.0 0.0 0.0 0.0
10.212107664531551 31.649035716912778 3.978002137899665 0.4336827405592269 -0.8668675153066412 -0.24588613512584878 0.8397269147923672 0.2898607944336837 0.4591725475500101 0.0 0.0 0.0 0.0 0.0 0.0
10.473866031115461 31.520507504616923 4.429276066113688 0.542909395984779 -0.4643588767655302 -0.6997286769316347 0.8397269147923672 0.2898607944336837 0.4591725475500101 0.0 0.0 0.0 0.0 0.0 0.0
10.85938061159677 31.286128671751296 4.72104682040415 0.44587569491466633 0.1145674627252064 -0.8877325955314868 0.8397269147923672 0.2898607944336837 0.4591725475500101 0.0 0.0 0.0 0.0 0.0 0.0
11.346532570763376 31.07786549561875 4.810458901610665 0.17944636270239206 0.6499677076608077 -0.738472058991425 0.8397269147923672 0.2898607944336837 0.4591725475500101 0.0 0.0 0.0 0.0 0.0 0.0
11.87458933395428 31.01776247889875 4.731536253734028 -0.15515764288371242 0.938434353575502 -0.3086536406461104 0.8397269147923672 0.2898607944336837 0.4591725475500101 0.0 0.0 0.0 0.0 0.0 0.0
12.367277907567798 31.17157560260416 4.582255998760308 -0.4308146658408429 0.8703740987811719 0.23842745619433997 0.8397269147923672 0.2898607944336837 0.4591725475500101 0.0 0.0 0.0 0.0 0.0 0.0
12.761762264547295 31.5237905295131 4.48732528992822 -0.5427979944079352 0.4716441719809614 0.694925976132073 0.8397269147923672 0.2898607944336837 0.4591725475500101 0.0 0.0 0.0 0.0 0.0 0.0
13.03251580162234 31.983516760265406 4.550802979221315 -0.44856328980094085 -0.10627126122485761 0.8874104991945009 0.8397269147923672 0.2898607944336837 0.4591725475500101 0.0 0.0 0.0 0.0 0.0 0.0
13.201019322673197 32.41901845367767 4.816565919728207 -0.18391189182029907 -0.6438124655306161 0.7427529369005995 0.8397269147923672 0.2898607944336837 0.4591725475500101 0.0 0.0 0.0 0.0 0.0 0.0
13.32760012219682 32.707763075314645 5.251639415572345 0.15061070870573115 -0.9367585502108879 0.3159111157112879 0.8397269147923672 0.2898607944336837 0.4591725475500101 0.0 0.0 0.0 0.0 0.0 0.0
13.488512637508887 32.7829735559559 5.758724860183029 0.4279137829176878 -0.8738143998982904 -0.2309506200889328 0.8397269147923672 0.2898607944336837 0.4591725475500101 0.0 0.0 0.0 0.0 0.0 0.0
13.746968113101367 32.658998016645725 6.213165103677569 0.5426452566622888 -0.4788935496666519 -0.6900703540289138 0.8397269147923672 0.2898607944336837 0.4591725475500101 0.0 0.0 0.0 0.0 0.0 0.0
