t = 100
b = 30 30 30
E = -0.388942152350248 -0.58100366205331 0.192061509703062
5.96014170078787 23.440075332941 12.9709885978911 -0.461332758600949 0.547627454589761 0.698051673537057 0.869531472909772 0.435424675507317 0.233067055211649 -0.0893741580607961 0.138346899290562 0.351274444818673 0.245071516582166 0.182874577921637 -0.44686438542224
6.18043732084589 23.8377716035507 12.9854172290993 -0.0976742383252358 -0.178497656236484 0.97908028923271 0.920747658768751 0.357187223810958 0.156974262532085 -0.597721915911893 0.144019587656855 -0.0183859712398499 0.572699097705719 0.0226958472974038 0.057630337335901
6.54066590904532 24.1408543037708 13.191628571415 -0.0112428727482044 -0.597025036842321 0.802143742780031 0.935065940078429 0.277954495814903 0.219983790192849 -0.264083818047496 -0.316968142791511 -0.000339208579866662 0.276942994713391 0.289662865869279 0.222245345325249
6.93595397755075 24.3962001052318 13.39388321453 0.00306643650427086 -0.943402731487772 0.33163498696097 0.982830087882059 0.0640262024919481 0.17304780999153 0.212521661583762 -0.429996063735229 0.0119321714288043 0.474733076807977 0.170916114004976 -0.165912850311397
7.24761927398507 24.3434889559914 13.7527763297154 0.284252378304106 -0.845554568896202 -0.451926918710354 0.9203404444747 0.108565607710509 0.375748406056505 0.668071357802665 -0.711693814239952 -0.00176624697574414 0.346620124432307 0.211693558835428 0.442977840111447
7.74102905668737 24.2982713790114 13.9809413353507 0.0960573196676286 -0.614783255860645 -0.78282464249465 0.994741697937877 0.0312243377073392 0.0975391116721894 0.4304741701483 -0.820522583428063 -0.317456193662274 0.480373244677365 0.188164319076474 -0.212875348153386
8.19132722087136 24.0919956305908 14.0604721928141 -0.0360736666420609 0.0788801741630568 -0.996231142933735 0.993985470883162 0.105976100728358 -0.0276013115300582 0.110565771938655 -0.137935382369334 -0.578725000704577 0.495116750947001 0.410956001899598 0.51481788513741
8.55424522489914 22.4472656733502 14.7828946866581 -0.0990719580474793 0.633016421534456 -0.767772647581073 0.943444457793752 0.305070686936043 0.129785639913258 0.0728761825091147 -5.96354711884402 2.24849683376274 -0.0523504835116498 0.366779274132927 0.192861015291448
9.20844610506489 23.7964882196043 13.9118249674528 -0.258677449089305 0.883717819140086 -0.390036761225285 0.963199573422984 0.266499856840816 -0.0349898757169994 0.449800480856221 -0.16883622787758 0.277921294712605 0.219780859091071 0.471664862504998 -0.235833535580039
9.47913823545902 24.1233315077475 13.7228105983803 -0.319603569562427 0.887837874395514 0.331054901813371 0.941214587464398 0.33779801659775 0.00273570415547671 0.410707728603278 0.207928654168654 0.240261881752982 0.417287425371255 0.0995251298779889 0.141553565218923
9.75369889822588 24.4588529455981 13.5583233173199 -0.0701178493347896 0.404657864783886 0.91177595107362 0.974357131057934 0.223685989774168 -0.024344215806557 -0.227165444804705 0.321649722416068 -0.0902779672389835 0.459418897343961 -0.161899734393623 0.289470990702702
10.1421394812155 24.7575741091965 13.5284183020624 -0.0840958058496325 -0.100065875987996 0.991420494737891 0.972377919466264 0.209164483006922 0.103591899353886 0.107226424548141 0.0411014544409262 0.11308456385124 0.300951464823281 0.144645805732434 0.246555346738523
10.4855153527113 25.0267053185242 13.7394623331684 -0.124968470772919 -0.531996027558577 0.837474172874755 0.914697968980029 0.265197376961816 0.304955505074177 -0.204662056032884 -0.647721087608954 0.285920423356529 0.357835197884152 0.248609947665951 -0.454886788968733
10.7022775504083 25.2795481162564 14.030824094955 0.283730268937561 -0.897866476809654 0.336649380118568 0.931722949696899 0.341136483044276 0.124571769884962 0.191726100933757 -0.370932543436675 -0.203404023659984 0.51563277773641 -0.143794362892468 0.369366293504287
10.9724567384845 25.4182311553465 14.2987388683622 0.518935327346462 -0.696689956260104 -0.49530709684119 0.852180354577814 0.467084170553599 0.235840839885918 -0.171166545066706 0.00606071693365629 0.0974561706652057 0.146592789534145 -0.146443691909033 0.583627580478032
11.4478607500806 25.4984527300769 14.4529163475478 0.21689597155885 -0.511001609462141 -0.831765215546507 0.976143404597264 0.104799539141312 0.190160440535033 -0.0749316902729809 0.562086339671221 -0.488001978909576 0.185433076763367 0.0283316302229893 -0.109762423829067
11.8342696978055 25.2169606756867 14.5898950284114 0.145950036052446 0.141329352480916 -0.979144771402728 0.988786170342873 0.0108035999997231 0.148946560413333 0.380259480539953 0.391293237392634 -0.145188647654836 0.464790072375229 -0.000595641003526821 0.488395827773244
12.2554494089528 25.0324739209756 14.5826704534121 -0.0289156771844776 0.69076974282637 -0.722496317444125 0.99245364303201 0.106005940425064 0.061631081142389 -0.102825370646396 -0.01883075944429 0.0694329138732021 0.138911583125968 -0.314609321600285 0.172667296044596
12.6930809817322 24.9560674552008 14.4716132270733 -0.175017548083253 0.978415825190908 -0.109869089183404 0.963078651654202 0.193314751685335 0.187373420010078 -0.389051768340141 -0.446365793462244 -0.107227627966495 0.165286609482219 -0.498610568574012 0.0615514400343289
13.1447317452087 24.6803200756486 14.1115607550022 -0.228722947153443 0.90188745109767 0.366448796435471 0.963716970829041 0.262980867318213 -0.0457225130244607 0.479155264812194 -0.0417097524297245 -1.19509749513274 0.381144585840074 -0.639252294528832 0.216632083309614
13.488467523582 23.9923927360982 14.8675153492291 -0.0512106554625735 0.665290130337974 0.744826418090887 0.922530203278161 0.317167353068744 -0.219869926851069 -0.334010015780957 -4.91750137798966 3.7473454422312 0.555016638514744 -0.507697676266869 -0.268384134073324
13.8274244332686 25.3798423889326 14.1777169601784 0.000807046695529515 0.0796165784937786 0.996825175421703 0.938766140496648 0.343399889609474 -0.0281874416500696 -0.00140921759531495 -0.337952366233967 0.488000048273904 0.323589426183845 -0.34390634781947 -0.311509576801296
14.225898994274 25.7369121204771 14.2075145255619 -0.0549435103299893 -0.516797504726153 0.854342689845741 0.917823331600769 0.310777484446574 0.247017348382119 -0.280613878005916 -0.441553145631658 0.192616723993385 0.474167777715578 -0.329902146411498 -0.468775418865942
14.4319747786706 26.0982110882823 14.4547483020609 0.339916562441703 -0.905790502393297 0.252982564927105 0.892372146131259 0.395561364438091 0.217262613040787 0.0177295168174314 -0.505066924024608 0.108038119293915 0.41812721372027 -0.495778575667282 0.127532160091616
14.9023309868671 26.3355726369163 14.6775047610623 0.189182062188354 -0.959896482163633 -0.206902809671372 0.944304285187316 0.120068288151442 0.30638686118635 -0.0165624326898968 -0.384106850421926 -0.178479821987089 0.400668734215248 0.202458694529268 -0.328515955549347
15.2946933329172 26.3941260255322 15.05180836276 0.211447540162164 -0.598135292900997 -0.772996759409631 0.960393634356959 -0.0196967032326155 0.277949630759621 0.717170140344941 0.643448190524541 -0.102692251185633 0.367853738936567 -0.116713001394202 0.195382834150776
15.6917820414775 26.1954859037325 15.1318069055027 0.153779113208579 0.346028132722394 -0.925535741648446 0.97521592279522 0.0976483566211731 0.198541142186613 0.336064858760235 0.0070736294169445 -0.51103557057922 0.227926464231043 -0.260427159206963 0.60111999154764
7.15372833038048 3.77233483865534 20.9851065534614 -0.0620615972902623 0.921950610241451 -0.382302644909543 0.926468434638021 0.19568261825321 0.321503395510153 -0.679377236458679 0.644953899870966 -0.0859798356311923 -0.00540888627251737 -0.47711854468141 -0.125295464533528
7.68728897232672 3.97262403251211 21.0492042570649 -0.517890265650913 0.855071337975247 -0.0253489090904058 0.843680789256059 0.515440512594203 0.150078933787946 -0.147271201802375 0.317560289520906 -0.119859232763735 0.144952374912787 0.167412606464907 -0.673954210683485
7.97073473931621 4.28646483619405 20.8400411924663 -0.261087561368834 0.548871819109688 0.794086199601331 0.930302563275435 0.362609590295735 0.0552386401406689 -0.184341227038066 0.0525782255242212 -0.113148484026548 0.263821699016639 -0.360725091958362 0.110558206656667
8.42193211183784 4.63478665846176 20.9176089127144 -0.337766123688323 0.127634852816534 0.932535937601215 0.902515311774533 0.325149091741518 0.282389910760546 0.0956188578467103 0.454349858608559 0.300794806564941 0.188876370556459 -0.0226844851412856 -0.447293310678266
8.66757756790139 5.07096574903632 21.0348192818222 0.0912163899419931 -0.54565385071474 0.833031407698217 0.873694355559701 0.44525218079469 0.195980992360239 0.160517867732266 0.169745238672737 0.0595297932545093 0.114559010733409 -0.264314654360062 0.00862958043753604
8.96825480225437 5.40038442500915 21.2645130782676 0.363375683355253 -0.905755168424236 0.218095327014265 0.912101157684745 0.39356388465215 0.114799083763431 0.446262163501499 -0.239886265195073 0.482377454524012 -0.0949857095125385 0.229364440706153 0.551434633379884
9.5458790452075 7.26267726217516 20.7937911923945 0.270724931391991 -0.823647748494301 -0.498309427851768 0.936563119849411 0.10564880363094 0.334197152958991 1.9105405365635 6.7554028218945 -3.55389620127217 0.383755681460777 0.364228530109224 0.532711055051634
9.28194487520509 5.30341526530015 22.0010750478966 0.541698892085015 -0.521567055623004 -0.659188894172228 0.840290099363236 0.315678183543635 0.440749042000993 -0.133506345521013 -0.306976098672941 -0.819160417615259 0.415080146951674 -0.182639034503335 -0.315892193581428
9.77052118222859 5.3447029256442 22.2003836103256 0.317170584251773 -0.0383808892501762 -0.94759147816513 0.918705440742299 0.260379483622122 0.296955755994739 -0.371424746313504 -0.130634484324672 -0.400685716985865 0.241786244617356 -0.239834097822079 -0.320394922965619
10.2516757305495 5.24635334246639 22.2907267530973 -0.0117329584623488 0.589112425291762 -0.807965821633812 0.836418628191844 0.448580459983903 0.314927501378364 -0.0235352471254428 0.460047689181991 -0.452559209408135 0.46456713707594 0.12009750975285 0.403945303370538
10.7023542032867 5.32246053677038 22.0658629858941 -0.30958426302089 0.93620493288537 -0.166366444014778 0.939961225685387 0.327740123373917 0.0951797779740344 -0.0406488201196285 0.398200149268659 -0.137619279988682 0.298016733050677 0.0888186022507051 0.419461650652916
11.1538622853305 5.61719029020162 21.9167644184895 -0.487038600447767 0.820953788853791 0.298040534225145 0.866781017578711 0.496214902909443 0.0496117307741779 -0.151957555224316 0.740404344879747 -0.33494479178968 0.652471985348515 0.29872308395356 0.246676263335286
11.3873323630391 6.06098428048103 21.8111367677657 -0.399073616177013 0.376248940662168 0.836167966562592 0.77462801267951 0.6262790314342 0.0878971411670299 -0.564111383071578 0.947333176125526 0.299722187240327 0.698647748746506 0.228279729701243 0.659260010793031
11.2192142633757 7.16305203986276 21.2782531097538 -0.355262015747068 0.122738072958546 0.926673701951907 0.791017949847317 0.567694739175469 0.228063963047463 -2.59764789305072 4.05475969633352 -1.78464143139535 0.451740016180394 0.0937613733750899 -0.41825427093907
12.0850773617389 6.78689312773695 21.8387426005098 -0.0269292579380863 -0.500696923351548 0.865203610421751 0.641318898936262 0.655267632620076 0.399167004048798 0.484731363471398 0.225603785832081 -0.473602755965444 0.660113839356453 0.462712041447136 -0.48445188395115
12.2271121857575 6.91182904673387 22.3104369517949 0.348716987021069 -0.830267650043932 0.434801073134867 0.827422940960826 0.490618766509898 0.273247843699765 0.169380075109387 0.170532367132136 -0.320138143637345 0.43252165239329 0.256420471338191 0.365326787829707
12.4940406639507 7.04262377585862 22.6842226339177 0.536812734638069 -0.808678031411118 -0.240565605631311 0.815801645858863 0.42479578364823 0.392448850124785 -0.12850761093742 -0.0470768182260548 0.598938431257653 0.3635255713026 -0.164095622025297 -0.208540312969056
12.8377868527058 6.95596555751922 23.0356347362872 0.48253853151865 -0.501577651363472 -0.718036423903069 0.875476940371994 0.251501767683541 0.41265830198858 -0.0545068597169822 0.277890205687031 -0.16398654767211 0.675015361690665 -0.0509567874238307 0.227284173076911
13.1776678853754 6.86718520509296 23.3639535084996 0.335964538876597 0.146467962189538 -0.930416490864043 0.929239374196828 0.109718214870332 0.352811550169053 -0.0193209686474672 -0.102582102975111 0.470628032058806 0.333916426904067 -0.30369816456331 0.335655157117844
13.6486682431867 6.86882040882512 23.3861237431138 -0.0960209682547959 0.868355309433534 -0.486558254218711 0.95266656913494 0.22182906249073 0.207889778135711 0.241140990588917 0.212612400348483 -0.398133185689377 0.235826908813252 -0.256866071745487 1.08647927232342
13.3097896256364 8.67487578198691 20.9825552599564 -0.142228591415306 0.812193840405918 -0.565784482135209 0.957926219552846 0.25690136745296 0.127980192168123 -3.32584259786551 7.88872974807471 -8.53011297383805 0.361172665794513 -0.321984403598604 -0.274775926297158
14.4612732321379 7.12366440033913 22.5195911769113 -0.356620929113095 0.926892459816955 0.117011807474099 0.926851539229962 0.335281016661237 0.168916385532344 -0.88256909308601 0.858829286662602 -0.817447553654194 0.0297658394021379 -0.0505241084700756 -0.223116346635253
15.0478616858737 7.32390648178134 22.8404460897693 -0.679785619191787 0.567196402917214 0.464951222603588 0.703050164874493 0.684477007720738 0.192903035919852 -0.130379963677909 0.0299964991150438 -0.0142190521966684 0.39683947307493 0.120568748839508 -0.685400667304053
15.1344663771656 7.70744902728885 22.7444022619114 0.0170389604647608 -0.00560971901977447 0.999839030674833 0.885420686717058 0.46462273132826 -0.0124822555229894 -0.248324580017089 0.0639207912843186 0.361429261848962 0.56793742065622 -0.453380213309706 0.112932488624016
15.4599119901804 8.08780395836494 22.8347191011017 0.275385304893194 -0.578956081089837 0.767445551848561 0.826209341679121 0.550663283030805 0.118945171982721 -0.0900477764181773 -0.29642745083333 -0.350147362726761 0.45323369154197 -0.287934069992219 0.266936992043364
15.6483219178491 8.42052695066369 23.1023693232443 0.534428289587184 -0.758311373047956 0.373296325244277 0.648742318356825 0.651123558699039 0.393918019998911 -0.0464662762245791 -0.45876401950074 -0.459038103107522 0.450133080433668 -0.243181791505745 0.330943932931945
15.8841035306167 8.73065192308977 23.4587589748346 0.669695496370312 -0.683892046035414 -0.289481425802153 0.720064414577983 0.502604255313863 0.478430859896609 1.11341378460183 0.771256271964319 0.324377800375468 0.293029538735125 -0.867990827171959 0.675567906596135
6.35484134103244 29.8195869286728 1.06106973526634 -0.355823306468842 0.13926162464012 0.924118965271616 0.934042319126358 0.0856850865895447 0.346731738829926 -0.0967144090943417 -0.263337408492997 0.0282164312026032 -0.212493403228292 -0.270866281828558 -0.570546099950538
6.60971046484492 30.148378983455 1.33055469762739 -0.0818607183288282 -0.683680508897208 0.725175610241853 0.795640938273026 0.393365690873415 0.46067213117657 -0.514034852856132 -0.226471373761133 -0.0452733721547735 0.0780388100727257 0.0706738161208191 -0.257301901190524
6.83870648930409 30.2812427215796 1.72110355886624 0.221793732822075 -0.928964816679231 0.296364286441783 0.682003011983316 0.365013192399597 0.633748490099642 0.243120517663501 -0.241670496241687 0.281751053578859 0.521377943882046 0.342162983608474 0.272190674522114
7.13249842446709 30.3833582782327 2.15199071061676 0.35408721987334 -0.924736791652101 -0.139585065942476 0.730539715641624 0.180309872543991 0.658634923150761 0.552522342711533 -0.205205323636495 0.235267633826612 0.666138767697885 0.209467825481569 -0.262145335621412
7.44426979532591 30.2444463710991 2.56961128950476 0.477987598822723 -0.639686287553194 -0.601937866678792 0.797771419536812 0.0294087871097729 0.602242290685726 0.393590371468467 -0.311086219150072 -0.243724686182904 0.512320741850382 0.165899858813287 -0.318599198642401
7.75329159468733 30.0547103388523 2.87698438771451 0.406337782780627 0.073221750581637 -0.910784311758226 0.873354403012474 0.261884371056324 0.410692760933799 0.659999843845369 -0.0816128592302897 -0.0641937288012357 0.401758018399291 -0.142874872337555 0.169214185996473
8.08844336546884 28.0276755967247 4.78679047234624 -0.00299989351251732 0.617587269225635 -0.786496564790111 0.885474124083708 0.367112179391165 0.284893145792202 0.434983553335755 -8.00308820380817 7.45799559284366 0.123173920432477 0.595100319297197 0.331866560418758
8.86554285124628 29.5163127563961 2.86136815686601 -0.350221461248822 0.902936952060852 -0.249097714577354 0.846312247579619 0.419001357019851 0.328927536363169 0.535326577896589 -1.44907145266991 -0.0478380165455974 0.251827967036565 0.525345683735979 0.176424197740887
9.0736386190424 30.0772436320387 2.89405517000403 -0.510834683841958 0.811150185082918 0.284751092075084 0.828206268104998 0.375548681065912 0.415977700088216 -0.0509478891471516 -0.246806613898598 0.23717738833085 0.570383606118029 0.501235465512145 0.265447851051677
9.33761022291497 30.4424014280719 2.81417120289865 -0.414258167776967 0.341951752740784 0.843480321948982 0.846321702577605 0.485680166599237 0.218756126016269 -0.0799220615549359 0.268705234249379 0.265085083046498 0.407427266123934 -0.165589866246515 0.437095627939215
9.63897448802893 30.7985941154212 2.95133607686994 -0.505203218477326 -0.0583004939668011 0.861028827638453 0.794100258289585 0.359238504694153 0.490257440607919 -0.03670534762261 -0.000759854982419285 0.270390713649538 0.407861530605755 -0.155903493023961 -0.256869123806677
9.88556029683737 31.0959110607617 3.21321067374474 -0.315430954691495 -0.591980083033591 0.741662171503571 0.817080450661977 0.228026137219336 0.529512510412387 -0.0151243792091849 -0.2593715552207 0.362844963026526 0.263495811594314 0.301627144031105 -0.0119295146753221
10.1115512974798 31.3506372551286 3.57085664816236 0.0796845831027684 -0.95711671409302 0.27852799438284 0.839199295375625 0.215205401539827 0.499430734566801 0.0712079869220109 -0.311073899313449 0.390933516799388 0.163112810012071 -0.125588835539607 -0.25945043738274
10.3915931230076 31.5232316775611 3.96674774137918 0.243611537231156 -0.94006525216638 -0.238601388372424 0.87631098956976 0.1079242655311 0.469501101015443 -0.503905548329702 -0.581773751895703 -0.579999116097736 0.600989861912832 0.657748949093061 -0.16836192236382
10.4484439597248 31.3364601724429 4.41994846145901 0.659560325237963 -0.466954393810561 -0.589010740747067 0.733687181771611 0.229653280889852 0.639501660169877 0.536926001298526 -0.495734154004278 0.0219924462165898 0.268512982991104 -0.310352665675241 -0.023616478291608
10.895673922545 31.3648427681029 4.6826306786604 0.358619392604317 -0.0220400351679637 -0.933223579915802 0.905290562701153 0.252053640311443 0.341932508848812 0.450897345454245 0.0614849405046131 -0.0842713876012507 0.0746688416371932 0.185701652082648 -0.130795491859424
11.3541412951474 31.3233990451825 4.74849811518831 0.113689191402089 0.646010178157694 -0.754814876859195 0.866013760907737 0.307913376916635 0.393966241135793 0.0989127591016442 0.210859423526907 -0.0284598293705544 0.534671696886174 0.0498255244131558 -0.225497383413539
11.8443488974715 31.205560866941 4.61369767733169 -0.0273918572893436 0.896863050945678 -0.441459215409566 0.886925013376388 0.225515108708084 0.403121368833815 -0.129941482683956 1.04407249087918 0.193809800311268 0.433015713544652 0.015508754779569 -0.0904109420039172
12.350333124928 31.2546025321716 4.4874689847703 -0.376177236092132 0.882144967128765 0.283391645670253 0.904794161326776 0.283853991489323 0.317449713001941 -0.490089377166955 0.252201482196917 -0.0306269804293219 0.258525703493942 0.240631477654914 0.0362024112794304
12.6402725950482 31.6688308689613 4.54908519091825 -0.541643991698404 0.441898960317478 0.715085292864973 0.835337017759205 0.378064991696625 0.399097495558163 0.158456033509881 0.119676590095572 0.0792214208311603 0.586948251918626 0.0843924898666228 0.0817654648977772
12.9424601862279 32.0455606871494 4.66747308066875 -0.442008902511644 -0.104401411322609 0.890914337186818 0.728828883062681 0.537188064617947 0.424543674979432 -0.0196563453883129 0.195845566176494 0.37150774328025 0.406363962414967 0.293414042152816 0.118152375222597
13.1564362570808 32.3993053292559 4.99234261489904 -0.350302646373318 -0.563606045245921 0.748088340360181 0.715889815106653 0.353919145621284 0.601866177454971 -0.447351331525955 -0.362245416171703 0.445104473183789 0.522432450734771 -0.164165952000019 -0.539737816909769
13.290598818822 32.6746286359924 5.38792342312075 0.0314801959662176 -0.93633086411665 0.349704721053485 0.825148352203856 0.221788596752519 0.519557404173435 0.0174859951678962 -0.0691356057484133 0.309355957777635 0.469319411845399 0.172891575867987 0.0996569770176303
13.5029487926722 32.8364169001089 5.80997967476788 0.414316537520628 -0.867007985600022 -0.276837209566963 0.836171324840152 0.242501553913779 0.491945518251216 -0.156292816932219 0.475641909430349 -0.00689951911982584 0.470968569891311 0.165588229847001 0.142256194559823
13.8009155452568 32.7346152975791 6.16127432778771 0.566814821313654 -0.217768260477685 -0.794542530575634 0.805201839967006 -0.057574842637451 0.590199145044673 0.515379845837323 -0.31251442860669 -0.227183232815486 0.428848128513782 -0.0321209077128229 0.565375229541091
