t = 0
b =  30.0 30.0 30.0
E = 0. 0. 0.
13.704602217422776 7.708638562553048 8.668624140203335 0.7462659084621985 -0.5882658810523906 -0.311497106016644 0.6466529003764285 0.529697416986368 0.5488721826370168 0.0 0.0 0.0 0.0 0.0 0.0
13.986152031721964 7.633070870340118 9.119960298825779 0.6970850191785748 -0.11822576469790844 -0.7071740553770343 0.6466529003764285 0.529697416986368 0.5488721826370168 0.0 0.0 0.0 0.0 0.0 0.0
14.426602398076719 7.53055361134432 9.410096109273766 0.3830698764690053 0.39673029629468565 -0.834183757779994 0.6466529003764285 0.529697416986368 0.5488721826370168 0.0 0.0 0.0 0.0 0.0 0.0
14.954373554825896 7.518471035872032 9.510079705888174 -0.07647991689793171 0.7609618847480961 -0.6442731037936554 0.6466529003764285 0.529697416986368 0.5488721826370168 0.0 0.0 0.0 0.0 0.0 0.0
15.464711112111743 7.679849745971774 9.463201228220735 -0.5069737111593228 0.8360913305814595 -0.20959232600424055 0.6466529003764285 0.529697416986368 0.5488721826370168 0.0 0.0 0.0 0.0 0.0 0.0
15.859483995986874 8.031815501185209 9.368546173245797 -0.7448597164028502 0.5935757012253313 0.30471608063100525 0.6466529003764285 0.529697416986368 0.5488721826370168 0.0 0.0 0.0 0.0 0.0 0.0
16.08446608407093 8.519086856169846 9.343351158438603 -0.6997610619945875 0.12555073891720275 0.7032577536533464 0.6466529003764285 0.529697416986368 0.5488721826370168 0.0 0.0 0.0 0.0 0.0 0.0
16.149937616055308 9.034977506041118 9.478463770704726 -0.3888114807535259 -0.39017304820198584 0.8346200482201591 0.6466529003764285 0.529697416986368 0.5488721826370168 0.0 0.0 0.0 0.0 0.0 0.0
16.126779558767947 9.461928197297935 9.803828049223991 0.06985408260709725 -0.7576635709637491 0.6488962323650678 0.6466529003764285 0.529697416986368 0.5488721826370168 0.0 0.0 0.0 0.0 0.0 0.0
16.119544741808834 9.716169453713645 10.277108244328423 0.5019809120873042 -0.8373050356570045 0.2166458888680327 0.6466529003764285 0.529697416986368 0.5488721826370168 0.0 0.0 0.0 0.0 0.0 0.0
16.226736489554877 9.779547000905504 10.799772876617096 0.7433968003922564 -0.5988403183105021 -0.29791184993607017 0.6466529003764285 0.529697416986368 0.5488721826370168 0.0 0.0 0.0 0.0 0.0 0.0
16.503385561341346 9.706418878695944 11.25452849333903 0.7023838152964944 -0.1328661519616391 -0.6992878961289448 0.6466529003764285 0.529697416986368 0.5488721826370168 0.0 0.0 0.0 0.0 0.0 0.0
16.940143045925193 9.60300391296609 11.549881412135248 0.39452347553844225 0.383586086921049 -0.8349927791122895 0.6466529003764285 0.529697416986368 0.5488721826370168 0.0 0.0 0.0 0.0 0.0 0.0
17.466832169171724 9.587027407819443 11.654897700659735 -0.06322292865742113 0.7543075581650596 -0.6534699449760817 0.6466529003764285 0.529697416986368 0.5488721826370168 0.0 0.0 0.0 0.0 0.0 0.0
17.979109623841484 9.74299533429084 11.610955494665461 -0.4969498852253322 0.838454976712326 -0.22368295330860893 0.6466529003764285 0.529697416986368 0.5488721826370168 0.0 0.0 0.0 0.0 0.0 0.0
18.37810733653758 10.090089099085839 11.516024752426295 -0.7418772718371351 0.604059331386929 0.2910849321003497 0.6466529003764285 0.529697416986368 0.5488721826370168 0.0 0.0 0.0 0.0 0.0 0.0
18.607994101775198 10.574878207477239 11.487446829618406 -0.7049530793514771 0.14017144673419124 0.6952647851238498 0.6466529003764285 0.529697416986368 0.5488721826370168 0.0 0.0 0.0 0.0 0.0 0.0
18.677186790393268 11.091619401562202 11.617354536456036 -0.4002054258332366 -0.37696991407447933 0.8353019220714846 0.6466529003764285 0.529697416986368 0.5488721826370168 0.0 0.0 0.0 0.0 0.0 0.0
18.65515263960017 11.52243029187251 11.937669342712674 0.05658696003695035 -0.7508941019253952 0.6579938933207738 0.6466529003764285 0.529697416986368 0.5488721826370168 0.0 0.0 0.0 0.0 0.0 0.0
18.646017488128006 11.782074848022008 12.407973877655587 0.49188101370558057 -0.8395410661749603 0.23070298342626694 0.6466529003764285 0.529697416986368 0.5488721826370168 0.0 0.0 0.0 0.0 0.0 0.0
18.749006629207084 11.850345991720726 12.9308671649296 0.7403012464554688 -0.6092323430065596 -0.28423584702006865 0.6466529003764285 0.529697416986368 0.5488721826370168 0.0 0.0 0.0 0.0 0.0 0.0
19.020747462709302 11.779742603661575 13.388968881931893 0.7074686585001303 -0.14746606690837855 -0.6911887270135403 0.6466529003764285 0.529697416986368 0.5488721826370168 0.0 0.0 0.0 0.0 0.0 0.0
19.453755799177156 11.675524321010634 13.689514106863166 0.4058568989353957 0.37032503350945467 -0.8355474535553106 0.6466529003764285 0.529697416986368 0.5488721826370168 0.0 0.0 0.0 0.0 0.0 0.0
19.97927922852764 11.655721641400467 13.799596263465968 -0.04994668210038705 0.7474234621926645 -0.6624677328829623 0.6466529003764285 0.529697416986368 0.5488721826370168 0.0 0.0 0.0 0.0 0.0 0.0
20.493417310121764 11.806294163514831 13.758668879513522 -0.48677468354224007 0.8405632213349901 -0.23770544461853382 0.6466529003764285 0.529697416986368 0.5488721826370168 0.0 0.0 0.0 0.0 0.0 0.0
7.921062850440976 8.164201701581737 23.93267776011627 0.4307814591533038 0.4916380394036974 -0.7567822491714767 0.7820566185939122 0.21510324089736962 0.5849085749661261 0.0 0.0 0.0 0.0 0.0 0.0
8.433421335198702 8.007201767600463 23.971727804226415 0.08487835211829811 0.8930366849057223 -0.4419062624067233 0.7820566185939122 0.21510324089736962 0.5849085749661261 0.0 0.0 0.0 0.0 0.0 0.0
8.965127842992493 8.05376957404289 23.91004530191635 -0.29327145997681947 0.955155763034916 0.04085730172505153 0.7820566185939122 0.21510324089736962 0.5849085749661261 0.0 0.0 0.0 0.0 0.0 0.0
9.42998311225677 8.318065166723144 23.857676222820086 -0.560002541189411 0.6543951974343966 0.5080984938338224 0.7820566185939122 0.21510324089736962 0.5849085749661261 0.0 0.0 0.0 0.0 0.0 0.0
9.767185784636414 8.731530165249143 23.921128211380584 -0.6139792942609503 0.10501895542430228 0.7823045731813238 0.7820566185939122 0.21510324089736962 0.5849085749661261 0.0 0.0 0.0 0.0 0.0 0.0
9.96443185757039 9.168934237968537 24.162906552013013 -0.4346950482563737 -0.48425574357478496 0.7593000657422732 0.7820566185939122 0.21510324089736962 0.5849085749661261 0.0 0.0 0.0 0.0 0.0 0.0
10.062589180576625 9.49595219870293 24.577767366522806 -0.0902628857055644 -0.8895535892655373 0.44782476850761965 0.7820566185939122 0.21510324089736962 0.5849085749661261 0.0 0.0 0.0 0.0 0.0 0.0
10.140171075946153 9.620196390774401 25.094709851104735 0.2884616562397601 -0.9568951538514183 -0.03378664551393096 0.7820566185939122 0.21510324089736962 0.5849085749661261 0.0 0.0 0.0 0.0 0.0 0.0
10.28350781493199 9.526316302416692 25.603950668778666 0.5575947921578974 -0.6606962510553333 -0.50256194802215 0.7820566185939122 0.21510324089736962 0.5849085749661261 0.0 0.0 0.0 0.0 0.0 0.0
10.553948304334968 9.281830482842084 25.99863247458781 0.6148883440474717 -0.11348779623108099 -0.7804055640890635 0.7820566185939122 0.21510324089736962 0.5849085749661261 0.0 0.0 0.0 0.0 0.0 0.0
10.964552611111055 9.0114751165457 26.21542080750736 0.43857553364852864 0.47683656979612704 -0.7617600586733135 0.7820566185939122 0.21510324089736962 0.5849085749661261 0.0 0.0 0.0 0.0 0.0 0.0
11.475130224582124 8.849814661338028 26.258565911083515 0.09564054542461739 0.8860027506754831 -0.45370917101857 0.7820566185939122 0.21510324089736962 0.5849085749661261 0.0 0.0 0.0 0.0 0.0 0.0
12.007509103392067 8.89011856102495 26.198287994850006 -0.28362988503075304 0.9585616733971847 0.026713416318944194 0.7820566185939122 0.21510324089736962 0.5849085749661261 0.0 0.0 0.0 0.0 0.0 0.0
12.475234540984824 9.148926624323945 26.14409940270694 -0.5551445801241447 0.6669469900987626 0.4969871301723881 0.7820566185939122 0.21510324089736962 0.5849085749661261 0.0 0.0 0.0 0.0 0.0 0.0
12.816414754070632 9.559765275001471 26.20319904252439 -0.6157505677059566 0.12194799450279095 0.778447124091635 0.7820566185939122 0.21510324089736962 0.5849085749661261 0.0 0.0 0.0 0.0 0.0 0.0
13.017234605873249 9.998401974863006 26.4397457287724 -0.4424226198157819 -0.46938108306653115 0.7641620406266122 0.7820566185939122 0.21510324089736962 0.5849085749661261 0.0 0.0 0.0 0.0 0.0 0.0
13.11720420756801 10.33004324207043 26.850483176225644 -0.10101092174584878 -0.8823844395456657 0.459559021819541 0.7820566185939122 0.21510324089736962 0.5849085749661261 0.0 0.0 0.0 0.0 0.0 0.0
13.194148366472492 10.460544948519152 27.365977117162696 0.2787765143078834 -0.9601551947602995 -0.019638152793879482 0.7820566185939122 0.21510324089736962 0.5849085749661261 0.0 0.0 0.0 0.0 0.0 0.0
13.33463964058517 10.372179248110937 27.876994540552467 0.5526520916812864 -0.6731469385467058 -0.49137446482849967 0.7820566185939122 0.21510324089736962 0.5849085749661261 0.0 0.0 0.0 0.0 0.0 0.0
13.601107976385823 10.130369681880403 28.276003139223462 0.6165658995747358 -0.13039890596257855 -0.7764294023318263 0.7820566185939122 0.21510324089736962 0.5849085749661261 0.0 0.0 0.0 0.0 0.0 0.0
14.008122528394809 9.858835680932692 28.49802463120253 0.44623601378762756 0.46188985115017733 -0.7665058286819435 0.7820566185939122 0.21510324089736962 0.5849085749661261 0.0 0.0 0.0 0.0 0.0 0.0
14.516856593787521 9.692589486088048 28.54532109541541 0.10637360569430951 0.8786989314244869 -0.46537387542174524 0.7820566185939122 0.21510324089736962 0.5849085749661261 0.0 0.0 0.0 0.0 0.0 0.0
15.049838525945301 9.726642740309918 28.486535570082893 -0.273901913674122 0.9616755965879413 0.012561393747447414 0.7820566185939122 0.21510324089736962 0.5849085749661261 0.0 0.0 0.0 0.0 0.0 0.0
15.52038450826273 9.979909977033174 28.430613414850352 -0.5501175166419666 0.6792956242490844 0.4857243794166809 0.7820566185939122 0.21510324089736962 0.5849085749661261 0.0 0.0 0.0 0.0 0.0 0.0
15.865531185352149 10.388022672678076 28.485412147189184 -0.6173342775631303 0.13883988704081737 0.7743525524669614 0.7820566185939122 0.21510324089736962 0.5849085749661261 0.0 0.0 0.0 0.0 0.0 0.0
16.0699564944466 10.827783924942537 28.716724568227896 -0.45001542515935034 -0.45436344453337885 0.7687912443507726 0.7820566185939122 0.21510324089736962 0.5849085749661261 0.0 0.0 0.0 0.0 0.0 0.0
16.171800773216223 11.163973015729047 29.12328297760642 -0.11172818888085462 -0.8749465069776585 0.47115328900156794 0.7820566185939122 0.21510324089736962 0.5849085749661261 0.0 0.0 0.0 0.0 0.0 0.0
