t = 0
b =  10.0 10.0 10.0
E = 0. 0. 0.
0.9009985930489222 7.542980311041766 2.290342142613121 0.8884777977515754 0.34421236745683564 -0.30352108492207064 0.004856085418583028 0.6542932208056779 0.7562253629984517 0.0 0.0 0.0 0.0 0.0 0.0
1.1656052081112376 7.600326115346357 2.7544325434105117 0.4506213088435558 0.6736680166718964 -0.5857574919106662 0.004856085418583028 0.6542932208056779 0.7562253629984517 0.0 0.0 0.0 0.0 0.0 0.0
1.5329309647032612 7.811234565248303 3.08499950549598 -0.1584337492806442 0.7471859232247018 -0.6454548343793916 0.004856085418583028 0.6542932208056779 0.7562253629984517 0.0 0.0 0.0 0.0 0.0 0.0
1.8641417431616367 8.192464069859557 3.268435017775401 -0.7072971771820976 0.5368354052619917 -0.4599330938380376 0.004856085418583028 0.6542932208056779 0.7562253629984517 0.0 0.0 0.0 0.0 0.0 0.0
2.0341241078262158 8.696065221991834 3.3470287668426257 -0.9874465820938902 0.12253214143091318 -0.09967508127635694 0.004856085418583028 0.6542932208056779 0.7562253629984517 0.0 0.0 0.0 0.0 0.0 0.0
1.9790179930324419 9.227597579618767 3.402901577996624 -0.8924485212417608 -0.33832313155792526 0.29845116114070114 0.004856085418583028 0.6542932208056779 0.7562253629984517 0.0 0.0 0.0 0.0 0.0 0.0
1.7204782097406754 9.682009168761716 3.5268063407234242 -0.45839434622631114 -0.6706437904067944 0.5831908176030891 0.004856085418583028 0.6542932208056779 0.7562253629984517 0.0 0.0 0.0 0.0 0.0 0.0
1.357447420803223 9.983547484779601 3.783649468672974 0.1498115048652821 -0.7481756607138874 0.6463665320275614 0.004856085418583028 0.6542932208056779 0.7562253629984517 0.0 0.0 0.0 0.0 0.0 0.0
1.0285661691136374 10.114539135396376 4.187831867936159 0.701101460543764 -0.5414630886857948 0.4639767942626429 0.004856085418583028 0.6542932208056779 0.7562253629984517 0.0 0.0 0.0 0.0 0.0 0.0
0.8595010174151917 10.122104257910062 4.697777792050562 0.986031249570346 -0.12903963648589023 0.10531451507902423 0.004856085418583028 0.6542932208056779 0.7562253629984517 0.0 0.0 0.0 0.0 0.0 0.0
0.915201720081824 10.10025479122655 5.2317301631909565 0.8963512813217982 0.33240813104267536 -0.2933585091479103 0.004856085418583028 0.6542932208056779 0.7562253629984517 0.0 0.0 0.0 0.0 0.0 0.0
1.1752257255294933 10.154177768473456 5.698811452940546 0.4661324751048552 0.6675684920205498 -0.5805797310568368 0.004856085418583028 0.6542932208056779 0.7562253629984517 0.0 0.0 0.0 0.0 0.0 0.0
1.5415046433441937 10.360273004481517 6.033549574727761 -0.14117785172380592 0.7491084217298295 -0.6472290063618079 0.004856085418583028 0.6542932208056779 0.7562253629984517 0.0 0.0 0.0 0.0 0.0 0.0
1.8756020654162848 10.737127528793623 6.220751824149714 -0.6948523523147854 0.5460495375990346 -0.46798516105800614 0.004856085418583028 0.6542932208056779 0.7562253629984517 0.0 0.0 0.0 0.0 0.0 0.0
2.0513078719146605 11.238454062382901 6.301276841383319 -0.9845408269495719 0.13553730467295122 -0.1109459287736268 0.004856085418583028 0.6542932208056779 0.7562253629984517 0.0 0.0 0.0 0.0 0.0 0.0
2.0025875659312597 11.770676328837068 6.356511730662057 -0.9001857807813981 -0.3264678163612765 0.2882435167688639 0.004856085418583028 0.6542932208056779 0.7562253629984517 0.0 0.0 0.0 0.0 0.0 0.0
1.7486698828943532 12.228480246279355 6.477451738657854 -0.4738351061907149 -0.6644423557090416 0.5779244311162584 0.004856085418583028 0.6542932208056779 0.7562253629984517 0.0 0.0 0.0 0.0 0.0 0.0
1.3867414724920306 12.53482450783106 6.73012963891102 0.1325334473423286 -0.7499841352391661 0.6480421917013707 0.004856085418583028 0.6542932208056779 0.7562253629984517 0.0 0.0 0.0 0.0 0.0 0.0
1.0550240655815626 12.67020986215671 7.13052877715319 0.6885503283889477 -0.5505944027258698 0.4719578889714762 0.004856085418583028 0.6542932208056779 0.7562253629984517 0.0 0.0 0.0 0.0 0.0 0.0
0.8802617276926225 12.680087205056523 7.638510731036583 0.9829754277330206 -0.14202465116950777 0.11656889350620825 0.004856085418583028 0.6542932208056779 0.7562253629984517 0.0 0.0 0.0 0.0 0.0 0.0
0.92956866948479 12.657590024253432 8.173064567862564 0.9039517276085804 0.32050263989168964 -0.2831065735300357 0.004856085418583028 0.6542932208056779 0.7562253629984517 0.0 0.0 0.0 0.0 0.0 0.0
1.1849314360282153 12.708151430298283 8.64308425234441 0.48150165289871105 0.6612656195396527 -0.5752251199927252 0.004856085418583028 0.6542932208056779 0.7562253629984517 0.0 0.0 0.0 0.0 0.0 0.0
1.5500525195003727 12.909448355123951 8.98198135262443 -0.12387895002571198 0.750802734552922 -0.6488060261190383 0.004856085418583028 0.6542932208056779 0.7562253629984517 0.0 0.0 0.0 0.0 0.0 0.0
1.8869353924163124 13.281890786915 9.172983098835907 -0.682195868689772 0.5550973379572243 -0.47589467546444225 0.004856085418583028 0.6542932208056779 0.7562253629984517 0.0 0.0 0.0 0.0 0.0 0.0
2.068311695599095 13.780867674359559 9.255504638801215 -0.9813351711319034 0.14850118193900674 -0.12218298106623487 0.004856085418583028 0.6542932208056779 0.7562253629984517 0.0 0.0 0.0 0.0 0.0 0.0
2.0259926156446046 14.313695410899712 9.310174564387983 -0.907648835011914 -0.31451305590519896 0.2779480706295411 0.004856085418583028 0.6542932208056779 0.7562253629984517 0.0 0.0 0.0 0.0 0.0 0.0
1.7767749551899374 14.774829886450107 9.428202761420403 -0.48913153139162946 -0.6580385254331421 0.5724820032492296 0.004856085418583028 0.6542932208056779 0.7562253629984517 0.0 0.0 0.0 0.0 0.0 0.0
