t = 0
b =  30.0 30.0 30.0
E = 0. 0. 0.
18.03387981611402 12.87577500960742 15.137496966307634 0.5992030957266594 0.5133412434198864 -0.6143585417943765 0.2957343765504727 0.5711783186003897 0.7657000110272528 0.0 0.0 0.0 0.0 0.0 0.0
18.47918763151935 12.931565422298199 15.432917821206344 0.04913386165860181 0.7913973760122867 -0.6093242625067383 0.2957343765504727 0.5711783186003897 0.7657000110272528 0.0 0.0 0.0 0.0 0.0 0.0
18.935695512235757 13.167754891752333 15.58944319129423 -0.5196021479279181 0.7687884139990957 -0.37279750853438975 0.2957343765504727 0.5711783186003897 0.7657000110272528 0.0 0.0 0.0 0.0 0.0 0.0
19.27376006698269 13.579189704367522 15.66098935758161 -0.8909326142319818 0.4541038800508119 0.005361251772132758 0.2957343765504727 0.5711783186003897 0.7657000110272528 0.0 0.0 0.0 0.0 0.0 0.0
19.408736504282203 14.094137510728693 15.733757621379139 -0.9237828847903539 -0.033102310140774416 0.3814831828950724 0.2957343765504727 0.5711783186003897 0.7657000110272528 0.0 0.0 0.0 0.0 0.0 0.0
19.333136603926892 14.601539644451709 15.893484988720985 -0.6056725925906743 -0.5077323792687688 0.6126732747774832 0.2957343765504727 0.5711783186003897 0.7657000110272528 0.0 0.0 0.0 0.0 0.0 0.0
19.119473617033016 14.993204166344587 16.19287124832615 -0.05745715616006239 -0.7894664286798666 0.6110985462210283 0.2957343765504727 0.5711783186003897 0.7657000110272528 0.0 0.0 0.0 0.0 0.0 0.0
18.892713269584565 15.204909790979293 16.631557440770642 0.5125872145281798 -0.7712689826606776 0.3773572629323625 0.2957343765504727 0.5711783186003897 0.7657000110272528 0.0 0.0 0.0 0.0 0.0 0.0
18.782797193816393 15.240804626748485 17.15626223317413 0.8878911324159582 -0.46005355519896435 0.00025164637870456197 0.2957343765504727 0.5711783186003897 0.7657000110272528 0.0 0.0 0.0 0.0 0.0 0.0
18.87527592961997 15.171830240134465 17.68102438837756 0.9258703643508165 0.02594390956809823 -0.37694957484152636 0.2957343765504727 0.5711783186003897 0.7657000110272528 0.0 0.0 0.0 0.0 0.0 0.0
19.17880684410987 15.108769768522821 18.119860876135128 0.6120959651418063 0.5020848493312036 -0.6109413503186554 0.2957343765504727 0.5711783186003897 0.7657000110272528 0.0 0.0 0.0 0.0 0.0 0.0
19.621865053113474 15.160159554114347 18.419433263864263 0.06577607507662656 0.7874753604223586 -0.6128262924150604 0.2957343765504727 0.5711783186003897 0.7657000110272528 0.0 0.0 0.0 0.0 0.0 0.0
20.07991692050044 15.391054372892098 18.57931187895478 -0.5055332456274935 0.7736908162031398 -0.38188828011376585 0.2957343765504727 0.5711783186003897 0.7657000110272528 0.0 0.0 0.0 0.0 0.0 0.0
20.422732468639992 15.79831203756757 18.65213904857723 -0.8847820342525912 0.4659681954877179 -0.0058645253656968155 0.2957343765504727 0.5711783186003897 0.7657000110272528 0.0 0.0 0.0 0.0 0.0 0.0
20.56386192423196 16.311787167066175 18.72362939945804 -0.9278873352983814 -0.01878353326626317 0.37238726061843563 0.2957343765504727 0.5711783186003897 0.7657000110272528 0.0 0.0 0.0 0.0 0.0 0.0
20.493479432546646 16.82098058956571 18.880005438114008 -0.6184727242153674 -0.4963990836884619 0.6091629003106442 0.2957343765504727 0.5711783186003897 0.7657000110272528 0.0 0.0 0.0 0.0 0.0 0.0
20.282116063916167 17.217019825319245 19.175240179063127 -0.07408998489041171 -0.7854243228673202 0.6145073695142705 0.2957343765504727 0.5711783186003897 0.7657000110272528 0.0 0.0 0.0 0.0 0.0 0.0
20.053863880898675 17.43402156196176 19.61055189422852 0.4984407784129006 -0.7760537301944833 0.386390215024097 0.2957343765504727 0.5711783186003897 0.7657000110272528 0.0 0.0 0.0 0.0 0.0 0.0
19.93923128900386 17.47412182638788 20.133941271066448 0.8816055565117427 -0.4718473504943167 0.011476957746376082 0.2957343765504727 0.5711783186003897 0.7657000110272528 0.0 0.0 0.0 0.0 0.0 0.0
20.02556071145566 17.40666447242212 20.65994682078378 0.9298336440329011 0.01162172652564568 -0.3677965876636939 0.2957343765504727 0.5711783186003897 0.7657000110272528 0.0 0.0 0.0 0.0 0.0 0.0
20.323845742322018 17.341856291383557 21.10211312677044 0.6248023841964645 0.4906755153336095 -0.6073380601893054 0.2957343765504727 0.5711783186003897 0.7657000110272528 0.0 0.0 0.0 0.0 0.0 0.0
20.764554496325392 17.38889760950442 21.405836702827028 0.08239825246499607 0.783313472209201 -0.6161416494981311 0.2957343765504727 0.5711783186003897 0.7657000110272528 0.0 0.0 0.0 0.0 0.0 0.0
21.224045934570828 17.614495258262362 21.56911077049359 -0.49131035300324 0.7783575446896577 -0.3908627248235844 0.2957343765504727 0.5711783186003897 0.7657000110272528 0.0 0.0 0.0 0.0 0.0 0.0
21.57154316239007 18.017519533823368 21.643287667738107 -0.8783619410944913 0.4776905724983434 -0.017088516112289065 0.2957343765504727 0.5711783186003897 0.7657000110272528 0.0 0.0 0.0 0.0 0.0 0.0
21.718817758099128 18.529433390415928 21.713569237197134 -0.9317091423354308 -0.004459034745558509 0.3631779055748182 0.2957343765504727 0.5711783186003897 0.7657000110272528 0.0 0.0 0.0 0.0 0.0 0.0
21.653709225496556 19.04033080989793 21.86663722165935 -0.6310844630569847 -0.4849145801385375 0.6054669689232772 0.2957343765504727 0.5711783186003897 0.7657000110272528 0.0 0.0 0.0 0.0 0.0 0.0
