t = 100
b = 30 30 30
E = -0.817978351071204 -1.03898250419448 0.221004153123278
18.0530363252051 13.0037696701842 15.4599324322312 0.690481509060431 0.318761399999888 -0.649327606393849 0.333579866645495 0.656195175191922 0.67685467098704 -0.305416979013618 0.325406656271867 0.719417994629225 0.0617435814597866 0.740891632565486 -0.441414057986106
18.4586619228163 13.1022878894692 15.6677870142984 -0.00643821098504629 0.734824213707029 -0.678226957045788 0.539449641865554 0.573638397640833 0.616387022626424 0.03794931641971 0.641284475403656 0.600643344352259 0.369729201681155 0.0856597643312072 -0.119585841890498
18.8557127376439 13.3973915243142 15.7341730337469 -0.552371663708523 0.74227056318531 -0.379367680570832 0.475225831083172 0.65430096457382 0.588260610722305 0.235936594262321 0.426271614466513 0.370878766975551 0.90161096594396 0.139217607951107 0.120467741239929
19.1409338580408 13.767111327593 15.7301681308479 -0.842576168063564 0.516573595021309 0.152371266570403 0.502615288825696 0.652544193891979 0.567065988206099 -0.205164922050014 0.102241930142328 -0.0244157015474682 0.819647300226697 -0.43645027480966 -0.0143292543967812
19.3591578165564 14.1654591461567 15.8041732855131 -0.903019864574149 0.0581218614658708 0.425648745395913 0.337523093323435 0.708944221944481 0.619254500379957 0.102434657723337 0.424492482299404 0.403922974957939 0.60133471353459 -0.0217210750769833 0.203521384744535
19.2362460468143 14.5744767543946 15.9307486814889 -0.429792781808957 -0.471179234436245 0.770239038724796 0.175707290360006 0.793094367588255 0.583205076740972 -0.364228803727742 -0.0280746927288526 0.359899057811822 0.294143684124548 -0.588685121572932 0.195160677801151
19.2159173853634 14.9340433914625 16.2438582280106 -0.0113591343458746 -0.769588789035188 0.638438678955788 0.213648893426192 0.621867842429562 0.753415170133226 0.232856503741723 -0.181680231581472 0.0979338534190037 0.66987234750191 0.132318292087525 0.0808286310683047
19.0863438155153 15.0751656726019 16.6573962531629 0.530601302173576 -0.739280021836501 0.414641035400298 0.0353998637098676 0.508082489517039 0.860580573469406 0.458485576943006 -0.365720779358535 0.178324829314927 0.517920292717519 -0.07223384282022 -0.0185455782611992
18.9581485248785 15.1689195924583 17.1416488113193 0.792212314130664 -0.606289606347553 0.0693718035285472 0.280387797943647 0.462604683637376 0.841058542656408 0.467335707637416 0.0619597209695112 -0.0173391587381611 0.706569542459773 0.376906309483738 -0.0188101680882793
18.9748192529464 15.1250079774227 17.6171776295233 0.946147184252496 -0.00907509183686407 -0.323609378229149 0.300628928000925 0.39551097382074 0.867867042077888 -0.104392655303845 0.149898237550219 -0.475550539523408 0.42088088521712 -0.0734787614329968 -0.123936028635844
19.2246042696179 15.2012641770752 18.0401322088647 0.60524741479424 0.439651107642174 -0.663613103621886 0.487344376791349 0.454508446202957 0.745598696954913 0.133079176592864 0.274533364693566 -0.302343410816992 0.47773772756836 0.255659063072267 -0.0242641163977708
19.6545767197997 15.2709299065082 18.2814814975069 -0.0442041560174447 0.831941775674435 -0.55309922905849 0.574825073261817 0.473992660126265 0.667013482155742 0.49593013359615 0.448108995643981 -0.283487734657543 0.556679094815968 -0.168698073131509 0.0548505793929047
20.0351805518538 15.5662078160223 18.4197398954396 -0.557136030605088 0.768559068963673 -0.314509590367672 0.424428678416816 0.589070586581832 0.68764527513876 -0.0623042607118637 0.180174756053763 0.349386320472987 0.663916897831167 -0.212528405180864 0.421179820237486
20.2903788249381 15.9225546395459 18.5575504974549 -0.908519793982482 0.399067730475454 0.123841081508565 0.36333625089145 0.608147521572592 0.705792634209343 -0.0804980632335654 0.17720820301076 -0.44386001338322 0.333536630548971 0.0476808028293536 0.267130345207362
20.447415749818 16.2882816004115 18.8132911217905 -0.967899521030541 -0.127524546271859 0.216582289391374 0.0559762777933099 0.730702705413103 0.680397016254548 -0.377334011546748 -0.34713334757108 0.265451660339106 0.295285623573941 0.167634420525737 0.0184683934594543
20.297940344828 16.7096363970503 18.9160908163024 -0.345576386199684 -0.598247142115815 0.722964182364208 0.235674391947157 0.690405558082578 0.683957330122167 -0.499023991234362 -0.227513373249084 -0.311359152028876 0.436298088930355 -0.26286161532559 0.538824608278645
20.4243417223867 17.0317844690197 19.3054869393617 -0.116481696452324 -0.879944158731343 0.460575914168774 0.216123921135534 0.430163298846227 0.876498641360164 0.135120522492479 -0.0259357643932234 0.276866083717111 0.348153866340834 0.438539144370075 -0.0384721241444137
20.1907374247969 17.1438798911463 19.6681517949624 0.681888017854182 -0.655791450159309 0.323984862673636 0.094659890586086 0.518323055619718 0.849929762837096 0.213546513156471 -0.72017868495528 -0.303247269957075 0.599741746862621 -0.296101436589912 0.20373686557467
20.1251271849545 17.3743644984742 20.1712603073506 0.896423370421983 -0.441674274376536 0.036726790176573 0.180003833108235 0.438552532947479 0.880494282625012 0.19110025198476 -0.359388377920303 -0.150055132545475 0.416430934524699 0.193784034755939 0.0994527048227056
20.1278898057222 17.2511473126525 20.6423502217216 0.948754749343272 0.119667311013535 -0.292479129688361 0.201839397553837 0.482679202559245 0.852221524570426 -0.271865539139682 -0.584868614978263 0.0184012756765463 0.360432876102875 -0.960547044423608 0.0765541072643739
20.3081963306751 17.4223725284866 21.097733318236 0.678842933918969 0.312146631018905 -0.664632706905086 0.476955467711242 0.500749834363347 0.722331620078462 -0.455356003911556 -0.0302238100894173 -0.0463265487077348 0.0766957331619849 0.239879572361702 -0.256819956154327
20.6087172281213 17.6164354927075 21.3637390277803 0.074640441582448 0.702354092548637 -0.707903534427124 0.409033916347498 0.625854494305344 0.664076267873526 0.193299341282868 0.167886604216871 -0.272433649876868 0.416427213549489 0.175556850968218 -0.415896192547531
20.9859132928682 17.7944370742313 21.5629189037694 -0.562818298814792 0.759453229269873 -0.326291644041691 0.523874659262679 0.633079259028994 0.569882343040404 -0.317329079011688 0.483860567835771 -0.255289324404702 0.673410147718623 0.164395919666102 0.147637617001961
21.2843635306311 18.1462348376457 21.6032395796506 -0.847035208795705 0.507785448674474 0.157115163913277 0.49407414632222 0.643151284152502 0.585018846885975 -0.198132987478072 0.0737817751043455 -0.0875116696420078 0.698555438432268 -0.617945598153421 0.184100952633522
21.5997779920636 18.5390858755496 21.7640946007363 -0.920495529760687 0.0738950775286224 0.383702200031568 0.330769500361884 0.670146431566259 0.664451037037999 -0.044248005914571 0.289028135111018 0.229340042160029 0.313790728604051 -0.243388475634484 0.0418595669180585
21.5865261384003 19.0147856732943 21.9788421250015 -0.548222341309455 -0.567134230149011 0.6146632507916 0.26681178399278 0.577945252611744 0.771226709707106 -0.517215570779483 0.182369884456997 0.549097533035482 0.039169870597928 -0.0928163795501438 0.318800901555482
