t = 100
b = 30 30 30
E = -0.823513004274096 -1.00618755875869 0.182674554484592
6.69667740625789 28.6999086425945 25.7820192253696 0.399816508054107 0.771549308636018 -0.494831594189079 0.627543747518923 0.163073020059639 0.761311980064974 0.341105621324136 0.541367861647668 -0.041159164771272 0.40991860778858 -0.320257751994285 -0.186095207952819
7.01527706550274 28.8541503472693 26.0952212474191 -0.240101577492378 0.875787451293325 -0.418745094767344 0.360311263705476 0.480949681711048 0.799289107707502 0.259624467465611 -0.137780841383462 -0.388531590074764 0.0340775189129225 0.252982195513799 -0.185277317206282
7.28603064435299 29.1837088662549 26.4247141602707 -0.782393496185594 0.559819981723099 -0.272877054607182 0.208005469996003 0.647890318712538 0.732783556691301 0.0686474647944366 0.100645514631946 0.15017537708304 0.0892187138592314 0.341765843868143 -0.294495967232453
7.29832722192658 29.7192319669838 26.5583300704589 -0.966332718759502 0.0405927869390833 0.254073185631247 0.236440890778432 0.529540626962036 0.814666993917984 -0.420689732386369 0.349868767802281 -0.0115529080940036 0.557350427126774 0.154873259645952 -0.0686434242432525
7.33137623752621 30.0357071297177 26.7591562327756 -0.788332784476673 -0.206687519284755 0.579492514403659 0.448633289803601 0.45142737412184 0.771324431149478 -0.208081748363569 -0.642921353816235 0.630339391650998 0.494196210423001 0.112633979832291 0.129029547538941
7.30829569603882 30.4211043220771 26.9765016427021 -0.183522150412181 -0.725835334061017 0.662934815113693 0.261853498010372 0.613925950570294 0.744666070507189 -0.398805360595464 -0.447913617229477 -0.380566920106084 -0.0654197877307247 0.180456909119461 0.0616768113595189
7.31262311844755 30.6336370828745 27.427712010702 0.237073404545134 -0.910366326273641 0.33915959950888 0.388145420789098 0.408796919425314 0.825970999357954 0.0182048088254333 -0.000935621745553854 -0.207804849492836 0.377323369729084 0.0876617391387109 -0.244460142973497
7.21448106822758 30.6783307011277 27.9210762369393 0.79269942711151 -0.608953790749876 0.0283333715730879 0.287703638093316 0.414682288589953 0.863287378599821 -0.166785824987847 -0.0515682169771044 -0.639837195102813 0.395650646796133 0.195228786387223 0.222058342115667
7.39703956878193 30.767530439502 28.4100952890511 0.806166498087627 -0.464848154486524 -0.366076027980493 0.474112035351852 0.137338624765508 0.869687168878469 0.600428606008996 0.300126016398314 0.232874735947592 0.617745236322906 0.297699277640998 -0.717823165629099
7.5501873063933 30.5288578582611 28.7864098734597 0.850337110924887 0.272820704296037 -0.449995049908337 0.426722369297063 0.142932885777479 0.893016293666355 0.520517372424731 0.180952724906055 0.101494067586686 0.75038732704148 -0.099991404556242 -0.106673526747705
7.9065285033332 30.4718647964652 29.0992701228951 0.435670496609069 0.771161296588884 -0.464221235703983 0.436664835889451 0.269909000927025 0.858179954920487 0.138572961793154 0.124794772787683 -0.111580086387271 0.270378662166966 -0.160323535948614 -0.114842230008263
8.29096755620778 30.6489376030758 29.397964218254 -0.201423097348026 0.911700959775658 -0.358092135340172 0.357577928441053 0.408795342567102 0.83965723595213 -0.106550962040652 -0.116309197504281 -0.216820546858347 0.3204072473319 -0.274473890072721 -0.21625950558799
8.57611166276275 30.9678258956336 29.5942387377899 -0.702486797728292 0.697054717770099 -0.143620688133471 0.454446809043653 0.59464072702705 0.66323479254536 -0.720605425304195 0.0590866193764871 0.0216486659910475 0.461617070301344 0.525497101496164 -0.380379542111552
8.77293331330203 31.3433031191079 29.663587840809 -0.896259539290321 0.241679703335658 0.371900040532754 0.439537623404798 0.59622610101899 0.671804286599652 -0.852327907049821 0.179582571640924 0.116304767260778 0.642967147317801 -0.0586194146750702 -0.0688414659976513
8.86801732760419 31.7704586347683 29.8306792313503 -0.703975245588169 -0.208276191649412 0.678999089189604 0.509028662302264 0.51874464199262 0.686872403112009 -0.141421203158782 -0.479207474675624 0.0702785093366903 0.345693752873316 -0.188859026516249 0.0819118999306637
8.82919418173802 32.1542181500753 30.1455605708576 -0.201399608875813 -0.737088854245298 0.645087668102352 0.428225364887404 0.526053573870409 0.734772451281316 0.0999150290610384 -0.267044546665805 0.247157692489839 0.164177666343419 -0.604079856850933 -0.199785565741861
8.73637574084986 32.4085869247022 30.4861263220772 0.298315263257807 -0.829757156843659 0.471710658441182 0.340670452988288 0.554225002285307 0.759459129971745 -0.0418953118644248 -0.0404929220836245 -0.451733288150841 0.402311828624391 0.545754063793783 0.328474589670549
8.70336595317143 32.4652894415171 31.0205143502112 0.719989307661247 -0.689841927178593 0.0757191758991708 0.202772594043993 0.313461221394948 0.927698887321365 0.252422003359517 -0.10609707729165 0.0607565150755828 0.199326418111379 -0.279578045986602 -0.203308330133038
8.79586673627739 32.436203176367 31.5097073946399 0.898925703247125 -0.3291646687036 -0.289107391955172 0.38643018170901 0.284832370253762 0.877235498566386 0.1866713125255 -0.470452631096517 -0.795456489813997 0.643240869437621 0.129382268216362 -0.469498823708396
8.93846808459664 32.3518683523909 31.929018766459 0.799467718681427 0.303349014377647 -0.518488788455336 0.387483279387534 0.399139519054342 0.830989911875522 0.0227451938922692 0.776961894496043 -0.00879324069112126 0.338366514881595 0.093982631415155 0.292412742498651
9.22986884755528 32.3942493365728 32.2597123652601 0.256554041074235 0.721518214206759 -0.643110699154579 0.572911549777763 0.422365615871401 0.702409800934704 0.239390135006822 0.202882593019377 -0.2583759913467 0.450285161809511 -0.0926399115243037 -0.4978829957563
9.71356377745645 32.4953827673255 32.4219229007584 -0.240523516783119 0.913755551911134 -0.327412751810377 0.599019479758668 0.405154810136369 0.690670059471088 -0.454619700034081 0.243999937942857 0.106900388190963 0.807767394001345 -0.00170083404885349 0.318130393828365
10.057744694732 32.7243249864288 32.5858882002448 -0.687721134364633 0.72295410969769 -0.0661579795897208 0.556901625379258 0.583823056031318 0.59077162360569 -0.279060170151855 -0.0696115486031444 -0.0212113600302313 0.379346860240452 0.0441262420559362 0.0221534683516149
10.3556745306801 33.103832952127 32.6386093803004 -0.799601176346446 0.0995124105580797 0.592228946612761 0.554404239369834 0.50135368722555 0.664289321163063 -0.155876927184577 0.127514674090829 -0.99643682206285 0.245869172332875 -0.443500059135245 0.534738653372597
