t = 0
b =  30.0 30.0 30.0
E = 0. 0. 0.
14.382107108419895 16.413698255590102 19.448340592227638 -0.7450593536429743 0.3012544448559375 0.5950901772031315 0.6381404214112092 0.06235909415264416 0.7673904781384677 0.0 0.0 0.0 0.0 0.0 0.0
14.614190938210989 16.807099869904754 19.73128469964549 -0.7173266822559748 -0.31390614803469064 0.6220171711051541 0.6381404214112092 0.06235909415264416 0.7673904781384677 0.0 0.0 0.0 0.0 0.0 0.0
14.682760128211118 17.128946567897824 20.15601764078856 -0.41706961121736613 -0.8098085470560209 0.4126294421318132 0.6381404214112092 0.06235909415264416 0.7673904781384677 0.0 0.0 0.0 0.0 0.0 0.0
14.656258287211132 17.266197382108814 20.674809476248978 0.04163917815476357 -0.9980511397738808 0.046476889296221124 0.6381404214112092 0.06235909415264416 0.7673904781384677 0.0 0.0 0.0 0.0 0.0 0.0
14.639248098181707 17.175942407604623 21.204195720086872 0.484528547575965 -0.8071174179664409 -0.337333010835156 0.6381404214112092 0.06235909415264416 0.7673904781384677 0.0 0.0 0.0 0.0 0.0 0.0
14.732686206817933 16.901704992278997 21.65668689349069 0.7433374208877435 -0.309546294789941 -0.5929844602430796 0.6381404214112092 0.06235909415264416 0.7673904781384677 0.0 0.0 0.0 0.0 0.0 0.0
14.995568103934666 16.556906489316116 21.974007240523818 0.7197399800653448 0.30562664111531723 -0.6233511990331824 0.6381404214112092 0.06235909415264416 0.7673904781384677 0.0 0.0 0.0 0.0 0.0 0.0
15.422514752153944 16.281775588812028 22.149234662123558 0.4227012874053693 0.8046869062559213 -0.4168963954343063 0.6381404214112092 0.06235909415264416 0.7673904781384677 0.0 0.0 0.0 0.0 0.0 0.0
15.945816172137592 16.190073093908484 22.22943053726638 -0.034928691528554434 0.9980331620622808 -0.05205568107390707 0.6381404214112092 0.06235909415264416 0.7673904781384677 0.0 0.0 0.0 0.0 0.0 0.0
16.46115559578827 16.3258722897002 22.297760318270477 -0.4792886765742001 0.8122099333765485 0.3325618568510445 0.6381404214112092 0.06235909415264416 0.7673904781384677 0.0 0.0 0.0 0.0 0.0 0.0
16.867241150533026 16.646814765361317 22.44189758500784 -0.7415588801099648 0.31781457157513915 0.5908335852205472 0.6381404214112092 0.06235909415264416 0.7673904781384677 0.0 0.0 0.0 0.0 0.0 0.0
17.104288335223526 17.04020308261304 22.720715386086834 -0.7220984668886464 -0.29732385954394125 0.6246377563540015 0.6381404214112092 0.06235909415264416 0.7673904781384677 0.0 0.0 0.0 0.0 0.0 0.0
17.176733151665903 17.36581641672641 23.141919383380973 -0.42830077325378213 -0.7995039854324384 0.42113160046220643 0.6381404214112092 0.06235909415264416 0.7673904781384677 0.0 0.0 0.0 0.0 0.0 0.0
17.151546793368574 17.50918279220403 23.659120342251402 0.028215544947253222 -0.997939180261347 0.05763050860993696 0.6381404214112092 0.06235909415264416 0.7673904781384677 0.0 0.0 0.0 0.0 0.0 0.0
17.132792169429777 17.425068900140875 24.18945817737281 0.47401230588407217 -0.8172405958556306 -0.3277653769939686 0.6381404214112092 0.06235909415264416 0.7673904781384677 0.0 0.0 0.0 0.0 0.0 0.0
17.22208866553207 17.154664988537917 24.64508188449529 0.7397238667524033 -0.32605864555024267 -0.5886377159329952 0.6381404214112092 0.06235909415264416 0.7673904781384677 0.0 0.0 0.0 0.0 0.0 0.0
17.48000524033602 16.80993599842233 24.966525605749332 0.7244019631179763 0.28899843560952476 -0.6258767450912913 0.6381404214112092 0.06235909415264416 0.7673904781384677 0.0 0.0 0.0 0.0 0.0 0.0
17.903049265426056 16.53108421079728 25.145300703266578 0.4338676423400777 0.7942601792850592 -0.42533473468825467 0.6381404214112092 0.06235909415264416 0.7673904781384677 0.0 0.0 0.0 0.0 0.0 0.0
18.424993433239173 16.433284056031695 25.227120734628457 -0.021500249642963508 0.9977692015281581 -0.06320094735961113 0.6381404214112092 0.06235909415264416 0.7673904781384677 0.0 0.0 0.0 0.0 0.0 0.0
18.942036618469672 16.562925422149306 25.294534108051092 -0.46869983732163834 0.8222090222992631 0.3229439365344391 0.6381404214112092 0.06235909415264416 0.7673904781384677 0.0 0.0 0.0 0.0 0.0 0.0
19.352239661035043 16.879989360770878 25.435562561968197 -0.7378325205584317 0.3342778888971002 0.5863970196043713 0.6381404214112092 0.06235909415264416 0.7673904781384677 0.0 0.0 0.0 0.0 0.0 0.0
19.594253757323184 17.27325195468461 25.71026023495513 -0.7266502933331788 -0.2806510033253339 0.6270680708912619 0.6381404214112092 0.06235909415264416 0.7673904781384677 0.0 0.0 0.0 0.0 0.0 0.0
19.670627896381944 17.60254014355964 26.127898094432446 -0.43940147072562225 -0.7889558871499242 0.42950547802750577 0.6381404214112092 0.06235909415264416 0.7673904781384677 0.0 0.0 0.0 0.0 0.0 0.0
19.64684045636301 17.75198581313431 26.643441741140546 0.01478331701142184 -0.9975232388072519 0.06876657311245121 0.6381404214112092 0.06235909415264416 0.7673904781384677 0.0 0.0 0.0 0.0 0.0 0.0
19.62642287392199 17.674046029035754 27.17466073035337 0.46335167545194705 -0.8271148343425355 -0.3180979026438142 0.6381404214112092 0.06235909415264416 0.7673904781384677 0.0 0.0 0.0 0.0 0.0 0.0
19.71162632047962 17.40756539242361 27.633369292649572 0.7358849855613847 -0.3424716756885088 -0.5841116668723759 0.6381404214112092 0.06235909415264416 0.7673904781384677 0.0 0.0 0.0 0.0 0.0 0.0
19.96457477265062 17.063018326562386 27.958929582103117 0.7288432863152029 0.27228219838065504 -0.6282116430298412 0.6381404214112092 0.06235909415264416 0.7673904781384677 0.0 0.0 0.0 0.0 0.0 0.0
26.184293680623554 20.453904668447446 27.279661431092286 0.498904765605622 -0.1956949504920269 0.8442733687662559 0.27035867020925314 0.9607014805280686 0.06291943065430168 0.0 0.0 0.0 0.0 0.0 0.0
26.056838021624426 20.87530809078257 27.587653821828972 0.8869571426208249 -0.2739577344196745 0.37182547909676733 0.27035867020925314 0.9607014805280686 0.06291943065430168 0.0 0.0 0.0 0.0 0.0 0.0
26.13156427119386 21.23426283893664 27.980403842225275 0.9380396720217555 -0.24813939471222687 -0.241885126672077 0.27035867020925314 0.9607014805280686 0.06291943065430168 0.0 0.0 0.0 0.0 0.0 0.0
26.420116693516114 21.53665420425834 28.31801614038575 0.6327452468346537 -0.12804875028416376 -0.7636995287145443 0.27035867020925314 0.9607014805280686 0.06291943065430168 0.0 0.0 0.0 0.0 0.0 0.0
26.85290341476368 21.809856852923705 28.481543106945907 0.0870603234386903 0.04068975523779064 -0.9953717114231444 0.27035867020925314 0.9607014805280686 0.06291943065430168 0.0 0.0 0.0 0.0 0.0 0.0
27.30553553947846 22.092334732575832 28.41817506056774 -0.49170027240261716 0.19396954244847944 -0.8488855392345422 0.27035867020925314 0.9607014805280686 0.06291943065430168 0.0 0.0 0.0 0.0 0.0 0.0
27.64608457162769 22.419027975532348 28.16130352881084 -0.8836557139680118 0.2735570574851828 -0.3798935580813811 0.27035867020925314 0.9607014805280686 0.06291943065430168 0.0 0.0 0.0 0.0 0.0 0.0
27.785204255973643 22.808078558350093 27.81783524853592 -0.9398955758612815 0.24921567275316525 0.23342633726847778 0.27035867020925314 0.9607014805280686 0.06291943065430168 0.0 0.0 0.0 0.0 0.0 0.0
27.71007471422816 23.253937861613508 27.527576509186122 -0.6390533942688252 0.13019308727837048 0.7580636644098038 0.27035867020925314 0.9607014805280686 0.06291943065430168 0.0 0.0 0.0 0.0 0.0 0.0
27.489272931151255 23.72947468321856 27.410118405991042 -0.09542414379066516 -0.03829202876581746 0.9946999312932598 0.27035867020925314 0.9607014805280686 0.06291943065430168 0.0 0.0 0.0 0.0 0.0 0.0
27.246719211494746 24.19628283566158 27.51940218343254 0.4844583343201734 -0.1922293628732913 0.8534330637824218 0.27035867020925314 0.9607014805280686 0.06291943065430168 0.0 0.0 0.0 0.0 0.0 0.0
27.11459778439002 24.61927229878913 27.82322605461655 0.8802869915113674 -0.2731355481216447 0.38793270670072927 0.27035867020925314 0.9607014805280686 0.06291943065430168 0.0 0.0 0.0 0.0 0.0 0.0
27.183137804698582 24.98000050512813 28.215479198499313 0.9416799030137516 -0.2502729720557462 -0.22494977154554868 0.27035867020925314 0.9607014805280686 0.06291943065430168 0.0 0.0 0.0 0.0 0.0 0.0
27.466333788529127 25.283678979612173 28.556455034880216 0.6453128753128273 -0.1323275095649184 -0.7523700706220559 0.27035867020925314 0.9607014805280686 0.06291943065430168 0.0 0.0 0.0 0.0 0.0 0.0
27.89662886259203 25.5571933941272 28.72592808998946 0.10378069722464056 0.03589138620759964 -0.9939524009124703 0.27035867020925314 0.9607014805280686 0.06291943065430168 0.0 0.0 0.0 0.0 0.0 0.0
28.350580749852757 25.838889251257573 28.66882966403595 -0.47717950285991473 0.19047454428787364 -0.8579155960982939 0.27035867020925314 0.9607014805280686 0.06291943065430168 0.0 0.0 0.0 0.0 0.0 0.0
28.69575955442209 26.164003786751657 28.416169350957478 -0.8768512317921501 0.2726932384286294 -0.3959423127425196 0.27035867020925314 0.9607014805280686 0.06291943065430168 0.0 0.0 0.0 0.0 0.0 0.0
28.84106009311424 26.551278754525853 28.07325397523101 -0.9433925175957455 0.2513112121025334 0.21645607502658787 0.27035867020925314 0.9607014805280686 0.06291943065430168 0.0 0.0 0.0 0.0 0.0 0.0
28.77131427773655 26.99584012100634 27.77967976861765 -0.6515232132829443 0.13445185459928558 0.7466191809405106 0.27035867020925314 0.9607014805280686 0.06291943065430168 0.0 0.0 0.0 0.0 0.0 0.0
28.553053725390807 27.471049791973265 27.65629742779209 -0.11212934735671931 -0.03348801038136358 0.9931291772081077 0.27035867020925314 0.9607014805280686 0.06291943065430168 0.0 0.0 0.0 0.0 0.0 0.0
28.309233284786945 27.93862586992006 27.75929891415997 0.46986433233303737 -0.1887052203284568 0.8623327948199677 0.27035867020925314 0.9607014805280686 0.06291943065430168 0.0 0.0 0.0 0.0 0.0 0.0
28.1725184335227 28.363186586955365 28.0588691882404 0.8733486964567638 -0.2722301620897335 0.40392176624424164 0.27035867020925314 0.9607014805280686 0.06291943065430168 0.0 0.0 0.0 0.0 0.0 0.0
28.234883445095733 28.72569242997658 28.450513441645622 0.9450332891850315 -0.2523303138275286 -0.2079458945394701 0.27035867020925314 0.9607014805280686 0.06291943065430168 0.0 0.0 0.0 0.0 0.0 0.0
28.51266882467401 29.030679570021224 28.79475642184755 0.6576839352378946 -0.1365659606043741 -0.7408114333176833 0.27035867020925314 0.9607014805280686 0.06291943065430168 0.0 0.0 0.0 0.0 0.0 0.0
28.940373277983813 29.304536495049046 28.97013141251504 0.12046945840487006 0.031082084313482264 -0.992230322871845 0.27035867020925314 0.9607014805280686 0.06291943065430168 0.0 0.0 0.0 0.0 0.0 0.0
29.39553874812759 29.58547858217413 28.919327469863322 -0.4625133798180996 0.18692152573590948 -0.8666843235606588 0.27035867020925314 0.9607014805280686 0.06291943065430168 0.0 0.0 0.0 0.0 0.0 0.0
