t = 0
b =  30.0 30.0 30.0
E = 0. 0. 0.
3.5733472615261466 18.167088698867452 13.548699381191156 -0.4422429423323036 0.7314668112237063 0.5190158803307368 0.850750589306253 0.158891674754631 0.5009759180726473 0.0 0.0 0.0 0.0 0.0 0.0
3.9544443911400466 18.545683975555765 13.55945560672371 -0.5247531938691358 0.2036914714245247 0.8265251780756913 0.850750589306253 0.158891674754631 0.5009759180726473 0.0 0.0 0.0 0.0 0.0 0.0
4.215924013700095 18.970710729564455 13.758618272605267 -0.40790093364954766 -0.40146966390862626 0.8200237419056364 0.850750589306253 0.158891674754631 0.5009759180726473 0.0 0.0 0.0 0.0 0.0 0.0
4.384422605600107 19.304222461052916 14.144705376256299 -0.13608028899656704 -0.8541057617080567 0.5019815761197923 0.850750589306253 0.158891674754631 0.5009759180726473 0.0 0.0 0.0 0.0 0.0 0.0
4.521901691341579 19.44304075728555 14.64521919597871 0.18743953258731327 -0.9822528007477744 -0.00677178311835086 0.850750589306253 0.158891674754631 0.5009759180726473 0.0 0.0 0.0 0.0 0.0 0.0
4.702107624434124 19.357954496681103 15.144189387526218 0.43974794191940797 -0.737225578392353 -0.5129524287316563 0.850750589306253 0.158891674754631 0.5009759180726473 0.0 0.0 0.0 0.0 0.0 0.0
4.982554114723885 19.10481764228528 15.526232056804274 0.5249887559228064 -0.21211403305131046 -0.8242538705625414 0.850750589306253 0.158891674754631 0.5009759180726473 0.0 0.0 0.0 0.0 0.0 0.0
5.382671808445045 18.803329387381233 15.720386030352413 0.41077756420720735 0.39358317980343827 -0.8224074861768994 0.850750589306253 0.158891674754631 0.5009759180726473 0.0 0.0 0.0 0.0 0.0 0.0
5.876426260852373 18.591558430697493 15.727072191549441 0.1405051080146628 0.8497515622910101 -0.5081147478727365 0.850750589306253 0.158891674754631 0.5009759180726473 0.0 0.0 0.0 0.0 0.0 0.0
6.402208857052642 18.573488369375458 15.617933579981026 -0.18314758783278492 0.9830851191757374 -0.000780721626167602 0.850750589306253 0.158891674754631 0.5009759180726473 0.0 0.0 0.0 0.0 0.0 0.0
6.886242954843682 18.77951259190235 15.508617002893358 -0.43721945299818205 0.7429282029789203 0.5068499138191519 0.850750589306253 0.158891674754631 0.5009759180726473 0.0 0.0 0.0 0.0 0.0 0.0
7.2706128645666555 19.154887321674558 15.51483687960882 -0.5251843380501371 0.22052044137324645 0.8219197929259197 0.850750589306253 0.158891674754631 0.5009759180726473 0.0 0.0 0.0 0.0 0.0 0.0
7.535266987906152 19.580529692996482 15.70841339898349 -0.413622912462963 -0.38566672281528913 0.8247286009340101 0.850750589306253 0.158891674754631 0.5009759180726473 0.0 0.0 0.0 0.0 0.0 0.0
7.705635755335052 19.918259322717642 16.08998682889119 -0.14491922702479584 -0.8453326510025482 0.5142092247203839 0.850750589306253 0.158891674754631 0.5009759180726473 0.0 0.0 0.0 0.0 0.0 0.0
7.842970180403761 20.06329534804434 16.588774267753514 0.17884169568035818 -0.9838425718657062 0.008333166915711454 0.850750589306253 0.158891674754631 0.5009759180726473 0.0 0.0 0.0 0.0 0.0 0.0
8.021071575630069 19.9840644281576 17.089461252276482 0.4346576681228461 -0.7485742507064671 -0.5007088003233607 0.850750589306253 0.158891674754631 0.5009759180726473 0.0 0.0 0.0 0.0 0.0 0.0
8.298253199981502 19.734195984268396 17.476011650010914 0.5253399253567911 -0.2289100562097923 -0.8195231229148747 0.850750589306253 0.158891674754631 0.5009759180726473 0.0 0.0 0.0 0.0 0.0 0.0
8.695186076847863 19.432147485863506 17.675751726090567 0.41643676173252797 0.37772089581302803 -0.8269869094150929 0.850750589306253 0.158891674754631 0.5009759180726473 0.0 0.0 0.0 0.0 0.0 0.0
9.187045726654354 19.216200477544202 17.68698011014787 0.14932230987471304 0.8408493643598738 -0.5202645425447269 0.850750589306253 0.158891674754631 0.5009759180726473 0.0 0.0 0.0 0.0 0.0 0.0
9.712943401695219 19.191925108288093 17.579614175361957 -0.17452218404039188 0.984525101134726 -0.015884977602331596 0.850750589306253 0.158891674754631 0.5009759180726473 0.0 0.0 0.0 0.0 0.0 0.0
10.199058739392727 19.39207226681377 17.46862725943177 -0.43206278238323736 0.7541632916065996 0.494529555913852 0.850750589306253 0.158891674754631 0.5009759180726473 0.0 0.0 0.0 0.0 0.0 0.0
10.586685352251102 19.764130971390955 17.47036837133254 -0.5254555059941932 0.23728223865929637 0.8170640430451068 0.850750589306253 0.158891674754631 0.5009759180726473 0.0 0.0 0.0 0.0 0.0 0.0
10.85453436598462 20.190278169736622 17.6583592575544 -0.4192188977303869 -0.36974630390214486 0.8291822396412137 0.850750589306253 0.158891674754631 0.5009759180726473 0.0 0.0 0.0 0.0 0.0 0.0
11.026822418789754 20.532141686473715 18.03536226139273 -0.15371402125260886 -0.836302043782623 0.526280240209869 0.850750589306253 0.158891674754631 0.5009759180726473 0.0 0.0 0.0 0.0 0.0 0.0
11.16407135561374 20.68337012601627 18.53233086254633 0.17018938186042043 -0.9851326550055507 0.023435578586405936 0.850750589306253 0.158891674754631 0.5009759180726473 0.0 0.0 0.0 0.0 0.0 0.0
11.340114967387823 20.610037545853075 19.034641604576105 0.42943499338995067 -0.7596949000522144 -0.48831265116401157 0.850750589306253 0.158891674754631 0.5009759180726473 0.0 0.0 0.0 0.0 0.0 0.0
12.352991356029516 7.0894127489750005 20.280019270143153 -0.2704150175648628 0.04764231383479332 0.9615643130898015 0.8339311311080161 0.5106722207624728 0.20921938607698218 0.0 0.0 0.0 0.0 0.0 0.0
12.477952206536697 7.595908230918479 20.408596930449 0.06304252932768661 -0.4647817180708051 0.883178121356682 0.8339311311080161 0.5106722207624728 0.20921938607698218 0.0 0.0 0.0 0.0 0.0 0.0
12.617283603587762 7.996456705603338 20.738495071307344 0.37254916531376564 -0.8006274045453742 0.4692577953694046 0.8339311311080161 0.5106722207624728 0.20921938607698218 0.0 0.0 0.0 0.0 0.0 0.0
12.841537594594374 8.214502138230303 21.17536054138536 0.5405181447072629 -0.8323013542567846 -0.12294141265066172 0.8339311311080161 0.5106722207624728 0.20921938607698218 0.0 0.0 0.0 0.0 0.0 0.0
13.189002713694437 8.242824450966033 21.5842015125813 0.5031352439450131 -0.5477701041494728 -0.6684331225339357 0.8339311311080161 0.5106722207624728 0.20921938607698218 0.0 0.0 0.0 0.0 0.0 0.0
13.651157527482937 8.146282551225282 21.84067313246335 0.2746028520353654 -0.05513183324802229 -0.9599759135607284 0.8339311311080161 0.5106722207624728 0.20921938607698218 0.0 0.0 0.0 0.0 0.0 0.0
14.17590807003329 8.037173348360918 21.87831821264355 -0.05825575447736997 0.4584519428594486 -0.8868078050844325 0.8339311311080161 0.5106722207624728 0.20921938607698218 0.0 0.0 0.0 0.0 0.0 0.0
14.687379211517506 8.032568280296577 21.713815425751303 -0.368982025879878 0.7978621609668823 -0.4767265848207304 0.8339311311080161 0.5106722207624728 0.20921938607698218 0.0 0.0 0.0 0.0 0.0 0.0
15.114740888592369 8.209835916929404 21.440642798848952 -0.5395258566001291 0.8341512045790336 0.11447103545981968 0.8339311311080161 0.5106722207624728 0.20921938607698218 0.0 0.0 0.0 0.0 0.0 0.0
15.419117629679025 8.577248346892627 21.1935638480815 -0.5050947940067058 0.553532259307192 0.6621791955155327 0.8339311311080161 0.5106722207624728 0.20921938607698218 0.0 0.0 0.0 0.0 0.0 0.0
15.608357996579025 9.070838472781842 21.09742866576731 -0.27876977443551765 0.06261715415869734 0.9583144081491395 0.8339311311080161 0.5106722207624728 0.20921938607698218 0.0 0.0 0.0 0.0 0.0 0.0
15.734052784624943 9.578702180931783 21.219741282944124 0.05346454322580324 -0.45208725475767486 0.8903699549644094 0.8339311311080161 0.5106722207624728 0.20921938607698218 0.0 0.0 0.0 0.0 0.0 0.0
15.87193481698145 9.983512585134767 21.545013759370605 0.36538678703614724 -0.7950361570957842 0.48415906969689987 0.8339311311080161 0.5106722207624728 0.20921938607698218 0.0 0.0 0.0 0.0 0.0 0.0
16.093106778939752 10.207094472311919 21.98065031096858 0.5384924815101555 -0.8359375310575065 -0.10599194085643487 0.8339311311080161 0.5106722207624728 0.20921938607698218 0.0 0.0 0.0 0.0 0.0 0.0
16.43702811900199 10.2401243729817 22.392125996313293 0.5070158791442804 -0.559252260840278 -0.6558748409876604 0.8339311311080161 0.5106722207624728 0.20921938607698218 0.0 0.0 0.0 0.0 0.0 0.0
16.89652374466844 10.145672703196043 22.654094991017736 0.2829154674380452 -0.07009770653065156 -0.9565799233851051 0.8339311311080161 0.5106722207624728 0.20921938607698218 0.0 0.0 0.0 0.0 0.0 0.0
17.42050996003934 10.035242259001095 22.698011562087714 -0.04866926044227382 0.44568813846112393 -0.8938642997251085 0.8339311311080161 0.5106722207624728 0.20921938607698218 0.0 0.0 0.0 0.0 0.0 0.0
17.933402015961047 10.026406439991959 22.538171737909874 -0.3617637225739315 0.7921496081432153 -0.49155468398541413 0.8339311311080161 0.5106722207624728 0.20921938607698218 0.0 0.0 0.0 0.0 0.0 0.0
18.363830019939112 10.19814114908409 22.26628200805077 -0.5374180981328569 0.8376601976565254 0.09750477455638912 0.8339311311080161 0.5106722207624728 0.20921938607698218 0.0 0.0 0.0 0.0 0.0 0.0
18.671753551537908 10.560820526589044 22.01661849461978 -0.5088983530596669 0.5649296731484678 0.649520539051324 0.8339311311080161 0.5106722207624728 0.20921938607698218 0.0 0.0 0.0 0.0 0.0 0.0
18.863673687544242 11.052275640863728 21.91501320850274 -0.2870396153323761 0.07757292069085886 0.9547725913563553 0.8339311311080161 0.5106722207624728 0.20921938607698218 0.0 0.0 0.0 0.0 0.0 0.0
18.990163134203847 11.561413504850728 22.031048364627342 0.04387027130613058 -0.4392550812872778 0.8972905732586474 0.8339311311080161 0.5106722207624728 0.20921938607698218 0.0 0.0 0.0 0.0 0.0 0.0
19.126652810588066 11.970423159237113 22.351620935159538 0.3581131084036163 -0.7892027339310548 0.49891286448161143 0.8339311311080161 0.5106722207624728 0.20921938607698218 0.0 0.0 0.0 0.0 0.0 0.0
19.344774381300933 12.199534025591614 22.785920708848636 0.5363027882866864 -0.8393190731883595 -0.08901018289025597 0.8339311311080161 0.5106722207624728 0.20921938607698218 0.0 0.0 0.0 0.0 0.0 0.0
19.68514618947854 12.237322082803615 23.199930608547188 0.5107420723951874 -0.570564063874833 -0.6431167736112179 0.8339311311080161 0.5106722207624728 0.20921938607698218 0.0 0.0 0.0 0.0 0.0 0.0
20.141941669129157 12.145050043702525 23.467342019465367 0.2911419040486799 -0.08504222737281991 -0.952892549698221 0.8339311311080161 0.5106722207624728 0.20921938607698218 0.0 0.0 0.0 0.0 0.0 0.0
