t = 100
b = 30 30 30
E = -0.512683205230055 -0.709834520475386 0.19715131524533
4.90190431814847 17.5779641587164 14.1585509980787 -0.476207820355052 0.783539910018603 0.399113020859972 0.687594435400753 0.0488824942074257 0.724447571539635 5.00262319497745 -2.55782497983536 2.93113977237623 -0.546793813522279 0.176423370643835 -0.160356448221542
3.79447257619048 18.6468332200383 13.7393749214368 -0.414244228722773 0.305886631114398 0.857225156875994 0.903740971421138 0.0265264626686496 0.427256931599035 -1.00228471265549 0.212742139493594 0.49152088530703 0.12754525484967 0.18489283434964 -0.605666434951869
4.12695529704156 19.0253493297324 14.0114147660179 -0.498704060068547 -0.192598610785135 0.845103498066194 0.79097576052086 0.297611550350534 0.534588248087195 0.241372005251913 -0.537294847346282 0.342748820553313 0.247666053756481 0.307824048714264 0.041472615952494
4.24354604987216 19.2628538283926 14.3928844903868 0.000637976973878194 -0.892698180263953 0.450654451418519 0.820137481638829 0.258316382827728 0.510536031024633 -0.218225373304688 -0.160094391038581 0.555712957557088 0.246822763169445 -0.00715941054796555 0.129691218988031
4.57841589672269 19.3443155794821 14.7634235840153 0.0655532915834015 -0.993415607780833 -0.0939578469090048 0.772106734462334 -0.00914945003872475 0.635426913553297 0.124783728145079 -0.0315465555302557 -0.0363437736287988 0.289829855892311 0.179335454845464 -0.0910822150411976
4.73929254411105 19.1427003619008 15.1423127939031 0.455249604550918 -0.654920681326577 -0.603180388668894 0.822908554301021 0.0508335226835031 0.565895173031387 -0.0871754100705226 -0.19711146226751 0.0456286522976155 0.530888017330318 0.274003940903591 0.467533761139834
5.05983224405481 18.9212689621867 15.4607983678032 0.480955142831582 0.0418403875079455 -0.875746208315133 0.875512843045946 0.0300203340760029 0.482261260842173 0.219125105160946 -0.333650701271538 0.104204539669799 0.331300432768938 0.139954546041699 0.519872129853433
5.51155969364602 18.795403265833 15.5985431931413 0.204192459425341 0.476128724453492 -0.855340142973745 0.97221361847345 0.00354807123641867 0.234068322572757 0.1025889469568 -0.166832928544892 -0.0276173875060972 0.452125929486117 -0.0243233839208855 -0.0341108228402625
5.9429288679131 18.6895675243155 15.5274012324668 0.00770087087605973 0.915471176705604 -0.402309713561995 0.934441719642814 0.13665576065535 0.328852185756596 0.0143602145942647 0.212867590683489 -0.708373448284659 0.728813202300563 0.0410482426591457 0.313289593041038
6.40908250196276 18.7234329931002 15.4135701730706 -0.217990144562521 0.903845483630818 0.368162373777744 0.910864377171863 0.0529662051995487 0.409292743000119 0.28646145570094 0.648757551912163 -0.426200731205945 0.243606862212553 -0.195237465183821 0.823272342716928
6.8787708440153 18.9085535148206 15.581563860534 -0.576700250770389 0.601709885142535 0.552595619692641 0.775318214344638 0.189919360917074 0.602338928078787 0.0460483463562903 0.297500540050631 -0.236181951321213 0.382686802906868 0.108002044378125 0.0653955412317138
7.20688179050631 19.1675074215954 15.6545492091749 -0.478623549285583 0.220418831890699 0.849902887050503 0.863788733493127 0.291780466990268 0.410771306837383 0.215757114212679 -0.313228942293221 0.685348383225679 0.223926583505084 -0.0284802263314066 0.411229854243589
7.56620732880253 19.5255959803452 15.8661377425174 -0.414762325164799 -0.541640215577359 0.731162071340133 0.823898293492383 0.117512367739763 0.554420712298553 0.171051368453813 -0.307575754378427 0.810940986558493 0.0263286777417538 0.23237009657472 0.398078625701603
8.23540539961564 18.7921830164822 16.2503526677682 -0.174778575980394 -0.936611643239269 0.303662581982845 0.768160560058852 0.0632214779420685 0.637128150692331 2.02277001511444 -3.70688091158953 -0.123239732699575 0.291604085530233 -0.00259470959928892 -0.079578035426197
7.85282141375153 19.7725742510437 16.7467626654433 0.0751545114803273 -0.979688755547479 0.185907577677186 0.823868485215169 0.166036066390461 0.541915698973247 -0.535746641369059 -0.825515135598151 0.25790996431181 0.130343005749487 -0.0290509920736815 -0.839114410863347
8.11871595922381 19.8408226696483 17.09004145096 0.360897324853687 -0.761090935866428 -0.53897457180009 0.785559291613207 -0.0633944832441733 0.615530362124391 -0.48688296811429 -0.407080899853507 0.558944894269199 0.13154088205864 -0.0451880311723464 -0.44648442930917
8.43433241898137 19.7120765050661 17.366877362794 0.428950016544776 -0.334534486197734 -0.839099781138015 0.889792148310402 -0.00372868253968385 0.456350646988749 0.537035694050734 0.0580199196520186 0.0792739416983651 0.598034433827957 -0.02195440259858 -0.117412168254156
8.81332827614186 19.5097549016309 17.5728428944285 0.338971871116156 0.292079767301153 -0.894308314569359 0.937435074060202 -0.0245772510145808 0.347291416526518 0.249457441474433 0.0103318090326342 -0.087203706983009 0.424337106542205 0.158380279803392 -0.12424754433801
9.20384253578602 19.3142424765543 17.5421896722582 0.13602326816758 0.876591283387844 -0.461611604827803 0.901274695617325 0.0839682976467687 0.425033093353712 0.569638595194278 -0.0838728424488926 -0.411000621554901 0.539586495402946 -0.00703742258808968 0.240578249881121
9.67594356763054 19.3905372840248 17.4294444406195 -0.15490533977918 0.941036330019957 0.300757128943574 0.899813275282579 0.00871295403200914 0.43618807345023 0.163355131898413 0.369011983278796 -0.136190525158932 0.394039906993246 -0.693623794115249 0.304696119046484
10.1166163806711 19.5225252822571 17.5279812823882 -0.461051125387669 0.718197948746928 0.521175063955851 0.871352176578293 0.255314404895077 0.418998593915844 -0.154309968670803 0.151948727470561 0.0645179807229586 0.353062917146948 0.127431813476257 0.0504111926894889
10.5365497230606 19.755527882464 17.5487365280264 -0.596345962173953 0.285361380777298 0.7502934473046 0.791782490726047 0.362925439775269 0.49128962746287 -0.052439520143633 0.121139516635211 0.23935676195796 0.415654121760096 -0.0293680029643074 -0.0503074763500404
10.7585490596092 20.1146050627594 17.6734357771271 -0.295718394829193 -0.493696392099461 0.817810728138547 0.879223193250338 0.194078299265008 0.435086279950755 -0.156620172343556 -0.191277476069694 0.0293936759027852 0.532890553881182 -0.255614003551529 0.185238579267799
10.9834557144949 20.3856703294502 17.9974552501403 0.0272771685636752 -0.914409131772155 0.403870996931065 0.740751190657043 0.289780276666503 0.60606513690646 -0.0643853687487369 0.0703085174815837 0.129796660033082 0.325809898232884 -0.41752832983125 0.105738365250428
11.2017963521388 20.5954742525914 18.407039099614 0.385266004854296 -0.921432778901541 -0.0503152452768725 0.744435272023519 0.278114092841656 0.607016111938001 0.233298980925542 -0.0337631572176537 -0.248234889403115 0.375380005818425 0.091158527544686 0.788260955211991
11.5318742758431 20.6058021475112 18.8194383801999 0.386422034646287 -0.65254684055218 -0.651813252639423 0.858135022792139 -0.00465940162413647 0.513402819296136 0.509226990673555 -0.366760038946221 -0.228568613769053 0.0532445456334823 -0.0123653039564131 0.32966168671029
12.2999638382983 7.13555358670029 20.2430669926023 -0.449090035716445 0.155996241198019 0.879763148698197 0.773965102527069 0.559889858975982 0.295806097041133 -0.207562938549709 -0.174650053658559 0.36721603808667 0.0947585375320269 0.212853479049458 -0.543521296108218
12.4971930115559 7.49020164813234 20.4507938616437 -0.158499845492221 -0.447999647031445 0.879871580466807 0.695233328278277 0.58212717164062 0.421637832372376 0.00494480259121413 -0.238591833063711 -0.0735370795510064 0.358809596614027 0.403864650378205 -0.343214055044052
12.7709216836012 7.80249210439671 20.7813306663128 0.200059007663039 -0.775740281438046 0.598500872390446 0.801820684626279 0.480680511085897 0.355006646042556 0.506922797954465 -0.336828317007462 -0.293171053192513 0.69311375270426 0.412336892793144 -0.168231610580192
12.9256533514856 8.02414035056647 21.150339402236 0.571150659087271 -0.820524350895849 -0.0229476794075839 0.741656429122685 0.503868751915805 0.442788786607926 0.016168465011692 -0.362388659644709 -0.283538093032839 0.277119386644867 -0.167666560664006 -0.189441850469784
13.2236907619675 8.19221886268518 21.4458954689591 0.548121876372565 -0.626469343316184 -0.554164645016644 0.824252026680519 0.517091553140655 0.230705012914264 -0.023783995582839 0.623181532831215 -0.505713231912575 0.327750956111371 -0.191427683067145 -0.0525425664795671
13.6791626586738 8.23103418740687 21.6682417952624 0.34415976984269 0.0736485858565981 -0.936018066088763 0.79073897506943 0.514787949375097 0.331247824559358 0.161267379405709 -0.146623414176398 -0.172530110799343 -0.065645534827129 0.248402332511486 0.287793811323035
13.9976339747997 8.97105911554061 21.3452293162672 -0.0181041884743997 0.279699411962173 -0.95991685163598 0.932225962937748 0.351772279285266 0.0849170427565718 -1.76998032477479 3.23077491760991 -1.44996213527156 0.495718903328769 0.219549459127145 -0.390835135041174
14.5689076978492 8.40560114873996 21.5957722307004 -0.240750128325405 0.817677375858109 -0.52291774342397 0.883368374732332 0.407808244938144 0.230981884175273 -0.0376038734600081 1.19448034024132 -0.648335240138596 0.271419501734686 -0.591190654901494 -0.711281008214418
15.0868313739592 8.49796872695366 21.5061134909227 -0.571698653101076 0.813574951849513 0.106095846083595 0.819024809525488 0.573559308817259 0.0150985497553392 -0.532884852121535 0.575997209110978 -0.305881799216387 0.222769823857566 -0.172737315446719 -0.404264044278099
15.384856497447 8.74633997375807 21.2755597752786 -0.474207514302397 0.525404913151801 0.706453672788415 0.826676875999675 0.541760865444517 0.151988120021885 -0.421979311864575 -0.246947666923097 0.074091987604244 0.548158959076394 -0.0245175683235195 0.152057273930395
15.5659595908741 9.17033290513454 21.2690147699201 -0.181436305386386 -0.0300424854286654 0.982943639778583 0.792490618282796 0.587354997701394 0.164233396294743 -0.162158527064066 0.53528954936436 0.320094834107978 0.30390689600296 -0.169008236708042 0.0379558566566867
15.740426375473 9.61702657414599 21.3745959049313 0.124930686757432 -0.479294987445483 0.868716593519644 0.75185414326203 0.617044926795039 0.232316139023462 -0.192651075547977 0.217926062175337 0.0591580473466656 0.633456403628847 -0.00244715185546737 0.232071805950147
15.8400371587823 10.0865534282557 21.3833992817708 0.343769805265057 -0.710142110887761 0.61442687661977 0.609515910604293 0.666485025095197 0.429287735532202 -0.021361704980327 0.942973355783093 -1.02109603962544 0.747785167139991 -0.789438634664825 -0.173934495844318
15.3482754125957 10.8470803684444 21.8203182709992 0.78588077304831 -0.614927897703889 -0.065230147267991 0.585664343812795 0.706298047973291 0.397668490339474 -2.72970266743955 2.4438822996068 -0.601669096891791 0.391437577204747 -0.952887831017117 -0.317728033839119
16.5961373408539 10.2150122921964 22.2369917697804 0.459444643702464 -0.692993818374107 -0.555580840680333 0.885159899629258 0.305474574342443 0.350965987867211 0.721202733260017 -0.397032527069624 -0.301802885834242 0.556802833528431 0.195064942759503 -0.390336337571234
16.9395399431935 10.0811846331548 22.5472783793361 0.298770729416985 0.184465863413392 -0.936327016780811 0.813314296689798 0.464066395970048 0.350944605509236 -0.139511905929757 -0.0455011034291297 -0.389564132488061 0.608873429819937 -0.427527049596266 0.036029575944376
17.4636546980652 10.096630367123 22.5245126745376 -0.137660699198515 0.38844766801946 -0.911129969816125 0.835919210995206 0.539005257059742 0.103500175847597 0.117574295639456 0.812808350061309 -0.592199737237173 0.463548232000462 -0.0543658628153052 -0.0116902900692556
17.9180847569787 10.0474737501227 22.4531005024615 -0.396132438113982 0.816524380158253 -0.419960604929598 0.903229859595453 0.428764965093376 -0.0183388550076973 -0.419800756770043 0.128886979951668 -0.268801955509748 0.612636142381945 0.263209729064081 0.135158980720726
18.2522202806313 10.291919766553 22.1864021445799 -0.539012690505036 0.830666097473001 0.139495645052604 0.838042957393265 0.54550915659629 -0.0101807775991737 -0.204500855723008 0.344835613459568 -0.154608292675047 0.475826422563181 0.0342872568681242 0.149016939355472
18.631204226571 10.6092117040381 22.0327112585257 -0.712005838917631 0.515290160873948 0.476994358972776 0.68022961887915 0.674675951478341 0.28653081457375 -0.25372399014552 -0.0266856355437874 0.154550487563059 0.629259212818517 0.410458056447808 -0.161030542891745
18.7404871108824 11.0669903941962 21.9985271698491 -0.262121059986286 0.00390917060357454 0.965027020240437 0.731734244077447 0.652767845673503 0.196109714297175 -0.151584291712977 -0.213909401560219 0.0359884611324826 0.370137851732397 -0.0617552974354348 0.152275284243891
19.0359176702983 11.4163649399465 22.0700263636235 -0.230679414339381 -0.493447745798012 0.838627576272407 0.780234110497097 0.42117423251903 0.462435811681048 0.118522086600598 -0.261806601457837 0.097495104889651 0.233959347599428 0.383961575668454 -0.209149421171451
19.238313041331 11.7773154041412 22.3909655576345 0.152711284775599 -0.896265384329725 0.416398253107909 0.812373783475895 0.353783049128745 0.463558274959301 0.227221974691846 -0.084925668888513 0.29484592481342 0.663706546325598 0.144324551380071 -0.324469685825388
19.2701407041528 11.9538382452417 22.849036870469 0.69010305658693 -0.707343712393329 -0.153044196172157 0.695740589900613 0.59020423373627 0.409394527947034 -0.138121262733546 -0.123322347745178 0.411058815961435 0.724521277801826 -0.154710206606161 0.629762454403288
19.5375316353545 12.1040753657131 23.2120122021407 0.52765641061844 -0.444773687357231 -0.723709169754986 0.83979711447661 0.401261916545163 0.365690532828327 -0.499933667626935 -0.166559001359239 0.296918964768821 0.0210929982021713 -0.372890464425876 0.324381062212728
20.0034772053367 12.326148910965 23.3030613096128 0.0704861108218869 -0.231530692711285 -0.970270646440184 0.933770025509148 0.357447234079476 -0.0174613017017742 -0.167884389260937 -0.307935239840306 -0.905845808738619 0.208818526762634 0.184523324705619 -0.130895505720725
